0.9294834550534972 0.15291932382841517 3.6769746623033446 3.4187390103332516 
0.6483715106079031 0.07374948483862771 5.6496215071027995 3.9678375555491305 
0.4753418596806841 3.46720707134786 4.5824710205023935 0.024444584767458383 
2.025082610050491 1.8073984248222172 1.5387389303286763 1.9353297484606453 
0.7772455400055591 2.9316012926201034 1.3922091374611605 0.7786602660827814 
0.7866601585247235 0.2881750680941071 3.8177786151898996 2.6128779813557457 
4.519070382078912 0.6070578981143101 0.9849187126511543 3.6443308471324687 
0.7785834939613252 0.0795852480716728 7.718689810435856 0.903762243203801 
0.7279867951312301 1.916186777849087 2.5670408835249954 0.9632958502605683 
0.5633305236940855 0.07784883502738328 4.332244594156332 4.525016509983177 
0.7750468955683857 3.4028487493446407 0.9240551226141118 2.4023131659368642E-4 
0.04765688823724639 0.360385020828383 2.531323249326361 5.743680886228727 
0.05059102651918978 0.21624998914110374 0.1082270541831867 3.793683006776266 
1.7338733992502642 3.5933642477778607 0.7824026955467842 1.2690265077568976 
0.732875298336527 0.0987691999865789 5.061793616221495 3.435516680326742 
0.6336265569640412 0.06647080735223909 6.099138078996157 4.902829159343929 
0.10498834742753299 0.7581390964979445 6.52045429406881 1.8531519715114833 
0.7949538876615435 6.512452071624679 0.7851549067472746 0.2473867289261408 
2.1653871312675115 3.5224203624615353 3.3932948241450602 5.294909064339325E-7 
0.7850415048832989 0.7751948008559415 5.69882274609612 0.23603199919920675 
0.1509119699089559 1.3884156716862297 7.133191141102127 0.007570919855031977 
0.780413599681592 0.08428710351885159 7.320242080216027 1.5407148556339714 
4.6793764394597535 4.853629114250194 0.790690681928027 0.0 
0.8308300864846497 7.996028263588327 0.7580046486456075 2.142846726968699 
0.283220830913454 1.309229048165915 3.0463999969128763 3.370133881724229 
0.07482144316181154 0.7240759842415266 7.291748336511075 3.1944373543572024 
2.1765071835786998 0.27286956901653964 6.194574928360086 4.164451593764778E-5 
4.760261839012876 0.8156124186074779 1.8460783208328133 0.02410203863255435 
0.14862938324520572 0.747769202142365 4.786625152450637 1.1399280273158474 
0.9269679934955903 0.11277461952892122 7.18827395593546 0.03125653430634063 
5.4560963266066445 0.7055060310357804 2.7388866883269363 0.20112566006459748 
4.440319946245437 0.6717932098524757 2.2955634905434374 1.492648462270823 
6.366070568536944 0.7948708414240093 2.6887414611985916 0.006910963461612984 
0.6273023286635969 3.315740055717759 3.155940503844018 0.049746895581968556 
0.06762790615114807 0.7276217809299437 8.174593021574491 3.535938168593225 
3.6749873387219316 2.183897980073803 3.479193089521522 3.968365705373499E-7 
0.7846113829489004 0.10577632865659832 6.701282436328542 0.68940724495139 
6.701801732721083 0.8924525129235875 0.8008651475266397 0.007463220142559147 
1.2741952750796332E-4 7.000912542707083E-4 0.0044139823841911055 6.997390991358822 
0.09392738478520116 0.7971472138000465 6.6471349108525954 0.10794282158036315 
0.674842797803338 5.406441101319624 1.9334430633662891 2.569534325789589 
6.250880968944269 1.0592689608535018 0.7806980541217539 0.5620484509330627 
0.7888320549796096 0.21143336608434235 3.527410875316902 0.04969758366663513 
2.6051102688392356 1.9416242475467984 0.6853194501773638 1.8148308729268543 
0.6241746535864281 4.282237001778419 2.8905641057155007 2.6886224793439513 
5.698431148961541 0.8948756611832368 0.7124430130607531 2.7336178922889918 
0.47526177189075974 2.0149138689323167 2.6766873378814595 3.7492275247820444 
3.8652128323510087 3.9942841852325355 0.7892112965187593 7.538417889842453E-5 
2.8341441757879657 1.7585464025320263 4.581707220174845 0.0 
1.9092269314354324 5.240971877232949 0.806789622535635 0.0 
0.7727551903970457 5.232011038863413 0.8504988093745203 1.6350090959782697 
7.393138117730929 0.7707415411820586 1.7971215965393397 2.202403571942823E-4 
2.1711635596995005 1.9490813564808775 1.68885749820464 0.024318606777879247 
0.756549451313768 5.443543986125234 3.496836186635432 0.0 
0.8634976926183666 4.391925663639188 0.6572242455633083 3.038255924987475 
0.8262654894663334 4.624153070551779 0.7439964069130356 2.2594077839945914 
2.95604207286278 2.1707850125929986 0.5752370334299147 3.443019500406491 
0.967510421653923 5.841956878845797 0.7750233582771089 0.8688706111204226 
1.2402179865416758 2.5387596100800147 2.0925393898123095 3.3913605283517585 
6.64891347238207 0.7789607870598069 0.7547954280828416 1.9493767931557846 
0.7454986183168425 0.10306867057977448 5.732070846538969 2.4739277070659025 
1.3689443930561693 4.00950823412063 2.9240798025307253 0.0 
2.951635904605762 2.2972209997987423 0.7792735743041248 1.0589981677261697 
0.9272527725049468 5.553577289382689 0.897923484356474 0.02247772775629646 
2.2759572052026664 1.398824376897776 3.5862700708632502 6.10622206411617E-5 
5.168152157466797 2.0064021153712255 0.751396074002337 1.6802823877184958 
1.6365532127487417 4.014426789560231 0.8295479679026425 2.4284638748951037 
0.10539445079797381 0.7348340269697835 5.685460706131766 2.531167615461693 
0.4677661317580512 2.109189235321864 6.070424301754 9.478555728293054E-5 
3.3313552696587427 2.169582588610699 0.9528976451072472 5.666519809783431E-5 
3.8534625154230815 0.6859583204927029 2.2150079318707543 1.049353643043194 
0.7297176951459842 0.3395921845242557 7.956969763763981 0.04016151215195206 
3.7853309661925025 0.592333248066929 3.8920227191066874 0.0017669553206639723 
0.5667428713056284 4.687497431673894 4.5238066663477445 0.00681096262030779 
4.258148393281849 1.7103729279874982 0.7828646020294102 0.033641488486104376 
2.0081615895484553 5.7256548065788815 0.7486607378962257 1.8903991061652543 
3.0570205261228147 0.8645050737069732 0.9051992835504302 2.1980940006972996E-4 
2.063984472547525 4.059433355601195 0.8164470500681318 0.07254900971016374 
5.40237652398509 1.8575813017910003 0.8059728541527237 7.877873933056596E-5 
0.5457764112064961 0.10752063519917664 2.0714977179411806 4.706414758103903 
0.7100086728404126 5.485413760128521 0.7157232846020697 2.4788674979841825 
3.5624020545669386 0.9216285437309736 0.7002404663303906 2.203498900684513 
0.7494593095972142 0.14998191619388537 5.039126530468747 1.2565700841267133 
4.697449596928561 0.7922800300490508 0.7129972823538243 2.228343598113372 
2.6291961079603867 2.8057737286742728 0.7904552764852696 0.002398967906718003 
3.5072226301265923 3.330553052402096 0.7628938314744843 1.156010834078251 
0.5541651712640288 0.5481741104437439 5.966721732023731 0.9122807550896554 
0.6897181137037208 3.83639539321612 1.4951602016050403 2.4107768852482834 
5.818889353598638 0.6688553707290039 4.178671193713201 4.559588278722374E-5 
4.03034643199792 1.40535407581672 3.4979540120820634 7.535360585269083E-5 
1.064829782618636 7.145154647455684 0.7883625930579536 0.0 
4.606674124963133 3.67975905139028 0.7759860041323063 0.8427021589363914 
4.139981280646584 3.0999045105640777 0.781864808772082 0.21269401160308893 
3.822952800009453 0.6277478146797623 1.439844731245691 2.765460285574087 
5.62759726659303 0.6989846109082198 1.9996384809154173 2.122170674718261 
1.62997747624742 1.0641609272986452 4.21749740059815 2.0376183075487155E-8 
3.473956567317692 0.6834320460605603 0.6442083650554661 3.6443563571180295 
3.287807251234498 0.7107179399210134 1.9270338422218516 0.21609918697643452 
0.5880351428733888 3.4063497777966396 2.3527512535610713 2.734366257123758 
1.4718652266943963 2.42668381370639 2.366259147576595 2.4594583297391277 
0.11600258947784375 0.7885704829404643 5.3159428085121565 0.1452343615179655 
1.013074005125149 0.15538605927068982 5.3271355410129635 0.012270337123543234 
0.760481316432409 0.0900433346464134 6.4411325396791685 1.830930479548994 
5.293299355489262 0.9214388714614264 0.7823974785757638 0.14170995357547284 
4.589286842623659 0.9351869085330479 4.438668989160849 0.0 
0.7108989563041931 3.802483478573613 0.8031184480441214 3.746136825566898 
0.17345006978983185 0.7760439432652958 4.374702516712651 0.120134742022444 
1.7059006746340672 3.4945066077145306 0.9214101472359792 3.0271715088555977 
0.5320335171269456 3.555707699777738 1.5321507102050507 3.5758267161508193 
0.522803653332458 2.8307961081697983 1.5579240254085587 3.021723096775172 
3.3656769901488457 3.8625763837834475 2.132622841630031 0.0 
0.5946711442250115 0.064036085433548 5.285219089103543 5.484567100398518 
0.5183498648936687 3.0988307936708077 2.266356149861229 3.5731179195032206 
5.424994560392966 0.762510477074218 0.8120518217310221 1.6521778886047143 
4.7731899216572335 0.7106903988655711 3.164177523330684 0.0 
0.6249549857828091 5.037270846724749 1.102345587919346 3.6750121840954044 
2.458271979994725 2.776963486607936 3.801499662308609 0.0 
0.7480898242581691 0.16901713436124063 4.255322662195505 1.0704688688078765 
0.3568874764771052 1.9774328528472833 4.989165072525561 0.08411918870134832 
0.08266931237866437 0.7848658874361394 7.981468397257718 2.556047022138786 
2.0305999228945235 3.2687832956042517 2.0811099610256667 0.04710363908982569 
0.5696037944264467 0.5713461833969546 4.579191710482179 2.749607135894302 
1.893301716250808 6.774740462902451 0.7860785567420578 1.4028192524015705E-5 
0.708778246947174 0.08579043084822728 6.690451969231339 3.0935848578304923 
2.0658494841626625 0.37739576672739744 2.7020030742803596 3.448014326694132 
1.4551000795030267 0.215679803598767 3.4496434704369663 3.797788349815146 
4.145763437430785 0.78661607395818 0.8124377240476202 0.11215625773094715 
0.7529614716011607 5.475385736005313 2.4220066419064104 0.0 
1.9133474412794451 0.31014063951465526 4.6402148089187065 0.0 
3.4767568878148594 4.800046978252453 0.7570818241309326 1.5856448610504574 
0.6546109385369849 4.074866685040922 3.387287986168931 0.03851014327422805 
1.9536911164262227 2.6337025377815344 3.0859327350103007 0.09203329822315 
4.038906913318005 3.0429863228800134 2.3394927106634094 0.0 
1.1441099760973572 4.6118245814192536 0.801786288920285 1.0316280946604952 
2.884527938613683 0.514974746621674 2.422977256387894 2.5306704881318978 
6.340728971279594 0.7608402393615439 1.6836832305409446 0.7577544134357539 
0.0037882496062167505 0.019200106544171962 0.006905763883543052 5.980484516719775 
0.5002166487973038 2.7509526835067497 3.2951831449438824 2.6732696867522865 
1.2188036681857761 3.0823998020736787 3.2507134430471987 0.4190830884847487 
2.8345948777622003 0.869197549299484 3.0087873871197055 0.5350131155512224 
0.8998702567422597 4.70548438694195 0.7894262104209836 0.03637859133039912 
1.2616290914931356 0.2239453454179697 2.868075033749983 3.1811675761506035 
0.09803898715524594 0.1556622215232987 0.04022636418013289 4.89080717270687 
0.09003788129684911 0.8637698715713693 7.244509446749507 2.0260523201562783 
2.929110496291094 4.88084850596454 0.7829547538884926 1.059306486206739E-6 
0.7835611659061146 0.07689823858166188 8.086987397448896 1.700393829397207 
5.0051857071498995 3.0549689473357207 1.0448868678997547 2.6990142754571345E-8 
1.448022212309083 2.3483850764096257 3.6809740164947553 0.04952929107980288 
1.7459649548734362 0.3729248389062359 3.4115486557952104 0.3277201336408861 
0.3611441301540334 0.7213251061345162 8.562227088825317 0.17795970084575516 
1.3740758003956972 0.2904272275524081 3.1508498407759595 1.8319201213786687 
3.6473234841260855 0.9952249001945866 0.7801895584638542 1.0613362586319715 
5.911479385770986 4.060689751304735 0.7838477520985407 0.0 
0.7553265003157161 6.192056127289849 1.8689803966361385 0.7333561208431882 
4.071450821493239 1.5896793260065873 0.6878422612146298 2.414060233761291 
0.1331862580238161 0.5444030752888627 3.139808721104335 3.5354985334158813 
2.8063733104497133 0.5017828005002303 2.072632316068599 3.2509296342653276 
0.7617383529200721 6.973605459773481 1.6984912655634117 0.11636416258531426 
4.646778740747784E-18 4.8470546029005975E-17 5.273715355226464E-16 8.649264313623787 
0.6914944644835525 4.81203025874113 2.1184027178263327 1.4698985737479455 
0.7372661300158172 0.07123532579455233 7.864924365614951 3.3693112322837604 
0.2235845731276149 0.9396373098847697 3.645179718726468 0.8798818933405296 
3.4283843120079887 3.480280427975104 0.6756008545152795 2.9164131951139187 
0.37236636268871054 1.725191901598334 4.173678682658499 0.043429021380813324 
0.1903400820879841 0.8892788870799971 3.7619855785499166 2.084350446159473 
