1.0096572226763854 1.7490000904027372 3.5054760911943275 0.06628645557845321 
0.4814313142489247 0.9893928678214732 0.464796705055138 4.27972905910147 
2.0134986410916667 1.704115919735633 3.0445690442464417 0.003043894128091137 
3.8109032827437512 1.1243280991527096 0.7801837820853792 0.8574637906257208 
0.1439034037125453 0.5174095953314243 1.5949741530397026 2.388335939325479 
0.7211685063820911 4.161886709297653 1.7946076719022055 0.0 
0.6153186026717493 3.4799169829505883 2.7650165049423348 0.07598777414702469 
3.82496922922895 1.573472722671598 0.7808467624939557 0.008401013444590164 
0.1674271539002268 0.7149374136876883 1.0677109352783098 3.2765797151049667 
0.8110193439558422 0.17440171310139135 6.307903803402191 0.006895823275673323 
4.121645845001017 0.751115692779222 2.0164242628344877 4.405140337592474E-5 
3.370342442425205 3.739610578049396 0.7822909816763556 0.0 
1.5431003960019334 3.070042724135124 0.9639615438125847 0.07031203583016038 
1.0089778835486352 0.2037063393597732 4.379706054656116 0.0 
6.501449813755863E-18 5.113337049024851E-17 3.7683210798688014E-16 6.211441017998358 
3.0365640949706947 3.9159388614783883 0.7674762363674595 0.9907508185759323 
0.10905714050053923 0.6020260172885027 4.161867762099486 3.370416117625945 
1.9677836465711378 4.247796629038833 0.7668647009246304 0.9551125449919777 
3.807716486837597 2.326346607093319 0.7815052795116195 0.6099879224799514 
0.38470529528712966 0.716630124428515 5.56911471118451 0.389830877602432 
1.1278977645920572 3.071253179862467 0.798475744099851 0.8029441543622571 
0.8137062509084705 0.07754216964333674 8.239613565053308 0.005553706291709079 
1.0120013923887046 0.25117592007877826 0.8801121444040383 2.951681765313374 
2.309880701079677 4.338691975543538 0.8006031328352958 0.0 
0.9319916653388823 7.719310310027243 0.7840766311980132 0.002643154361230652 
0.07378030634305269 0.015159023621666995 0.015167731620848782 4.292587574913311 
0.9010913079488202 5.125054043747849 0.7980780281634566 0.007994843568943425 
1.0556141985069085 0.2716168998612294 3.2048475721657583 0.9956057352587896 
0.16601045233791842 0.7902993115016987 4.4671797709226295 0.1649973643670861 
1.3028790920523325 1.2399513617085134 0.606147410007526 2.182164888242889 
0.11125583306249416 0.7220092112505591 6.000483937893259 2.486742538499796 
1.378640764436315 2.7272137565433283 0.8959104680314123 1.4634474973510283 
0.781399573128678 0.08516165245549612 7.198262859073544 0.2340681688930254 
4.052918110511739 0.7291802214039929 1.7453593352955759 1.165208711686873 
0.23381537173927922 0.8198935229577899 2.9279166277728605 0.7212183712176399 
0.7179084202433329 0.2533757060243384 3.97759858191866 0.9418617109918271 
7.555300065549494 0.8209988397993584 0.7840155851823808 0.0 
0.747125768219654 3.5738654877663247 1.3593884968946337 0.6808801408952063 
0.11359258455312712 0.7034080681334455 5.403489525282098 2.492232591811466 
4.881446033310811 0.7670096138083053 0.7794891926020031 1.0635793609028619 
0.21564621107748908 0.7532841553661702 6.555990833699025 0.020794405569157594 
0.6917699444743514 4.015653469151708 2.2505456169957787 0.0 
1.274190235256891 4.741339540408582 0.7821352517162542 0.0 
0.7652336162313917 4.621935398177983 0.8246401093916981 0.9268328653059549 
2.801889998953714 0.7415637932663934 3.3166789571212543 0.004903409789911941 
0.7895897880258883 0.10237288207635332 5.759298075631381 1.8533303201498306 
1.6367468078566847 2.836890429187551 1.8989166971348992 0.3405643823484452 
5.0528052864043795 0.7197272307714153 1.757752690056587 1.3059755163542708 
0.10798298137373229 0.642518243442792 4.852692602020648 3.2852311956698186 
0.7760048527462978 5.758998772942998 0.7849205794865222 6.478019905189538E-4 
5.384648318579058 1.0030428530462874 0.8088931928472706 0.0 
3.2356274193570664 2.7082993559268065 0.7612974797764598 1.0074482873355062 
6.220207894759413 0.7783002805931085 0.7865159940408673 0.38336754217292107 
0.35191860257731483 1.512987437743315 3.0648114254381422 0.0680084546083127 
0.753923913747046 0.12117494539710165 7.47212878532594 1.7557210584248935 
1.4867582044353413 3.1535136822209755 2.6260537670217494 0.06932318147568498 
0.8957226996057063 5.561532341968251 0.7753351569325139 0.8557295835632083 
0.18453959772207038 0.7728211517653422 3.599722484270744 0.0015045591304778108 
0.122294345588321 0.7739994174756283 6.110145772420884 0.02653484110813517 
0.5856284467353534 2.964366264647585 3.3156357424313305 7.42075600666154E-5 
3.160513686152452 0.9292376904348606 0.7934767698568687 0.019312820118408947 
1.776120604695956 3.8942207370456625 3.0914171771257606 0.004982319464205637 
0.4564048873804305 1.5483002280335492 0.8257707519174355 2.084591665670117 
0.29184571888542393 1.452021919279799 0.2859920557989099 3.8997408384885284 
0.1973724531846113 0.8131801280512458 2.5292281743907257 2.143160699340847 
5.087499515094584 3.1169856524878186 0.7831702377541614 0.0 
0.7833180262687988 0.12242205800321548 5.019149585862533 0.07438928615718535 
4.874035728522397 0.7381699677747058 1.7327623073142713 0.006139283110426901 
0.7672344095356651 0.08843254268881522 6.695901860637164 1.2092319737617714 
0.8376934763892357 0.11324095885951307 5.731849462667754 0.8147632694234536 
2.0999794756217076 3.797315531816571 0.7825323972533342 0.45498338175124525 
2.9226614136896103 0.9705827662211037 1.2865499010958137 0.7171530411705023 
0.7939300742990761 0.12165507519222124 4.970210565262005 1.6377568251133252 
3.437659239504122 0.7810428087704789 1.625266043622381 0.0 
0.10175257574311353 0.6439558211943088 5.26710438255508 3.561043211575486 
4.542239503370207 0.7322922211058717 1.338275945500184 1.1152787774609374 
0.2034249678402087 0.753316840775678 7.845974485504837 0.7803890470984065 
0.9955858349471746 0.10917433857284957 7.500713491293142 0.0 
4.1485519761409755 0.6807549324638619 0.7614568231289403 2.2585137221853464 
0.7126746955175033 0.13424365682258566 3.936001258179575 1.6562812624019665 
0.1124462522147189 0.6266562383112941 3.5888964546797992 2.891888984486053 
1.2168840393114648 1.6514063370402778 1.4460081112751086 0.5928722865284374 
3.932220331025638 1.9131183949929502 0.7461832032241791 1.389776630826646 
6.742608307480718 0.7770856739959607 0.7828061307456108 0.4145797605262935 
1.0020002539605 3.0657679104603277 0.632828500690219 2.855840501739449 
0.12493025007472726 0.7540873310952644 5.844138045501536 1.3707467425857651 
0.7207958401387415 0.16329959354680573 3.171066003693899 1.3510572238873786 
0.08670697381706508 0.7516914059419774 6.538863766069343 2.2267833022010355 
0.7761056223617576 4.180434430323463 0.7429535859430274 1.4080952550018286 
3.042628109109959 2.9292552688194444 1.0653961201646174 0.0032913399438412546 
4.023857784872302 0.7970031603657516 0.7859981756919605 0.005901861626988776 
0.8182215781887163 0.09814398652322803 6.40463801983182 2.134094930355187 
4.710885275038307 0.7704166690408729 0.8089934676468282 0.18408060325376935 
1.0568535823905013E-17 5.3810484039101854E-17 3.432170816810768E-16 5.676256436266488 
0.0728342034148242 0.361131468967531 1.4602098747123038 3.893394684783327 
0.1323090745402003 0.7718256873510677 5.508153909461261 0.023964798458468214 
2.106486039145832 1.2728722540198647 2.065264747649901 1.4431085246781366 
4.013856212985443 3.328965516356071 0.7748433586232447 0.7933726667845503 
2.198411816203556 3.167691939363786 3.172778606846967 4.730916218234313E-5 
0.7068243017252789 0.9511121103315162 1.0204450739941142 4.2009469096888585 
1.1971306986283117 3.9684940232127315 0.7870515982697658 0.004948158322453974 
0.7600204824941996 0.11872875008502473 7.903813787449046 1.5720626605867063 
3.2195551294920217 0.630462595227201 1.6716598946297556 1.717569493554572 
0.26637834039822267 0.7716526714043489 6.345964890876535 0.7959210423121016 
0.5077141297196064 1.9104713879558823 1.4539886976836132 1.7963296706572072 
1.3538290239824677 2.4107574084362056 0.5432823441507433 2.984197684989423 
2.507714912881873 2.4136596686192293 2.782277693498968 0.0 
0.15249834458941913 0.7089306220699767 3.9163829136382717 1.6482929323338842 
0.12311592341487147 0.7267301500398804 2.635999402888139 3.8657643679449736 
2.7692486944334003 3.898006459816324 0.9251388062149432 0.0 
4.282693356459762 0.6713069193055059 2.100374492254123 1.5205911504961833 
0.4311933137757075 0.663681841281022 4.799157349126324 0.14461036159782417 
0.7350823288847752 4.314676666764652 1.4600027543885339 1.0723668999087783 
0.5324372225142515 0.3919045547302087 3.7926526992539773 3.8245642200194245 
4.284141968269263 0.6552432732394677 3.5851402216780675 0.0 
0.24559326590388608 1.046998300591937 3.2606226543028414 0.12479130016287138 
0.7961883506728932 0.13714578937973265 5.0121040728888975 0.7880022945268118 
0.972451221825056 0.21635071052329682 3.9323270595935855 0.0 
0.15744055000088725 0.7527376785840698 7.2836805303843954 1.4499203490403045 
0.17061840144643478 0.7162431748304505 3.1871387446565524 1.3088962279997838 
0.5790288003720041 1.6687061503751863 2.5438377778809462 1.1909281500594389 
1.943885179509377 0.7921040457030103 3.5361640576701174 0.09278130521939737 
2.6046344128686685 0.7194970643302327 3.0357016156943852 0.9630003581149527 
0.7427936851248776 0.07824365215823097 7.0764870406796545 2.351868006282849 
0.45486282746508144 2.431444294078668 0.4610258143236303 3.469957288382171 
1.1203640676842423 0.2994381262569169 0.2687502530154124 3.257598745002768 
0.9426915877071392 3.8043231088109417 0.7716006520694563 0.7926514546822948 
0.91886878655527 0.29406460780991495 1.9000216661351137 2.5818652592818006 
3.031037844601926 0.6302428323400032 2.407694270536842 0.6832647880132517 
3.4722930112341617 0.7118215273791783 0.7315224678868865 1.4103267570436215 
2.5123961454183346 0.5000871220558746 3.013834669865811 1.9447966575921258 
0.6262772112724905 2.960087961568987 1.2094851287183843 1.9488413056475153 
0.08061590423790493 0.7590577453500676 7.979138418125193 2.6222950934586096 
0.40444300749152884 1.837826631565933 0.9822651698190301 2.9729870820926347 
1.5326746531505135 1.601233374685541 0.5679034060174393 2.772330953173841 
0.6864308051732092 0.08960922986266402 4.969716413085293 3.3859675564177 
0.11536221938375331 0.7231921825499616 4.8729889716903285 1.862478608897047 
1.5864708013100088 2.895973117309386 0.6737515255454288 2.067434367720823 
0.6476240612443027 0.08016118399216852 5.640716941785235 3.7757584821105112 
0.8443626060897245 2.674798858946599 4.252142486859694 0.0012035730464816014 
0.3948534060065379 0.6894694534416115 3.8209206392596973 0.4779444724674037 
4.504322375653389 2.192626202419998 0.7823821759134283 0.0014945753564172964 
0.746882992217527 3.84993071373472 1.383528442806052 0.1188830550092817 
0.20841857790822402 0.755706002158673 7.355751821626438 0.02329742056876745 
0.7050131686505826 3.3550375459534654 0.7140741767426668 1.5832960847308077 
0.6311720022908769 3.1192587964598197 2.4694141210615714 0.7039827008961115 
0.6302474697900816 2.1074723455965025 1.1338237674202116 1.1406463057836949 
2.2044541930158656 1.3543976290186726 2.179549693720572 3.205149960617497E-5 
2.009232969322797 0.6227711264000136 0.562492927711387 2.6382175064574476 
3.314951759540318 0.6257855131763527 1.285520957404915 2.494911207253589 
1.4535448721651625 0.4342271506371311 3.066735710023606 1.4159167846785452 
0.6359032598066199 0.12186445606353885 3.817196615643489 3.11300730991401 
2.32495644684897 2.9178870738616047 0.9432074466264087 0.1315201208947969 
0.2590617817114355 0.7524772894579573 6.980074048122561 0.644470036965536 
0.7099632874340108 0.08877072198965026 6.180295773724715 2.935500473680518 
2.150403633830381 0.7453737874783342 2.5796744317914033 0.8007205276972198 
0.5484245500591128 0.10028596519763971 2.349861292688372 3.6089505184983914 
0.20248937008098616 0.7576049400167372 8.166253825385622 0.009623881415603866 
0.7139074300062674 0.33560357637341964 1.337211979565376 3.78439975784988 
1.0931089122841326 0.2855712097317128 3.277039224336378 0.10242677418547574 
0.9177332053645096 2.567156611948482 0.6335174274972305 2.3279850293089606 
1.6275194578309469 2.3929113008903635 2.196212063578468 0.057699743434898663 
1.9390176423199488 4.073466432733084 1.8529795282278836 0.0 
3.3213463109636043 1.9564496567176008 0.8347181436305444 0.005260917022881512 
2.271397728456542 3.1539287646942538 1.6920225935423163 0.0 
