0.09354327926718434 0.005688757739925039 3.394425533675692E-5 2.0129651213059597E-4 4.2385517988921106E-6 0.5560315533593755 3.05137710701471E-5 0.7855834992281854 0.019220447861839317 5.836284461968664E-4 0.006439648501091109 5.540398587413666E-4 
0.34829900773070605 0.8651940806804932 1.0 1.431759382792316E-5 0.0024963997097372445 0.08771624797371318 0.0018319040535574385 0.0 0.0 0.0 0.0 0.0 
0.013755549552341775 0.0 0.04151422761317347 7.067278697906383E-4 0.04456726337967704 0.0018402980689027244 0.05472133408696799 0.010683158417082006 0.12378561133160854 1.261070767409802E-4 0.013439830115956859 2.610512273698142E-6 
0.3077347529292018 0.9901068128332022 0.9987271575706342 5.0523243477840554E-6 6.456140703869017E-4 0.004527202369081712 0.04592170163084387 2.0990166738246762E-4 0.023293018825429952 4.9030129949110754E-5 0.0023546702925608437 0.0018144765124942946 
2.728988934245155E-4 0.04476844849608047 0.39357125644833924 0.06907342816090233 0.0 3.888394868296896E-4 0.0 1.6282059590076899E-4 0.0019543850737719047 3.4754581343769686E-5 0.04363388309540358 1.2508744573937842E-4 
0.5253727933366211 0.5745367233826253 0.25472489843134777 5.380075979146987E-5 0.0029821965306563608 7.418889597436869E-5 2.813656089502058E-4 2.650839625053007E-5 4.6305673360165847E-4 1.9710140407100266E-6 0.0 2.4155164012671725E-9 
0.0 0.010527774385278714 0.9998946918779591 0.013777736733371326 0.8939454242844882 0.0036760270777471474 0.01788076232009193 0.005478423769362861 0.06275257711780946 0.02579030576864244 0.0 0.10049032257201801 
0.09746451760191843 0.9979463888238764 0.9996999045578076 0.01727490655678178 0.0010158643125340802 0.006882469929813041 0.6081295491112675 0.0802767681181204 0.0 0.6806583971105992 0.3605997035257791 0.3472679799390588 
9.447180608370266E-5 0.990759478702779 0.02829759702949136 0.009850431507626347 1.8949178373355025E-5 4.856104477865032E-5 0.002950118830183883 0.14298901511025947 4.663255079710845E-6 6.470609973555112E-6 1.8507912325059104E-6 0.34408540384849556 
5.362026332245328E-6 3.48356805232733E-5 0.5863268422317172 0.018243465021455553 3.9844016105600524E-4 1.6583342829238007E-6 0.0435361837144468 0.044450391249716115 0.005391814138093705 8.361911628799179E-4 5.805420209204451E-4 3.140804674806232E-4 
0.002183068709780994 0.9623683395194977 0.47583838816695784 7.154135212894249E-5 0.0010103550796143595 7.910532643437927E-4 7.62696420147478E-4 1.1432569682252264E-4 0.004431347091027002 6.4515740857520095E-6 1.6293746292478026E-5 0.01683654543310792 
0.0 0.33022795684936573 0.9988720053495271 0.041346360573255386 0.24243664749984917 0.022754825614841417 0.20759631580037502 0.8025339401265683 0.8067456482132902 0.10855699308653076 1.6108448389140755E-4 0.250933740872433 
1.1744762318993685E-5 0.15090747924321796 0.6641740446325418 0.0062859466255926755 1.088153776748158E-6 0.0018556128079703332 0.001248988968571469 5.721400023144879E-6 1.5410462974215292E-4 0.004340051623203334 4.10344637477144E-7 0.006097710220945199 
0.11329510751619792 0.9555305889881271 0.007102039067892751 0.0 0.0011019195029887076 0.004899726792663961 1.5851492580990284E-6 1.5979753536371344E-6 0.057986183789210353 0.0041566137404110805 1.6285564677602038E-4 5.090260260498274E-7 
0.0 0.014122843950632125 0.5249424180586076 6.783397563295348E-4 0.04456726337967704 4.301842664130931E-4 0.05627513905368705 0.10728147752457579 0.05424185437528517 9.226776033768799E-4 3.235407475235541E-4 2.250372180886001E-4 
0.014471792818219142 0.9965287989121282 0.9997258859718617 0.013662641413251447 0.9078783189475368 0.00977897466563331 0.6095551206622092 0.014139863973862833 0.6402179966659227 0.014617424621345791 0.0035293470395509896 0.10214772052413651 
6.886315103013594E-6 0.3430014215191131 0.6741003967541521 0.0014844316643504588 0.005852106104190737 0.0 0.002950118830183883 0.14298901511025947 4.663255079710845E-6 6.470609973555112E-6 1.4500743087423855E-5 0.2603732421259938 
0.0 0.10651875151060772 0.0 7.039191916596426E-7 0.0052249985110525195 0.0042373765776494 0.24197738312155032 0.008029105606298798 1.1469273276624444E-4 0.13338296937316285 2.9030614069476286E-4 0.026750609380213654 
0.0014653529787599373 1.7905559003426744E-5 0.1402821113051468 8.904989888938839E-5 0.04981136217878468 0.0010484185510534448 0.045059112420084785 0.028442459194912555 0.11458747131823846 5.724574066462793E-4 0.0019862519228886575 0.013826835929032522 
0.05994761413578062 0.09694024768786169 0.0 0.0 3.7522827932630776E-6 1.5133811715437127E-5 0.011949359000200367 1.301372251725041E-4 4.2692942263152693E-5 7.841922476306898E-6 0.0 0.008356329552815636 
0.008775825194624831 0.9624165926775788 0.7972842944895209 5.359361937770689E-6 1.2445601330515814E-4 0.023011033664459158 4.3016336758421167E-7 0.0 3.583443532615277E-4 3.073063421537593E-7 0.0 0.04981648050728224 
0.0038557551738699486 1.0 0.9875131466180225 0.009833041690420128 0.012876056062632386 0.02889625188199716 0.0023369584961204807 1.1974163772247165E-5 0.01431316836040357 0.11758224180741171 5.570028163180693E-7 0.012229835867365535 
0.22971041233598422 0.0058848829597411 0.9997258859718617 0.07176677694004963 0.9078783189475368 0.009342799416959799 8.818313853632548E-4 0.05867187882348457 0.0018605170896678763 5.622572648256197E-4 0.005103082898671452 0.09043647396242559 
0.2455443706555223 0.14871122113320354 0.96340115781188 0.0 3.1489268070912144E-7 9.039240379887476E-6 6.626207909474495E-6 0.0037457013642754064 0.0 1.3980903519782473E-6 0.0 0.0361532099286979 
0.003445705005545238 0.005131538816516845 0.506821327620684 0.010021351491070394 0.002998248547743772 0.0 4.652306989156793E-4 0.008052735706177334 0.0 0.00519163828531662 9.710010232060286E-7 0.0 
6.883007799752573E-5 0.42629654567746145 0.9985469928809794 0.0 0.003841839840763188 0.0018988653014717447 0.3523067528858027 1.1226547109928985E-4 0.0015547049215581896 0.0 0.0 7.970830101239335E-5 
0.21913050289546016 0.994295469421264 0.992986652294461 0.0 0.0030476581773062027 0.0 0.007819234358600102 0.022518816713293362 0.6447523185447166 0.01436063591086523 0.518126657614483 0.0 
0.026776104764036152 0.9819201641964366 0.0012360498453241053 0.05096283971748283 0.02193726150283478 0.001914532874943519 4.7032099435616255E-5 1.3147109657223044E-4 4.253935195704583E-5 0.011347887058094726 7.76048467810826E-11 0.0 
0.06421340353909981 0.992102895323975 6.265426637821938E-5 0.007613830153739979 7.475452175709132E-5 0.04833584555813153 0.002177625526085209 0.003447024789869319 0.0022873170118688814 0.02573695166985915 6.112937581958542E-5 0.013825470482856792 
0.12421177985825838 0.9989235383828078 0.011702893761678927 0.15315108527411958 0.907771992061836 0.023111776547215024 0.618333152268419 0.04564754417295819 0.7939528914388643 0.10983207877386089 0.501109337218237 0.3881966820416691 
0.2495630244046948 2.096062805462956E-5 0.9152385106583456 0.0 0.0010610669606351797 8.788450416299508E-5 0.0 0.004106146680708455 0.054218692282437725 0.0 0.00440100373341595 9.94920957507654E-8 
3.734160002657841E-5 1.0 0.9988502388063758 0.0 0.22093591655762196 0.0023085199696096705 0.21372526620026738 0.12597898529704288 0.8220475570002033 5.624153744430535E-4 3.9600618435954344E-4 0.24570893012061723 
0.13396698538234353 1.0409706069782256E-5 0.9688014000931898 2.894819698152803E-7 0.1345762039860891 2.6284348064808652E-8 0.004062455815681618 1.5163111994662918E-4 0.0019527695515758614 0.046155852661574376 1.2526690122784722E-10 0.007365560516465454 
0.0010251256861915216 0.9999466241035904 0.0508096413289405 0.15859147072938531 0.9118376163942596 4.105013865954233E-4 0.6222252329111411 0.9030041248267371 0.0 0.04464263659159998 0.00414613153193103 0.350703838637343 
0.042299504404647914 0.878229322638028 0.993627546462863 5.557366006864229E-4 0.0011554724344165143 0.06341428960913446 4.4972270273707215E-4 0.0 0.01629400135110718 3.999585011860385E-5 0.0 6.899765162451658E-6 
4.963895950162212E-4 0.28680077601995424 0.9995328829057374 5.328042426914878E-4 2.4462312964393406E-4 0.004886778209579562 0.043672375580167774 3.389263605860476E-6 8.600509077068205E-4 8.410229696002893E-5 2.049952375552885E-6 0.0 
0.04180786074715662 0.9164782762063534 0.9966510339457924 1.3285771997357436E-5 0.002502847324658915 0.0 0.0018319040535574385 0.0 0.0 0.0 0.0 5.009018010337829E-7 
0.0 0.0 0.5330406450178992 6.783397563295348E-4 0.04456726337967704 0.01001999596949146 0.05627513905368705 0.10656701737838456 0.09743723151651304 0.023181423002415328 0.012898196459439671 2.250372180886001E-4 
0.0 0.9733730595287321 0.006582584763015653 0.0 0.9611580934480608 0.026336451766477163 0.4719109917612941 0.048286925373984546 0.0021179238474353657 0.14134419895854064 7.712982157858034E-5 0.025141098243842128 
0.0038557551738699486 0.9980717221520622 0.22228717966823036 0.009820925365980995 0.012876056062632386 0.02889625188199716 0.0023369584961204807 1.0764416782044423E-4 0.0013210251616626242 0.1168822657760255 5.570028163180693E-7 0.012229835867365535 
0.2643286233643002 0.9944422691886269 0.0013725730769502988 0.7263435646204941 0.0 1.802871674622594E-5 0.002344327420326053 0.026988285702240267 0.011941592887880954 5.997887054951889E-4 0.006158740768755933 0.04065372628399824 
0.0 0.45770125969581116 0.36111653041433034 1.2518184365892552E-4 0.0016335888794013005 0.0042373765776494 0.07341333064870807 0.034257682422941575 0.0 0.00560860341036578 0.0 1.3946644632500406E-6 
0.025569821980532426 4.604328307865335E-6 0.9993507754534076 2.4189228252289446E-5 5.868460177502338E-4 0.0035542374061098454 0.004944550898068705 0.008098121781375244 0.0042138386724659554 0.0025729605241920223 0.0019873494130732586 8.538201635748118E-5 
0.05685351801088506 1.7266422773467205E-4 0.3824172986152811 0.0023068034831205 3.8705755943118E-4 0.0 2.1271498846008735E-4 2.47968821007352E-5 1.9629215117296635E-6 6.1276951144840705E-6 5.937265079813367E-5 1.1807424272751769E-4 
0.28612648450529976 0.47031152120452235 0.9730292320253616 8.4576719954348E-4 6.599063429714534E-7 0.0 0.0010220925852623512 6.986363145798484E-6 0.0 0.0 0.0 0.011958403646787283 
0.27243682663953334 0.09694024768786169 0.0 0.0 3.7522827932630776E-6 1.5133811715437127E-5 0.011949359000200367 1.301372251725041E-4 1.408745110846911E-4 7.841922476306898E-6 0.0 0.2564291937677413 
0.17066215615889213 2.593139914452026E-4 0.267367507647757 7.700976877049726E-4 0.0 1.802871674622594E-5 8.264652525432218E-4 5.829319359084422E-6 0.028670691057894358 4.699998287089135E-5 0.002090927515473548 2.647326589201853E-6 
4.412265135512177E-5 0.005722273002238404 0.1900441018629554 1.448841737502558E-4 6.611894344061772E-5 2.2930385542851116E-5 0.07178065644412836 0.013766330859343187 0.014716112538429665 0.005762036226787994 0.0 0.0017392072680560977 
0.17610339781232506 0.9942479357766696 0.9997921862882088 0.004125530584613679 0.0011087957675121867 0.03331335055912406 0.00196152926594674 0.011707197643491919 0.002941886794012527 0.12730107229501267 0.507743141758682 0.0024050541255369318 
0.1923275669830939 0.007479812116903517 6.265426637821938E-5 0.42600703783115035 4.380785617885506E-6 0.04766258840108485 0.023827388989647584 0.003447024789869319 0.002291112332777767 0.0257728905864284 4.0016152159215055E-5 0.00913734699214671 
0.10012539322166744 0.9999162892881931 0.9997144172618025 0.973675337734974 0.7949453757148307 0.0037555712987343837 0.055328856306995466 0.8278217655515618 0.0041789179962742895 0.12349243059100905 0.49547723906796903 0.4131257290543767 
4.963895950162212E-4 0.287194312529607 0.9960362986896947 5.328042426914878E-4 0.0 0.005093349025670865 0.005321181633308754 3.389263605860476E-6 8.600509077068205E-4 1.2361430528925397E-7 3.703373669526878E-5 0.0 
3.3525362005040575E-4 0.009384547028946866 0.9991839783437331 4.0069561279832326E-7 0.0024947474583055145 0.002940650429102812 0.002079835828062015 1.4396945034507534E-5 0.06281052749425464 0.0 4.39465048432608E-5 0.006439559479074992 
8.263054877504783E-4 0.0 0.9920759620121331 0.08540198490879283 2.912456573133867E-6 0.0035341241447124677 0.0053051515713989006 9.314488934271175E-8 0.0 6.28547881177121E-9 6.60324981298252E-6 0.0 
0.17222236421433978 6.680126032964084E-4 0.9998651047569878 0.0019867919286085402 0.0 0.5298348293733776 4.6275181949016156E-4 0.0018432587889684604 0.6481157811089105 0.12598650124046382 0.5906047960224575 0.10730014576077165 
0.18500908750299805 0.9996794526264393 0.047626337210674274 0.15042747843671697 0.9172646727760013 0.005108232852889669 0.18733933056014776 0.009304802171887394 0.03130120939977797 0.0039780827386495105 0.04282708080299677 0.3474306012893667 
0.0012350048242633083 0.9940192694594016 0.999124671422435 0.007262001491656532 0.022703450473707337 0.004076171938598648 6.059029233715932E-5 0.0030229781878373324 0.05596498419148226 0.004592518780135134 3.050824180147278E-5 0.0 
0.0 3.508451342819725E-4 0.35680356660835644 0.002993226449682574 0.7084037013528153 0.005588632465604173 0.0027885768288278038 0.1034951103850616 0.034966606922640184 0.023566584800217998 0.0019862519228886575 5.834199756239239E-4 
0.46022428213303423 0.2973752120531317 0.9946418931842441 0.42519360476626367 7.07186414141412E-6 0.0 0.0029277046839319074 0.0 0.028344375854448836 6.306030913218278E-6 1.5668373129680948E-4 0.0016440124727257368 
0.0044338347816413465 0.4289835710129102 0.9853931789806497 0.0 0.0 9.039240379887476E-6 0.2652633159946213 0.0037457013642754064 0.0 0.005769339128844081 0.0 0.0 
0.10138490823393187 9.664888123623507E-4 0.10011258910664611 0.060063740285511716 2.884969947654585E-6 8.671203285966211E-6 0.0 5.462009588739873E-4 0.0 0.0 9.324913416649337E-7 0.0 
5.724046245460764E-6 0.153221995365094 0.022875370109698784 0.007614771786510482 0.0 5.306800554934609E-4 1.5578642449192185E-5 1.6557870441775063E-4 0.011002997927334486 5.418558408256616E-4 0.04499998059771476 0.023070342037379704 
0.1835490160603019 0.010831583346583962 0.996405294818081 0.42536485767035026 0.0 0.0012908487968845087 7.829409289577464E-5 0.03192614388314897 0.013872549078352302 0.12284005068613825 9.935035932527865E-7 0.009008572127463723 
0.5304380204663666 0.006840616061669469 0.012233676059758034 7.183901058410306E-7 0.0019219546999394849 0.004637520124016678 2.728317969528059E-5 4.577893926603144E-6 9.526246323408896E-5 2.2928815317582983E-8 1.7667849050118371E-4 0.0 
0.12447932250403308 0.9998434402673175 0.02191021036312618 0.9998229414121912 0.029270965234681402 0.0014882349529387732 0.0028311979296427184 0.8459691627420101 0.6196606635981576 0.1240377720427332 0.005697275774211696 4.249379379324148E-4 
0.2912698225667365 0.1535164084081954 0.999650385569659 0.0019594129517634213 8.494289270131977E-4 0.0 6.205057248980723E-4 5.775446834949084E-6 0.0010586013841653585 4.424543568504739E-6 8.099481160296683E-8 0.007775943218086785 
0.0010251256861915216 0.9999019653086718 0.014500940481443902 0.1544496739674741 0.907771992061836 0.023111776547215024 0.618333152268419 0.8665161451934003 0.7971248932893985 0.1098475023922271 0.4921065835887979 0.3881966820416691 
0.0 0.22038462394615466 0.2634814487908609 2.382766780037E-4 1.1009137672487058E-4 2.220773830422635E-5 1.7058368990167222E-5 0.10922882683445494 0.01102431340847301 5.654709660470543E-4 2.255963224381981E-6 0.0074585966927379335 
1.0 0.0014599542120741372 0.051695984837612285 0.03867310354797171 0.0 8.671203285966211E-6 0.0 5.462009588739873E-4 2.787582998645303E-4 0.002955023061843181 0.02781916149384578 0.0033927421784557404 
1.1744762318993685E-5 0.15041201848227959 0.9994788253810132 0.0062859466255926755 0.0 0.0018280631910814159 0.05804892703086312 5.929019036194987E-6 1.5410462974215292E-4 0.004340051623203334 5.611921837888945E-4 0.006097710220945199 
0.12454827247843284 2.7571623732797464E-7 0.07626228659970463 3.191344437267554E-4 0.0037493185662967822 1.039463161194628E-5 0.04534431648347551 4.0501564643096247E-4 0.0077233990413133015 8.442073245135004E-5 0.0 2.8058800180170377E-4 
0.0013031900022573394 5.473078695104766E-5 0.2573401314138303 1.1976191582291004E-4 0.09079523018393561 0.010235509238849477 0.0 0.0 4.947271427092545E-5 0.021356890204560677 0.001333960511721615 0.0015079580222851054 
0.041794541004462935 0.9995419354924338 0.9611657358315195 8.712034360338854E-4 2.853208839989161E-4 0.0016130297362859335 3.974641772442635E-5 1.0795654970118574E-5 0.006265969071667208 0.009373009498523578 0.0 1.727791715529052E-5 
0.012264197634030638 0.08523559838839781 0.004420200025902765 0.05096283971748283 1.7656716548595684E-4 0.001914532874943519 4.7032099435616255E-5 1.3147109657223044E-4 4.253935195704583E-5 0.011275544484317128 7.76048467810826E-11 0.0 
0.0028288218009591415 0.021988306079337737 0.25817066387770193 0.0024156138634140204 0.002998248547743772 0.0 0.0 3.1015318038627837E-7 0.014599139973390336 5.738617622945735E-4 1.551925509330294E-4 0.0 
0.0018537193385897155 0.15472226980426262 0.17486334773449155 2.750197598607601E-4 1.8880968809665253E-4 0.0022631155688176328 0.0030648454430924977 7.72623820718259E-7 0.0 0.0 7.474655626602336E-5 0.00478749660283611 
0.0032353576412539747 0.032389775573777035 0.06203433410309572 0.0 0.0010536226915926654 2.6874463706073025E-6 0.16422611461374453 5.661626926119826E-4 0.0 0.0 0.0 5.914194990774488E-5 
0.18176208226617432 0.9980717221520622 0.27313404943088854 0.009966124405075383 0.01422868543117295 0.028729150040801846 0.0023369584961204807 1.0386727141003529E-4 0.0013210251616626242 2.3577654558883804E-4 5.570028163180693E-7 0.012335564254182307 
0.4386514726665419 0.4514496101417944 0.9965096234050372 0.0 0.00601052601783293 0.05387903201935242 0.0017808826928633582 0.0 0.05602775385736966 0.0 0.006338260265823152 8.898776175463388E-6 
0.2727559988630532 0.023719317278696528 0.9901579325421188 7.568424763210976E-4 0.0 0.04565056939479639 2.835935733628489E-4 5.829319359084422E-6 0.02853311154710309 0.0 0.0021254181525724915 2.647326589201853E-6 
0.09292519884091735 0.0 0.9997062806886957 0.01727490655678178 0.01861949998591328 0.08777119345890073 0.6081295491112675 0.07740066456795103 0.0 0.6806583971105992 0.3605997035257791 0.3472679799390588 
5.123521239333225E-10 0.36499479447406247 0.9987301581231707 2.9472104471889478E-5 0.012857343055287431 0.007484796663178516 0.02255567342741338 0.002660442717588689 0.014625278602875552 0.11762155911346303 1.8260925185642593E-4 0.3529918872986516 
0.1908902443389585 0.9996629545883434 0.9997183764190422 0.15114522350277138 0.894524411651116 0.4944916614886862 0.6132686390780866 0.8847149911963543 0.6546242448338957 0.13269594993015923 0.5197951224690432 0.3474329629617313 
0.0081878851637405 0.994295469421264 0.1485198971973286 0.0 0.0030476581773062027 0.0 0.0 4.527285697882716E-6 0.0015070117373552302 2.1397778774092692E-4 1.0015633430180615E-6 0.0 
2.9656241225364853E-8 1.275893961272417E-4 0.9017025195153148 9.793981445063618E-5 0.001922484207815706 0.0 0.024637996680406275 3.4227134470048506E-4 0.05246700105141102 0.0030478274075213946 5.136757543196184E-4 0.003836410544297243 
0.0 9.674170257219228E-4 0.38213448732078403 0.00783996722879024 3.832773450977351E-4 2.7823725224015723E-6 0.25064093693654244 1.5537355817778296E-4 1.9027130853045815E-6 0.13290397195201764 1.056323508692647E-4 0.003142984511259569 
0.31500449753339915 9.624104136037243E-5 0.8163882172056491 6.472121130183597E-4 0.17108793925367388 0.0 1.4473428528023616E-4 0.004221495676607239 2.9134584621419088E-5 0.04532145959014781 2.094981520733855E-4 1.6271317204911984E-4 
0.34929394135557423 0.015139853558707755 0.008940422116279934 0.0029203431322557937 0.04930208542853388 6.949177986899213E-8 4.643289884100057E-4 6.660872573077241E-4 0.0 0.1336239341461264 3.966326910268773E-5 1.357157664852622E-4 
0.2643286233643002 0.9944422691886269 0.02845751734951485 0.7263435646204941 0.0 1.802871674622594E-5 0.002344327420326053 0.8335435261647732 0.028225270757787062 8.319387719326025E-5 0.0 2.629713816137395E-6 
0.014501452567999396 1.0 0.9997185417902495 0.28300348783712365 0.9078783189475368 0.497653495590479 0.5563524151430089 0.8847149911963543 0.680094815592791 0.014617424621345791 0.511092538200411 0.32991625415012404 
0.2455443706555223 8.218451905408104E-4 0.08007664202635781 0.0 3.1489268070912144E-7 9.039240379887476E-6 4.6434494725821924E-4 0.0037457013642754064 0.0 3.498683419750233E-9 0.0 0.009485410259757063 
0.09195476535137004 0.0974816557074252 0.999650385569659 0.0019594129517634213 8.410143584703343E-4 2.824696811153766E-4 6.1775857333231E-4 1.3124177175384192E-4 0.0010517257076247224 4.424543568504739E-6 4.282373205739056E-6 0.2595821936319488 
0.3870883982489719 5.473078695104766E-5 0.2573401314138303 3.977317701798272E-6 0.09079523018393561 0.010342198870220755 0.0 1.286607922452999E-7 4.947271427092545E-5 0.02413297182147202 0.0013597379425110345 0.0015079580222851054 
0.012264197634030638 0.42443250683175904 0.004420200025902765 0.05096283971748283 0.0 0.001914532874943519 4.5609335736433785E-4 1.3147109657223044E-4 4.253935195704583E-5 1.1387126100152006E-10 7.76048467810826E-11 0.0 
0.4249608376537726 0.007758557012888412 0.9950383889950667 7.536909925744324E-4 2.3884316051323544E-4 0.0 0.07106081604624723 0.0 0.028532503378162398 2.2713059932243187E-6 1.5668373129680948E-4 0.001697952970839356 
0.2881543556492078 0.0056877096909862795 3.394425533675692E-5 2.0129651213059597E-4 4.2385517988921106E-6 0.5560315533593755 0.001146127304810264 0.7855834992281854 0.019220447861839317 5.841424694909237E-4 0.006439648501091109 5.609483434427208E-4 
0.004613740946545694 0.0 9.93428880675308E-4 0.008464687202578994 0.10966529391886504 3.071576223920673E-4 0.019811458724302535 0.0031217599121483148 0.014204582103000695 6.885146654851936E-4 0.01100286321212926 0.42660592237436706 
0.10782073411269416 0.23560095826993976 0.9995118127216447 0.0 0.0 0.0042982262479671594 0.0 0.004441725324374501 0.0015027193297856706 6.243313333224539E-4 1.9985649676277565E-7 0.0 
1.0218540941740636E-6 0.31769539542520764 0.5080721822471851 0.0 0.013918057000759924 7.869993339341639E-4 7.607735246482165E-4 1.2403006334930124E-4 0.003130328057913731 0.0 7.193649547678721E-5 0.008914954760416805 
0.0 0.007147764762975563 0.0017892799048702113 1.960169016870122E-6 0.006611503528419213 0.012378848924424334 0.02936271649506285 3.9275809374389025E-4 6.540669931396695E-6 3.70928552527669E-4 6.137316065190058E-5 0.0024077126797954597 
1.001964164158793E-4 0.2864128478087956 0.6608985652563779 0.0033926513472164743 1.2074311030196394E-4 0.05847509056945544 0.0030648454430924977 0.0 0.0 0.0 4.012337137525865E-5 0.008950562618470714 
0.006864461658974627 0.42372771261711145 0.7633161061344356 0.0 0.0043438462587093215 0.00193694512007799 4.42326932656874E-4 1.1226547109928985E-4 1.9524243386662692E-7 0.0 0.0 7.970830101239335E-5 
0.37278678491068257 0.915423718409822 0.004675008311637224 5.951489506288176E-6 6.06528037102443E-4 0.004644973480086521 0.03750536797696569 2.3111708871132068E-6 7.828024235098982E-5 2.3146858538751497E-6 0.00414495566032322 1.9967749416156724E-4 
0.25044208812215685 0.9769110699233053 0.9728692047984597 1.5381596328652244E-5 0.0013507247531463697 0.0 4.643289884100057E-4 0.0076276512972696916 0.0 1.6277056662669518E-5 0.010586691557549183 0.014203104784397892 
0.26043133879844393 0.9941379565259545 0.9997139201590083 0.7341842338991237 0.019356450338517458 0.001603173635494953 0.00233991224648913 0.8206466030230102 0.07485337131325946 0.004091399555563087 4.0923815251858687E-4 0.03803242535665072 
1.0 0.9983334919486151 0.9900067664773475 0.001504399969316398 0.03721683955005295 0.08245172785263719 0.2071296794978823 0.004552924990927607 0.006345784452419737 0.00926212452568214 6.492003503127558E-4 0.021865826852916867 
9.920056439262886E-9 0.8946197882298355 0.9935796503684204 0.014889567022128652 0.031100936376077346 0.007484796663178516 0.037737543430513665 0.0 0.014667586842338381 0.11649756479082835 1.9159108189261727E-4 0.2422889931810904 
0.10138490823393187 0.006448892024805794 0.9920759620121331 0.059846013170643725 2.884969947654585E-6 8.671203285966211E-6 0.0 5.252779316810973E-4 0.0 6.28547881177121E-9 6.7260587710805345E-6 0.0 
0.30637205180920024 9.624104136037243E-5 0.8163882172056491 6.24717702217957E-4 0.0 0.0 0.055694219139370046 0.004395407667748983 2.9134584621419088E-5 0.04554471764018515 0.0 0.007183776824592979 
5.123521239333225E-10 0.274806130523232 0.9987301581231707 0.014889567022128652 0.012857343055287431 0.007484796663178516 0.018604887600998377 0.0011306134562941647 0.014625278602875552 0.11762155911346303 1.923059158621384E-4 0.24806503517653222 
0.0 0.09573078913556163 0.3835488612236576 0.0021355077269694074 0.012289198818861003 1.1183032260931968E-5 1.35189618779574E-4 0.0261555636914681 0.011037417930732225 7.364916101030368E-7 1.2227124249379953E-6 0.26011128490264585 
0.11307848041834476 0.2431936085818196 2.286502389579198E-5 0.05096283971748283 0.0 1.298517988298864E-4 4.447754523205765E-5 1.2916550641894285E-4 0.01566535222274313 8.276892607338073E-5 1.5644416558155278E-4 0.0 
0.2414744956528026 0.9999880840750252 0.011237175936341659 0.9746275641909463 0.9541245030995928 0.026227046228233235 0.0011340353720718087 0.8515003941596024 0.8135560032204225 0.010704843454486114 0.0 0.02507591048831226 
9.920056439262886E-9 0.22307207921980665 0.9988460005731498 0.4472655446236067 0.01829813950699116 0.0037903198115239334 0.2110763406202297 0.031002135678824927 0.014667586842338381 0.10887109364868244 1.9159108189261727E-4 0.26165300057236796 
0.3107357200443933 1.0409706069782256E-5 0.9680923817978031 2.894819698152803E-7 0.13348899573514283 0.0 0.004062455815681618 0.004221495676607239 0.0019527695515758614 0.046155852661574376 0.0 0.007365560516465454 
0.4403996225808163 0.9624165926775788 0.7972842944895209 0.0 9.350963453017488E-4 0.023011033664459158 4.3016336758421167E-7 0.0 3.583443532615277E-4 1.5764711921312172E-5 0.0 0.05034008815116864 
5.783468347902434E-6 0.019367652341305164 0.7195789647060951 0.0021062774314757745 1.8949178373355025E-5 0.0 0.002950118830183883 0.14081406120760484 4.5733086586207385E-6 6.422939755831389E-6 1.577659677227351E-4 0.34408540384849556 
2.8740815345458168E-5 0.16140741008590692 0.82425849942732 0.003040086087128766 5.806387609336465E-6 1.490666582424499E-4 0.007754992831289949 0.005514054167712203 1.4749805042492512E-5 2.176411451300063E-4 5.145546330109253E-5 0.03491836641958497 
0.11329510751619792 0.0018338240658445438 0.9264876777795754 0.0 0.0010623883116998285 8.788450416299508E-5 0.0 1.5979753536371344E-6 0.057986183789210353 0.0041566137404110805 6.300685898282064E-6 1.5161998925750371E-5 
0.17610339781232506 0.9990200127714366 0.9997921862882088 0.004125530584613679 0.022528847071937745 0.03331335055912406 0.00196152926594674 0.011707197643491919 0.6570498831971423 0.12738921427871525 0.507743141758682 0.3973903409810421 
0.21900451551458422 0.9972013504181849 0.9997258859718617 0.07176677694004963 0.9078783189475368 0.00977897466563331 0.6095551206622092 0.059475471061195995 0.6402179966659227 0.014617424621345791 0.5119149481425675 0.08656768647599987 
0.3710724687138439 0.13859457272035106 0.0 0.0 0.003734818980923073 8.93616543534018E-5 0.2569850408039698 0.007819536785182747 1.1409988263466294E-4 0.004266489851332743 0.0 0.0015671467289147811 
9.920056439262886E-9 0.30384131459864655 0.9987301581231707 0.014889567022128652 0.031100936376077346 0.007484796663178516 2.0925469875526792E-4 0.0 0.014667586842338381 0.11762155911346303 1.9159108189261727E-4 0.24806503517653222 
6.363141796527517E-4 0.002581847090010775 0.11794509310678983 0.039336922377290064 7.96628498515962E-5 0.0011252916937217177 0.0 5.583638089256628E-4 1.1979274570715365E-4 6.372579547820424E-4 1.3292039209468064E-6 4.321064722365469E-6 
2.638397046395057E-5 0.09739110159163242 0.6794816721714476 0.0014881634263475426 0.005842289390994937 0.0 5.516936447054477E-5 0.004215150323111809 0.0 9.893035218287632E-6 0.0 0.2570506277950579 
0.0010251256861915216 0.9999466241035904 0.04798259135778565 0.15672290343596088 0.9389973639278406 0.00225242688809461 0.6222252329111411 0.8887831183448629 0.010868588681114899 0.04464263659159998 0.0033392060345470154 0.349902370467554 
0.0031207337350780823 0.6618596153107468 0.8551925686491734 0.0 0.0 0.002816943998339703 0.0031844351226590307 0.02160595478962654 0.057986183789210353 0.0 0.0 0.1074632873982069 
0.37278678491068257 0.27891136621773516 0.49897636704038095 5.951489506288176E-6 5.865529938485353E-4 0.004462488763226542 0.0 2.3052192306081553E-6 7.828024235098982E-5 9.246063571039443E-6 0.004135986851709215 1.9967749416156724E-4 
5.783468347902434E-6 0.3430014215191131 0.02829759702949136 0.0 1.8949178373355025E-5 0.0 0.002950118830183883 0.14298901511025947 4.663255079710845E-6 6.470609973555112E-6 1.577659677227351E-4 0.34408540384849556 
0.40508852627907727 0.08701656602509511 0.25817066387770193 3.806542021562607E-5 0.03571374632309681 0.0 3.1497009008763394E-6 3.1413848717889923E-7 0.0011904132488881154 0.0 5.696373424537299E-6 0.0 
0.36696615775199315 0.35389240894919227 0.0499491896461316 4.381897272885866E-5 0.0 6.7531955712497E-6 0.005590474464860981 0.0 9.819165890515512E-6 5.303359942466227E-6 0.003932360083704185 0.0 
5.020107288200313E-4 0.3083301748004985 3.32127667988201E-5 5.528326877581474E-4 0.0011659190872302769 0.5560315533593755 0.001146127304810264 0.004082001462404949 0.019220447861839317 6.006530885083504E-4 0.006439648501091109 0.03911607483396259 
0.0994570081549731 0.025252103764289213 0.7244923886747265 0.0021088385875669274 6.391211931377614E-4 0.0 1.3813968019593258E-4 1.0214686014071376E-5 0.0 0.0 2.77252062534346E-8 0.002751900520372108 
0.25345099118720177 0.0014542453112866317 0.36671044555408006 1.5298505788651814E-5 5.905714275916121E-5 6.949177986899213E-8 4.643289884100057E-4 0.003870719321254633 0.0 1.68470571823758E-7 2.6646802988177214E-5 1.2325297908112728E-4 
0.5304380204663666 0.9881082998248619 0.010046297497136258 1.541523159431221E-5 0.003001441203634784 0.004637520124016678 2.728317969528059E-5 4.577893926603144E-6 5.9899833738654915E-5 2.511518906231938E-6 1.7684038773147382E-4 0.0 
0.018293292738883415 0.23873411604554678 0.06643889308565243 0.0 0.0 0.0042982262479671594 0.0 4.470833264788051E-6 0.0015027193297856706 6.243313333224539E-4 1.9985649676277565E-7 0.0 
2.792725421353181E-5 0.43438752645312134 0.9999816387191175 0.0 8.843435681938471E-4 1.1944818295827036E-4 0.2557398926125644 0.007963815125788587 0.0016439278461602997 0.005676656724594838 2.0421754517127664E-5 0.0015479253894277016 
0.2548073919224703 8.887184165525808E-4 0.0 0.001670894251378017 2.6333099561452636E-4 2.3054941976729908E-6 0.0017522429198983832 0.017912335579878293 1.5858804656455894E-4 2.1432192632904435E-4 2.7686788698492223E-6 0.002734153936995852 
2.9656241225364853E-8 0.239132491816679 0.06643889308565243 0.0033266642641384073 0.018343726564789584 0.0 5.449692135796758E-5 0.02203206935657112 6.69459811705915E-5 5.624153744430535E-4 2.1553113347418974E-4 7.31015276644551E-4 
0.3788585082474484 0.2698425440968061 0.827202736777481 0.001436077091661631 6.696327535965843E-6 4.1288831772868834E-4 6.694531541746884E-6 0.0 0.0 1.9726995323178827E-5 0.004134747890645284 0.002422328909933759 
0.17066215615889213 0.966242747000706 0.9999246226166619 7.684938997148413E-4 0.0 1.802871674622594E-5 8.264652525432218E-4 1.1499120832941048E-4 0.028225270757787062 4.699998287089135E-5 0.0 2.647326589201853E-6 
0.0 0.14581636332379494 0.17832090860501082 0.0037168547217031043 1.1338454196305279E-4 0.06112645737245759 0.07122054947379763 2.650839625053007E-5 2.469085043685926E-4 0.0 0.006330876650530106 0.42709493607015486 
0.44327904934805873 0.5745367233826253 0.1826142982743718 0.0 2.429511612116672E-4 0.0041186901020006115 0.007887394951411136 2.650839625053007E-5 7.536329939317014E-6 0.0 0.0 1.9320546517857633E-6 
0.40907497036370954 0.1745957289081111 0.9950383889950667 0.0019594129517634213 8.410143584703343E-4 0.0 6.1775857333231E-4 0.0 8.055005265936964E-4 1.7860966636908867E-7 1.4834886490122523E-4 0.0017247788081997339 
0.0018537193385897155 0.2864128478087956 0.2550509102655898 2.275057184934949E-4 1.894131806282756E-4 0.0022631155688176328 0.0030648454430924977 0.0 0.0 0.0 0.0 0.007794497255190484 
0.271455130725874 0.9983334919486151 0.9900067664773475 4.137803928690219E-5 0.03721683955005295 0.046425541145934876 0.07465400454714455 0.004552924990927607 0.006065213856919063 9.380798026164764E-4 6.492003503127558E-4 0.02096422717066619 
3.3525362005040575E-4 1.8731158764574468E-4 0.9040757963848396 4.0069561279832326E-7 1.557348467427414E-5 0.0036597773602332173 0.002079835828062015 1.4396945034507534E-5 0.06281679056499886 0.0 4.3191220275125546E-5 0.006439559479074992 
0.0 0.36437429089035545 0.006582584763015653 0.0 0.006335123038644475 0.02201676547491218 0.23941374607110333 6.780835654481947E-4 6.540669931396695E-6 0.1312160624687315 3.004888946577238E-6 0.0031842325413666576 
0.23949440258174864 0.9982631130875875 0.0016429291783680512 0.001987726347969636 0.0016279584846206271 0.5560315533593755 0.001146127304810264 0.015701624206340678 0.011411363057887076 6.006121158604869E-4 0.0057778226459641 0.041185771271358515 
6.096256769179843E-7 0.153221995365094 0.39357125644833924 0.007614771786510482 0.0 3.2516444481165384E-4 0.0 1.6282059590076899E-4 0.011002997927334486 3.4754581343769686E-5 0.04363388309540358 1.2508744573937842E-4 
0.10437254838953423 0.9997906693239325 0.9997144172618025 0.973675337734974 0.7949453757148307 0.5165113370680244 0.055328856306995466 0.8480060444319033 0.5957955963201651 0.1240377720427332 0.49547723906796903 0.4131257290543767 
0.0889531694637468 0.9982631130875875 0.0016243609195938646 0.007674567184118556 0.0016279584846206271 0.5560315533593755 0.001146127304810264 0.015701624206340678 0.011411363057887076 6.006530885083504E-4 0.0057778226459641 0.041185771271358515 
0.24953373281398025 3.2208445429419627E-4 0.9853293942814386 0.0025044389638685808 0.0 0.00902397764788963 0.006242783245055679 1.2777671299415034E-4 3.1324184924498913E-4 0.0587213762497745 0.5534868143433628 0.07423302292245738 
0.012264197634030638 0.24104630245510272 2.1013465052773352E-4 0.05096283971748283 0.0 1.298517988298864E-4 0.0027898503441177395 1.3147109657223044E-4 0.0032938158302111067 1.1387126100152006E-10 2.6213041116395497E-8 0.0 
0.003625420196229051 0.2864128478087956 0.6608985652563779 2.29904843652963E-4 1.894131806282756E-4 0.0022832648201651607 0.0030648454430924977 0.0 0.0 0.0 0.0 0.008950562618470714 
0.17066215615889213 0.023719317278696528 0.99984548119311 7.568424763210976E-4 0.0 1.802871674622594E-5 8.264652525432218E-4 5.829319359084422E-6 0.02853311154710309 4.699998287089135E-5 0.0021254181525724915 2.647326589201853E-6 
2.9656241225364853E-8 0.994295469421264 0.06643889308565243 0.0 0.018343726564789584 0.0 0.0032751954026821045 0.02203206935657112 0.0015027193297856706 5.624153744430535E-4 1.0002852493240246E-6 0.0 
0.2455443706555223 0.32049241645020493 0.06203433410309572 0.0 7.812272509761381E-5 0.0 0.02417017783629779 5.661626926119826E-4 0.0 0.0 0.0 0.009485410259757063 
0.9994274461480965 0.029948109371899068 0.051695984837612285 0.03867310354797171 0.0 8.671203285966211E-6 0.0 5.462009588739873E-4 2.787582998645303E-4 0.0 9.324913416649337E-7 0.0 
0.4933376518991992 2.1188081042167184E-4 0.9087579621415467 0.0 0.027209808618698414 8.788450416299508E-5 1.1580698217598289E-7 6.179988005445846E-6 0.057986183789210353 0.0 0.0 1.3021364080673939E-4 
0.4261879504087188 0.9623683395194977 0.9950383889950667 0.0019553175169108547 8.410143584703343E-4 0.0 0.0029528810107591966 1.1432569682252264E-4 0.02823350969801649 6.4515740857520095E-6 0.006559255697586266 0.0017923764551404653 
0.502957111130474 0.994295469421264 0.16755227149764307 0.0 0.0030476581773062027 0.0 0.0 4.527285697882716E-6 0.003233213281239107 2.1397778774092692E-4 1.0015633430180615E-6 0.0 
0.46838917220095033 0.23873411604554678 0.03667584500419324 0.007563962128559698 0.0 0.0035720258897867342 0.003524288946075949 4.470833264788051E-6 0.10973392664156299 9.29359398527551E-9 9.324913416649337E-7 0.0 
0.2685441943145116 0.9652636385994399 0.07160648272813463 0.0 0.0 0.004299517846639543 0.005461477386933646 1.1234613035925566E-6 0.0013389626654081639 5.303359942466227E-6 0.0043752918767450705 0.0 
0.40541001818891453 0.02235326019774822 0.7129354830624792 3.913159548419096E-4 0.029907629719947773 0.0 1.3813968019593258E-4 1.280234531588976E-4 0.0 0.016432993067944372 1.1096628888506047E-8 0.0 
