0.6893698200999746 0.6823019838337142 0.28748108382159093 2.477937545657415E-8 
0.7102269070178125 0.7091221411045229 3.168113860918054E-46 7.345394382331103E-45 
0.7099399965224249 0.7088366382104764 6.544608057407337E-34 2.761878465411477E-50 
0.7096699701845921 0.7085671309440421 2.2152621048141076E-38 7.822341091288143E-49 
0.7096699701845921 0.7085671309440421 2.2152621048141076E-38 1.4893464009360597E-46 
0.7096699701845921 0.7085671309440421 2.2152621048141076E-38 1.4893464009360597E-46 
0.7093851243297696 0.7082822088222825 6.012528151291702E-39 9.039257466686114E-50 
0.7093851243297696 0.7082822088222825 6.012528151291702E-39 9.039257466686114E-50 
0.7096699701845921 0.7085671309440421 2.2152621048141076E-38 1.4893464009360597E-46 
0.70784635381596 9.54051931185611E-23 0.7088315101422253 2.2080613230494814E-13 
1.0000412048442537 3.6510067548827565E-24 1.3533548840858337E-7 1.6638220634530384E-11 
1.0000225872673534 3.668806526447412E-25 2.811057941901872E-10 5.258944174594228E-11 
1.0000412048442537 3.6510067548827565E-24 1.3533548840858337E-7 1.6638220634530384E-11 
1.0000355822399116 1.7686261553761118E-25 6.541710968428656E-10 2.811637530830947E-15 
1.000036566120586 5.132650002831548E-25 5.702271941364928E-9 7.777699068480542E-8 
1.0000366217000944 5.436703520289809E-26 4.83089872805202E-10 1.0296390519718796E-13 
0.7092058603738064 1.9675574236580674E-33 7.16608991545797E-15 0.708720320390091 
0.7078099352103592 5.848558520409898E-26 0.7087950408504559 7.575866529981474E-10 
1.0000221741016542 1.8989322102382638E-29 1.8524913881832694E-11 1.513324037474332E-12 
1.000021927115507 3.1005243478747553E-25 6.028747217276812E-11 1.108441837766649E-12 
1.000021927115507 3.1005243478747553E-25 6.028747217276812E-11 1.108441837766649E-12 
1.0000355282412734 1.7242750821061595E-25 1.0471201893639345E-9 6.471184545590208E-13 
1.0000361458942904 5.397074079422158E-25 2.2562476528309678E-9 3.934357535032058E-12 
0.7094150084764185 1.9248403274744507E-46 5.873377706789237E-18 0.7089293253047065 
0.7078099352103592 5.848558520409898E-26 0.7087950408504559 7.575866529981474E-10 
1.0000221741016542 1.8989322102382638E-29 1.8524913881832694E-11 1.513324037474332E-12 
1.0000374198460875 4.881059985831886E-25 1.4289275988933614E-8 2.3166778337098314E-11 
1.0000355282412734 1.7242750821061595E-25 1.0471201893639345E-9 6.471184545590208E-13 
1.0000359418555134 2.9050118375122964E-25 3.901314266633812E-9 3.934356732299574E-12 
0.7094150084764185 1.9248403274744507E-46 5.873377706789237E-18 0.7089293253047065 
0.707860481471239 5.281711344507738E-26 0.7088456574598915 1.5636880777457986E-8 
1.0000370832551926 4.9054312275191885E-26 3.147645727537945E-9 6.47119460801475E-13 
1.0000355822399116 1.7686261553761118E-25 6.541710968428656E-10 2.811637530830947E-15 
1.0000359418555134 2.9050118375122964E-25 3.901314266633812E-9 3.934356732299574E-12 
0.7097469879278124 5.460432337789825E-35 1.6604974500413925E-20 0.7092610774747052 
0.707860481471239 5.281711344507738E-26 0.7088456574598915 1.5636880777457986E-8 
1.0000323753581546 4.351272640463632E-26 3.622925962717316E-4 5.039324850288895E-11 
1.0000385021639373 3.891752684682519E-25 5.170848548625963E-9 1.4287757767873577E-12 
0.7097261225938528 1.1811408707884438E-40 6.901833486370569E-8 0.709240226425676 
0.707940193974058 4.7695030517234625E-26 0.7089254809038433 2.952939093006188E-7 
1.0000323753581546 4.351272640463632E-26 3.622925962717316E-4 5.039324850288895E-11 
0.7083820129183851 5.6292202264800435E-43 3.537953218124769E-5 0.7072911680594355 
0.7079257730184838 9.353616321499853E-26 0.7089110398776768 4.022511627093669E-8 
0.7083820129183851 5.6292202264800435E-43 3.537953218124769E-5 0.7072911680594355 
0.6877549232813728 1.4405196792858345E-39 0.6840969866870694 0.4165862366632165 
4.5244915960026384E-17 0.7389055520584001 0.7356647028037622 2.46799045497158E-5 
6.125105272999895E-17 1.0003056027688035 3.573069316286936E-28 6.56622965595981E-48 
6.12503373238513E-17 1.0002939192997715 7.90384142714148E-28 9.155399968451912E-30 
1.1081989404092097E-6 1.000227338806156 4.1195825232089993E-23 3.192771363550096E-24 
3.719677682504925E-7 1.0001865261585157 1.0868312078089333E-22 7.966160376648266E-30 
3.719677682504925E-7 1.0001865261585157 1.0868312078089333E-22 7.966160376648266E-30 
1.8598616096366444E-7 1.0001987112844188 4.670152822800849E-26 1.520105652733374E-29 
4.32902512960334E-17 0.7069834555754975 2.094602985855409E-30 0.7212331578163084 
6.123917734023589E-17 9.708287029105996E-42 1.0001116629361706 3.277663627897405E-14 
0.625083481953214 0.6136832687581576 0.5151879735009073 1.4634691767083817E-5 
0.6891337858694317 0.6820683695688358 0.2873826527988844 2.4770891213938786E-8 
0.7047387046037141 0.6914693346549862 0.05544879090376105 0.16949885466150255 
0.6716891839401639 0.6933899950061643 0.0542169454793021 0.2678609266732335 
0.6239836917377736 0.6012521370897698 2.7036732831938127E-41 0.5979651119151778 
6.124474557892631E-17 7.182472830668439E-84 9.643051796111435E-21 1.0002026115729332 
6.12369173135876E-17 1.8411405804535156E-40 1.0000747539000328 2.959628350597606E-13 
0.7075423127443703 2.6510129758310843E-24 0.7085270459166793 6.194294903472368E-12 
0.898012740905225 1.2657216881298336E-24 0.4438066348352757 4.806442896451644E-12 
0.9071194710221764 0.4049019024783904 3.4113359137135345E-5 0.17289089328055282 
0.7090986137556173 1.7579785637372932E-34 1.6021633338345566E-13 0.7086131471956061 
6.123794815262829E-17 4.1627180554420346E-58 2.6639709238979666E-20 1.0000916834088394 
6.12369173135876E-17 1.8411405804535156E-40 1.0000747539000328 2.959628350597606E-13 
0.7075423127443703 2.6510129758310843E-24 0.7085270459166793 6.194294903472368E-12 
0.8522250334489876 0.09761597082365678 0.35636908317701066 0.3998457150335583 
0.7090986137556173 1.7579785637372932E-34 1.6021633338345566E-13 0.7086131471956061 
6.123781419563519E-17 1.2892718812165822E-54 1.0325210080511057E-20 1.0000894153110909 
6.123825404209681E-17 4.0110262095047745E-43 1.0000965843332668 3.133044330422394E-10 
0.7027023343016293 9.47641166372354E-6 0.6892942044819278 0.35344286144703563 
0.7097261225938528 1.1811408707884438E-40 6.901833486370569E-8 0.709240226425676 
6.123962294726278E-17 4.601192505379793E-66 1.7269469073388573E-19 1.000122916868037 
6.123816125652788E-17 2.836498475697741E-43 1.0000950690299322 5.094364352401794E-10 
0.6164056352048585 7.959664790014108E-31 0.6131271814219429 0.571471806892163 
6.123962294726278E-17 4.601192505379793E-66 1.7269469073388573E-19 1.000122916868037 
6.123825404209681E-17 4.0110262095047745E-43 1.0000965843332668 3.133044330422394E-10 
6.123985194304818E-17 3.075376402375098E-67 7.440355487212619E-20 1.0001234181820933 
4.34472772848989E-17 3.65937790377495E-108 0.7095478845843322 0.707849222385563 
4.511590118029767E-17 0.7367985808105507 0.7335669727589043 3.1312210332615936E-5 
1.1081989404092097E-6 1.000227338806156 4.1195825232089993E-23 3.192771363550096E-24 
7.43939889214939E-7 1.0001924953067318 1.3978026641043356E-21 4.436816308302526E-25 
3.719677682504925E-7 1.0001865261585157 1.0868312078089333E-22 7.966160376648266E-30 
1.8598616096366444E-7 1.0001987112844188 4.670152822800849E-26 1.520105652733374E-29 
3.100027032966546E-8 1.0002816195732283 1.0507240820088272E-25 3.847290117731968E-27 
4.327138934379061E-17 0.706675416518752 3.757107866612297E-27 0.7209189100360028 
6.123879291324014E-17 1.380343307970245E-42 1.000105384766889 5.518038918173579E-12 
0.09761590123386715 0.7336367815544509 0.7259807982767273 7.576053538688483E-7 
0.44706704121471413 0.8886140505642743 1.1423233184617478E-11 0.11270829542179872 
0.41152380964733326 0.8179661910478386 7.28749369143799E-12 0.4046644710237565 
0.3586790976089343 0.7016444295702775 6.2214436563785856E-49 0.6546198051140922 
6.12454447482543E-17 1.5823226862462592E-98 2.4764549518883805E-23 1.000214017476725 
6.123815810322735E-17 8.851678916144632E-43 1.0000950175326264 1.844820826373807E-11 
0.41073024617398396 0.4000022165246228 0.8497769062870486 0.005921359419479163 
0.581519690614569 0.4518138103851984 0.6321480681390593 0.2607954830359937 
0.42293693936713683 5.642024311182481E-31 0.22388400294207003 0.889861621738541 
6.124068405845094E-17 3.9507366448184477E-63 1.1974576673684861E-21 1.0001362697031702 
6.123814724268778E-17 3.289955668369193E-43 1.0000948401665553 3.927360504315323E-11 
0.42611277369466627 1.968831349098788E-33 0.819148001989715 0.4226276835546246 
0.4068389773467529 2.0466046864622291E-22 0.3945697725258089 0.8420569024594001 
6.123781419563519E-17 1.2892718812165822E-54 1.0325210080511057E-20 1.0000894153110909 
6.12381499088639E-17 4.927679459287608E-43 1.0000948837085155 1.135722662721864E-10 
0.29377762297506543 1.0467780479709928E-41 0.6715881738386918 0.6936944773387921 
6.123985194304818E-17 3.075376402375098E-67 7.440355487212619E-20 1.0001234181820933 
6.123825774016387E-17 4.1178477931588514E-43 1.0000966447272852 2.7622625624734572E-11 
3.7499937355314855E-33 5.335419009582235E-83 6.124204526794791E-17 1.0001584997500832 
4.3551999505251946E-17 9.715496291211219E-78 0.7112581282305158 0.7065442461422078 
4.5034869302196705E-17 0.7354752298140449 0.7322494259968891 1.3516230126288333E-14 
1.5499155149114587E-8 1.000218925323528 2.7796772456402854E-22 1.382934412721439E-28 
1.5499155149114587E-8 1.000218925323528 2.7796772456402854E-22 2.0846972241762673E-28 
1.5499155149114587E-8 1.000218925323528 2.7796772456402854E-22 2.0846972241762673E-28 
1.5499155149114587E-8 1.000218925323528 2.7796772456402854E-22 1.382934412721439E-28 
4.32902512960334E-17 0.7069834555754975 2.094602985855409E-30 0.7212331578163084 
6.123815810322735E-17 8.851678916144632E-43 1.0000950175326264 1.844820826373807E-11 
4.469362034257385E-17 0.7299022113754151 0.7161253457973964 0.20883788417547378 
5.214602565392709E-17 0.8516092262721494 0.32859240505675436 0.43581421786970104 
4.326111599649037E-17 0.7065076400250332 4.810486474720888E-22 0.7207477519000975 
6.124090162843199E-17 3.4060394633325196E-65 1.5995608794923438E-24 1.0001398226994154 
6.123814724268778E-17 3.289955668369193E-43 1.0000948401665553 3.927360504315323E-11 
5.51813898294103E-17 1.861823509668222E-24 0.9011804851460807 0.44700980434079274 
0.29500666759564537 4.71689862783824E-30 0.33850473295101896 0.8955563641231217 
6.124090162843199E-17 3.4060394633325196E-65 1.5995608794923438E-24 1.0001398226994154 
6.12381499088639E-17 4.927679459287608E-43 1.0000948837085155 1.135722662721864E-10 
0.21969950477194064 4.677181644608217E-40 0.6930288348166117 0.701830043179326 
6.124099559730206E-17 1.7645948073541866E-58 3.184255097608745E-22 1.0001413573410434 
6.123816125652788E-17 2.836498475697741E-43 1.0000950690299322 5.094364352401794E-10 
6.124153206294126E-17 5.656255820288636E-87 1.1794000834436638E-22 1.000150118478137 
4.34472772848989E-17 3.65937790377495E-108 0.7095478845843322 0.707849222385563 
4.5034869302196705E-17 0.7354752298140449 0.7322494259968891 1.3516230126288333E-14 
6.12458080942273E-17 1.0002199513666963 1.9222006845843684E-29 1.5940365586716448E-32 
7.43939889214939E-7 1.0001924953067318 1.3978026641043356E-21 4.436816308302526E-25 
6.124575798144244E-17 1.000219132962812 1.0456595537150734E-29 2.8886870244193536E-29 
4.326111599649037E-17 0.7065076400250332 4.810486474720888E-22 0.7207477519000975 
6.12381564987496E-17 1.2566396714842268E-43 1.000094991329516 6.219522061769846E-11 
0.09761590123386715 0.7336367815544509 0.7259807982767273 7.576053538688483E-7 
4.331541531533037E-17 0.7073944151977247 1.6985854463787845E-22 0.7216524005917035 
6.124153206294126E-17 5.656255820288636E-87 1.1794000834436638E-22 1.000150118478137 
6.12381564987496E-17 1.2566396714842268E-43 1.000094991329516 6.219522061769846E-11 
0.12081396933245653 5.830504303534773E-39 0.7066901346572079 0.7061832911436103 
6.124099559730206E-17 1.7645948073541866E-58 3.184255097608745E-22 1.0001413573410434 
6.123825774016387E-17 4.1178477931588514E-43 1.0000966447272852 2.7622625624734572E-11 
6.124124474582168E-17 7.587941331267692E-59 3.184268052206166E-22 1.0001454262451517 
4.355785253848284E-17 1.963244396821614E-65 0.7113537155171518 0.7066391999215691 
4.500843358977981E-17 0.7350435018670924 0.7318195916142646 4.9267295111452353E-14 
6.124229452304425E-17 1.0001625703947215 1.086805176792625E-22 1.2326540972268331E-30 
1.4879992866809539E-6 1.0002730547462972 3.3529389256098605E-24 4.3348430485941946E-23 
4.357669105023518E-17 0.7116613717616371 5.189458314324823E-24 0.7260053603852966 
6.123922828296845E-17 1.0786762389508418E-44 1.0001124948941291 6.620048658069656E-10 
0.12887616199213436 9.325135164854604E-39 0.7051074477568888 0.7060311976456995 
6.124124474582168E-17 7.587941331267692E-59 3.184268052206166E-22 1.0001454262451517 
6.123826468169867E-17 2.598576112508639E-43 1.0000967580911515 2.3531136776561167E-11 
6.124099559730206E-17 1.7645948073541866E-58 3.184255097608745E-22 1.0001413573410434 
4.355785253848284E-17 1.963244396821614E-65 0.7113537155171518 0.7066391999215691 
4.509371748486932E-17 0.736436293570772 0.7332062745156187 7.088659226574987E-6 
6.124229452304425E-17 1.0001625703947215 1.086805176792625E-22 1.2326540972268331E-30 
4.3710716422867595E-17 0.7138501722014984 4.4969062389390476E-27 0.7282382774933579 
6.123922828296845E-17 1.0786762389508418E-44 1.0001124948941291 6.620048658069656E-10 
6.124099559730206E-17 1.7645948073541866E-58 3.184255097608745E-22 1.0001413573410434 
4.383427966738827E-17 1.477102857532115E-86 0.7158681131230229 0.7099826714470878 
4.500843358977981E-17 0.7350435018670924 0.7318195916142646 4.9267295111452353E-14 
4.357669105023518E-17 0.7116613717616371 5.189458314324823E-24 0.7260053603852966 
4.399643753631141E-17 8.72536388440148E-59 0.7185163520934108 0.7175398706509579 
4.399643753631141E-17 8.72536388440148E-59 0.7185163520934108 0.7175398706509579 
