0.0048403117124781285 0.9906647060631844 0.9921088965821376 0.48002297146999723 0.4674562207641857 0.4793880328674207 0.5205086292912815 0.5177684548610256 0.4908370517075311 0.4941591197900147 0.501832857623234 0.5196559922601853 
0.7543609487919379 0.2100421178197427 0.9930950245865451 0.509716975152314 0.5167235487442156 0.48385100186366964 0.5016894870254559 0.4930820496883332 0.49877356514726684 0.492787949916181 0.5036311570901547 0.5237854207288821 
0.5889699775631524 0.46490667235345173 0.9930950245865451 0.499881133821623 0.5055523373197814 0.4983880082189186 0.5029054744800039 0.49859784843548316 0.49157570229879594 0.4812227111746692 0.49292563541077417 0.522400550586119 
0.7543609487919379 0.2100421178197427 0.9930950245865451 0.509716975152314 0.5167235487442156 0.48385100186366964 0.5016894870254559 0.4930820496883332 0.49877356514726684 0.492787949916181 0.5036311570901547 0.5237854207288821 
0.6428855693351732 0.4014944014364061 0.9930950245865451 0.5067514112085816 0.507959880296552 0.4998462197361293 0.5017028491786293 0.4983075432821509 0.4864039249304415 0.481986434023616 0.4941391168336685 0.5280220472794173 
0.7467341154186884 0.30704673188682763 0.9930950245865451 0.5086366478905149 0.5113201940060896 0.4936112350207401 0.5007920225378986 0.4963650672223565 0.4860696492449934 0.4860849170003585 0.4967108696241232 0.5259226270293383 
0.7910464989084423 0.3138086997710236 0.9930950245865451 0.4857927368929159 0.5110545648526451 0.492903353449381 0.5006711782496063 0.4960563638193623 0.4861169995569025 0.48657300057395136 0.49822058388791723 0.5257303925568699 
0.7910464989084423 0.3138086997710236 0.9930950245865451 0.4857927368929159 0.5110545648526451 0.492903353449381 0.5006711782496063 0.4960563638193623 0.4861169995569025 0.48657300057395136 0.49822058388791723 0.5257303925568699 
0.5198846491629889 0.24268732088059708 0.9930950245865451 0.48258945481798027 0.5070990502043571 0.4775892365015863 0.5041899141538777 0.49101664385046 0.5068268221400023 0.492734324001349 0.4971689715405049 0.5237716026653507 
0.04722622348242936 0.9930572656272131 0.9069643403640106 0.48167163992407147 0.48486889701603464 0.5302306687195103 0.5028737398793527 0.5175459494217172 0.5185591871810605 0.4751727749125744 0.5003254685827406 0.4655613577707265 
0.6148925966348434 0.4949622434966402 0.80653883411901 0.4998905064563889 0.5021428554934403 0.4999701741863429 0.5006484523138502 0.5006359241387975 0.5007821016579874 0.5020050833713846 0.4993598635532476 0.49972167501361103 
0.6335751212100067 0.49240492307810035 0.8077393876935519 0.4998730657654021 0.502124325324768 0.4999585076765533 0.5006718662959502 0.5006784469748461 0.5004587195686 0.5019421893513548 0.49933688785040753 0.5004330182328182 
0.6238472923357414 0.5056968215591157 0.8270054564359755 0.49987036837225307 0.5019793087520524 0.5000552259164641 0.5005877035730759 0.5006123025607587 0.5003857284015969 0.502092390607519 0.49942504042436603 0.5000217486115389 
0.650444287615328 0.5033996982180482 0.8025670969262098 0.4998698674252764 0.5019985470473682 0.5000359044766709 0.5005993961453967 0.5006234395359463 0.5003513724491457 0.5020629816978991 0.4994082510809965 0.5001478513456399 
0.6546355036822991 0.5766987944878328 0.8486654124996131 0.4998936166817709 0.5019600706083388 0.5001673826584194 0.5005442462237301 0.5005356278483479 0.5012478052656695 0.5022927607908871 0.4995262660011887 0.4992984989481626 
0.6598875423884643 0.520983530900013 0.8274118879736173 0.49953810026097545 0.5015957782906828 0.49936892829305046 0.5005070644361479 0.4999107098936475 0.5007245657612855 0.5027911764370347 0.499563699741499 0.49961134548369435 
0.993095577983762 0.3846751565781608 0.7055407547712024 0.5004066223743264 0.526200742331761 0.5278741262562233 0.5149362326992728 0.48532714816660194 0.4824483718132525 0.5180152734079391 0.47497891239179335 0.49780201688915404 
0.04722622348242936 0.9930572656272131 0.9069643403640106 0.48167163992407147 0.48486889701603464 0.5302306687195103 0.5028737398793527 0.5175459494217172 0.5185591871810605 0.4751727749125744 0.5003254685827406 0.4655613577707265 
0.6358471668657704 0.5079449961343359 0.8624473194181322 0.49986487099300947 0.5019552717322275 0.5001006829332373 0.5005920661596561 0.5006177696637119 0.5004024131686287 0.502130083712341 0.4994528653153363 0.499909081646715 
0.6561357388574449 0.3743046424820457 0.8624473194181322 0.4993150341197402 0.5018054118677021 0.5014353667672389 0.500240947874707 0.4987711987897165 0.5008659818697061 0.501249780640853 0.4998986428347493 0.4996102248548343 
0.6890411574249434 0.5033507494522009 0.813570600398601 0.49986386909905606 0.5019937483228591 0.5000620400536508 0.5006154513042976 0.5006400436140872 0.5003337012637263 0.5020712658931012 0.49941928662859725 0.5001612871149168 
0.650444287615328 0.5033996982180482 0.8025670969262098 0.4998698674252764 0.5019985470473682 0.5000359044766709 0.5005993961453967 0.5006234395359463 0.5003513724491457 0.5020629816978991 0.4994082510809965 0.5001478513456399 
0.6516296488424436 0.49277702571846393 0.820375616194704 0.5000379539723491 0.502246357159593 0.5003823493160265 0.5006792894407421 0.500998565934315 0.500400711129625 0.5016998697178674 0.4993318386674347 0.500203578112026 
0.993095577983762 0.38091924480103223 0.7097400899392909 0.5002369978726305 0.5219379998967087 0.511560411825231 0.5343745834714632 0.48578144056055506 0.48241693683729825 0.5175910750120265 0.47518050364952613 0.49782584612212877 
0.02650760423173245 0.9930662841912281 0.860446510546016 0.4726317734014327 0.4819378492939468 0.5362184053307364 0.5039157947776112 0.521467909730024 0.5262058229316251 0.4683763926697923 0.5100150889762117 0.44687494142148876 
0.6335751212100067 0.49240492307810035 0.8077393876935519 0.4998730657654021 0.502124325324768 0.4999585076765533 0.5006718662959502 0.5006784469748461 0.5004587195686 0.5019421893513548 0.49933688785040753 0.5004330182328182 
0.614315577414122 0.5010046773452863 0.8001357443612265 0.49985736982585904 0.502008187893666 0.5000688541908375 0.5006431990355193 0.5006677846674158 0.5002816741258558 0.5020501411786836 0.4994135328328285 0.5003008256182946 
0.6890411574249434 0.5033507494522009 0.813570600398601 0.49986386909905606 0.5019937483228591 0.5000620400536508 0.5006154513042976 0.5006400436140872 0.5003337012637263 0.5020712658931012 0.49941928662859725 0.5001612871149168 
0.6561357388574449 0.3743046424820457 0.8624473194181322 0.4993150341197402 0.5018054118677021 0.5014353667672389 0.500240947874707 0.4987711987897165 0.5008659818697061 0.501249780640853 0.4998986428347493 0.4996102248548343 
0.993095577983762 0.38091924480103223 0.7097400899392909 0.5002369978726305 0.5219379998967087 0.511560411825231 0.5343745834714632 0.48578144056055506 0.48241693683729825 0.5175910750120265 0.47518050364952613 0.49782584612212877 
0.020579876285544092 0.993075302755243 0.8157591451650323 0.46400488836315784 0.4781823338956173 0.5400628583151177 0.5017131008305991 0.5223155109669197 0.5292131156577585 0.509352972348954 0.5157037504728785 0.4257506128932645 
0.6190814348749317 0.5033507494522009 0.813570600398601 0.49986386909905606 0.5019937483228591 0.5000620400536508 0.5006154513042976 0.5006400436140872 0.5003337012637263 0.5020712658931012 0.49941928662859725 0.5001612871149168 
0.6190814348749317 0.5033507494522009 0.813570600398601 0.49986386909905606 0.5019937483228591 0.5000620400536508 0.5006154513042976 0.5006400436140872 0.5003337012637263 0.5020712658931012 0.49941928662859725 0.5001612871149168 
0.614315577414122 0.5010046773452863 0.8001357443612265 0.49985736982585904 0.502008187893666 0.5000688541908375 0.5006431990355193 0.5006677846674158 0.5002816741258558 0.5020501411786836 0.4994135328328285 0.5003008256182946 
0.9930941604952086 0.35566823783752477 0.6756227791811986 0.5193902256285319 0.5209527020641866 0.5059614764958674 0.5317337047584264 0.4847175125147447 0.49344419547061613 0.5185924263788706 0.4810918863899597 0.4895169300727533 
0.020579876285544092 0.993075302755243 0.8157591451650323 0.46400488836315784 0.4781823338956173 0.5400628583151177 0.5017131008305991 0.5223155109669197 0.5292131156577585 0.509352972348954 0.5157037504728785 0.4257506128932645 
0.6238472923357414 0.5056968215591157 0.8270054564359755 0.49987036837225307 0.5019793087520524 0.5000552259164641 0.5005877035730759 0.5006123025607587 0.5003857284015969 0.502092390607519 0.49942504042436603 0.5000217486115389 
0.5886458069774024 0.4941711403693514 0.7766858756475562 0.4996210283870437 0.5008682644490728 0.49956054879837614 0.5002749108154182 0.4996049447464253 0.49974692911795415 0.5031150808640965 0.49968493456942553 0.5007253540914045 
0.993093954964207 0.15396910477020165 0.4143363356104236 0.5346959768039865 0.5250603408450074 0.4917981581835377 0.490394059838264 0.5121725542392384 0.48173620472702366 0.5151606166827267 0.4766394168949063 0.48588207228418234 
0.025539151347469962 0.993075302755243 0.7978753693058342 0.46476908407240647 0.48079079976412364 0.5408507620516503 0.50241092867065 0.5240012856522187 0.5331617637215711 0.5073790401074747 0.5147669202106273 0.4229090492600244 
0.5886458069774024 0.4941711403693514 0.7766858756475562 0.4996210283870437 0.5008682644490728 0.49956054879837614 0.5002749108154182 0.4996049447464253 0.49974692911795415 0.5031150808640965 0.49968493456942553 0.5007253540914045 
0.993093954964207 0.3607657494533659 0.5588478638022363 0.5357400277519321 0.5246873071270278 0.4922342381171476 0.4897353732849485 0.5137293326906679 0.4778401835513308 0.5176084437694135 0.4747854681414936 0.485684927865801 
0.027130685746157995 0.993075302755243 0.7978753693058342 0.464615161484573 0.4809295611460409 0.5406604115408047 0.5023983936185508 0.5242592018638378 0.5325235120743431 0.5070652921903741 0.5149507313811851 0.4229326312448127 
0.993093954964207 0.3582614430156956 0.552875283385602 0.5355861051640987 0.530932919167388 0.5342844919844272 0.48972283823284923 0.513987248902287 0.4778400557946379 0.5172946958523129 0.48894704419334084 0.48570850985058933 
0.9910211281998699 0.9931330151890065 0.4478410249558387 0.4680718973590762 0.5708112060219834 0.5456814564523269 0.46027008224109783 0.5619981395164635 0.3042601015649651 0.6017775805602661 0.4718514735998529 0.40447296838521185 
0.08441589529633997 0.9930392284991831 1.0 0.49885659349572403 0.49051406980850515 0.5169822924002423 0.5017155698032103 0.509024609317539 0.5038141516984174 0.4881777921648085 0.4797388861552948 0.5004670895997008 
0.08610282551059721 0.7158507791256129 1.0 0.5015203256625989 0.5000775750685396 0.49597769611054066 0.5022698376276407 0.5013285695964342 0.5035831867427749 0.5037094982558937 0.49537492271838734 0.49717387055869006 
0.047298979442781816 0.7485954366393118 1.0 0.5031110337042597 0.5015887411906673 0.5002279514243582 0.5018340746069105 0.5043081739590212 0.5032413850972508 0.5025015024735827 0.49490592603419514 0.49969058869076305 
0.0418142783693239 0.7387421672489964 1.0 0.502619865991135 0.5005169806267197 0.4977475982717612 0.5022776911481133 0.5031828980114229 0.5028961810773908 0.501654119954877 0.49801599176872596 0.4973100979274546 
0.10953190616416969 0.7446910613197476 1.0 0.5024435668063798 0.5000995975169376 0.4969172969549606 0.5021898870391931 0.5028673361245578 0.5030012581373177 0.502069817199527 0.4995483327320792 0.49700147700228686 
0.059052968914529026 0.7417351094050784 1.0 0.502502523937209 0.5001906878312322 0.49719121513201336 0.502206143787569 0.5029172487614961 0.5029979066265744 0.5019250302947129 0.4991648361968919 0.4970937170561449 
0.02090713918466195 0.7311671255513557 1.0 0.5028718291406447 0.5006308558238266 0.4983330600976788 0.5024315756157776 0.5034847429305462 0.5029065575134994 0.5010936500523413 0.4965289042044912 0.49738594594722374 
0.9932202158429959 0.3600423495333987 1.0 0.4666499339466732 0.5027420544952066 0.46353802411644013 0.5611743445292892 0.4777270507235553 0.439150774220611 0.5221013513779266 0.5088700219216247 0.630344246455717 
0.0 1.0 0.9900083961958126 0.5016734599606707 0.5013708385807474 0.5029114851594118 0.5015553314505565 0.5083648155894638 0.5002764784246924 0.5037482324729317 0.4948025117923789 0.5055208097875867 
0.03556363007825385 0.9910784989390286 0.9937021302584667 0.48355202509477246 0.5328961834950845 0.47033938942774633 0.4969320882430894 0.5031513397560556 0.551803461501511 0.5289636420624976 0.5460182709780768 0.5394818686610734 
0.5889699775631524 0.46490667235345173 0.9930950245865451 0.499881133821623 0.5055523373197814 0.4983880082189186 0.5029054744800039 0.49859784843548316 0.49157570229879594 0.4812227111746692 0.49292563541077417 0.522400550586119 
0.6353359052020255 0.30839233279171363 0.9930950245865451 0.4949258577858783 0.5064785971262464 0.49082749768202394 0.5031858845829393 0.49688772185946506 0.49645903949017917 0.48447574611516175 0.49428308418963646 0.5147098032878741 
0.6353359052020255 0.30839233279171363 0.9930950245865451 0.4949258577858783 0.5064785971262464 0.49082749768202394 0.5031858845829393 0.49688772185946506 0.49645903949017917 0.48447574611516175 0.49428308418963646 0.5147098032878741 
0.99014277933882 0.4328202100460301 0.9934110407110475 0.6186459475532269 0.49026164387550775 0.509252433976279 0.6289978688767033 0.47305327614831544 0.40236200136048206 0.5027322454629713 0.5323345492274332 0.46502695370820346 
1.0 0.44272229949444675 0.7449789315680236 0.4983601058808247 0.5018433362816868 0.5009364957931716 0.4993862805278729 0.49870847382487576 0.5000372455860294 0.5032924940028236 0.5020304486809704 0.4983248625233264 
0.0 1.0 1.0 0.5023746484899513 0.5017674464638222 0.49876368908583535 0.5032887937803392 0.5073723779874627 0.5019827665048333 0.5026890134310341 0.4933898450581399 0.4988510503807436 
0.0711272601565077 0.9925997340227674 0.9880319344697887 0.4662704949517291 0.564444798920384 0.4818281110988746 0.523520424611514 0.47505431709383084 0.5656733070056047 0.478767754588433 0.5287897397257745 0.5072346405984416 
0.0623982369117109 0.9867389958961907 0.9828265149857845 0.4662863965870376 0.45849385103311613 0.48178243200021215 0.5067184319587119 0.47506976906717524 0.5241921075270433 0.4787237480674811 0.5287535031205823 0.5069088194648153 
0.9856563210686595 0.49213112492067307 0.9880278529643065 0.6125490810045824 0.48106396744893437 0.5131824954264559 0.6290508033684771 0.48371708814234715 0.3700336148007324 0.49827794178884127 0.49735261112856477 0.5984081920231804 
0.993095577983762 0.3846751565781608 0.7055407547712024 0.5004066223743264 0.526200742331761 0.5278741262562233 0.5149362326992728 0.48532714816660194 0.4824483718132525 0.5180152734079391 0.47497891239179335 0.49780201688915404 
1.0 0.3150936942587864 0.698735403030318 0.49768259857439767 0.5018317477747318 0.502043432235379 0.4992298837854713 0.4978886060840533 0.5003139241199899 0.5023467414763033 0.5029043471780141 0.497403648450273 
0.0 1.0 1.0 0.5038215169171502 0.49944522922339896 0.4940675093701313 0.5026871336232859 0.5080545541265362 0.500143492411098 0.5029108039494955 0.4990508504562264 0.49762859772682333 
0.0711272601565077 0.9925997340227674 0.9828614901186774 0.4662704949517291 0.4583721638210182 0.4818281110988746 0.523520424611514 0.47505431709383084 0.5237192504355572 0.478767754588433 0.5287897397257745 0.5072346405984416 
0.0623982369117109 0.9867389958961907 0.9828265149857845 0.4662863965870376 0.45849385103311613 0.48178243200021215 0.5067184319587119 0.47506976906717524 0.5241921075270433 0.4787237480674811 0.5287535031205823 0.5069088194648153 
0.9930941604952086 0.35566823783752477 0.6756227791811986 0.5193902256285319 0.5209527020641866 0.5059614764958674 0.5317337047584264 0.4847175125147447 0.49344419547061613 0.5185924263788706 0.4810918863899597 0.4895169300727533 
1.0 0.44272229949444675 0.7449789315680236 0.4983601058808247 0.5018433362816868 0.5009364957931716 0.4993862805278729 0.49870847382487576 0.5000372455860294 0.5032924940028236 0.5020304486809704 0.4983248625233264 
0.011237729875181419 1.0 0.9949491099391984 0.5043854487175816 0.5003450758661894 0.49712298173390335 0.5020107518078506 0.5084603817427933 0.4998944374514901 0.5033872867633384 0.4975982360467523 0.5011883674477485 
0.025539151347469962 0.993075302755243 0.7978753693058342 0.46476908407240647 0.48079079976412364 0.5408507620516503 0.50241092867065 0.5240012856522187 0.5331617637215711 0.5073790401074747 0.5147669202106273 0.4229090492600244 
0.993093954964207 0.15396910477020165 0.4143363356104236 0.5346959768039865 0.5250603408450074 0.4917981581835377 0.490394059838264 0.5121725542392384 0.48173620472702366 0.5151606166827267 0.4766394168949063 0.48588207228418234 
1.0 0.029129010128118204 0.4559558751843983 0.4962720039849335 0.5025894037176459 0.5000643359259518 0.5007036536345039 0.4955949169220168 0.5078292879374151 0.49839683982944993 0.49885036559316787 0.49871915136008915 
0.022475459750362838 1.0 0.9898982198783968 0.5049493805180132 0.5012449225089797 0.5001784540976754 0.5013343699924153 0.5088662093590504 0.4996453824918821 0.5038637695771815 0.4961456216372782 0.5047481371686737 
0.9910211281998699 0.9931330151890065 0.4478410249558387 0.4680718973590762 0.5708112060219834 0.5456814564523269 0.46027008224109783 0.5619981395164635 0.3042601015649651 0.6017775805602661 0.4718514735998529 0.40447296838521185 
1.0 0.029129010128118204 0.4559558751843983 0.4962720039849335 0.5025894037176459 0.5000643359259518 0.5007036536345039 0.4955949169220168 0.5078292879374151 0.49839683982944993 0.49885036559316787 0.49871915136008915 
0.01555863965922481 1.0 0.9949491099391984 0.5051435351295746 0.5033183361416738 0.5000315167563076 0.5009966035612476 0.5099122212393561 0.4991629481647232 0.5032632986187013 0.4995397668335275 0.5024491947228548 
1.0 0.029129010128118204 0.4559558751843983 0.4962720039849335 0.5025894037176459 0.5000643359259518 0.5007036536345039 0.4955949169220168 0.5078292879374151 0.49839683982944993 0.49885036559316787 0.49871915136008915 
0.9930124122529778 1.0 0.8520127417895285 0.48192738696903636 0.5048764918660428 0.4329473655197875 0.38211478199733767 0.5698739172523891 0.45251170446410904 0.4962957837746514 0.4989100082220628 0.47965339126094336 
0.08866346198382317 0.9930392284991831 1.0 0.499751372969349 0.4907309924602104 0.518255195497058 0.5007896300828356 0.5097020288051035 0.5032659156799313 0.48876553939813866 0.48094622779579843 0.502934190469202 
0.0633399847469732 0.7897983137032988 1.0 0.5022166303423414 0.5007411718837136 0.4975602628122462 0.5023729570545055 0.5026292513603497 0.5030887713416791 0.5023478370480383 0.4951639388689014 0.4975204355231079 
0.03236451792682013 0.7066472713115421 1.0 0.5017445950383927 0.5003068764903194 0.4980299905179002 0.503641507479224 0.5032425561942462 0.5038914739056026 0.500631645279079 0.5012530891854534 0.4982058637843629 
0.09502998511722643 0.6530107802036647 1.0 0.5023103098877338 0.49961777707773064 0.4964004584053912 0.5017151001292635 0.5013202187757061 0.5038659424037333 0.5025699738118925 0.5022425903408142 0.4994659056594771 
0.0418142783693239 0.7387421672489964 1.0 0.502619865991135 0.5005169806267197 0.4977475982717612 0.5022776911481133 0.5031828980114229 0.5028961810773908 0.501654119954877 0.49801599176872596 0.4973100979274546 
0.04057714398334919 0.7327192926954197 1.0 0.502912935022084 0.5014047686988875 0.4991428295139518 0.5024760764813703 0.5039299331242653 0.5025943559405832 0.500986175840183 0.4949529550194155 0.49786700048752575 
0.9932202158429959 0.3514479414135545 1.0 0.4668927222064744 0.5025272944830161 0.46303481144431585 0.561350547415457 0.45287044126682285 0.45539808550665756 0.522155752578471 0.5087791649629463 0.6302952638075461 
0.004247566687483207 1.0 1.0 0.5040983575564589 0.5021488352391561 0.49639536132291284 0.502094372933473 0.506967510656553 0.5013311113730679 0.5037418359141568 0.4942547126360993 0.49760860756902536 
0.0 0.9926113864925943 0.9970183279637432 0.47392258946045507 0.49305022166342405 0.4831892358763251 0.488773564941113 0.53113974140188 0.49824873000497455 0.5166373304527663 0.5178811624431243 0.5244493044610166 
0.021809604846966105 0.9875416594538089 0.9961124808653836 0.5244365220939187 0.4965750879944626 0.476455129536024 0.5016196897587801 0.5033202693409152 0.46298853333717693 0.5265817369942327 0.5285574492898795 0.5014076686395494 
0.3607193653563114 0.4781570826143729 0.9965475122932725 0.4988212514165337 0.5029765733806902 0.49433548363947744 0.5027805414083293 0.49983356677941043 0.5004074061412462 0.4929940896199043 0.49667086497225144 0.5051359543027584 
0.992485885303716 0.4187137102371882 0.9965816616164814 0.6297670333174239 0.5235307967869891 0.45961314610144055 0.5384390474201559 0.4601897043689172 0.4125130337982087 0.5395726298697915 0.5345905335271322 0.625744797711272 
1.0 0.17758568166577096 0.7121816572451667 0.49860295500438284 0.5010461396858674 0.5003841709519112 0.5003560033396064 0.49580790006442216 0.5041615250435506 0.5018171575152187 0.5018283614992333 0.4973104247449217 
0.0 1.0 1.0 0.5023746484899513 0.5017674464638222 0.49876368908583535 0.5032887937803392 0.5073723779874627 0.5019827665048333 0.5026890134310341 0.4933898450581399 0.4988510503807436 
0.002729375385355358 0.9956655091298988 0.9946643298803418 0.4478231120304109 0.4863597719775754 0.5106717719112708 0.5060627954800443 0.5330446009279988 0.457681565874366 0.4541688066377371 0.4740578108162582 0.4797468870796596 
0.0 0.9911212351425918 0.9927635790863607 0.3726110533132477 0.46695332786433436 0.5301298446114284 0.527496756399373 0.5241361235772761 0.47007009915307063 0.4010893549092906 0.4430304411009761 0.46205948155727605 
0.9965057335072948 0.27074489851815126 0.6364452302053949 0.5037197352039762 0.5420324697829024 0.5066602658739668 0.48857210825700753 0.5061947818476933 0.4859598708286786 0.49843433515915225 0.5066251519069556 0.5134192021916012 
1.0 0.17758568166577096 0.7121816572451667 0.49860295500438284 0.5010461396858674 0.5003841709519112 0.5003560033396064 0.49580790006442216 0.5041615250435506 0.5018171575152187 0.5018283614992333 0.4973104247449217 
0.011237729875181419 1.0 0.9949491099391984 0.5043854487175816 0.5003450758661894 0.49712298173390335 0.5020107518078506 0.5084603817427933 0.4998944374514901 0.5033872867633384 0.4975982360467523 0.5011883674477485 
0.0 0.9961124653760935 0.9888760599517444 0.4769451596497733 0.47852990752427943 0.4907347387408549 0.5072287244751095 0.46809926577579947 0.4705209471029782 0.47258737283501145 0.4989705831068087 0.49537124068147026 
0.9965057335072948 0.27074489851815126 0.6364452302053949 0.5037197352039762 0.5420324697829024 0.5066602658739668 0.48857210825700753 0.5061947818476933 0.4859598708286786 0.49843433515915225 0.5066251519069556 0.5134192021916012 
1.0 0.2154254867129419 0.4586881091940955 0.4951794674157815 0.5036465519638011 0.5009613599003454 0.4996711672249433 0.4985707682308964 0.503768597106893 0.498439018959979 0.499952626511427 0.49995320984749836 
0.022475459750362838 1.0 0.9898982198783968 0.5049493805180132 0.5012449225089797 0.5001784540976754 0.5013343699924153 0.5088662093590504 0.4996453824918821 0.5038637695771815 0.4961456216372782 0.5047481371686737 
0.9921058395164652 0.9965022568633153 0.5695424288741169 0.4922462968270527 0.4957653896778458 0.5249744307682738 0.3932836702119066 0.6108057871805401 0.3577133124884636 0.4799777776011926 0.4740735588894299 0.44944131472275994 
1.0 0.10883021435759149 0.6919737579648948 0.4988359482785313 0.5007347934202 0.49959628616251694 0.5007235898819566 0.4944937226581442 0.5057944168714228 0.5019037224682575 0.5016821657019874 0.497252851892241 
0.03985863688420042 1.0 0.9828899883134727 0.5049414297003589 0.5011840789029307 0.5002012936470065 0.5013108514244349 0.5088584833723782 0.4994089539461391 0.5038857728376575 0.4961637399398743 0.5049110477354869 
1.0 0.2154254867129419 0.4586881091940955 0.4951794674157815 0.5036465519638011 0.5009613599003454 0.4996711672249433 0.4985707682308964 0.503768597106893 0.498439018959979 0.499952626511427 0.49995320984749836 
0.993047439859819 1.0 0.8052757826494489 0.49609261269154536 0.5054087867457178 0.45891961977849527 0.3624254716045472 0.575683398827268 0.4564701899714752 0.4976086143129899 0.49995937503359034 0.5114189160631742 
0.08441589529633997 0.9930392284991831 1.0 0.49885659349572403 0.49051406980850515 0.5169822924002423 0.5017155698032103 0.509024609317539 0.5038141516984174 0.4881777921648085 0.4797388861552948 0.5004670895997008 
0.03236451792682013 0.7066472713115421 1.0 0.5017445950383927 0.5003068764903194 0.4980299905179002 0.503641507479224 0.5032425561942462 0.5038914739056026 0.500631645279079 0.5012530891854534 0.4982058637843629 
0.06335241416843597 0.7066472713115421 1.0 0.5037996481763685 0.501845352214134 0.49795454994347965 0.50014499476231 0.5025382132727296 0.5021109739301095 0.5033640465131052 0.49752529958535474 0.49597151544346535 
0.059052968914529026 0.7417351094050784 1.0 0.502502523937209 0.5001906878312322 0.49719121513201336 0.502206143787569 0.5029172487614961 0.5029979066265744 0.5019250302947129 0.4991648361968919 0.4970937170561449 
0.07629165945973415 0.7447280515611604 1.0 0.5023851818832828 0.4998643950357447 0.4966348319922656 0.5021345964270247 0.5026515995115692 0.5030996321757579 0.502195940634549 0.5003136806250579 0.4968773361848352 
0.9932202158429959 0.3514479414135545 1.0 0.4668927222064744 0.5025272944830161 0.46303481144431585 0.561350547415457 0.45287044126682285 0.45539808550665756 0.522155752578471 0.5087791649629463 0.6302952638075461 
0.008495133374966414 1.0 1.0 0.5041642074372013 0.5022012917672327 0.5013094952794669 0.5014369143395899 0.5087272169625916 0.5008862944678613 0.5038645078976944 0.4958045283391472 0.5037852521197459 
0.04821088884778327 0.99287499430595 0.997786931754895 0.4767953142410015 0.4839033335027314 0.47787210664546853 0.5134623880568283 0.4983775819573173 0.5544466142196818 0.5219751072559347 0.545356247367419 0.47813092164483095 
0.9861882676975692 0.556332008481911 0.9978443748912784 0.5407701807243492 0.5102298464968252 0.45767190458487644 0.5491639250258274 0.4687730228064854 0.5367270339415352 0.535117021057432 0.5240842674322926 0.5314400859888123 
0.9929631254401453 0.39992808088104315 0.9991144507193598 0.5479447460228299 0.5136180867650502 0.4602165882239885 0.551018819664792 0.46068362208424823 0.4268944099425307 0.5307033071407747 0.52025465172197 0.6274940892034504 
1.0 0.24633968796227868 0.7054585301377424 0.49814277678939023 0.5014389437302996 0.5012138015936451 0.49979294356253884 0.4968482530742377 0.5022377245817702 0.502081949495761 0.5023663543386236 0.49735703659759734 
0.0 1.0 1.0 0.5040225582221696 0.501900433569509 0.4939773446061537 0.5029650722893124 0.5064154396113852 0.5017215734083513 0.5031829729568891 0.4933831484568205 0.494948338544796 
0.003369428253261156 0.995985601188098 0.9951765398314494 0.46809185322268015 0.4914033238325883 0.49936752356933134 0.5026881665448251 0.5262803308303206 0.4793259390902209 0.4805097998591704 0.5024346702239905 0.49524338644580523 
0.9965230927044229 0.7851972686267308 1.0 0.5267891099290285 0.5253023010780267 0.40428061385117875 0.4159084655897884 0.48896993301684605 0.4733757753402816 0.678935010599748 0.5846959406337733 0.5038548062527916 
1.0 0.24633968796227868 0.7054585301377424 0.49814277678939023 0.5014389437302996 0.5012138015936451 0.49979294356253884 0.4968482530742377 0.5022377245817702 0.502081949495761 0.5023663543386236 0.49735703659759734 
0.004247566687483207 1.0 1.0 0.5040983575564589 0.5021488352391561 0.49639536132291284 0.502094372933473 0.506967510656553 0.5013311113730679 0.5037418359141568 0.4942547126360993 0.49760860756902536 
0.9929423570392953 0.9980078445763239 0.8342179681377722 0.49612893354689325 0.5030849648056352 0.38092038903862424 0.42125320622244294 0.5600998040742518 0.4474904910304123 0.49246401001237666 0.49770856156009835 0.42319002352931 
1.0 0.10883021435759149 0.6919737579648948 0.4988359482785313 0.5007347934202 0.49959628616251694 0.5007235898819566 0.4944937226581442 0.5057944168714228 0.5019037224682575 0.5016821657019874 0.497252851892241 
0.01555863965922481 1.0 0.9949491099391984 0.5051435351295746 0.5033183361416738 0.5000315167563076 0.5009966035612476 0.5099122212393561 0.4991629481647232 0.5032632986187013 0.4995397668335275 0.5024491947228548 
1.0 0.0 0.4341598149466652 0.4954278888892493 0.5032026588378058 0.5008090392131161 0.5001683805576016 0.4953638003926205 0.5076789198744964 0.498322494739625 0.5002551525061323 0.49769341886901675 
0.9930124122529778 1.0 0.8520127417895285 0.48192738696903636 0.5048764918660428 0.4329473655197875 0.38211478199733767 0.5698739172523891 0.45251170446410904 0.4962957837746514 0.4989100082220628 0.47965339126094336 
0.08866346198382317 0.9930392284991831 1.0 0.499751372969349 0.4907309924602104 0.518255195497058 0.5007896300828356 0.5097020288051035 0.5032659156799313 0.48876553939813866 0.48094622779579843 0.502934190469202 
0.04785846604762805 0.7066472713115421 1.0 0.5027721216073806 0.5010761143522267 0.4979922702306899 0.501893251120767 0.5028903847334879 0.5030012239178561 0.5019978458960921 0.4993891943854041 0.4970886896139141 
0.09502998511722643 0.6530107802036647 1.0 0.5023103098877338 0.49961777707773064 0.4964004584053912 0.5017151001292635 0.5013202187757061 0.5038659424037333 0.5025699738118925 0.5022425903408142 0.4994659056594771 
0.07805379529833374 0.5492847499804281 1.0 0.502763191030986 0.5009115327828594 0.498674082340203 0.5016370838858478 0.501267171652539 0.5041269763965339 0.5017342421948702 0.4988107744509282 0.5030441394368096 
0.9932202158429959 0.3256653463851448 1.0 0.46688002305416954 0.5025456524729905 0.46312320879557317 0.561455874417823 0.47720687421864755 0.4401126744515012 0.5219689553876554 0.5086010255019295 0.6303209405293791 
0.0 1.0 1.0 0.5026378687559061 0.4989959087977891 0.4941789890872319 0.5021152269934079 0.5049226121151261 0.500833515577402 0.5036195199772657 0.5024242117282147 0.4981080344561205 
0.04690356874425878 0.99287499430595 0.9984360456782851 0.47943304554090427 0.48433755395164707 0.4779098053898957 0.513533110115477 0.49790309616539846 0.5546050744572348 0.5219041292307126 0.4866971156423956 0.4773003919376463 
0.9932202158429959 0.3256653463851448 1.0 0.46688002305416954 0.5025456524729905 0.46312320879557317 0.561455874417823 0.47720687421864755 0.4401126744515012 0.5219689553876554 0.5086010255019295 0.6303209405293791 
1.0 2.9220233434892884E-6 0.5223425192430813 0.496151810265656 0.5028065448227379 0.49584628490427285 0.5004996691212843 0.49675855584484674 0.5068434473243923 0.49767303461484946 0.5052605427179557 0.49755066879616316 
0.008495133374966414 1.0 1.0 0.5036072397756699 0.5014703878416465 0.5017934471672643 0.5030563136515793 0.5108231547068814 0.49931400857033637 0.5022529512871778 0.4955644248058269 0.5058378561423414 
0.9930124122529778 0.9990024612764902 0.807915618096311 0.5059302142534634 0.502605350822812 0.43579789805957264 0.37976821861997884 0.5642801545446118 0.4535177678556471 0.5004579023565321 0.49783137696281154 0.42372731007261666 
1.0 0.10913741373009182 0.7098015225587953 0.49947690980625525 0.5003576358086411 0.49942609679321726 0.5009964636813458 0.49384236586400887 0.5066809957622918 0.502392877445823 0.5009860761304117 0.49672931201334114 
0.0011280714472919444 1.0 1.0 0.5043479035154707 0.5029268554632969 0.5012713397458464 0.5026798100989236 0.5116807465737975 0.4988493699024158 0.5019658590855418 0.49589602302505226 0.5039967742361982 
1.0 0.10913741373009182 0.7098015225587953 0.49947690980625525 0.5003576358086411 0.49942609679321726 0.5009964636813458 0.49384236586400887 0.5066809957622918 0.502392877445823 0.5009860761304117 0.49672931201334114 
0.993047439859819 1.0 0.8052757826494489 0.49609261269154536 0.5054087867457178 0.45891961977849527 0.3624254716045472 0.575683398827268 0.4564701899714752 0.4976086143129899 0.49995937503359034 0.5114189160631742 
0.013827823371828538 0.9930392284991831 1.0 0.5027238236080849 0.49311697355349693 0.4892805272141069 0.500197361314074 0.5113190315536676 0.5025195280067956 0.4862568295122049 0.47664897593181577 0.5051295551321409 
0.04785846604762805 0.7066472713115421 1.0 0.5027721216073806 0.5010761143522267 0.4979922702306899 0.501893251120767 0.5028903847334879 0.5030012239178561 0.5019978458960921 0.4993891943854041 0.4970886896139141 
0.07805379529833374 0.5492847499804281 1.0 0.502763191030986 0.5009115327828594 0.498674082340203 0.5016370838858478 0.501267171652539 0.5041269763965339 0.5017342421948702 0.4988107744509282 0.5030441394368096 
0.9932202158429959 0.36879458783199054 1.0 0.5397552227371691 0.5027236965052323 0.4634496267651828 0.5650219040571813 0.46327088589435417 0.4391059120815429 0.5222881485687422 0.5162938601320703 0.6303185697338839 
0.0 1.0 1.0 0.5045092110190815 0.5001443646229392 0.4978117081760002 0.5028976822973942 0.5092771752439689 0.5003581004470308 0.5021638305624467 0.49364127035509503 0.4978223963760606 
0.0 0.9930392284991831 1.0 0.5026194493007108 0.49334056094994627 0.4896911023080639 0.5003432376603 0.5116906452765991 0.5024367587311461 0.486240485409975 0.4763944860248481 0.5054902572620853 
1.0 0.0 0.5840492922896852 0.4973478473224494 0.500702170829507 0.4996631125173635 0.5004713029957271 0.4919617636484129 0.5059656936572814 0.5020645741171627 0.5034855666608586 0.49968369014335823 
0.022794081140061383 1.0 0.9976328316289289 0.5044781893813555 0.5043189983862095 0.5015270333295972 0.503137595509991 0.5109793783286487 0.5004201825666901 0.500784562464174 0.49428244033170265 0.5015402006704167 
1.0 0.050164513563402596 0.7276292871526957 0.5001178713339793 0.49998047819708225 0.49925590742391757 0.5012693374807348 0.49319100906987345 0.5075675746531608 0.5028820324233885 0.5002899865588359 0.49620577213444134 
0.9930124122529778 1.0 0.8520127417895285 0.48192738696903636 0.5048764918660428 0.4329473655197875 0.38211478199733767 0.5698739172523891 0.45251170446410904 0.4962957837746514 0.4989100082220628 0.47965339126094336 
0.013827823371828538 0.9930392284991831 1.0 0.5027238236080849 0.49311697355349693 0.4892805272141069 0.500197361314074 0.5113190315536676 0.5025195280067956 0.4862568295122049 0.47664897593181577 0.5051295551321409 
0.060390658501411384 0.5599709069673132 1.0 0.5019190877203932 0.4994546723352352 0.49622488868123626 0.501271078926155 0.4988458879359075 0.5042917445934391 0.5026044876120511 0.5019425714122547 0.49486293408566284 
0.9932202158429959 0.34965077231211833 1.0 0.5397989528091119 0.5043645592319856 0.46498803761320184 0.565474803732888 0.4614700415285027 0.4388666040420228 0.44225874605578974 0.5221819130356506 0.6732064877463848 
0.021275889837933534 1.0 0.9976328316289289 0.5054973369519219 0.5061409179706529 0.5007629499642806 0.5019513923013406 0.5107890013234198 0.500741686847532 0.5013032485677963 0.49473409031758814 0.4986728167529756 
1.0 0.18305708911474616 0.7931556226075829 0.4997742388474118 0.5000446191830755 0.4997979495278362 0.5003542914997907 0.49432638983288446 0.5036696267905825 0.5039652382447231 0.5001189703998509 0.4965375275846522 
0.9930124122529778 1.0 0.7963783958235707 0.5031933859804738 0.5045130232155141 0.43290613153791363 0.3819946837170998 0.5707963422381994 0.4539595832546268 0.49569272743185255 0.4993586517026081 0.48318723219735754 
0.0 0.9930392284991831 1.0 0.5026194493007108 0.49334056094994627 0.4896911023080639 0.5003432376603 0.5116906452765991 0.5024367587311461 0.486240485409975 0.4763944860248481 0.5054902572620853 
0.9932202158429959 0.34965077231211833 1.0 0.5397989528091119 0.5043645592319856 0.46498803761320184 0.565474803732888 0.4614700415285027 0.4388666040420228 0.44225874605578974 0.5221819130356506 0.6732064877463848 
0.9930124122529778 1.0 0.8520127417895285 0.48192738696903636 0.5048764918660428 0.4329473655197875 0.38211478199733767 0.5698739172523891 0.45251170446410904 0.4962957837746514 0.4989100082220628 0.47965339126094336 
0.0 0.9930392284991831 1.0 0.5026194493007108 0.49334056094994627 0.4896911023080639 0.5003432376603 0.5116906452765991 0.5024367587311461 0.486240485409975 0.4763944860248481 0.5054902572620853 
