1.4404690245632432E-5 0.3887173363701528 0.5005514399100405 0.4978279014229041 0.5051076786317155 0.4977849816560098 0.4935497810105527 0.49813012108740723 0.4984128161189729 0.5016693259238452 0.499570669349246 0.4963723270247182 
2.0698523708952822E-5 4.093242283148851E-5 0.5002132198785457 0.49746961786404265 0.500263352780271 0.4980619083758688 0.49364058476192 0.4981304867260323 0.4987879504277148 0.5034277172264409 0.5016591696256546 0.49629515879696695 
2.0698523708952822E-5 4.093242283148851E-5 0.5002132198785457 0.49746961786404265 0.500263352780271 0.4980619083758688 0.49364058476192 0.4981304867260323 0.4987879504277148 0.5034277172264409 0.5016591696256546 0.49629515879696695 
1.4448751389628256E-5 4.093242283148851E-5 0.5002132198785457 0.5128615458265962 0.5003287242885329 0.4980619083758688 0.5031047718468684 0.4981304867260323 0.49790336142483194 0.5015788746082167 0.4990448910712039 0.49649209692414437 
1.4568017073106494E-5 4.093242283148851E-5 0.5002132203474248 0.5128615458265962 0.49818123914712065 0.4980619083758688 0.4943782640480348 0.49813493101592127 0.4973765257051668 0.502971659218906 0.49903599484472333 0.49649209692414437 
1.4448751389628256E-5 4.093242283148851E-5 0.5002132198785457 0.5128615458265962 0.5003287242885329 0.4980619083758688 0.5031047718468684 0.4981304867260323 0.49790336142483194 0.5015788746082167 0.4990448910712039 0.49649209692414437 
1.1740059594944586E-5 4.093242283148851E-5 0.5002132198785457 0.5128615458265962 0.5003287242885329 0.4980619083758688 0.5031047718468684 0.4981304867260323 0.49790336142483194 0.5015788746082167 0.4990448910712039 0.49649209692414437 
1.4568017073106494E-5 4.093242283148851E-5 0.5002132203474248 0.5128615458265962 0.49818123914712065 0.4980619083758688 0.4943782640480348 0.49813493101592127 0.4973765257051668 0.502971659218906 0.49903599484472333 0.49649209692414437 
0.40454365681741566 2.6516931772550225E-5 0.5785665636709705 0.4976749329566857 0.5050702920908813 0.4789492193178753 0.4864472879890173 0.4974784623254 0.502800491022865 0.502391048214491 0.49990092625992966 0.49630987564912 
2.1446326906185123E-5 0.4998148128856878 9.590337501998839E-5 0.5009760757077644 0.49959702031603315 0.49448238160074587 0.4926966797325847 0.5002185661761345 0.4973824857518614 0.5005427618250047 0.4997286409709872 0.49627232898394563 
5.069879891272431E-5 7.583069253033874E-5 2.551026861147817E-5 0.4972762407794949 0.49957300257886933 0.5008005239217634 0.5013979841833525 0.4998447399092025 0.4988544605883301 0.5015476949277292 0.49970573707395843 0.4974729890472283 
3.199203667956296E-5 7.833345758764202E-5 3.140022503146378E-4 0.4976959915832935 0.4996145486148578 0.5012834050621929 0.5014158802555109 0.499811137798233 0.49738189789335935 0.5015612102495589 0.4996934507905453 0.5058466783939171 
5.021248587654757E-5 7.583069253033874E-5 2.551026861147817E-5 0.4991343302168428 0.49972235425159994 0.5008005239217634 0.5013980426091234 0.49990992439663134 0.49885871057718045 0.5017216697022477 0.499704359219287 0.4975625863499916 
5.021248587654757E-5 7.583069253033874E-5 2.551026861147817E-5 0.4991343302168428 0.49972235425159994 0.5008005239217634 0.5013980426091234 0.49990992439663134 0.49885871057718045 0.5017216697022477 0.499704359219287 0.4975625863499916 
5.021248587654757E-5 7.583069253033874E-5 2.551026861147817E-5 0.49912396130317066 0.49972235425159994 0.5008005239217634 0.5013975638175342 0.49982330064405084 0.49885871057718045 0.5017216697022477 0.4997057710130519 0.49747271306669233 
5.070311992896923E-5 7.583069253033874E-5 2.551026861147817E-5 0.49770300726692707 0.4996143293392506 0.5008005239217634 0.5013975454360471 0.49984234186111837 0.4988544071299061 0.5017202633740524 0.49970573707395843 0.4974729890472283 
0.4999931518575137 9.180076353123107E-6 1.3764624022613527E-4 0.4976094861510323 0.5002368442740673 0.4984096330962061 0.5016655821830232 0.5002826842712449 0.4988550777024482 0.5026381446167262 0.4996933867634895 0.49789394662012915 
5.932354280875084E-5 0.4998113456477583 9.590337501998839E-5 0.4977534139765521 0.49959702031603315 0.4959595727274094 0.4926966797325847 0.4985775587185965 0.4988315131197544 0.5005427618250047 0.5016010375817398 0.49625634672399765 
2.0962019361840998E-5 3.8470497272468126E-5 2.544813209008484E-5 0.4977355485466012 0.49959713327831223 0.5012834050621929 0.4985979216618483 0.5001014362716694 0.49952101553731953 0.5005221004578262 0.4996905419393544 0.4961991326349668 
2.0962019361840998E-5 3.873488917356435E-5 2.544813209008484E-5 0.500959486014736 0.4995971258605807 0.5012834050621929 0.4985915348351856 0.5000864878792222 0.49952101553731953 0.5005221004578262 0.4996905419393544 0.49624444791785954 
5.021248587654757E-5 7.583069253033874E-5 2.551026861147817E-5 0.49912396130317066 0.49972235425159994 0.5008005239217634 0.5013975638175342 0.49982330064405084 0.49885871057718045 0.5017216697022477 0.4997057710130519 0.49747271306669233 
2.0962019361840998E-5 3.873488917356435E-5 2.544813209008484E-5 0.500959486014736 0.4995971258605807 0.5012834050621929 0.4985915348351856 0.5000864878792222 0.49952101553731953 0.5005221004578262 0.4996905419393544 0.49624444791785954 
5.070311992896923E-5 7.583069253033874E-5 2.551026861147817E-5 0.4972733375737446 0.49972289812041293 0.5008005239217634 0.5013975454360471 0.49982256059231356 0.49885871057718045 0.5017220935954517 0.49970573707395843 0.4974729890472283 
0.4999931518575137 7.651756797470108E-5 1.3764624022613527E-4 0.497609416850426 0.5002270834819669 0.49842739810601555 0.5015870171213126 0.5002827274978975 0.4988550777024482 0.5026381446167262 0.4996933867634895 0.4978993270614413 
5.932354280875084E-5 0.4998113456477583 9.590337501998839E-5 0.4977534139765521 0.49959702031603315 0.4959595727274094 0.4926966797325847 0.4985775587185965 0.4988315131197544 0.5005427618250047 0.5016010375817398 0.49625634672399765 
5.021287311848409E-5 2.3671009262327543E-5 1.9648589920934068E-5 0.4991366423532874 0.49972722947214304 0.5008055620987723 0.4980264486924383 0.4999114721587207 0.4995566998823226 0.5016100586497946 0.4996913668170144 0.5002240755983711 
5.021248587654757E-5 7.583069253033874E-5 2.551026861147817E-5 0.4991343302168428 0.49972235425159994 0.5008005239217634 0.5013980426091234 0.49990992439663134 0.49885871057718045 0.5017216697022477 0.499704359219287 0.4975625863499916 
2.0962019361840998E-5 3.873488917356435E-5 2.544813209008484E-5 0.500959486014736 0.4995971258605807 0.5012834050621929 0.4985915348351856 0.5000864878792222 0.49952101553731953 0.5005221004578262 0.4996905419393544 0.49624444791785954 
2.0962019361840998E-5 3.873488917356435E-5 2.5508632891882463E-5 0.500959486014736 0.4995971258605807 0.5012753808602787 0.49860203553319604 0.5000954859737349 0.49952101553731953 0.5017217439690025 0.4996905419393544 0.4974781279149123 
0.4999931518575137 7.651756797470108E-5 1.3764624022613527E-4 0.497609416850426 0.5002270834819669 0.49842739810601555 0.5015870171213126 0.5002827274978975 0.4988550777024482 0.5026381446167262 0.4996933867634895 0.4978993270614413 
2.1446326906185123E-5 0.49981482601829663 9.590337501998839E-5 0.5009594774319447 0.4996419537336339 0.49448238160074587 0.494919631536309 0.50006074538539 0.4973824857518614 0.5005427618250047 0.4997286409709872 0.49627232898394563 
5.021088503958151E-5 7.583069253033874E-5 2.551026861147817E-5 0.4991343302168428 0.4996145702636195 0.5012770952386358 0.5013980426091234 0.49990992439663134 0.49885871057718045 0.5017231482124395 0.499704359219287 0.4975625863499916 
5.021287311848409E-5 2.3671009262327543E-5 1.9648589920934068E-5 0.4991366423532874 0.49972722947214304 0.5008055620987723 0.4980264486924383 0.4999114721587207 0.4995566998823226 0.5016100586497946 0.4996913668170144 0.5002240755983711 
2.0962019361840998E-5 3.873488917356435E-5 2.5508632891882463E-5 0.500959486014736 0.4995971258605807 0.5012753808602787 0.49860203553319604 0.5000954859737349 0.49952101553731953 0.5017217439690025 0.4996905419393544 0.4974781279149123 
0.4999931518575137 2.375961690157682E-5 2.2086898743443313E-5 0.49727803739027915 0.5002270834819669 0.5012529804948398 0.5017915187043402 0.5002879885520718 0.49883816898793215 0.5026375946867205 0.4996933867634895 0.4978993270614413 
2.1446326906185123E-5 0.49981482601829663 9.590337501998839E-5 0.5009594774319447 0.4996419537336339 0.49448238160074587 0.494919631536309 0.50006074538539 0.4973824857518614 0.5005427618250047 0.4997286409709872 0.49627232898394563 
5.0537236453684114E-5 2.3671009262327543E-5 1.9648589920934068E-5 0.5008919404698712 0.49960023653975894 0.5012738229511151 0.4980356934412816 0.4998164096822636 0.4995566998823226 0.5016100586497946 0.4996913668170144 0.5002240755983711 
5.0537236453684114E-5 2.3671009262327543E-5 1.9648589920934068E-5 0.5008919404698712 0.49961462548996505 0.5012918296490562 0.4980356934412816 0.4998164096822636 0.4994951565851058 0.5016100586497946 0.4996913668170144 0.5002240755983711 
0.4999931518575137 2.375961690157682E-5 2.2086898743443313E-5 0.49727803739027915 0.5002270834819669 0.5012529804948398 0.5017915187043402 0.5002879885520718 0.49883816898793215 0.5026375946867205 0.4996933867634895 0.4978993270614413 
5.0579850872756575E-5 0.4998201480256089 8.818220195161139E-6 0.497680356563355 0.5057447903374107 0.5015965806888574 0.49488160045174817 0.5000607616214775 0.4995184700645732 0.5018469344373065 0.49967400525959216 0.5041784050906497 
5.021088503958151E-5 7.583069253033874E-5 2.884815257537458E-5 0.49915518051042634 0.49959925194501065 0.5012770952386358 0.5013980426091234 0.49990992439663134 0.49885757156542004 0.5017231482124395 0.499704359219287 0.5003715692522405 
0.5000988014867148 1.7868544396416186E-4 1.919225776247377E-5 0.49784617164922645 0.5057680404518776 0.5017294723124858 0.4980571705861664 0.5000406479970071 0.4988775370198726 0.5016471001226571 0.49907646436114805 0.5027919236987051 
5.0579850872756575E-5 0.4997623275049027 1.045123909099803E-5 0.4976798276012444 0.500246351706448 0.5015965806888574 0.4947500901220437 0.5000607616214775 0.4995184700645732 0.5018469344373065 0.4996734225303704 0.5041784050906497 
0.5000988014867148 1.7868544396416186E-4 1.919225776247377E-5 0.49784617164922645 0.5057680404518776 0.5017294723124858 0.4980571705861664 0.5000406479970071 0.4988775370198726 0.5016471001226571 0.49907646436114805 0.5027919236987051 
0.21589671002048053 0.5008353104995378 2.3573315685957314E-5 0.4975201696117479 0.5004458511593558 0.49812425644960784 0.5071272744984431 0.5009340783693126 0.49897193932190453 0.5020641610128862 0.49974868215411444 0.49644908796172627 
2.084714040582824E-5 0.4991952336358961 0.9999418194985271 0.49768580702123466 0.4938063528793176 0.5052142783506319 0.49361685699091296 0.5000577887126064 0.49359287765826115 0.5034409572463221 0.5016410147749781 0.4965231132489132 
5.8314756686376905E-5 7.598391298055716E-5 0.9999957175456958 0.4976957870603787 0.4996143051475341 0.4981080221763324 0.5013883457376825 0.4985467638309429 0.4988544497945083 0.5014994713958709 0.4996930643527059 0.4974627428185182 
5.011894980522362E-5 2.7155325069566673E-5 0.9999957175456958 0.4976957870603787 0.49957177587251544 0.4981266063044506 0.5016383796170778 0.4986226248424557 0.4988544497945083 0.5015476502507632 0.49969121446200426 0.49792115231249556 
1.2630322260278652E-4 3.92621229738602E-5 0.9999942021579498 0.5009664332070646 0.4995715443709595 0.5013325409627388 0.5015971617265076 0.49980690202454886 0.4995461424494952 0.5017275387389256 0.4996816338068802 0.5001182533819359 
1.266608503828872E-4 2.723661887981475E-5 0.9999941793930383 0.5008597215714119 0.4995713512314214 0.49809581373809036 0.5013883457376825 0.4985762302780138 0.49955459550332987 0.5017303920702886 0.4996817447445486 0.4986695675481698 
5.9161880763836455E-5 3.075841209578902E-5 0.9999957175456958 0.500921518507331 0.49961484287602026 0.5012276379258783 0.5013883457376825 0.498544078783418 0.4988581417120668 0.5015520248901498 0.4996930614587026 0.49747027236623503 
5.9161880763836455E-5 3.075841209578902E-5 0.9999957175456958 0.500921518507331 0.49961484287602026 0.5012276379258783 0.5013883457376825 0.498544078783418 0.4988581417120668 0.5015520248901498 0.4996930614587026 0.4974703220106887 
0.4990563891016647 8.853759203117723E-6 0.9999948587262856 0.49761333923128226 0.500236869011642 0.4984093740883106 0.4980059689242992 0.5002708006576523 0.49877066149404237 0.5054464921776254 0.4989980040292237 0.49868479018043427 
6.119144295131223E-5 0.999815265315911 0.9989697055106522 0.5009516137176622 0.4995862012928765 0.49815767636959113 0.5014578950016585 0.5000932476864985 0.4988544181035443 0.5023623284170105 0.5026429524269684 0.49745512588520935 
0.009485161201743336 0.39214812091801293 0.5004853744047528 0.4973991675465849 0.5050278604536728 0.4995421800356366 0.49500264790244186 0.5003167934419768 0.4987267470144405 0.5016690480809923 0.49979774359283446 0.49804208242912223 
0.009485161201743336 0.17891210519563763 0.5004815275430107 0.49740310762814993 0.5003207960315923 0.4995751108545635 0.49500227561621785 0.5003167934419768 0.499685324713955 0.5016636993888823 0.49979774359283446 0.500079055960276 
0.14525095709251828 0.10556603955551573 0.5004815326825492 0.4972003060614979 0.5048218929349042 0.5059763802386968 0.49489959952378526 0.4942811060525738 0.49969897098070387 0.5025670938781998 0.5057280019595487 0.5001179667345725 
0.21350083112532772 0.0912289593096288 0.500227337201396 0.5118839748157891 0.49883762558486183 0.4991190595142459 0.5033288057639014 0.49431862739905336 0.5130385410398066 0.5011891429981982 0.49938062187497007 0.4965273516922163 
0.39206306228206617 0.0031628755363528605 0.49950194237880974 0.5009614412859512 0.49987299378130706 0.4981160897590403 0.5029900265478258 0.5002513259565969 0.5170764016607693 0.5015725375412465 0.49968496267995843 0.4967825040452743 
0.9998874296160876 0.5076423294701895 0.7165860779137747 0.49755449971460974 0.500284554661677 0.49840392106362874 0.5017380021717122 0.4998257695372168 0.4987721825774685 0.501665608989389 0.4996922373679553 0.4986229424368136 
6.694173802533144E-7 0.9998214926692388 0.9363228442257677 0.4976811192333194 0.5002152280845508 0.49796492967241723 0.501480453355913 0.5003807822592136 0.498981928058842 0.5016520024182322 0.5017245697908105 0.4974788954529396 
0.027433614790327427 0.4653755034917773 0.2949202616319263 0.4971866788824106 0.5061764560509407 0.49806061682366276 0.4941421068517953 0.49978652268505447 0.49900111912527273 0.5017191899722236 0.5056529388292088 0.49659568007004523 
0.17257247997862382 0.2710011291737291 0.3010779402726239 0.4974689369353917 0.49353694842294704 0.49850906323247424 0.49503548219396726 0.4994672403179031 0.49877800603202743 0.5029427204437688 0.49972788736220985 0.5041152137535221 
0.22232455455755695 0.1452082693398286 0.29492466419383007 0.49563052363281535 0.5062883865989625 0.4981626998322192 0.49416694308623216 0.4999956445177932 0.49955886782505166 0.501838942199803 0.4999378139859916 0.5002550362123787 
0.4631353019868898 0.09648357227601187 0.2869021574913478 0.4976459042073961 0.5060115491204461 0.49814295007850906 0.4987690722099635 0.5002730178777998 0.4987681809403066 0.5016819365817871 0.49970350129759755 0.4986196594571145 
0.9998874296160876 0.015240593800354585 0.6929578122353043 0.49755449971460974 0.500284554661677 0.49840925442446277 0.4989152662204122 0.499808057406111 0.49877218135438667 0.5016656729952945 0.49969239516826286 0.4986209457182631 
1.0361411358484051E-4 0.9999976467417241 0.0015821031952295006 0.4975313812389303 0.5002389717393537 0.4981982806249369 0.49794339682807076 0.4998336296218429 0.4989727676106262 0.5015981865240375 0.4988653939510979 0.5002781026069382 
0.13719040799658047 0.49828648073082615 0.04123700930588564 0.49753600210227245 0.50040736365107 0.5023888951248475 0.4938360332638389 0.5092063890409098 0.4990248970782631 0.5025814500131309 0.4796751951242257 0.5000848952099459 
0.27281869462795894 0.1450932569780043 0.2010438008986047 0.501004071338472 0.49956487850651843 0.5013490211534017 0.4938270274329182 0.4952575464420223 0.5006897548526069 0.4983519253572774 0.4996636170663172 0.5016607586752145 
0.4763307065875129 0.1436198745192938 0.1976615532400368 0.500917748628702 0.4998335763720904 0.5013391109466914 0.5029732148572614 0.49981638570321396 0.4994843775719563 0.5029804778603152 0.501008893658162 0.49746720421813323 
0.9998880781092271 0.6170923681548155 0.846470193011057 0.4975559384826402 0.5002254326590465 0.4983920588976131 0.49891154871487003 0.499808057406111 0.49877290003411506 0.5016656714512433 0.49969239516826286 0.49862977337177833 
5.024880055791587E-5 0.9998173072910661 9.473932044636868E-4 0.49753214225699827 0.49974841449820384 0.5008219075004741 0.4980125787400154 0.4998337687053566 0.49897833020761667 0.5026643911132588 0.49965053667320153 0.5002781408596615 
0.21589671002048053 0.5008353104995378 1.732498083781921E-4 0.4975201696117479 0.5004409126603989 0.49812425644960784 0.5071272744984431 0.4999648438331471 0.49897193932190453 0.5020641610128862 0.499584454201152 0.49644908796172627 
0.47787391177858196 0.23203650691563288 0.06482494938469345 0.49761494210094853 0.4994976547419031 0.5012795900203711 0.5028549967024797 0.5002791202491961 0.495054576605203 0.5034049132764786 0.49974513181607993 0.4980624672815032 
0.999975126259582 0.6151877735472506 0.6984909283054191 0.49755449971460974 0.500284554661677 0.5008018244273501 0.49880876661851176 0.5002783493304892 0.49885792512294896 0.501665608989389 0.4997100940875374 0.49862135616379066 
1.2442823925200107E-4 0.9999976358076158 0.004563963502032697 0.4976815540456048 0.4999438691816755 0.5001015151681737 0.501280033716794 0.49983374131542585 0.4989727676106262 0.501592563195005 0.4996373044722711 0.5002779938481663 
0.38731027177356747 0.49871304719253345 0.04371625717797584 0.49783079975464084 0.4998954673446832 0.49808432696579236 0.4949751121032436 0.4998075889699569 0.517337324738905 0.5136699787602088 0.49968496267995843 0.5002271039335418 
0.9998874296160876 0.5298218308769169 0.7117990766896214 0.49783185128474683 0.49960025211230297 0.5014120414486115 0.4980589302863709 0.4998172290041467 0.4987563670927745 0.5016147497739057 0.49985174376684305 0.49764494359472594 
5.024880055791587E-5 0.9998173072910661 9.473932044636868E-4 0.5009891977537412 0.4995984614504928 0.5008296303135461 0.4980125787400154 0.4998337687053566 0.4989753174683696 0.5026124845479872 0.4996507981439733 0.5002772532050493 
0.9998874296160876 0.5104243506182506 1.919290455492559E-5 0.49767822418866564 0.49960025211230297 0.5013471896819882 0.49805864239955616 0.49981660718122944 0.4989652172193427 0.5016147497739057 0.49985174376684305 0.49764494359472594 
0.500100055491067 0.9999789799003587 0.05346557512531306 0.4979728122520975 0.5004416306985814 0.5018596539994694 0.5089459951595866 0.49992598322602805 0.4988798256318934 0.5017296763502999 0.4990876712584331 0.49583859645101447 
2.084714040582824E-5 0.4991952336358961 0.9999418194985271 0.49768580702123466 0.4938063528793176 0.5052142783506319 0.49361685699091296 0.5000633878504794 0.49358951243045535 0.5034409572463221 0.5016410147749781 0.4965231132489132 
5.943726519978874E-5 6.147765778321366E-5 0.9999957175456958 0.49760847103034966 0.49961430579678834 0.49809456461622637 0.5013883457376825 0.4985761153342253 0.4988544497945083 0.5015473415635272 0.4996934506342103 0.4986360479429893 
1.2630322260278652E-4 3.92621229738602E-5 0.9999942021579498 0.5009664332070646 0.4995715443709595 0.5013325409627388 0.5015971617265076 0.49980690202454886 0.4995461424494952 0.5017275387389256 0.4996816338068802 0.5001182533819359 
5.943726519978874E-5 7.644449804689024E-5 0.9999957175456958 0.4976957870603787 0.4996143051475341 0.4981080221763324 0.5013883457376825 0.4985467638309429 0.4988544497945083 0.501549107682172 0.4996930643527059 0.4974702724014444 
1.266608503828872E-4 2.723661887981475E-5 0.9999941793930383 0.5008597215714119 0.4995713512314214 0.49809581373809036 0.5013883457376825 0.4985762302780138 0.49955459550332987 0.5017303920702886 0.4996817447445486 0.4986695675481698 
5.9161880763836455E-5 3.075841209578902E-5 0.9999957175456958 0.500921518507331 0.49961484287602026 0.5012276379258783 0.5013883457376825 0.498544078783418 0.4988581417120668 0.5015520248901498 0.4996930614587026 0.49747027236623503 
0.4990563891016647 8.853759203117723E-6 0.9999948587262856 0.49761333923128226 0.500236869011642 0.4984093740883106 0.4980059689242992 0.5002708006576523 0.49877066149404237 0.5054464921776254 0.4989980040292237 0.49868479018043427 
6.694173802533144E-7 0.9998214926692388 0.9363228442257677 0.4976811192333194 0.5002152280845508 0.49796492967241723 0.501480453355913 0.5003807822592136 0.498981928058842 0.5016520024182322 0.5017245697908105 0.4974788954529396 
0.10457036581015547 0.48844444269912674 0.8266353094160194 0.4985019551240284 0.4995715508962403 0.5084776670443724 0.5013871969694715 0.4984949145622187 0.4995810035063599 0.4959971397622965 0.49966244949857885 0.500142390979866 
0.1790231331726726 0.1699029734771459 0.7100283588984206 0.5046560749043835 0.4997065951417529 0.4982670531107021 0.5018909358628966 0.49841942894787106 0.5082794633141666 0.5016361767953587 0.5015057478271213 0.477595233405487 
0.23188181315676223 0.17892922131475494 0.705107792576235 0.49735504896701743 0.5001779208195728 0.47014478481927174 0.49518523659337066 0.5254420114667726 0.5120361703269216 0.5011827623847921 0.4931945228858694 0.4234102276632917 
0.46200620476741483 0.12860298937625067 0.720641636620675 0.4976075250788739 0.5001741781904194 0.4981296943693469 0.501333801122123 0.4939246683793591 0.4988328674683057 0.5023759555628565 0.49968986326191245 0.4984580653452758 
0.999975126259582 0.6151877735472506 0.6984909283054191 0.49755449971460974 0.500284554661677 0.5008018244273501 0.49880876661851176 0.5002783493304892 0.49885792512294896 0.501665608989389 0.4997100940875374 0.49862135616379066 
1.2466369145181885E-4 0.999815265315911 0.9535909205162703 0.49768109225092394 0.5002275178838315 0.49806772210271105 0.5014807838920374 0.49978863303726917 0.49952606349936735 0.5016267934389539 0.4998545910363521 0.49920335531774723 
0.17852383066505986 0.6906729559943456 0.6958258265570348 0.4976808443093605 0.5001734982587809 0.5059695549751211 0.5086634109539574 0.5331189744884688 0.5084508398454737 0.49613888886811447 0.47718775274301806 0.4978738315942517 
0.32038439632440713 0.389774703008736 0.4997024158901372 0.43823284136589924 0.5012719721970366 0.49807806504728575 0.4938974528870862 0.5000687014232649 0.49751091216328946 0.5065457433087462 0.49648707503931677 0.4965511468828655 
0.6404065204870966 0.0970513291554743 0.41774144646359407 0.4976459042073961 0.506006850720598 0.5013813942878342 0.4987690722099635 0.49538927642156105 0.4987681809403066 0.5016723883306841 0.49970350129759755 0.4986153336158015 
0.9998874296160876 0.654474315123428 0.700951484782526 0.49755449971460974 0.500284554661677 0.49840925442446277 0.49882099172582767 0.4998257695372168 0.4987721825774685 0.5016656729952945 0.49969239516826286 0.4986229424368136 
1.1854991934944658E-4 0.9999991518700738 0.9838914644278028 0.4975313812389303 0.49884044577375647 0.5023560147851427 0.49794339682807076 0.4981108912564329 0.49952226214889694 0.5027050688341015 0.5017115822874507 0.5002929304216986 
0.2556192418481116 0.7071895243910895 0.02346942999170265 0.5133275652862477 0.5024492403419468 0.5060147473880049 0.4775636667506852 0.49980762183200295 0.4955469698168742 0.5069928557217456 0.5026335176269375 0.4977357787759083 
0.635219867902641 0.49398343794509775 0.06126269689985814 0.501070692420888 0.49960604931310165 0.5014517384384499 0.4980359899586342 0.49985286109415683 0.518939223562027 0.501624897757095 0.4996473621582391 0.5001825339847449 
0.9998880781092271 0.6170923681548155 0.846470193011057 0.4975559384826402 0.5002254326590465 0.4983920588976131 0.49891154871487003 0.499808057406111 0.49877290003411506 0.5016656714512433 0.49969239516826286 0.49862977337177833 
1.2442823925200107E-4 0.9999976358076158 0.004563963502032697 0.4976815540456048 0.4999438691816755 0.5001015151681737 0.501280033716794 0.49983374131542585 0.4989727676106262 0.501592563195005 0.4996373044722711 0.5002779938481663 
0.46786365529419127 0.7169638906753252 0.050948991250746534 0.5122185033466797 0.49914458611248963 0.502691930255602 0.49569965624723533 0.4982399527231501 0.4995180361029604 0.5027387918048987 0.5017709066674874 0.500221010874734 
0.9998874296160876 0.9869267171063145 0.6984909283054191 0.49755449971460974 0.500284554661677 0.498544487398021 0.5014193761834569 0.5002734612080019 0.4988327204404273 0.5016518292332144 0.49964574074912443 0.49860085391388415 
5.024880055791587E-5 0.9998173072910661 9.473932044636868E-4 0.5009891977537412 0.4995984614504928 0.5008296303135461 0.4980125787400154 0.4998337687053566 0.4989753174683696 0.5026124845479872 0.4996507981439733 0.5002772532050493 
0.9998874296160876 0.5298218308769169 0.7117990766896214 0.49783185128474683 0.49960025211230297 0.5014120414486115 0.4980589302863709 0.4998172290041467 0.4987563670927745 0.5016147497739057 0.49985174376684305 0.49764494359472594 
0.500100055491067 0.9999789799003587 0.05346557512531306 0.4979728122520975 0.5004416306985814 0.5018596539994694 0.5089459951595866 0.49992598322602805 0.4988798256318934 0.5017296763502999 0.4990876712584331 0.49583859645101447 
2.0844653592440964E-5 0.5005930271013601 0.9999418194985271 0.49768581128188316 0.4938400202920553 0.5052252878918989 0.4935938708106031 0.5001333562260202 0.4987718327242169 0.5034487226847725 0.5016410147749781 0.4962894090380345 
5.943726519978874E-5 7.644449804689024E-5 0.9999957175456958 0.4976957870603787 0.49957177587251544 0.4981084047484042 0.5013883457376825 0.49854028996417954 0.4988544497945083 0.501549107682172 0.4996930643527059 0.49747027238773556 
5.943726519978874E-5 6.147792954043843E-5 0.9999957175456958 0.49760847103034966 0.5002298478901226 0.49809449731865535 0.5013883457376825 0.49857669254734416 0.4988327140555677 0.5015473415635272 0.4997063020759631 0.4986360479429893 
5.943726519978874E-5 7.644449804689024E-5 0.9999957175456958 0.4976957870603787 0.4996143051475341 0.4980945760991146 0.5013883457376825 0.4985761153342253 0.4988544497945083 0.5015473415635272 0.4996934506342103 0.4986360479429893 
5.943726519978874E-5 6.147765778321366E-5 0.9999957175456958 0.49760847103034966 0.49961430579678834 0.49809456461622637 0.5013883457376825 0.4985761153342253 0.4988544497945083 0.5015473415635272 0.4996934506342103 0.4986360479429893 
0.4990563891016647 6.128812764749393E-5 0.9999948587262856 0.49761333923128226 0.500236869011642 0.49814030958283523 0.4980059689242992 0.49854663353771034 0.4988331107299383 0.5056388941914507 0.4989980040292237 0.49652950612152374 
1.2702983191511378E-4 0.9998214926692388 0.9363228442257677 0.4976811192333194 0.5002152280845508 0.49806772210271105 0.501480453355913 0.5002913915926464 0.4989924482601892 0.5016520024182322 0.4998607259967942 0.4983480928191427 
0.10457036581015547 0.48844444269912674 0.8266353094160194 0.4985019551240284 0.4995715508962403 0.5084776670443724 0.5013871969694715 0.4984949145622187 0.4995810035063599 0.4959971397622965 0.49966244949857885 0.500142390979866 
0.2563778239104499 0.22726495702048408 0.8031760388607556 0.49761333923128226 0.500236869011642 0.498134191967954 0.4980059689242992 0.49854663353771034 0.4988331107299383 0.5056388941914507 0.4988724656044582 0.4961930183608728 
0.47339157430039047 0.19346659355257784 0.8114247117279076 0.49673857679505146 0.5067346712750269 0.4983473051021118 0.4978029203860802 0.49449127612762694 0.4987756059845353 0.5024549529188264 0.4990115011442557 0.49523075498333824 
0.9998874296160876 0.012896258225538415 0.996748998041172 0.49755508209481925 0.500284554661677 0.49842397066865535 0.4989160658210311 0.500277872984978 0.4987707991250248 0.501665608989389 0.49969798007489996 0.4986209321101201 
1.2466369145181885E-4 0.999815265315911 0.9535909205162703 0.49768109225092394 0.5002275178838315 0.49806772210271105 0.5014807838920374 0.49978863303726917 0.49952606349936735 0.5016267934389539 0.4998545910363521 0.49920335531774723 
0.258707903811096 0.6770285364002925 0.6928874597182059 0.5072550564401694 0.49883807580913525 0.49533767825912733 0.5084840434350071 0.5332049058578306 0.5085687102829881 0.5024353775019188 0.4779260491827254 0.49616118646897867 
0.6410041368011539 0.4264976607406331 0.6801540562150772 0.500880058531432 0.5002857122852445 0.4980962012528221 0.5014100066750843 0.4938867568613094 0.4975896466371748 0.5016622197362294 0.49985522078720424 0.49865085385404734 
0.9998874296160876 0.016457433197931762 0.6929578122353043 0.497721138956054 0.5003392135616404 0.49840925442446277 0.4989152662204122 0.4997960510913528 0.49887754787048033 0.5017026318288071 0.49969239516826286 0.49845725989388984 
1.0361411358484051E-4 0.9999976467417241 0.0015821031952295006 0.4975313812389303 0.5002389717393537 0.4981982806249369 0.49794339682807076 0.4998336296218429 0.4989727676106262 0.5015981865240375 0.4988653939510979 0.5002781026069382 
0.49264140778352633 0.8635405497731394 0.8523107949591728 0.497497843749357 0.5063846169257313 0.5008101643837832 0.501243722282539 0.4997837488448392 0.49887952916454537 0.504158660636134 0.49888885739538086 0.49582521324131096 
0.9998874296160876 0.9869267171063145 0.9762463741212223 0.4973860305544117 0.5002845577452419 0.498544487398021 0.5014179928384036 0.5002748405090703 0.4988327204404273 0.5016595032837528 0.4998559205166746 0.49834712402435294 
1.2442823925200107E-4 0.9999976358076158 1.739516257963647E-4 0.49768166985563517 0.4999438691816755 0.5001015151681737 0.501280033716794 0.49857381990327027 0.4989727676106262 0.501592563195005 0.4996373044722711 0.49738831215431506 
0.9998874296160876 0.012896258225538415 0.996748998041172 0.4998646845901173 0.5003396979816388 0.49842397066865535 0.4989160658210311 0.5002795666695872 0.49887932110797667 0.501665608989389 0.4996980662793278 0.4986209321101201 
0.500100055491067 0.9999789799003587 0.05346557512531306 0.4979728122520975 0.5004416306985814 0.5018596539994694 0.5089459951595866 0.49992598322602805 0.4988798256318934 0.5017296763502999 0.4990876712584331 0.49583859645101447 
5.9395922951826466E-5 0.4991952336358961 0.9999418194985271 0.49768580702123466 0.4938063528793176 0.5052608934502263 0.5015595636789878 0.49857411370756244 0.49885061406037934 0.5034409572463221 0.5016410147749781 0.49745297162695373 
5.943726519978874E-5 6.147792954043843E-5 0.9999957175456958 0.49760847103034966 0.5002298478901226 0.49809449731865535 0.5013883457376825 0.49857669254734416 0.4988327140555677 0.5015473415635272 0.4997063020759631 0.4986360479429893 
5.943726519978874E-5 6.147792954043843E-5 0.9999957175456958 0.49760847103034966 0.5002298478901226 0.49809449731865535 0.5013883457376825 0.49857669254734416 0.4988327140555677 0.5015473415635272 0.4997063020759631 0.4986360479429893 
5.943726519978874E-5 7.644449804689024E-5 0.9999534332708053 0.49768036577621005 0.49956899978143904 0.49812717472835755 0.5013879503568058 0.4997518457890788 0.4988544497945083 0.5016266191092341 0.4998312158978414 0.4983560031573082 
0.4990563891016647 6.128812764749393E-5 0.9999948587262856 0.49761333923128226 0.500236869011642 0.49814030958283523 0.4980059689242992 0.49854663353771034 0.4988331107299383 0.5056388941914507 0.4989980040292237 0.49652950612152374 
1.2702983191511378E-4 0.9998214926692388 0.9363228442257677 0.4976811192333194 0.5002152280845508 0.49806772210271105 0.501480453355913 0.5002913915926464 0.4989924482601892 0.5016520024182322 0.4998607259967942 0.4983480928191427 
0.21309691767187777 0.49866960172907204 0.9356322415475413 0.4976811912789282 0.5064257248657508 0.497897611116856 0.5081280533902532 0.4850784094406067 0.5081940769340316 0.4969377744771739 0.4986129752714277 0.498331512392235 
0.47155884233657547 0.20083053814870722 0.8523267223764099 0.49772047252552043 0.5063447500045243 0.4981463526749792 0.49780669936634303 0.4997960075065865 0.4988795736979222 0.502354789261 0.49995563890644723 0.4937880163560381 
0.9998874296160876 0.012896258225538415 0.996748998041172 0.49755508209481925 0.500284554661677 0.49842397066865535 0.4989160658210311 0.500277872984978 0.4987707991250248 0.501665608989389 0.49969798007489996 0.4986209321101201 
1.2466369145181885E-4 0.999815265315911 0.9535909205162703 0.49768109225092394 0.5002275178838315 0.49806772210271105 0.5014807838920374 0.49978863303726917 0.49952606349936735 0.5016267934389539 0.4998545910363521 0.4983344000396855 
0.46786830605241225 0.720177823018446 0.9773594148762685 0.5122185033466797 0.4987312243184907 0.5024430456645799 0.49569965624723533 0.4982321607820894 0.4995180361029604 0.5027387918048987 0.5017081673719747 0.50021917185613 
0.9998874296160876 0.012896258225538415 0.996748998041172 0.4998646845901173 0.5003396979816388 0.49842397066865535 0.4989160658210311 0.5002795666695872 0.49887932110797667 0.501665608989389 0.4996980662793278 0.4986209321101201 
1.2437031965423576E-4 0.9999976467417241 0.0015821031952295006 0.4976809977885655 0.4999438691816755 0.5023440509605996 0.501280033716794 0.49983374131542585 0.4989727676106262 0.501597832089086 0.49965032574878315 0.5002781026069382 
0.9998874296160876 0.6517738182087583 0.6984909283054191 0.49755449971460974 0.500284554661677 0.4984092212682166 0.49880876661851176 0.5002719813757247 0.49877177985576115 0.5016656732026709 0.49971005645837335 0.49862135616379066 
0.500100055491067 0.9999789799003587 0.05346557512531306 0.4979728122520975 0.5004416306985814 0.5018596539994694 0.4986455806167197 0.49992598322602805 0.4988798256318934 0.5017296763502999 0.4990876712584331 0.49583859645101447 
5.9395922951826466E-5 0.4991952336358961 0.9999418194985271 0.49768580702123466 0.4938063528793176 0.5052608934502263 0.5015595636789878 0.49857411370756244 0.49885061406037934 0.5034409572463221 0.5016410147749781 0.49745297162695373 
5.943726519978874E-5 7.644449804689024E-5 0.9999534332708053 0.49768036577621005 0.49956899978143904 0.49812717472835755 0.5013879503568058 0.4997518457890788 0.4988544497945083 0.5016266191092341 0.4998312158978414 0.4983560031573082 
5.943726519978874E-5 6.147792954043843E-5 0.9999957175456958 0.49760847103034966 0.5002298478901226 0.49809449731865535 0.5013883457376825 0.49857669254734416 0.4988327140555677 0.5015473415635272 0.4997063020759631 0.4986360479429893 
0.4990563891016647 6.128812764749393E-5 0.9999948587262856 0.49761333923128226 0.500236869011642 0.49814030958283523 0.4980059689242992 0.49854663353771034 0.4988331107299383 0.5056388941914507 0.4989980040292237 0.49652950612152374 
1.2466369145181885E-4 0.999815265315911 0.9535909205162703 0.49768109225092394 0.5002275178838315 0.49806772210271105 0.5014807838920374 0.49978863303726917 0.49952606349936735 0.5016267934389539 0.4998545910363521 0.4983344000396855 
0.40333555550738653 0.5134102761925349 0.998322752200101 0.4978349702321136 0.5001906102006886 0.508859236677339 0.49871790752583905 0.4970034124151102 0.50862540654777 0.5070659522761788 0.5026518642561455 0.49836086408185604 
0.9998874296160876 0.012896258225538415 0.996748998041172 0.49755508209481925 0.500284554661677 0.49842397066865535 0.4989160658210311 0.500277872984978 0.4987707991250248 0.501665608989389 0.49969798007489996 0.4986209321101201 
1.2466369145181885E-4 0.999815265315911 0.9535909205162703 0.49768109225092394 0.5002275178838315 0.49806772210271105 0.5014807838920374 0.49978863303726917 0.49952606349936735 0.5016520024182322 0.4998607259967942 0.4983344000396855 
0.9998874296160876 0.016457433197931762 0.6929578122353043 0.497721138956054 0.5003392135616404 0.49840925442446277 0.4989152662204122 0.4997960510913528 0.49887754787048033 0.5017026318288071 0.49969239516826286 0.49845725989388984 
0.500100055491067 0.9999789799003587 0.05346557512531306 0.4979728122520975 0.5004416306985814 0.5018596539994694 0.4986455806167197 0.49992598322602805 0.4988798256318934 0.5017296763502999 0.4990876712584331 0.49583859645101447 
5.9369445485051334E-5 0.4991952336358961 0.9999952441471541 0.49768580702123466 0.4996391564534494 0.4981575468138514 0.49361685699091296 0.5000579939862864 0.49886560456148316 0.5034409572463221 0.4996404709849198 0.4974679945531882 
5.9161880763836455E-5 3.075841209578902E-5 0.9999957175456958 0.500921518507331 0.49961484287602026 0.5012276379258783 0.5013883457376825 0.498544078783418 0.4988581417120668 0.5015520248901498 0.4996930614587026 0.4974703220106887 
0.4990563891016647 6.128812764749393E-5 0.9999948587262856 0.49761333923128226 0.500236869011642 0.49814030958283523 0.4980059689242992 0.49854663353771034 0.4988331107299383 0.5056388941914507 0.4989980040292237 0.49652950612152374 
1.2603522007750617E-4 0.9998216701221269 0.9363228442257677 0.49768109225092394 0.5002275177489539 0.49806772210271105 0.5014807838920374 0.5002834835121885 0.498992713988141 0.5016269676472548 0.4998607119844369 0.49834673027813686 
0.9998874296160876 0.012896258225538415 0.996748998041172 0.49755508209481925 0.500284554661677 0.49842397066865535 0.4989160658210311 0.500277872984978 0.4987707991250248 0.501665608989389 0.49969798007489996 0.4986209321101201 
0.5001646385534395 0.9998826128762236 0.9999921581425485 0.5123245890499684 0.5002987618412721 0.4972677869747391 0.5082661533618527 0.49862100168219076 0.49850176312359845 0.5075862874102136 0.49206266197312337 0.4962899069659908 
5.9369445485051334E-5 0.4991952336358961 0.9999952441471541 0.49768580702123466 0.4996391564534494 0.4981575468138514 0.49361685699091296 0.5000579939862864 0.49886560456148316 0.5034409572463221 0.4996404709849198 0.4974679945531882 
0.4990563891016647 6.128812764749393E-5 0.9999948587262856 0.49761333923128226 0.500236869011642 0.49814030958283523 0.4980059689242992 0.49854663353771034 0.4988331107299383 0.5056388941914507 0.4989980040292237 0.49652950612152374 
0.5001646385534395 0.9996390971333917 0.9958972631719235 0.5128604803447506 0.5003104902278057 0.4972341858466453 0.5012789471836112 0.49856825315143455 0.49885590262158597 0.501616492488698 0.49878145617878916 0.49630532940867816 
0.41385640541832847 0.4585389745049194 0.9999948982464559 0.4974299220697427 0.5002780981429886 0.4981428026273194 0.5015903807667904 0.4986105307969881 0.552511048938731 0.30588115031537455 0.5026519679770413 0.4962897973376106 
