0.041507143233004445 1.0 0.4986204947017461 0.4996132474022259 0.4993909038296664 0.5003651871449792 0.5021768432094952 0.49865856895845273 0.49846349012404456 0.4972675596567916 0.5011281300212738 0.4993057261021646 
0.0 0.6063086953702757 0.5001208447814629 0.49989162525971964 0.4997182533480744 0.5003932738575447 0.5003992250544311 0.49961161755009686 0.4998056719138598 0.4993670842388735 0.5007265330009376 0.5000934434924389 
0.3690833119617539 0.0 0.5000693584720273 0.4999133653556113 0.49940638288058065 0.5004622358026887 0.49963286684024927 0.500232994220039 0.49971271067638473 0.5006672273894227 0.49999553551364967 0.4998421750626623 
0.11542751537919443 0.46844810975143114 0.5000496859129737 0.5001035316229837 0.4998648854481045 0.49996456081509805 0.4998554499244898 0.5000201265716961 0.5002049831684968 0.500220430408789 0.5004290087813846 0.5001132890674747 
0.0 0.0 0.5001692993398107 0.5001181955519665 0.5002891340425915 0.4999603427514187 0.500136934767895 0.5003980533927568 0.5003873779591322 0.49983846985640945 0.5000626951084243 0.5001534871501578 
1.0 0.9510867083051789 8.589054273813179E-4 0.10231694835699551 0.49671464402295745 0.4978735650209153 0.4992113108483985 0.49954507104695844 0.49816924446496036 0.5043510114442347 0.29817193752186943 0.5004728427698699 
1.0 0.7576620864481896 9.217975240592979E-4 0.10218704925535527 0.49855398417021174 0.4979972226165258 0.49895006385813495 0.4996015273503682 0.49856654103080134 0.5045005922553292 0.29764402808391444 0.5005889263100679 
0.04418037027321772 0.9592523072015565 0.5014923520537955 0.49974141965338825 0.49973388096152366 0.5005874921153599 0.5002730393503608 0.4997278498535179 0.5002528117392671 0.49946622850530825 0.5003877998343231 0.50014549468129 
0.02326164540914199 0.9791772550514546 0.499483079339695 0.49940841175290557 0.4994233072242472 0.5005005371860791 0.5012746679431205 0.49853912465355465 0.49901417229203143 0.4984357131825961 0.5008767216845267 0.49979271408047937 
0.0 0.0 0.4996610940102332 0.4993167798960363 0.5001745646470657 0.5005211662226083 0.5001691718736909 0.5001245518073744 0.5001418750196385 0.49916706213835643 0.5000347254736353 0.4996594021612244 
0.052108459358912555 0.5224532737744946 0.4998335223006104 0.49994493011234786 0.4999019663438169 0.5002503648540392 0.49999563235554423 0.4999170403708618 0.500309652238964 0.49987256560805776 0.5005529632715437 0.4999945815181876 
0.035280399118445965 0.9397389841907753 0.5002527529268282 0.5000069695424307 0.5004481158929115 0.500172464103066 0.5005353497943714 0.4991097762816348 0.4981158276674172 0.5001879861254479 0.5007315884162229 0.4996954114501764 
0.23551033114351444 0.4562847198750968 0.4994750673846696 0.5000109187069159 0.4996510612423364 0.4998705602081712 0.4998466042965288 0.5000680750877682 0.5003094281022527 0.5003080028288216 0.5006398705763023 0.4998878424617873 
0.09110306246106699 0.7876781767771105 0.49990949392996437 0.49991568447873447 0.49971182589593166 0.4999893889084525 0.5001965861551353 0.49968656332373906 0.49992137080706733 0.49991811864551916 0.5008513387004667 0.5001687563644741 
0.14915561930134288 0.7786805501666956 0.4993678494313458 0.4999016426679173 0.4996633687558065 0.5001889689219133 0.5008313954390696 0.4998550069313981 0.4994291093439304 0.4991897574790234 0.5005409914894638 0.49956839959089283 
0.3910286818086941 0.027391315705126422 0.4997567877702102 0.49977800733036404 0.4992981184014595 0.5004619310439669 0.49984433249579285 0.5000763154269015 0.4999592497390629 0.5004344087224794 0.5001646109544141 0.4999222383229875 
0.10427699922872377 0.15796258106246328 0.4996662035348464 0.49987011249676894 0.4999625210147616 0.5000755160771715 0.49993173089623144 0.5001545300878809 0.5000914472101179 0.4997334162156325 0.5002900307510263 0.4996742106864882 
0.1123253946030518 0.494911791312845 0.5001367530934349 0.4997739381611137 0.49981539076951426 0.5007320003833091 0.4999551583095408 0.5000783159378203 0.500283443594828 0.4995582320441907 0.4998104329436666 0.4999462405169772 
0.4764594672512656 0.0 0.4996136481236665 0.49982266059148917 0.4994657764449555 0.5002694448843737 0.4999222667116227 0.5003980002128775 0.5000708356928139 0.5006970457510215 0.5000906609033106 0.499898355069122 
0.0 0.004566554657580407 0.5000325018566061 0.4999207089785127 0.49981731162951554 0.5002778653527864 0.499772841692653 0.5002052134738068 0.49923066187775905 0.500098284103853 0.49988698484109345 0.5002145054401937 
0.0 0.9525024216874929 0.4999403687625299 0.49953859647345655 0.4993925248855177 0.5009535827638798 0.5005167911498927 0.4991627590436185 0.4988126633188197 0.49952140584137983 0.5004097842792765 0.4994657351108283 
0.0 1.0 0.499033344042362 0.0 0.0 1.0 0.5978385681307161 0.0 0.5000827998488627 0.0 1.0 0.4995631143736652 
0.0 0.0 0.49925413341516756 0.4994185193380891 0.4998199799699351 0.5004660606165754 0.5001899558278529 0.5001792865967869 0.4995767901380252 0.4996589426595981 0.5002486327468959 0.49974711747026646 
0.0 0.0 0.4999400808437271 0.4994179090995594 0.5001643639298894 0.5004838340748058 0.49991539059102275 0.5002179558778101 0.5001352810906892 0.499406381750906 0.4998928568234914 0.4996584370246684 
0.31487326835047624 0.6004061026582324 0.49926851655399956 0.5001356355396884 0.49981699443152106 0.4995989484549395 0.5006084247900352 0.5000768064221375 0.5000754874425952 0.5000295437080585 0.5007747742986843 0.4998588081607944 
0.20472628124117287 0.29733194354110726 0.4997111430915732 0.49975943043996274 0.49981579134005694 0.5002261870952465 0.49993673358192553 0.5000701933615092 0.4999484202010022 0.49985627395552523 0.500252015908449 0.49963985313232695 
0.12573307028142383 0.7774765356141198 0.5008331677191998 0.4996360254869153 0.49967894570279703 0.5006121766313322 0.4994938134390545 0.4997323079684475 0.499994425328534 0.49969821641707707 0.5000931832259907 0.500030566150183 
0.052108459358912555 0.5224532737744946 0.4998335223006104 0.49994493011234786 0.4999019663438169 0.5002503648540392 0.49999563235554423 0.4999170403708618 0.500309652238964 0.49987256560805776 0.5005529632715437 0.4999945815181876 
0.0 0.0 0.4999400808437271 0.4994179090995594 0.5001643639298894 0.5004838340748058 0.49991539059102275 0.5002179558778101 0.5001352810906892 0.499406381750906 0.4998928568234914 0.4996584370246684 
0.5723770841771806 0.13072824140914485 0.499396740299935 0.4996608121671113 0.49956295522960753 0.5000191375226563 0.5004299380658499 0.5005151572143254 0.5000501185130584 0.5004694351529997 0.5003653518276203 0.49978344843174694 
0.04816259581314772 0.9592523072015565 0.5017109681868602 0.499942843976832 0.4999207963568575 0.5004160345159022 0.5021862617731983 0.4998458306760407 0.5001313070168871 0.49963753512822057 0.5003076365161336 0.5001343069597978 
0.021038762484326776 0.1132238720415952 0.49991619562150325 0.4999092046806948 0.5000377128698831 0.4999853075789681 0.5002860668244778 0.5001385054933489 0.500060818735004 0.4999464570602606 0.5002048983695977 0.5001398818635572 
0.2488230466051375 0.8728497493713677 0.5003152086895748 0.49967313864442775 0.49970751599183494 0.4998656624345973 0.4999183469769334 0.499856940985838 0.500248591784477 0.5005320187710217 0.5006388173587151 0.5000805410765288 
0.009460375902221312 0.3271131140875788 0.499772664399578 0.5000766103227069 0.4999808957208125 0.5002317805754461 0.49987121304427673 0.4999767931024536 0.5001004299448644 0.4999988837437508 0.5002780924771985 0.5003424532045146 
0.5839016357985589 0.18652085151986497 0.49977748325743276 0.49977235991422203 0.4994544222687829 0.5003070007685699 0.5000789819706299 0.5003830116413611 0.5002669057392809 0.5006426888887638 0.5004052984925489 0.49966262268109707 
0.6224886313222016 0.12379063479833768 0.4995891412855755 0.4997336183263277 0.4995341805771413 0.5001522640527112 0.5001465109426924 0.5004941027108416 0.5001553649954313 0.5006035078975067 0.5002589998847269 0.49977069108154104 
1.0 0.9510867083051789 8.589054273813179E-4 0.10231694835699551 0.49671464402295745 0.4978735650209153 0.4992113108483985 0.49954507104695844 0.49816924446496036 0.5043510114442347 0.29817193752186943 0.5004728427698699 
0.08417103309426237 0.990269858551583 0.49882438836737025 0.4997044039321362 0.49937579124416964 0.5001929273512926 0.5013780970025076 0.49828881809025793 0.49915308631501626 0.49846619504335715 0.501135743518625 0.49964425202666607 
1.0 0.7576620864481896 9.217975240592979E-4 0.10218704925535527 0.49855398417021174 0.4979972226165258 0.49895006385813495 0.4996015273503682 0.49856654103080134 0.5045005922553292 0.29764402808391444 0.5005889263100679 
1.0 0.8927570242567372 0.0011205650972296588 0.10241338235885894 0.49687183542842606 0.49774633991374906 0.4991391092031741 0.49961482574116495 0.4981835246987355 0.5044704476611044 0.2982029743001293 0.500760463576726 
0.06054901984302509 0.8420774638828417 0.49952356734494985 0.49960897137446014 0.4993869803062788 0.5006782298043799 0.5008469066830425 0.4993441900449854 0.4990217674833149 0.4992549979126787 0.5005567371783479 0.4994344580633254 
0.2631853354186433 0.6765095835429974 0.5000020609022566 0.4994712494890585 0.49957103110151346 0.5002927817449845 0.5001454511927925 0.4997717467172432 0.4999186554871608 0.5000381596439348 0.5004836068634706 0.4999824627191986 
0.2648695796620602 0.009820324789029937 0.5000006641566801 0.49979450328861585 0.49995261914046774 0.5004037435990258 0.49964989865342246 0.5003543568736316 0.49984784565596657 0.50019681663408 0.49985244206825896 0.4998737144218519 
0.1703744009566368 0.9541321503091655 0.5004290303893534 0.4996160952458544 0.49967570204892864 0.5004468569463034 0.5002811295893417 0.4997689353842314 0.5003352254879859 0.49957653687121517 0.5004579487698325 0.5000664253098273 
0.0 0.836539679131474 0.5006404600851517 0.49969023075410784 0.4995186511535507 0.5008119338895414 0.4992647838524449 0.49947862820774463 0.4999241249188454 0.5000615196423898 0.5000812392269147 0.49994737051468413 
0.2636311371420462 0.6749784689981985 0.49881690490269864 0.49983614612484367 0.4997282423533902 0.5000548876227836 0.5002146162641746 0.49988357478892687 0.5001006671148354 0.5000738498207903 0.5007093674932968 0.5002434985825275 
0.0 0.0 0.49925413341516756 0.4994185193380891 0.4998199799699351 0.5004660606165754 0.5001899558278529 0.5001792865967869 0.4995767901380252 0.4996589426595981 0.5002486327468959 0.49974711747026646 
0.05073890822764837 0.19886015011897926 0.4998798665311241 0.5000289846205503 0.5001575267322317 0.5001897148465984 0.5001004760213398 0.5003897751598594 0.499890819347388 0.4996667504130052 0.5000760648984857 0.4999104443827161 
0.09655551341843702 0.9414766314600526 0.49927390859499154 0.49958450856271297 0.4995455841130141 0.5001673514046242 0.5011063766250089 0.49915355515815485 0.4996005448664449 0.49912391551548163 0.5009914878490515 0.5012133181159272 
0.09950669546897471 0.05372961629269861 0.5002142879835761 0.5001298451822531 0.5000359391961373 0.5000111195501868 0.49989422052909654 0.500204121904509 0.5004286239888105 0.49977875087248647 0.5000457248058601 0.49997355248451425 
1.0 1.0 8.397930532843545E-4 0.10221264842278738 0.49642579589504576 0.4979119807842959 0.5019881846439187 0.49942523598569666 0.49820729933757757 0.5046095129394534 0.2983171424747177 0.5004449570200893 
0.0 0.0 0.4996544357168723 0.49941953472822653 0.5003680878507493 0.5003378057972152 0.5008635115726126 0.5003829881593331 0.4993117778997702 0.49957625994913746 0.5007796128088791 0.500087191253962 
0.0841967712695263 1.0 0.49828601170224396 0.49978526781075105 0.4993270493568178 0.5000643272563011 0.5016977523456531 0.49841111904346624 0.4993863483987535 0.4979492983976661 0.5014341211416771 0.4998190994494469 
1.0 0.8283304130324792 0.001067328540989676 0.10227899970434631 0.4969229296108154 0.4979272248846965 0.49897748557879196 0.4997420237332115 0.49840739605995804 0.5043821593295628 0.2977613777767608 0.5003805215409232 
1.0 1.0 7.190404533789219E-4 0.10212349164240148 0.49635778943310194 0.4980356821936941 0.5020846561862491 0.49939823494169117 0.4983407771844907 0.5043354363043694 0.29831184152626106 0.500260997359908 
0.024925068137907368 0.971075859861843 0.5016128187327102 0.49979268436079133 0.4997285510117465 0.5007129319104631 0.5008150766342585 0.4996032809958354 0.5000904603988432 0.4997341264871969 0.500162928936846 0.5001337307516851 
0.0028097759386053744 1.0 0.5013528159404662 0.4994816498918956 0.4992809386864998 0.5010452155966412 0.4992339840683074 0.4991698039509557 0.49996385580749503 0.5000010126223808 0.5001005972839 0.4999943010897703 
0.0 0.41359308173845055 0.4999408860029181 0.4996591541633475 0.4999986152200495 0.500464639157054 0.49992504969764245 0.5000300148822837 0.5000284077908759 0.5002962301173981 0.5001110635227288 0.5003514284928845 
0.014403078848237098 0.3522938004226285 0.500022467716633 0.5000820935049796 0.4999138400737988 0.5001817402216399 0.49958073307562756 0.5001636132425731 0.49940336861996293 0.5001176444647357 0.5002007505149452 0.5000941451494164 
0.20018378265895026 0.11368393459359455 0.4999192727959776 0.5000109432258026 0.49981950652854634 0.5000900590803741 0.4999572551906495 0.5002181868097468 0.500166904232216 0.49995121943520515 0.5002360965446511 0.4998956262479679 
0.0 0.0368955700263629 0.5000202894751737 0.49985338615216224 0.500116196698035 0.49999552871824793 0.5001153529545036 0.5002788955835541 0.5002359766114244 0.4997413064986612 0.5000250716924337 0.4999465784250697 
0.11500493741247546 0.006487616011830871 0.5002730979614065 0.4996934337670615 0.5001900184522843 0.4999614897433001 0.49983664560228386 0.5002946931309342 0.49931965767324027 0.4999766427209682 0.5001323372948947 0.49985634628484354 
0.0 0.5100262559593335 0.49986062288313077 0.49974211554364023 0.5002527308543862 0.5003553370410772 0.49998953719778605 0.4998596971821977 0.500082058740608 0.49990057556010836 0.5002265451180884 0.5004575736633906 
0.10073546412941527 0.4988107142106194 0.49983834865912774 0.4999099175770299 0.49974979057546576 0.5001233565653811 0.5003511857277168 0.49996773335063993 0.49975784859214295 0.49953961905536615 0.5003809067003443 0.4999280050504031 
0.10226800371730659 3.808364972508471E-4 0.49956109185196174 0.4998164675355557 0.4999519119625823 0.5004204786968447 0.49965337765336715 0.5002632634972702 0.5003143042113762 0.49951035476323713 0.4999045221198019 0.4997627342296659 
0.23551033114351444 0.4562847198750968 0.4994750673846696 0.5000109187069159 0.4996510612423364 0.4998705602081712 0.4998466042965288 0.5000680750877682 0.5003094281022527 0.5003080028288216 0.5006398705763023 0.4998878424617873 
0.04592299354337999 0.4796506428513374 0.50061900330523 0.4997981988300478 0.49987733892722563 0.5003169506296985 0.4995066988644903 0.5000935856768495 0.4999487142648628 0.5004053417937155 0.5003398796261945 0.49987997047716676 
0.21591130477600587 0.011827968058270875 0.5001470944762269 0.49967677338350514 0.4996971826268526 0.5002177744379441 0.4999388532996091 0.49985813283555836 0.49964124352843503 0.4999526661338264 0.5001675458198752 0.5000310175184045 
0.1404606974875966 0.9581550094534693 0.4991952114664372 0.5000500131699374 0.4997952863720737 0.49961477403661025 0.5006948093182076 0.4993827090249546 0.49857295597381956 0.5002764870151062 0.5012908570310324 0.49992209431656165 
0.07998155961586256 0.3637195002431633 0.4997342878322858 0.4997066483356167 0.49987099447093664 0.5003237484584033 0.4998181630312547 0.5001032464105969 0.5000544961647787 0.4998064338575006 0.49985900077226136 0.4999237820080864 
0.24372920998361014 1.0 0.49918731547823686 0.5000296320103297 0.4994863747484213 0.49990127777504206 0.5012941138836874 0.49977653708737424 0.5001210582976896 0.4987912455788026 0.5010202284353322 0.4995951737328732 
0.12397356845457938 0.7713354981517796 0.5008663442619676 0.4997097394793356 0.4996012630001362 0.5003225338618343 0.50013113190767 0.4998433329793296 0.49990179012943625 0.49964049943978395 0.5002353850435555 0.49982632188359744 
0.19358949253383897 0.5005674852509423 0.4993495160274046 0.4997628979778925 0.4998236372173981 0.5002383671491113 0.49990948168330485 0.49987333188280625 0.5000243146100238 0.5002015532737398 0.5004158598496189 0.5000762767508202 
0.012462534068953684 0.8220776090623955 0.5006774342955979 0.4997954309665711 0.49970558357698214 0.5005829917167703 0.5001329316230894 0.4996658797877303 0.5000304563658107 0.4999305986734781 0.5001898997581639 0.5000321355214508 
0.09242675810435652 0.5791738347929332 0.49961526920565086 0.49979269254222325 0.49966632091793745 0.5002060925806427 0.5002982238890963 0.49991593267381523 0.4996428034205337 0.49952547960699445 0.5002930763113749 0.49988350364965417 
0.0199797571443847 0.24525805378503643 0.49975491091849256 0.49991946620131633 0.5000274724483689 0.5001453479255553 0.5001577390922481 0.5000469741213768 0.5001331143339423 0.4999153285350189 0.500201038441481 0.5002737187566431 
0.04660757027740324 0.9871335645768445 0.5017851811435237 0.49975440191445397 0.5000926959158971 0.50068027686053 0.5025968596606962 0.4994797449376417 0.49991727177491607 0.49914866326394663 0.5001477738757698 0.5000946100154791 
0.16055065626715903 0.7897614127422632 0.49940707309681825 0.4996779936586634 0.49996035039367837 0.5006058569667352 0.4994353980381474 0.4995660608429241 0.49911115191582156 0.5002719581055923 0.5003603775020116 0.5003351891459098 
0.18481805382537564 0.7406800361041769 0.4996782662603739 0.4997532180977132 0.49981004543192564 0.49992242784329743 0.4999071616881775 0.4999430674892216 0.5002645266830618 0.5000919467081245 0.500580329807393 0.4999303209835018 
0.052108459358912555 0.22056526573624702 0.4997755828523105 0.49983635925380077 0.4999939466144665 0.5002366832862879 0.49991841934972014 0.5001434951091914 0.5001937946751976 0.4997498145437721 0.5000548986289434 0.49995572285940415 
0.07583432696208176 0.49143307328425545 0.49970538864762876 0.4998202581779702 0.49994130793211183 0.5003014737566874 0.5000027266977961 0.49990362217888995 0.49968252470674096 0.4999483878551366 0.5003505387377788 0.5001313288488631 
0.2401620318116503 0.42887558450555174 0.49971973368006206 0.49977883897103914 0.4997495358057122 0.5000729275567204 0.5004474908188611 0.5002297649706315 0.49994694975843473 0.49952810193479935 0.5002412428860801 0.49961961827172685 
0.21316679447781467 0.3272842613006389 0.4994799023210955 0.4997887976070766 0.5001361106217346 0.4999802643306765 0.5000212865575397 0.5004360502398452 0.4998375547096321 0.4997615276679817 0.5002470684923611 0.49958485583297785 
0.16839465602859816 0.31428693037630406 0.49996909590844757 0.49984543134605286 0.49970072447134667 0.5000310958052208 0.4996625435855922 0.5000365174194339 0.5002368531965997 0.4998527740641944 0.5003067361578456 0.49954504729027815 
0.1418842638945796 0.7056522080076473 0.5001614300066242 0.49999202039576507 0.49986770550176274 0.499836497974669 0.49987394196444723 0.4999767215992308 0.5003112552432765 0.5003812332207981 0.5005620234591659 0.5001282160243746 
0.09950669546897471 0.05372961629269861 0.5002142879835761 0.5001298451822531 0.5000359391961373 0.5000111195501868 0.49989422052909654 0.500204121904509 0.5004286239888105 0.49977875087248647 0.5000457248058601 0.49997355248451425 
0.07076428275995772 0.26877139237657705 0.5000094559156216 0.5000353971123749 0.4999320637691571 0.5002475681649003 0.49986810008359894 0.5000211830846759 0.4998719976320695 0.500434641060431 0.5001385113731263 0.5003894517768196 
0.04418037027321772 0.9592523072015565 0.5014923520537955 0.49974141965338825 0.49973388096152366 0.5005874921153599 0.5002730393503608 0.4997278498535179 0.5002528117392671 0.49946622850530825 0.5003877998343231 0.50014549468129 
0.0359050041647351 0.9346269390663082 0.4998409333189458 0.4999792044907454 0.499707369808268 0.5000416280862432 0.500655211919993 0.49962932262055193 0.49961446052237324 0.49949799004504225 0.500937631138199 0.500271951590048 
0.0 0.6717372861114033 0.5001256603533508 0.49981273845011187 0.4995424280397355 0.5005679708077494 0.4994036996655319 0.4995222238618298 0.5000347402379759 0.5001413991828163 0.5002986553074205 0.5000175264733296 
0.0 0.23525829302807044 0.5000781810131558 0.5001739445155726 0.49998280154519115 0.5001868196570766 0.4995626491817468 0.5000238782234815 0.5000679284762265 0.5001939084053872 0.5001724535349512 0.5002649753323047 
0.21600745059178986 0.8579285922171394 0.498876624843498 0.49985228757995753 0.49964576938043465 0.49999340878274284 0.501025582334549 0.49972886010725515 0.4997310842601581 0.49883307912879615 0.5009905333739246 0.49990295514789806 
0.23477265682839285 0.022288283677469843 0.4998678952146237 0.4997618859566608 0.49981759749268284 0.500230403683217 0.49974014164227387 0.5003523736712454 0.49969769730427693 0.5002067291125023 0.5000271632268558 0.49980393580009447 
0.6224886313222016 0.12379063479833768 0.4995891412855755 0.4997336183263277 0.4995341805771413 0.5001522640527112 0.5001465109426924 0.5004941027108416 0.5001553649954313 0.5006035078975067 0.5002589998847269 0.49977069108154104 
0.1471926923824337 0.6825964249526009 0.4998713756812268 0.49991484407487 0.5001136902157136 0.4998012750164599 0.5001100144550037 0.4998005668212212 0.5002226363982959 0.5002450070000934 0.5006285894581456 0.5002816983301235 
0.20472628124117287 0.29733194354110726 0.4997111430915732 0.49975943043996274 0.49981579134005694 0.5002261870952465 0.49993673358192553 0.5000701933615092 0.4999484202010022 0.49985627395552523 0.500252015908449 0.49963985313232695 
0.47509170992576477 0.04801335858951297 0.4996852857111519 0.49969491154697265 0.49935493284065513 0.5004400318835842 0.49985215663479665 0.5002848864546073 0.49979541902004776 0.5007776940381647 0.5001671408815107 0.4999026441802422 
0.15926304060245194 0.703512047586936 0.4998502833515635 0.4997292852340199 0.4995736989125611 0.4999936850797932 0.5003910970536805 0.4999514873123774 0.49973081612500947 0.4996434241260449 0.5003607448815623 0.4996933988172457 
0.4764594672512656 0.0 0.4996136481236665 0.49982266059148917 0.4994657764449555 0.5002694448843737 0.4999222667116227 0.5003980002128775 0.5000708356928139 0.5006970457510215 0.5000906609033106 0.499898355069122 
0.23477265682839285 0.022288283677469843 0.4998678952146237 0.4997618859566608 0.49981759749268284 0.500230403683217 0.49974014164227387 0.5003523736712454 0.49969769730427693 0.5002067291125023 0.5000271632268558 0.49980393580009447 
0.5661105872746531 0.04554393402008815 0.49971712360482523 0.4996743066713462 0.499444275068089 0.5002044906460765 0.5000484511182206 0.5005082845226809 0.5005419846163954 0.5007689132416199 0.5003273185675912 0.4996663738301671 
0.1664240408653939 0.5783544678847179 0.5003598991007393 0.500013410371456 0.5000484901318869 0.5000245600717506 0.5002265505889998 0.499788524361398 0.5000325543353038 0.50022361819747 0.5005023493942646 0.5002721983724292 
0.2326582244752804 0.5627808199187043 0.5000685090183508 0.5003236259016134 0.5001332774497311 0.49949753305110156 0.500404927257898 0.49996914424957817 0.49979216678524 0.5005441024427062 0.5007900685834199 0.5001880835780232 
0.21600745059178986 0.8579285922171394 0.498876624843498 0.49985228757995753 0.49964576938043465 0.49999340878274284 0.501025582334549 0.49972886010725515 0.4997310842601581 0.49883307912879615 0.5009905333739246 0.49990295514789806 
0.0968180231828894 0.9666547026803101 0.4999560548645242 0.49951225349938 0.4995495046365879 0.5004736970661913 0.500777898766231 0.499154030018893 0.4996746988900087 0.49900612502690567 0.5006673352271795 0.49992956969515334 
0.18903872777790887 0.4769554875180452 0.5000874108568576 0.4999642550073524 0.49981375874175327 0.5007509332128912 0.49925335704268464 0.4996264540204936 0.5004636911088786 0.49986592709208055 0.5001194710423884 0.500113450034948 
0.03670714078163695 0.06336741231972429 0.49989732906097567 0.4999606084811846 0.5001534901236175 0.5000799837596643 0.5001534762109536 0.5002487374422745 0.5002660832642107 0.49972313558906 0.5001463501912354 0.4999921610796412 
0.11356963544675337 0.9896008429301757 0.4993798246249441 0.5001179976539704 0.49984570226325375 0.4999229833814643 0.501248476677294 0.4996384810489817 0.4985037522961332 0.49910162562991955 0.5011447956894572 0.4996436976075128 
0.06446356331120828 0.5366497608577601 0.5000563690708048 0.4998340116279041 0.4996389264695873 0.5005983120695738 0.4996312762877569 0.4996754863251563 0.5001227402404406 0.49997121500001135 0.5002184571079851 0.5000214659383576 
0.028518541751255285 0.12766500445660017 0.5000265189096736 0.5000387094930454 0.5002035714732063 0.4998777043147892 0.5001864713542276 0.5002500522556524 0.5004542323854716 0.49977801354102297 0.5000727741274129 0.5001471117098011 
0.08709082124714942 0.9644154416021116 0.4990495715873436 0.4997158303333611 0.49937394808875557 0.5001447130896084 0.5012575520419081 0.4985157238881676 0.49982404193933383 0.49815508417659193 0.5009656232038716 0.49976727040681956 
0.07977491187846847 0.8629144912064309 0.501584678038345 0.49946238315686375 0.4996458596611739 0.5008297325760006 0.4993605500867248 0.4995871941372977 0.5001901255382583 0.5002102907583168 0.49994395125135627 0.5001528224824839 
0.0 0.0 0.5001692993398107 0.5001181955519665 0.5002891340425915 0.4999603427514187 0.500136934767895 0.5003980533927568 0.5003873779591322 0.49983846985640945 0.5000626951084243 0.5001534871501578 
0.09967794192458351 0.7728772407380042 0.5007172136947782 0.4998060778877642 0.4999116816741459 0.5005257225425087 0.5003283370909528 0.5000557708230071 0.4985719335337705 0.4998973478581708 0.49990621339118096 0.49901122865765934 
0.03538214137997886 0.03098742575367589 0.4996010795719156 0.49963822126359364 0.4999436365929035 0.5003871908863398 0.49989250492538656 0.500186302165373 0.49983711250963603 0.49970810455151327 0.500077744513933 0.49978978977985267 
0.36372219411588314 0.1492906400722151 0.49958768733630315 0.49979100958208 0.49953757675801136 0.5002464039475685 0.4999208421521634 0.5001278972413705 0.5000158573818134 0.5001843327364095 0.5003270495539397 0.4998014217595448 
0.37432358754767836 0.045988206004475965 0.4998132350631128 0.4997379277571641 0.49928919033594027 0.5004686965847545 0.4998266655830368 0.5000780301516272 0.49989226161806904 0.5004407403856419 0.500113832431287 0.5000025909070527 
0.07076428275995772 0.06197485150735178 0.5000090533360262 0.49991477458048084 0.500014938124077 0.5002571656237762 0.4998632705302891 0.5001151535824391 0.49992543428197617 0.4999897168771849 0.5000294080235075 0.5000429560427115 
0.0038658532884988245 1.0 0.4996220960084566 0.5001178819864219 0.499789581618321 0.4997967287881663 0.500496472418793 0.49956571141498296 0.49956975805863724 0.49956394770416834 0.5007589776258307 0.49991310793757326 
0.0 0.6703952139598586 0.5005092708482162 0.4998272993278729 0.49940223993725313 0.5006828900924212 0.49935661271914367 0.4993159691440344 0.5000990281431736 0.5001557275058732 0.5003804400353592 0.5001045126554429 
0.4391197171484843 0.0 0.4996278646426108 0.49971684206017175 0.49948647651214634 0.5003657903311953 0.4999051010347073 0.5002878042025903 0.4997723018502013 0.50072453767437 0.5001083662102329 0.49999967034968695 
0.09655551341843702 0.9414766314600526 0.49927390859499154 0.49958450856271297 0.4995455841130141 0.5001673514046242 0.5011063766250089 0.49915355515815485 0.4996005448664449 0.49912391551548163 0.5009914878490515 0.5012133181159272 
0.03538214137997886 0.03098742575367589 0.4996010795719156 0.49963822126359364 0.4999436365929035 0.5003871908863398 0.49989250492538656 0.500186302165373 0.49983711250963603 0.49970810455151327 0.500077744513933 0.49978978977985267 
0.11542751537919443 0.5166646968618727 0.50000955435308 0.5001450123131301 0.4999919432652728 0.49990990975710964 0.49988769367456165 0.49993496772165313 0.5002318086433628 0.5000226031301442 0.5004867495790644 0.5001663616527277 
0.0241481969546051 0.3347833573455862 0.49985017781382224 0.49989476070379885 0.5000990209145353 0.5000263782195784 0.5005377959199331 0.4999430865833486 0.50042659381776 0.4998978556784103 0.5005662020151874 0.5003037356752505 
0.13671551188503023 0.9226890297013394 0.4997373885905214 0.49994611460800586 0.4998115523959201 0.5003301489033996 0.5008975109567355 0.4997422992779974 0.4985894598905647 0.49942730881431946 0.5004695397848034 0.49947924202072164 
0.0 0.09141405150882004 0.5002592348791681 0.5001315888826631 0.5001264577898048 0.5002782669293745 0.499326065514311 0.5002290661902942 0.5001049820555652 0.5002569162482051 0.5001368125496679 0.5000260675953009 
0.11536672648830418 0.9407021233804687 0.49953975774620574 0.49998518361234967 0.49979772992298466 0.49998428214094126 0.5008018947395944 0.49909895744765287 0.49868318490078267 0.4997658551497023 0.5011175993147109 0.4999530756027312 
0.19770147526747311 1.0 0.5002858735898595 0.4996740478249391 0.49945280800805447 0.5002263415355319 0.5012752491410085 0.49876204015785613 0.4998644690567889 0.4992496746759428 0.5011988154813936 0.4996347872255579 
0.446696527812624 0.0 0.49984867448811987 0.49965687007145737 0.4991077177795938 0.5005369723101767 0.4998254541943394 0.5001773260798452 0.5001475340873291 0.500787800256828 0.5001456200537648 0.4998558980993514 
0.14152856551991544 3.808364972508471E-4 0.49995354347473075 0.49987116393174486 0.4999616567434201 0.500494366817941 0.4997782257060851 0.5000238194653738 0.49987965426504044 0.5000643335139557 0.4998365683069439 0.49999556423182434 
0.08250793158432865 0.5839611362432474 0.4997068568649692 0.5001438598608572 0.499933074706687 0.5002375860789299 0.49972910009505644 0.5000527098472805 0.500354117230204 0.49985196525105857 0.5003392463826872 0.49997252559071015 
0.47509170992576477 0.04801335858951297 0.4996852857111519 0.49969491154697265 0.49935493284065513 0.5004400318835842 0.49985215663479665 0.5002848864546073 0.49979541902004776 0.5007776940381647 0.5001671408815107 0.4999026441802422 
0.00444490870709181 0.1915873569377105 0.49982521730308893 0.49995588891476334 0.5000493555760772 0.5000196600718954 0.500341562829627 0.5000444793134555 0.5000666263638454 0.5000136497932631 0.5002760383118081 0.5003657982587195 
0.11106334419587878 1.0 0.4988937300138022 0.4997634666345564 0.4993838915822723 0.5001201365417436 0.5012974414862907 0.49868944388106184 0.499774210777346 0.49862963580206576 0.5012614939056184 0.4997891832981437 
0.08834396687258672 0.9592158630671994 0.49929261889291454 0.49989309584306807 0.49960485342924627 0.5000461365094687 0.5012330696374098 0.49899024247212753 0.4991888126987274 0.49839107909051883 0.500907274095791 0.4996945275615041 
0.020754020280180085 0.4703244369020001 0.5000870504977687 0.5004059194080047 0.4996311139818745 0.5001313016023688 0.4989505603767873 0.5000320320784444 0.4995423383356452 0.5003815914090488 0.4997972620428982 0.5001099028649982 
0.0 0.0 0.49931516102253015 0.4994753707294718 0.4997676248781403 0.5004149050842476 0.5004581723352217 0.500101122445267 0.49940478953875445 0.4998913930933545 0.5003711844894331 0.4999576114235391 
0.0 0.0 0.49975572575512184 0.49981375706659825 0.5002765788406083 0.5002180483624385 0.5007826697876169 0.5003314206784675 0.4991528295705294 0.49988745381144256 0.500946757261415 0.5002099748603785 
0.11500493741247546 0.006487616011830871 0.5002730979614065 0.4996934337670615 0.5001900184522843 0.4999614897433001 0.49983664560228386 0.5002946931309342 0.49931965767324027 0.4999766427209682 0.5001323372948947 0.49985634628484354 
0.041507143233004445 1.0 0.4986204947017461 0.4996132474022259 0.4993909038296664 0.5003651871449792 0.5021768432094952 0.49865856895845273 0.49846349012404456 0.4972675596567916 0.5011281300212738 0.4993057261021646 
0.41601796989653794 0.07340549114997852 0.49961530431264767 0.49981031779156504 0.4992961740559359 0.5003971577561092 0.4997412026079754 0.5003705128343244 0.4999446806340382 0.5005616501986861 0.5000833372611113 0.49968817672868954 
0.0841967712695263 1.0 0.49828601170224396 0.49978526781075105 0.4993270493568178 0.5000643272563011 0.5016977523456531 0.49841111904346624 0.4993863483987535 0.4979492983976661 0.5014341211416771 0.4998190994494469 
0.0199797571443847 0.24525805378503643 0.49975491091849256 0.49991946620131633 0.5000274724483689 0.5001453479255553 0.5001577390922481 0.5000469741213768 0.5001331143339423 0.4999153285350189 0.500201038441481 0.5002737187566431 
0.0 1.0 0.49947057630849145 4.028486468873882E-4 3.7383079066767577E-4 0.9996570848010846 0.601665012976391 2.3596164504557926E-4 0.49983979040410287 3.426132458246023E-4 0.999839673363621 0.49954073893068074 
0.0 0.836539679131474 0.5006404600851517 0.49969023075410784 0.4995186511535507 0.5008119338895414 0.4992647838524449 0.49947862820774463 0.4999241249188454 0.5000615196423898 0.5000812392269147 0.49994737051468413 
0.053784622203232824 1.0 0.49959942811913494 0.4998008909299736 0.4995713568843803 0.5002890309050396 0.5008481550046537 0.49957532053254095 0.4998814162161995 0.4989498367748741 0.5009270292412857 0.4999040322696855 
0.05583479585207343 0.8560023138377525 0.5003026152047431 0.4998958594401197 0.4998772262931775 0.5003697727069925 0.5004924924441032 0.49975049777521896 0.49859636979342714 0.4996773410802875 0.5002185115769486 0.49938762684278837 
0.0 1.0 0.49847535377343843 5.767853848990812E-4 3.615523845710844E-4 0.9993141696021693 0.6014910200937496 2.891364962846199E-4 0.4999109792932873 0.0 0.999679346727242 0.4996554182776442 
0.021038762484326776 0.1132238720415952 0.49991619562150325 0.4999092046806948 0.5000377128698831 0.4999853075789681 0.5002860668244778 0.5001385054933489 0.500060818735004 0.4999464570602606 0.5002048983695977 0.5001398818635572 
0.26565830698988663 0.45956825138583174 0.49967476378451636 0.4998137995687389 0.49988677383225283 0.5000041420820063 0.500463239440847 0.5001221438191406 0.49993289432277854 0.49944327421627155 0.5003057607846715 0.499810431133908 
0.2648695796620602 0.009820324789029937 0.5000006641566801 0.49979450328861585 0.49995261914046774 0.5004037435990258 0.49964989865342246 0.5003543568736316 0.49984784565596657 0.50019681663408 0.49985244206825896 0.4998737144218519 
0.0 0.0 0.49981696800909575 0.49951081312536916 0.500218695224996 0.5005242494499585 0.4998615652573144 0.5002299104836205 0.5000834030339314 0.49927806727823 0.4998273276791446 0.4995885188339029 
0.1167121112488261 0.8052985883931709 0.5008306025456927 0.49967951837407876 0.49961867100407087 0.50032113212085 0.500163872742414 0.49982024145845355 0.4999583202333698 0.4997443413373449 0.5002818132860019 0.49989945939313485 
0.06446356331120828 0.5366497608577601 0.5000563690708048 0.4998340116279041 0.4996389264695873 0.5005983120695738 0.4996312762877569 0.4996754863251563 0.5001227402404406 0.49997121500001135 0.5002184571079851 0.5000214659383576 
0.4391197171484843 0.0 0.4996278646426108 0.49971684206017175 0.49948647651214634 0.5003657903311953 0.4999051010347073 0.5002878042025903 0.4997723018502013 0.50072453767437 0.5001083662102329 0.49999967034968695 
0.31111240122978406 0.02748947644801078 0.4998392597823046 0.4999762169532252 0.49964765068605155 0.5001388701750387 0.49989958562574893 0.5001948615128704 0.5002559592757175 0.5001455711948901 0.5002239040026453 0.49996827143563843 
0.0 0.5778070676133761 0.4997758700286473 0.5000703142443703 0.4999839736828581 0.5000500837388066 0.5000329043293876 0.4999683885119858 0.4993754064997829 0.4993902215240471 0.5004892694212535 0.499765028004327 
0.0 0.9525024216874929 0.4999403687625299 0.49953859647345655 0.4993925248855177 0.5009535827638798 0.5005167911498927 0.4991627590436185 0.4988126633188197 0.49952140584137983 0.5004097842792765 0.4994657351108283 
0.005379612164742774 0.8357207725002289 0.49959757853941117 0.5000008715669537 0.5004519187247604 0.5001749226040058 0.5002727786341653 0.4990228621393284 0.49819318792037937 0.5004337939341159 0.5007998258889621 0.4997625708297951 
0.2404998038896345 0.6527531923116792 0.4998768040016637 0.49988016310654815 0.499653947680049 0.4996741097102652 0.5008554511321156 0.5000946629128631 0.5001564338706082 0.499802894586309 0.5006422825998754 0.49965226356899617 
0.0 0.24542781847170658 0.4999044801915353 0.5001903317070064 0.5000437012741578 0.5001144860687515 0.49967100915963353 0.5000255550137389 0.5000913103266674 0.5000133046741069 0.500392542086804 0.5001704605389545 
0.07416118189520027 0.9070851291994058 0.5018109217398219 0.4996297515141376 0.4996636430955807 0.500648579161907 0.4999366484311475 0.49968899560452973 0.5001858243417301 0.4998452585486449 0.5002028816904414 0.500105519969024 
0.050083293005888256 0.6203873202888026 0.5000856681572995 0.4997547815547736 0.4996951738422244 0.5006448858719346 0.4994931347986908 0.4997433614212866 0.5000378688289082 0.49990992111563637 0.5000829823961839 0.4999561189042113 
0.0 0.0 0.5001532700929947 0.49983645944178745 0.5001588505420183 0.49987124626250085 0.5001705888070909 0.5003378869474332 0.5002662933966926 0.49973411011375196 0.5000059501730759 0.49992948620202976 
0.017480508415952528 0.40284148554667143 0.49963298537280376 0.5000193182904313 0.49983144426978515 0.5002577513506885 0.499762798326706 0.4999271519599605 0.5001781788604976 0.5000052561440345 0.5003720141434507 0.5003556643055176 
0.46500048277142314 0.0032438080059154356 0.49989507462131827 0.49968374406296334 0.4991057289713259 0.5005045838075436 0.4998701620798134 0.5001545770127381 0.5000625664102623 0.5008173030724945 0.5002388382740452 0.49988076126133985 
0.1471926923824337 0.6825964249526009 0.4998713756812268 0.49991484407487 0.5001136902157136 0.4998012750164599 0.5001100144550037 0.4998005668212212 0.5002226363982959 0.5002450070000934 0.5006285894581456 0.5002816983301235 
0.03750046737763413 0.08860496766436902 0.5001439975226307 0.49998956185188964 0.5000657378904267 0.5000565630684208 0.500052777134156 0.5000036621744883 0.49978196779267503 0.4997160854731351 0.500364108184068 0.5002122543780834 
0.28665393132834766 0.29001233051091974 0.49970282828253226 0.4996690200628404 0.4997688240532924 0.5003554932469408 0.5000738780517968 0.5000839483002049 0.4994795862015928 0.5003080286203043 0.5002187147711699 0.4999533318709478 
0.12944390724269889 0.8152271455093623 0.5003357849655095 0.4998507399738792 0.4998719334890495 0.5003329772594831 0.5004830382386984 0.49973000065922407 0.49861534108744826 0.4999416048928782 0.5003557572600621 0.4992939530376308 
0.01225396982333328 0.40576918695021424 0.49980707207031827 0.49998103362365864 0.49986214410816043 0.5002186932974262 0.4997971791312791 0.5001272293028438 0.4994874632483609 0.49995421734617096 0.5003973603237066 0.499820003665968 
0.04704036033720936 0.942151719723686 0.5018728215249544 0.5001037188296871 0.5001761633369932 0.5003806482242849 0.5023961692002096 0.500036758040715 0.5002170649901914 0.49946724035201295 0.500225260589792 0.5002731604135999 
0.6411769576786943 0.0 0.49927533765806964 0.4996039599208495 0.49949206754049186 0.50000830055497 0.5005855931115438 0.5006275666867226 0.5001889847238614 0.5006492392872331 0.500513378909121 0.49974381867898854 
0.055037996256513774 0.3918067380623762 0.49957338545500485 0.4997175717172173 0.4997978117396941 0.5004630171674196 0.4995485619457186 0.4999732591416197 0.5001885160075905 0.49974655313946775 0.5000678933610413 0.49991478727024785 
1.0 0.7366244173017407 0.0012069535350620053 0.10214446883803735 0.49663479689138146 0.4984237098894636 0.49899364158709014 0.4995526281112947 0.49849512838699495 0.5043616541627041 0.29763397744557735 0.4997976428219634 
0.009460375902221312 0.3271131140875788 0.499772664399578 0.5000766103227069 0.4999808957208125 0.5002317805754461 0.49987121304427673 0.4999767931024536 0.5001004299448644 0.4999988837437508 0.5002780924771985 0.5003424532045146 
0.2631853354186433 0.6765095835429974 0.5000020609022566 0.4994712494890585 0.49957103110151346 0.5002927817449845 0.5001454511927925 0.4997717467172432 0.4999186554871608 0.5000381596439348 0.5004836068634706 0.4999824627191986 
0.5661105872746531 0.04554393402008815 0.49971712360482523 0.4996743066713462 0.499444275068089 0.5002044906460765 0.5000484511182206 0.5005082845226809 0.5005419846163954 0.5007689132416199 0.5003273185675912 0.4996663738301671 
0.14627583012095402 0.6839577966237259 0.4993459784890465 0.49965991551348 0.49986115632951955 0.5001532922267713 0.49933873954494457 0.49974876292760884 0.49993260751550195 0.5005986618890446 0.5005177967854588 0.5005208263746926 
0.5059966580276782 0.2614564828182897 0.4995181429418004 0.49971766441337306 0.4996338429187232 0.5000299744903425 0.5002742830201559 0.5004027477419282 0.4999112523022552 0.5002896310187663 0.5002173247461198 0.4998230781845054 
0.01966083708705766 0.04524050856764992 0.4997418693705319 0.4995165928911454 0.4998561394597258 0.5004797424366596 0.4998626444498812 0.5002185995115992 0.4997388314927934 0.49968228518375624 0.4999679098611908 0.49957969630168664 
0.3443766240775057 0.4678663961246614 0.49952673720223356 0.4999121795677509 0.49977783972653655 0.49981504493547185 0.5006179613389093 0.5001764211291255 0.49993125149827533 0.4994755162532591 0.5004428180798205 0.499660739758259 
0.3323858300228335 0.3212073279067189 0.49984164178293017 0.4998203847521341 0.49957983047640836 0.5002665463733595 0.5001649463312638 0.5001501050373358 0.4999669290926224 0.5001837534034428 0.5003664748041822 0.4998546728831549 
0.36021544534780825 0.4727101515782012 0.500073927906429 0.49983669615353055 0.4997950384324167 0.5001328892885926 0.499832761473634 0.5000533391442143 0.5000716147143967 0.5001000833677749 0.5002433693009003 0.4996938766971014 
0.12055674947342288 0.7545040648696304 0.500680527163834 0.500075680621912 0.5001631234633402 0.5002513658942096 0.5000670834900551 0.49975526761920186 0.4985405820628053 0.5006251995515985 0.5003418364270212 0.49990067608955735 
0.4245584746839398 0.08006566912649049 0.4994425981484325 0.499964245275672 0.49945905504758403 0.5004210095362928 0.49976838727872386 0.5003611266278911 0.5000397778231677 0.5004831578090441 0.5002099826456319 0.4996405464711919 
0.02174758224777993 0.034485147489714346 0.4996766824846348 0.49970159885648335 0.49982177291697116 0.5002951902880222 0.5003526671514542 0.5000256439176674 0.4994792559632755 0.5000600226275352 0.5004105986756051 0.4999777013871534 
0.09967794192458351 0.7728772407380042 0.5007172136947782 0.4998060778877642 0.4999116816741459 0.5005257225425087 0.5003283370909528 0.5000557708230071 0.4985719335337705 0.4998973478581708 0.49990621339118096 0.49901122865765934 
0.11542751537919443 0.5166646968618727 0.50000955435308 0.5001450123131301 0.4999919432652728 0.49990990975710964 0.49988769367456165 0.49993496772165313 0.5002318086433628 0.5000226031301442 0.5004867495790644 0.5001663616527277 
0.05635846010485912 0.8522370881977537 0.5013045782417531 0.4996118228961258 0.49968210179812994 0.5006562782607981 0.5000388764530648 0.49977212664628157 0.4999702811246872 0.4995457363729874 0.5001147810124562 0.5000043055328883 
0.22297578705161167 0.9091065367859416 0.500937143687232 0.49948129748162895 0.49984032551684715 0.5007331602555491 0.49971401604605686 0.4998136449894368 0.5001105086718343 0.5000114146535984 0.5000841078513028 0.5000181486983313 
0.14287103607064572 0.8521478528626496 0.5001815228098594 0.4996313969690889 0.4996489360452841 0.5004840557165975 0.5004088224688659 0.4997721705896903 0.5000704419599868 0.4993287177657272 0.5004809763870632 0.49987204298892574 
0.0 0.6063086953702757 0.5001208447814629 0.49989162525971964 0.4997182533480744 0.5003932738575447 0.5003992250544311 0.49961161755009686 0.4998056719138598 0.4993670842388735 0.5007265330009376 0.5000934434924389 
0.08652258699636937 0.3462103642235561 0.49997372293850945 0.5000215971569901 0.4999603800172028 0.5002679382266967 0.5000525577541697 0.49989728475628403 0.500067681723574 0.49948242146750016 0.500351510656015 0.5000063900576998 
0.21213296075066596 0.8721544226319493 0.5009256391503589 0.49951234054367033 0.499737729354899 0.5005107855265338 0.49992679722687944 0.4998649113818622 0.5003592025573286 0.4999536951258692 0.5002273465295544 0.5000053083641027 
0.5059966580276782 0.2614564828182897 0.4995181429418004 0.49971766441337306 0.4996338429187232 0.5000299744903425 0.5002742830201559 0.5004027477419282 0.4999112523022552 0.5002896310187663 0.5002173247461198 0.4998230781845054 
0.1923211131912244 0.5202320808040526 0.49999988774340404 0.4997513510114004 0.4998240819293835 0.500102088079354 0.4999070855010258 0.49991896557710175 0.5001872761630339 0.4999263757589141 0.5003300344179726 0.4996110328510819 
0.2241806921703587 0.8469856077022886 0.4996319114299924 0.49969365588211717 0.499874375914314 0.4998399649892855 0.4996835486398837 0.4999353876170627 0.5005254856079473 0.5003378402190917 0.5006905661968356 0.49997294760700184 
0.4788505969130987 0.20099287825435663 0.4994929613440111 0.4997998580341394 0.49957558029501015 0.5001603195056592 0.5001056511063452 0.5003888740372492 0.49995409414255937 0.5003541399488589 0.5002148773792905 0.49976223428006755 
1.0 0.8927570242567372 0.0011205650972296588 0.10241338235885894 0.49687183542842606 0.49774633991374906 0.4991391092031741 0.49961482574116495 0.4981835246987355 0.5044704476611044 0.2982029743001293 0.500760463576726 
0.0 0.5778070676133761 0.4997758700286473 0.5000703142443703 0.4999839736828581 0.5000500837388066 0.5000329043293876 0.4999683885119858 0.4993754064997829 0.4993902215240471 0.5004892694212535 0.499765028004327 
0.09162808198997177 0.8380343192176255 0.5012737864690298 0.4997711743520685 0.49971966694307934 0.5006020802315867 0.49953963043757954 0.49968751304521536 0.500069678854195 0.49968253766836723 0.5002030334567229 0.5001434399219713 
0.0 0.0021336202223918993 0.4993099215476359 0.4995596275496146 0.4998379989270355 0.5003050679788222 0.5002477042076103 0.5001655655303738 0.4997108851621756 0.49972808988740314 0.5003109005271437 0.4998058660732065 
0.36021544534780825 0.4727101515782012 0.500073927906429 0.49983669615353055 0.4997950384324167 0.5001328892885926 0.499832761473634 0.5000533391442143 0.5000716147143967 0.5001000833677749 0.5002433693009003 0.4996938766971014 
0.0966872414584107 0.9133288965796851 0.5006902008541 0.4995151410658879 0.4997485777185356 0.500606569667395 0.49962477677803097 0.4996399418849433 0.5002205457442681 0.5001135840073208 0.5002788961957763 0.5003231161883328 
0.5839016357985589 0.14458713526271794 0.49977748325743276 0.49977235991422203 0.4994544222687829 0.5003070007685699 0.5000789819706299 0.5003830116413611 0.5002669057392809 0.5006426888887638 0.5004052984925489 0.49966262268109707 
0.20018378265895026 0.11368393459359455 0.4999192727959776 0.5000109432258026 0.49981950652854634 0.5000900590803741 0.4999572551906495 0.5002181868097468 0.500166904232216 0.49995121943520515 0.5002360965446511 0.4998956262479679 
0.1891991183825203 0.5431898720648848 0.49985843094384436 0.49994909432359064 0.4998506664719072 0.49983585548701004 0.49997381148436476 0.49990308125169053 0.5001018280114921 0.5003673546828544 0.5007125240367856 0.5000485225555971 
0.19347797663929425 0.6771751257631268 0.49997518614271774 0.4999723889094808 0.49973953702136736 0.49962301965211486 0.500130770684384 0.49981404871918494 0.500076393335755 0.5002677160762493 0.5009832371879148 0.5001448055219933 
0.03538214137997886 0.17128126621465142 0.4999483823864872 0.49995285498745595 0.5000028033116044 0.5001836896694477 0.49996410859275764 0.5001205436521754 0.5000388287291129 0.5000915719720007 0.5000913522924588 0.5001765612124646 
0.0 0.5100262559593335 0.49986062288313077 0.49974211554364023 0.5002527308543862 0.5003553370410772 0.49998953719778605 0.4998596971821977 0.500082058740608 0.49990057556010836 0.5002265451180884 0.5004575736633906 
0.12944390724269889 0.8152271455093623 0.5003357849655095 0.4998507399738792 0.4998719334890495 0.5003329772594831 0.5004830382386984 0.49973000065922407 0.49861534108744826 0.4999416048928782 0.5003557572600621 0.4992939530376308 
0.594963578626516 0.05685454703461186 0.4997879330978201 0.49955272902679176 0.4994182326582985 0.5003112212094194 0.5000688730932181 0.5004089144536873 0.5003296454730173 0.5009172593049308 0.5004074603668909 0.4997757521115035 
0.0 0.0021336202223918993 0.4993099215476359 0.4995596275496146 0.4998379989270355 0.5003050679788222 0.5002477042076103 0.5001655655303738 0.4997108851621756 0.49972808988740314 0.5003109005271437 0.4998058660732065 
0.31111240122978406 0.02748947644801078 0.4998392597823046 0.4999762169532252 0.49964765068605155 0.5001388701750387 0.49989958562574893 0.5001948615128704 0.5002559592757175 0.5001455711948901 0.5002239040026453 0.49996827143563843 
0.17730495866764742 0.6478679420288338 0.4998554136985778 0.49964229945969313 0.49969424831001336 0.5005757741007574 0.49949758050298765 0.4997756203323653 0.4998030263153379 0.4995511742855092 0.49998348476154 0.4999556123313421 
0.1345350422583083 0.7476096396048038 0.4992356040819002 0.49963049437686236 0.49979041227506127 0.5003108116042958 0.4997491559016893 0.4997331030127932 0.49970260636046354 0.5000686343660714 0.500445401168254 0.500202266208207 
0.012462534068953684 0.8220776090623955 0.5006774342955979 0.4997954309665711 0.49970558357698214 0.5005829917167703 0.5001329316230894 0.4996658797877303 0.5000304563658107 0.4999305986734781 0.5001898997581639 0.5000321355214508 
0.31338560739385046 0.5881869609262936 0.4998618851311265 0.49995397867911695 0.4997772400267247 0.4997568796826011 0.5001977190217426 0.49994577074879026 0.5001650715743031 0.5003865959217606 0.5006985543011925 0.49998024794000556 
0.5839016357985589 0.18652085151986497 0.49977748325743276 0.49977235991422203 0.4994544222687829 0.5003070007685699 0.5000789819706299 0.5003830116413611 0.5002669057392809 0.5006426888887638 0.5004052984925489 0.49966262268109707 
0.5805370829505846 0.051199240527350004 0.49975252835132267 0.499613517849069 0.49943125386319376 0.500257855927748 0.5000586621057194 0.500458599488184 0.5004358150447064 0.5008430862732753 0.500367389467241 0.4997210629708353 
0.07583432696208176 0.49143307328425545 0.49970538864762876 0.4998202581779702 0.49994130793211183 0.5003014737566874 0.5000027266977961 0.49990362217888995 0.49968252470674096 0.4999483878551366 0.5003505387377788 0.5001313288488631 
0.0 0.09141405150882004 0.5002592348791681 0.5001315888826631 0.5001264577898048 0.5002782669293745 0.499326065514311 0.5002290661902942 0.5001049820555652 0.5002569162482051 0.5001368125496679 0.5000260675953009 
0.427516987373078 0.01669368006714403 0.5000508830725795 0.499725676514468 0.4991510602698375 0.5004245444647997 0.5000450273093219 0.4997425766422462 0.4998427625428122 0.5004320019409224 0.5004072327500112 0.5000929513306296 
0.03538214137997886 0.17128126621465142 0.4999483823864872 0.49995285498745595 0.5000028033116044 0.5001836896694477 0.49996410859275764 0.5001205436521754 0.5000388287291129 0.5000915719720007 0.5000913522924588 0.5001765612124646 
0.0 0.0 0.5001532700929947 0.49983645944178745 0.5001588505420183 0.49987124626250085 0.5001705888070909 0.5003378869474332 0.5002662933966926 0.49973411011375196 0.5000059501730759 0.49992948620202976 
0.030459892831681865 0.9528659691412881 0.5018873426568679 0.4996367382138053 0.4996043384277773 0.5006951408169743 0.4998135780958767 0.49953530394117707 0.5001460526192131 0.4999249685978022 0.5001900662363288 0.5001876651734045 
0.0 1.0 0.5001361232107764 0.10109079393105391 2.694562100596931E-5 0.9998772589904374 0.49297924940106896 2.713131369649624E-4 0.5002533147742343 4.5412601856964496E-4 0.9996773421849035 0.5002049144542955 
0.1603572255728698 0.23241831333193735 0.4998306579017783 0.4998310572825965 0.49993317654615926 0.5002353342158316 0.4999136011786489 0.5000541260145375 0.49996486533902573 0.4999210242892582 0.5002036537770465 0.4998750806292751 
0.11500493741247546 0.006487616011830871 0.5002730979614065 0.4996934337670615 0.5001900184522843 0.4999614897433001 0.49983664560228386 0.5002946931309342 0.49931965767324027 0.4999766427209682 0.5001323372948947 0.49985634628484354 
0.1472182227812509 0.7021620860205338 0.4992981717668312 0.49977412376662655 0.499655224825169 0.5002898695170129 0.5005496392349852 0.49977120048097085 0.4998394108183619 0.4993782270928554 0.500733032948129 0.4999529761540907 
0.0 0.0 0.4999400808437271 0.4994179090995594 0.5001643639298894 0.5004838340748058 0.49991539059102275 0.5002179558778101 0.5001352810906892 0.499406381750906 0.4998928568234914 0.4996584370246684 
0.0 0.0 0.5001532700929947 0.49983645944178745 0.5001588505420183 0.49987124626250085 0.5001705888070909 0.5003378869474332 0.5002662933966926 0.49973411011375196 0.5000059501730759 0.49992948620202976 
0.06412455408899585 0.023809000650218667 0.49986472208938104 0.49995227166682 0.4999474695976166 0.5000350707277099 0.5000864373677572 0.5002293278784764 0.5003213494289102 0.4996479373775956 0.5001864710576782 0.49985500749976175 
0.31338560739385046 0.5881869609262936 0.4998618851311265 0.49995397867911695 0.4997772400267247 0.4997568796826011 0.5001977190217426 0.49994577074879026 0.5001650715743031 0.5003865959217606 0.5006985543011925 0.49998024794000556 
0.0 0.22518763617655252 0.4999517025836742 0.5002234929234759 0.4999445594147704 0.5001581728787499 0.499713014728535 0.49999814345550253 0.49999544995684825 0.5001135674777243 0.5003590064410326 0.5002773507593004 
0.07669792058956823 0.22677937742812448 0.4997543282395317 0.4998872395729118 0.5000308890100684 0.5002440936297421 0.5000048812493292 0.5001609128557959 0.5001753430408878 0.49975569926847974 0.5000633147311493 0.4999807628711495 
0.0 1.0 0.5001035058064758 0.10092151004204433 0.0 0.9998682937500546 0.4926809738299045 2.7291677521262825E-4 0.5001439204793909 6.653843077852883E-4 0.9994683157217374 0.5001447597647267 
0.07076428275995772 0.06197485150735178 0.5000090533360262 0.49991477458048084 0.500014938124077 0.5002571656237762 0.4998632705302891 0.5001151535824391 0.49992543428197617 0.4999897168771849 0.5000294080235075 0.5000429560427115 
0.26565830698988663 0.45956825138583174 0.49967476378451636 0.4998137995687389 0.49988677383225283 0.5000041420820063 0.500463239440847 0.5001221438191406 0.49993289432277854 0.49944327421627155 0.5003057607846715 0.499810431133908 
0.34823931761277277 0.2282335523604916 0.49989689444599483 0.49977533656495354 0.49925891300046793 0.5005561209731884 0.4998586163126932 0.4999592852931177 0.5000013641324921 0.5005103150818545 0.5002452986915458 0.5001627763229024 
0.16687510974835934 0.04183353780431594 0.49975609647706287 0.5000138713962874 0.49993845386323554 0.5001998720671228 0.5001640016238655 0.5000636840464812 0.4997804772432196 0.49982903502185905 0.5004025138356702 0.5000677068967028 
0.0344474436998369 0.8668294358218805 0.4998668536365508 0.4992226069317761 0.49979763279956035 0.5002619862516893 0.5008275318149153 0.4989669742580525 0.4984359540936067 0.4989662587475566 0.500575038508156 0.4995439172138829 
1.0 0.7265099817183577 0.0011776020476826077 0.10227473216856481 0.4968133950958285 0.49788719183601904 0.49928906252625593 0.49982783955270166 0.49810649314532485 0.5046182001954469 0.2980125389543416 0.5007018878866029 
0.5053124586031286 0.01131061301452371 0.4996844576166613 0.4997010829469347 0.49943973403516495 0.5003761754477165 0.4999426886866203 0.5002986301438839 0.4998584965494356 0.5008453918143324 0.5001708027026103 0.5000077333504584 
0.05425164072896842 0.905744697699655 0.501617081280839 0.49987804559820076 0.49989490677516063 0.5004504275886212 0.5020691803245503 0.49986796907242254 0.4999900417095972 0.4996772890620601 0.5001711271052002 0.5000637123855969 
0.08133471985258074 0.02531675427413066 0.499688005590618 0.49980592926783485 0.4996916134478503 0.5001476869863233 0.4999587116837879 0.5000198530606014 0.49957935756166116 0.5000841584708005 0.5001860106241376 0.4998560069883094 
0.22297578705161167 0.9091065367859416 0.500937143687232 0.49948129748162895 0.49984032551684715 0.5007331602555491 0.49971401604605686 0.4998136449894368 0.5001105086718343 0.5000114146535984 0.5000841078513028 0.5000181486983313 
0.3909090774554797 0.010206064055313158 0.4999580828061827 0.49967192853145603 0.4991550378863734 0.5004893214700659 0.4999556115383738 0.4997880747764603 0.500012697896946 0.5003729963095895 0.5002207963094505 0.5000432250066527 
0.12397356845457938 0.7713354981517796 0.5008663442619676 0.4997097394793356 0.4996012630001362 0.5003225338618343 0.50013113190767 0.4998433329793296 0.49990179012943625 0.49964049943978395 0.5002353850435555 0.49982632188359744 
0.053784622203232824 1.0 0.49959942811913494 0.4998008909299736 0.4995713568843803 0.5002890309050396 0.5008481550046537 0.49957532053254095 0.4998814162161995 0.4989498367748741 0.5009270292412857 0.4999040322696855 
0.5723770841771806 0.13072824140914485 0.499396740299935 0.4996608121671113 0.49956295522960753 0.5000191375226563 0.5004299380658499 0.5005151572143254 0.5000501185130584 0.5004694351529997 0.5003653518276203 0.49978344843174694 
0.14957453216898062 0.6197683824658244 0.4997866523362031 0.5002336984453681 0.5000722698489533 0.4997640279683075 0.5005808873645192 0.49988185911566846 0.4996293364072694 0.5000399180282535 0.5008073079068882 0.5001744476850658 
0.12545274114985625 0.9388631299641338 0.4994848321005395 0.4998766901701168 0.49992510305780263 0.5001557544143755 0.5000680838201919 0.4997930085405066 0.5001305192662147 0.4994891241663751 0.5008729233455629 0.500484027333669 
0.064171994547173 0.4616076415685047 0.4995559954871335 0.4996975435283817 0.4996088686638339 0.5003274508637138 0.4996059895872578 0.4996695046947168 0.5000565106353606 0.5001321150571201 0.5003718599890339 0.49996064064283485 
0.10421691871782511 0.40423496144613114 0.49953087622944725 0.49981933235543935 0.499871696530898 0.5004778378543279 0.4997214857449367 0.5000080946348286 0.5001516127389709 0.499758322588883 0.500084725565453 0.49996486729373857 
0.2488230466051375 0.8728497493713677 0.5003152086895748 0.49967313864442775 0.49970751599183494 0.4998656624345973 0.4999183469769334 0.499856940985838 0.500248591784477 0.5005320187710217 0.5006388173587151 0.5000805410765288 
0.0 0.12356886651745272 0.5000645631973217 0.49995838522921676 0.5000682195047339 0.5000199644296113 0.4999483153544932 0.5002064876995043 0.4999712142989119 0.4999151002404141 0.5002222477400711 0.5000903478535987 
0.12112789139906377 0.2960826069377843 0.4998747761531509 0.4996536837759372 0.5000429056762374 0.5003253566265513 0.4999368838942315 0.5001723964428675 0.4996374274885789 0.5000684201126014 0.49995829891925153 0.49967653309525123 
0.0 0.0 0.49931516102253015 0.4994753707294718 0.4997676248781403 0.5004149050842476 0.5004581723352217 0.500101122445267 0.49940478953875445 0.4998913930933545 0.5003711844894331 0.4999576114235391 
0.11536672648830418 0.9407021233804687 0.49953975774620574 0.49998518361234967 0.49979772992298466 0.49998428214094126 0.5008018947395944 0.49909895744765287 0.49868318490078267 0.4997658551497023 0.5011175993147109 0.4999530756027312 
0.022224228096261418 0.2794592287407774 0.4994312042423042 0.49959771649560625 0.4995167384880975 0.50021612050879 0.49973792423822544 0.4996651193920283 0.4999615983873338 0.5002559180874342 0.5003657902941643 0.4999960118490387 
0.21591130477600587 0.011827968058270875 0.5001470944762269 0.49967677338350514 0.4996971826268526 0.5002177744379441 0.4999388532996091 0.49985813283555836 0.49964124352843503 0.4999526661338264 0.5001675458198752 0.5000310175184045 
0.253907341272131 0.22930007220303034 0.49984101098219696 0.4996352652871262 0.4997770318433601 0.5003749466215544 0.49991389003411335 0.5000832317240916 0.49984581092874775 0.4999385198367167 0.5000615119674083 0.49945217421644006 
0.12545274114985625 0.9388631299641338 0.4994848321005395 0.4998766901701168 0.49992510305780263 0.5001557544143755 0.5000680838201919 0.4997930085405066 0.5001305192662147 0.4994891241663751 0.5008729233455629 0.500484027333669 
0.005379612164742774 0.8357207725002289 0.49959757853941117 0.5000008715669537 0.5004519187247604 0.5001749226040058 0.5002727786341653 0.4990228621393284 0.49819318792037937 0.5004337939341159 0.5007998258889621 0.4997625708297951 
0.2404998038896345 0.6527531923116792 0.4998768040016637 0.49988016310654815 0.499653947680049 0.4996741097102652 0.5008554511321156 0.5000946629128631 0.5001564338706082 0.499802894586309 0.5006422825998754 0.49965226356899617 
0.01225396982333328 0.40576918695021424 0.49980707207031827 0.49998103362365864 0.49986214410816043 0.5002186932974262 0.4997971791312791 0.5001272293028438 0.4994874632483609 0.49995421734617096 0.5003973603237066 0.499820003665968 
0.0 1.0 0.5015388703118181 0.4995822839358648 0.49935468616488365 0.5011708162560051 0.49907878109296966 0.49922877783586406 0.4998777975049126 0.49999596842502014 0.4999456078743478 0.49996420073815184 
0.28818759773470387 0.15291190224095794 0.49972298110721297 0.49982068753708075 0.4996146753010476 0.5003162459859704 0.49982740189331215 0.500212319424431 0.49995477298653196 0.5002413372439722 0.5001434955190789 0.49978162867898235 
0.07950671081323367 0.4055656151366007 0.4994582851655012 0.4997979407829435 0.49986778005987453 0.5004419416619292 0.49953703163350327 0.49998118576337913 0.5001567731402343 0.4997299426836165 0.5001129769502952 0.4999913153662048 
0.024925068137907368 0.971075859861843 0.5016128187327102 0.49979268436079133 0.4997285510117465 0.5007129319104631 0.5008150766342585 0.4996032809958354 0.5000904603988432 0.4997341264871969 0.500162928936846 0.5001337307516851 
0.5839016357985589 0.14458713526271794 0.49977748325743276 0.49977235991422203 0.4994544222687829 0.5003070007685699 0.5000789819706299 0.5003830116413611 0.5002669057392809 0.5006426888887638 0.5004052984925489 0.49966262268109707 
0.253907341272131 0.22930007220303034 0.49984101098219696 0.4996352652871262 0.4997770318433601 0.5003749466215544 0.49991389003411335 0.5000832317240916 0.49984581092874775 0.4999385198367167 0.5000615119674083 0.49945217421644006 
0.0 1.0 0.49988007744272656 0.4999489624837977 0.4996920598404331 0.5000996011575087 0.500452274958585 0.49950003074475824 0.4990532747517161 0.4993826592301853 0.5004645794608609 0.49951969751643455 
0.16782242374399153 1.0 0.49939164657826507 0.4999002188203601 0.4995779064971635 0.49999292206539836 0.5010972914632486 0.4989993489768778 0.4994732411959053 0.4993858676339882 0.5011977498936455 0.4996290998157541 
0.09242675810435652 0.5791738347929332 0.49961526920565086 0.49979269254222325 0.49966632091793745 0.5002060925806427 0.5002982238890963 0.49991593267381523 0.4996428034205337 0.49952547960699445 0.5002930763113749 0.49988350364965417 
0.3544228155936765 0.6136823348270173 0.4999435016897721 0.4997461775410572 0.4996486325089051 0.500095179899843 0.4996247568629214 0.499878026019186 0.5001993207777569 0.5000643517122881 0.5004179090439865 0.4997701514717736 
0.10633492939770926 0.14016659795924868 0.49985344563546863 0.4997988093141963 0.49989217737392655 0.5001577571611534 0.4999781412093961 0.500191157378773 0.5000070215410942 0.4998205796393663 0.5000924454216863 0.49969719350756675 
0.27199136327608 0.0 0.5001438676529976 0.4998036759909833 0.4997014211366341 0.5004731838352536 0.49976107647164936 0.5004386679335856 0.4999547634584251 0.5003062500554767 0.49984170704981423 0.49962578385790324 
0.0060432070159096955 0.1736809365315783 0.4997755584285049 0.4999843216604084 0.5000889485201339 0.5001018153394976 0.5002078672514809 0.5000670984706741 0.5002027635891517 0.4998870188781547 0.500298987369822 0.5002896891823019 
0.0359050041647351 0.9346269390663082 0.4998409333189458 0.4999792044907454 0.499707369808268 0.5000416280862432 0.500655211919993 0.49962932262055193 0.49961446052237324 0.49949799004504225 0.500937631138199 0.500271951590048 
0.12055674947342288 0.7545040648696304 0.500680527163834 0.500075680621912 0.5001631234633402 0.5002513658942096 0.5000670834900551 0.49975526761920186 0.4985405820628053 0.5006251995515985 0.5003418364270212 0.49990067608955735 
0.0 0.23862135140493876 0.5003152621113649 0.5001298487380438 0.4998317251231982 0.5003072461432014 0.4995991210554417 0.5000992830657189 0.4995485104567753 0.5000489996548101 0.49993756139703044 0.5001582413708568 
0.04816259581314772 0.9592523072015565 0.5017109681868602 0.499942843976832 0.4999207963568575 0.5004160345159022 0.5021862617731983 0.4998458306760407 0.5001313070168871 0.49963753512822057 0.5003076365161336 0.5001343069597978 
0.035280399118445965 0.9397389841907753 0.5002527529268282 0.5000069695424307 0.5004481158929115 0.500172464103066 0.5005353497943714 0.4991097762816348 0.4981158276674172 0.5001879861254479 0.5007315884162229 0.4996954114501764 
0.1603572255728698 0.23241831333193735 0.4998306579017783 0.4998310572825965 0.49993317654615926 0.5002353342158316 0.4999136011786489 0.5000541260145375 0.49996486533902573 0.4999210242892582 0.5002036537770465 0.4998750806292751 
0.14953341169873158 0.5824248552172924 0.4994462652183008 0.4992221382929132 0.4996941961396614 0.5003343371392264 0.49973273780453564 0.4998768750523206 0.49987882079186896 0.4999537877248745 0.5000834371912494 0.49970655706455436 
0.09162808198997177 0.8380343192176255 0.5012737864690298 0.4997711743520685 0.49971966694307934 0.5006020802315867 0.49953963043757954 0.49968751304521536 0.500069678854195 0.49968253766836723 0.5002030334567229 0.5001434399219713 
0.0 0.41108340888585226 0.49987868067447433 0.49996072874820174 0.4997811859309441 0.5000149097003619 0.49929970127341766 0.49986342925277816 0.49991948486437454 0.4998692441582603 0.5003933355881647 0.49986162613640595 
0.0344474436998369 0.8668294358218805 0.4998668536365508 0.4992226069317761 0.49979763279956035 0.5002619862516893 0.5008275318149153 0.4989669742580525 0.4984359540936067 0.4989662587475566 0.500575038508156 0.4995439172138829 
0.10954263189080028 0.5780269734354166 0.499613923719837 0.4994726465509905 0.49975009382921426 0.500249937849052 0.4995208746728064 0.4998217701928108 0.49989283961529934 0.4999969568016279 0.5003073784054239 0.4998290826445956 
0.0 1.0 0.49988007744272656 0.4999489624837977 0.4996920598404331 0.5000996011575087 0.500452274958585 0.49950003074475824 0.4990532747517161 0.4993826592301853 0.5004645794608609 0.49951969751643455 
1.0 0.9916906217574204 0.0010965118029730714 0.10249942756723698 0.4969768611606097 0.49734563756638267 0.499267600888544 0.4998147030123495 0.49816167529609423 0.5044286633116877 0.29825409899186056 0.5006411587607874 
0.1664240408653939 0.5783544678847179 0.5003598991007393 0.500013410371456 0.5000484901318869 0.5000245600717506 0.5002265505889998 0.499788524361398 0.5000325543353038 0.50022361819747 0.5005023493942646 0.5002721983724292 
0.11106334419587878 1.0 0.4988937300138022 0.4997634666345564 0.4993838915822723 0.5001201365417436 0.5012974414862907 0.49868944388106184 0.499774210777346 0.49862963580206576 0.5012614939056184 0.4997891832981437 
0.19358949253383897 0.5005674852509423 0.4993495160274046 0.4997628979778925 0.4998236372173981 0.5002383671491113 0.49990948168330485 0.49987333188280625 0.5000243146100238 0.5002015532737398 0.5004158598496189 0.5000762767508202 
0.050083293005888256 0.6203873202888026 0.5000856681572995 0.4997547815547736 0.4996951738422244 0.5006448858719346 0.4994931347986908 0.4997433614212866 0.5000378688289082 0.49990992111563637 0.5000829823961839 0.4999561189042113 
0.3443766240775057 0.4678663961246614 0.49952673720223356 0.4999121795677509 0.49977783972653655 0.49981504493547185 0.5006179613389093 0.5001764211291255 0.49993125149827533 0.4994755162532591 0.5004428180798205 0.499660739758259 
