4.203272014245401E-5 25.119655185820935 0.00910565026346753 0.09850854729103418 
5.288970104680238 0.0 0.0 60.62391395770525 
0.5280193209831732 0.018597499767112828 36.262927728473485 0.03540969793791458 
37.143104426652435 0.2930694129269946 0.3490730053896257 3.536441743013612E-8 
2.0063598212818857E-15 32.76634246998876 1.0768921043239341E-4 0.4702215896049947 
2.2999314191410457E-15 1.3221895191667118E-16 0.0 37.622746437821974 
34.23770591647927 0.13425552915176106 2.8924197609122475E-5 0.037331926197841765 
38.75527443706242 0.038779649656846965 0.0015180317362882166 4.230028823673443E-4 
0.6812146141384633 34.38777284688358 3.570566167530103E-5 4.794281499005099E-6 
0.1028366613812259 37.03920657196626 3.8324520212659104E-5 3.40821454037572E-4 
3.834491825536633E-15 62.62200380070981 0.0 1.1302136082520666 
1.019038012619356E-15 3.7706192071694827E-19 1.4424916529617033E-15 28.843117674704665 
3.298243501932858E-4 41.12469390824002 0.004114323822829516 0.008617505725723005 
0.03451553470995375 1.6096636980389905E-4 0.052220404272879495 17.844035793991683 
28.574994106415243 0.14821184249895195 0.12399742946231347 0.5424624668033496 
0.6265494222368341 37.114256170517706 3.1358549114497044E-5 0.007058865737165664 
3.8804546885741506E-15 0.0 6.905105601031658E-18 63.37273465203579 
8.55836943268684E-4 32.11042913796425 0.03187422037788806 0.006075957379674335 
0.0013842585558413458 51.93645426919807 0.05147461886904311 0.0 
3.1750270990286467E-15 2.455931171363166E-21 3.176937462871675E-18 51.85215346439913 
1.6627538539764333 49.20637262964113 0.0 0.0 
3.7321726312393536E-34 6.095100454821484E-18 0.09954054440945961 51.99593149687665 
2.193638716555302E-4 34.49654631863353 0.012504689405856223 0.012868874644400691 
3.1900268610763487E-15 0.0 52.09709221136036 0.0 
2.769335075288599E-15 45.22667396373743 1.2397540159231676E-6 0.04914817552040288 
1.1503943626467623 0.010357236345699274 24.99211731762863 0.14159723141481928 
1.55885248493907E-15 5.4904730894386115E-17 3.6751867979558794E-19 25.473779643646587 
4.1360976218832665E-17 0.0 0.6754760025115778 63.355201562353706 
4.986438459419883E-4 74.69337126515325 0.0 1.1003866157634678E-4 
32.388403244114556 3.8274063497772544E-5 0.00604314938850819 0.001413282863271539 
1.0024487901676461E-15 3.709236177259106E-19 1.4554069736080343E-15 28.86110833654334 
0.7031045657195079 64.98858273125734 1.4622282489170943E-7 8.902009269361164E-5 
37.28761730933638 0.33570806479983495 6.073544219908431E-5 0.005687798813187154 
0.525379601564039 30.76770305342056 3.2036284605720606E-5 0.032617811964123444 
0.2381541275370335 34.49572423610332 0.012504689405856223 0.012868874644400691 
16.560828444766237 0.00465004444469271 24.018878409427177 1.6315703620642712 
2.1776231932322707E-15 1.9605588150042438E-17 1.026522738941299E-16 35.60421669802898 
0.006642946782629182 0.39542237479626285 27.55120192382481 0.01625248044492585 
21.77751688571269 0.171830658401397 0.021214569811225346 0.24531991812703702 
1.1937481922096635E-47 1.9495387454420287E-31 3.183838388014199E-15 51.996026776551595 
4.034769789005874E-15 3.120955061178993E-21 8.986436681571762E-21 65.89279115947966 
2.5568733622843935E-15 41.75691087527585 6.156438919238086E-4 5.652508792197743E-6 
4.824735565022098E-17 1.4864501067644834E-15 24.288356619693946 2.1563668806292586 
3.575488047049977E-7 2.4559806498832507E-9 0.0 37.464288133769074 
0.00676846905779049 0.4399863601029241 35.289138153635434 3.803545384870428E-5 
1.2938348929791745E-16 2.706668404518236E-15 0.0 44.253723123550714 
29.150416611130023 1.22174468877682 0.283603945410474 2.551592531808427E-4 
2.583267010606739E-18 2.2939881701346905E-15 37.4636936338508 0.0 
3.298243501932858E-4 41.12469390824002 0.004114323822829516 0.008617505725723005 
3.2640760717116427E-15 1.9620071724517028E-17 3.382665210402677E-19 53.307370880069115 
1.2173303439070127E-4 73.06946241075018 0.0724197055835438 0.0 
0.03451553470995375 1.6096636980389905E-4 0.052220404272879495 17.844035793991683 
13.718562823743842 0.4831849115760468 19.908955540619512 0.5197171249419237 
3.1632879324322966E-15 51.660412367626336 1.7695275967264935E-4 4.601539843973023E-4 
0.1586331297545683 42.196872456254 7.553148173706344E-6 0.0 
29.28750749630526 2.1276131214368768 0.029662385774672777 1.9746640821548736E-5 
0.0802496623056569 4.380234568741502 29.714348691635415 4.4226316580067606E-4 
4.723281331150582E-20 1.113823519067843E-15 1.6154258666906556E-15 32.045052676201124 
38.57552844136279 3.7284589340452636 0.0015180317362882166 4.230028823673443E-4 
40.9202085609601 1.0044761331434897 0.3846743173678552 2.25217184617907E-10 
30.658060339708722 0.27602080395153467 0.0026776867005421467 0.17352192170764874 
1.688212759345519E-31 2.757060665199008E-15 5.845355726552208E-19 45.02621864660823 
0.009128701175418015 53.953243749045406 5.786749897163275E-8 2.0530026398152336E-4 
2.210976032202824E-17 8.317224636971537E-21 1.6440193166739932E-15 26.85130086150027 
0.02783824631322367 1.649025229834795 27.77950677056629 0.005292012493150759 
4.740888688131408E-19 2.5068114760788396E-22 1.6697618693777836E-15 27.269281850790627 
0.0013158915676213438 59.64426875385892 1.2843464604430616E-4 0.0026226762042282203 
0.21972094522774632 3.607881135362279 33.1987618986126 9.065212305508304E-8 
6.362986221339369E-17 3.473504628063623E-15 0.0 56.73615262288456 
3.0364468158576727 0.0 47.55329787697054 0.026522760980335285 
34.237778161618216 0.11435701583182487 3.540327447743423E-6 0.037331926197841765 
2.992609410569023E-15 1.5839398933435175E-17 48.87370513769306 0.016095008275358327 
6.153451744307354E-7 0.0 0.0 64.47490461302971 
3.765083385457114E-15 61.48847795263928 1.3833957320521122E-7 9.058514432432585E-5 
0.48354101357960655 28.317517992091116 2.9485076092522586E-5 1.1429999322048099 
2.6902916464394934E-31 4.393579680790542E-15 71.75260138432604 0.0 
2.2573572452567077 0.0 36.628725978509706 3.024047622041808 
2.721230807912622E-15 1.7967148623109327E-17 44.442040332671354 8.924605452513073E-7 
0.5525006717429956 70.94490183789267 7.609419160778773E-8 0.0 
2.356953079445087E-4 36.685086432805164 0.8233319664809128 9.204266299448163E-4 
38.293141436947174 4.5251817937435004E-5 8.128929705439286E-5 0.0017036502782498244 
38.89100423633941 0.03891546482369616 8.301769084027031E-6 4.244843344930632E-4 
2.199784601767766E-31 3.592520885694295E-15 58.67031846562695 3.5260820133795767 
2.5171912127981617 31.654035244855237 0.0 8.619758266484841E-8 
3.041761464998811E-15 1.1679045247713454E-19 49.67573457683843 0.052736170197665556 
3.6998628673120967E-20 3.4839482183728656E-15 56.89719225159424 0.0 
9.444677595731146E-5 0.042085497483707046 0.0 37.137541984840645 
2.4533000564604954E-31 0.0 4.006543042726407E-15 65.4318134096446 
0.8990541173544901 49.21712500538685 0.0 0.0 
1.0049811416934877 0.0 50.280338758558656 0.6772405516756156 
40.90554276638379 0.0020678238341706153 1.7288904379771478E-5 4.6673089106816207E-4 
4.5919546026092055E-15 74.99230971421807 0.0 0.0011056228068451405 
0.00926334731022534 35.116161153395616 0.03453081524709803 0.0 
0.009128701175418015 53.953243749045406 5.786749897163275E-8 2.0530026398152336E-4 
3.834491825536633E-15 62.62200380070981 0.0 1.1302136082520666 
0.1586331297545683 42.196872456254 7.553148173706344E-6 0.0 
0.001419196977183106 57.82707643460443 3.8575275285003465E-4 0.0 
5.0492748573030784E-17 0.0 0.8246091625468797 63.35343599652254 
38.72315991814576 4.575997990301758E-5 0.0 0.001689702853176878 
1.7465446842200564E-4 2.8166956231776283 30.224534027801774 4.4697399895439466E-4 
0.6717422459944984 33.90960688083384 0.0 0.0014795080882504781 
2.2908050615401535E-6 68.08816079497387 0.0 0.8252197419097637 
2.796724571805193E-20 4.273422770919255E-15 69.79029013077229 0.0 
1.392736257259035E-15 4.905390994366647E-17 1.3335533456454973E-17 22.76025485391353 
38.75527443706242 0.038779649656846965 0.0015180317362882166 4.230028823673443E-4 
4.7512216834391184E-15 77.59333853233608 0.0 6.867837161632976E-4 
30.6480997245288 0.0 0.014919560842067137 6.139277458140439E-6 
9.263794189588084E-5 1.4939949022537273 36.78244377789934 5.420550903415769E-4 
1.6420597188837097E-15 8.516981509172986E-18 26.817231020056635 0.5090817728538515 
41.46646302944179 0.0 0.0 0.0 
0.0013842585558413458 51.93645426919807 0.05147461886904311 0.0 
4.0382007795153955E-15 0.0 7.780618801286397E-19 65.9488247106616 
1.6420597188837097E-15 8.516981509172986E-18 26.817231020056635 0.5090817728538515 
0.1586331297545683 42.196872456254 7.553148173706344E-6 0.0 
2.193638716555302E-4 34.49654631863353 0.012504689405856223 0.012868874644400691 
1.4589162932739193E-32 2.382591118173295E-16 3.8910665831685476 47.30913580153051 
1.709529838226559E-31 2.7918740969507294E-15 1.749965951182616E-20 45.594764122184216 
4.1360976218832665E-17 0.0 0.6754760025115778 63.355201562353706 
37.431625008355695 0.0015572038974050624 0.0 0.001633346136112049 
38.72315991814576 4.575997990301758E-5 0.0 0.001689702853176878 
8.402136735533645E-16 2.9593374668825185E-17 1.219353432740228E-15 24.18820064031435 
0.8974097958052467 49.7719827966101 0.0 1.413500359280674E-4 
29.913881725992436 1.1371290153516422 0.28499884974170386 8.126492784207103E-8 
1.0031557862650093E-15 2.8167183825620494E-19 1.454919778703902E-15 28.86110833654334 
3.3892453513840885E-15 2.6216322085592346E-21 3.4270176460227188E-19 55.3505773431308 
3.1750270990286467E-15 2.455931171363166E-21 3.176937462871675E-18 51.85215346439913 
8.402136735533645E-16 2.9593374668825185E-17 1.219353432740228E-15 24.18820064031435 
37.00175318183872 0.0018616783217507678 3.852175491873711E-5 0.10217716021699329 
34.23770591647927 0.13425552915176106 2.8924197609122475E-5 0.037331926197841765 
2.7169322230156103E-15 1.7938766865307274E-17 44.37183758367597 9.059366379358939E-7 
29.272038302614643 0.11478377088859198 1.7933336552328514 0.03193344873915594 
30.95663410984742 1.2974464073927787 0.010634889688147032 2.7095664074285963E-4 
0.0018312278518362428 44.91467602982517 2.996167366449648E-4 0.0 
5.124093226089229E-15 83.68279294335024 0.0 0.0 
3.080799607252549E-15 0.0 2.74731293926344E-17 50.31527626118868 
3.696384390878535E-4 46.08897934703502 0.0 0.009657750701180832 
1.688212759345519E-31 2.757060665199008E-15 5.845355726552208E-19 45.02621864660823 
3.834491825536633E-15 62.62200380070981 0.0 1.1302136082520666 
5.034109393772315E-31 8.221324543986491E-15 0.0 134.26441892814316 
5.776312564754929E-15 2.1541865535557065E-18 0.0 94.33434963390116 
2.2358485322900645E-15 2.0129802817213248E-17 1.952798648382028E-19 36.51565752524635 
3.7321726312393536E-34 6.095100454821484E-18 0.09954054440945961 51.99593149687665 
4.17638111370024E-18 1.8986032654754783E-15 7.338905911690603E-19 31.006621697782343 
1.6420597188837097E-15 8.516981509172986E-18 26.817231020056635 0.5090817728538515 
1.9909039230402883E-16 0.0 2.281862991219781E-15 37.40722224553343 
3.3892453513840885E-15 2.6216322085592346E-21 3.4270176460227188E-19 55.3505773431308 
3.765083385457114E-15 61.48847795263928 1.3833957320521122E-7 9.058514432432585E-5 
4.1360976218832665E-17 0.0 0.6754760025115778 63.355201562353706 
2.2358485322900645E-15 2.0129802817213248E-17 1.952798648382028E-19 36.51565752524635 
1.6149905006300422 44.97023219250023 4.6430023145288475E-8 6.445915654518875E-5 
1.525570085047078E-31 2.4914450208978448E-15 1.637654674356933E-16 40.776188942243884 
8.402136735533645E-16 2.9593374668825185E-17 1.219353432740228E-15 24.18820064031435 
38.75527443706242 0.038779649656846965 0.0015180317362882166 4.230028823673443E-4 
0.0017743944342269928 51.9364542573345 0.05147461886904311 0.0 
3.3892453513840885E-15 2.6216322085592346E-21 3.4270176460227188E-19 55.3505773431308 
34.23770591647927 0.13425552915176106 2.8924197609122475E-5 0.037331926197841765 
5.124093226089229E-15 83.68279294335024 0.0 0.0 
1.0031557862650093E-15 2.8167183825620494E-19 1.454919778703902E-15 28.86110833654334 
3.1900268610763487E-15 0.0 52.09709221136036 0.0 
1.5374950507584816E-14 0.0 0.0 251.09199678290025 
0.0017743944342269928 51.9364542573345 0.05147461886904311 0.0 
9.866835634106802E-15 1.3521133501757255E-20 7.985760654269817E-22 161.13765439938723 
1.1670593817056275E-15 4.390230785387532E-19 1.3270589211302638E-15 28.86110833654334 
0.0017743944342269928 51.9364542573345 0.05147461886904311 0.0 
3.3892453513840885E-15 2.6216322085592346E-21 3.4270176460227188E-19 55.3505773431308 
