51.54220928766973 0.0 0.0 0.014142598599780547 
0.5488810399542757 26.53802829942346 0.7441577258602365 0.6390733364304357 
30.93501906236849 4.067373636163764 0.0 0.0 
29.30247255266743 0.0 0.42343085507744394 3.950068042978339E-8 
5.828973612763506E-17 8.149474301856408E-22 2.832907588924952E-15 46.27468443132232 
27.187655266014673 2.698155262469548E-4 0.45223785272769423 1.478179748523215E-5 
1.8175833740712102 24.96265804120555 0.32631588102750053 1.0511648941300993E-9 
2.1291319432313967 55.640876324215334 0.0 0.0 
0.3340473348804256 65.55294718256154 0.0 0.0 
42.67719508918984 0.003118232082595282 0.6445621950970136 0.0 
9.151942942171962E-18 0.14946257073539734 44.0727299279858 0.0 
0.0050603465236737305 3.300944822463471E-5 0.0014694468139444176 27.256062419006525 
2.159852859645463E-31 3.527307401855354E-15 57.60530145199747 0.0 
29.461073695329222 0.0 0.12322189758632053 2.8450324436563924E-6 
0.6961728549591647 24.417423437304656 1.7014020835441174E-7 1.5114552988466028 
60.931619280939834 0.0 0.0010835290726607537 0.008900831501217028 
1.0924610882319712 3.7003865031118484E-5 29.114326155689422 0.0012629110857380829 
0.03829676627681492 40.236478410738194 0.1712686406337213 0.0 
0.23574688789017118 37.26097753285946 0.0 0.0055076594331286985 
2.815708713458111E-15 0.0 4.3103067097718E-25 45.984012948362206 
0.7317657792993675 24.99613654985892 0.32603040793830157 1.0502452965651883E-9 
0.016481611099776722 0.6496694516960392 29.659063108577275 1.6595388717098623E-5 
28.51366639567072 0.016354962586347933 4.499052891133887E-9 1.0459308716656298E-9 
0.031618949135467096 0.8422656609646314 27.61022000618186 0.0 
66.61603477710305 0.0 0.0047436396398809425 0.0 
3.057131567881012E-15 49.926747369274246 0.7440028329615059 1.6564992552356858E-9 
1.5778702663738984 34.18503343569083 0.0 1.4090610675607967E-9 
0.027996974159734195 0.0 32.49206760336918 1.7824063254852813E-9 
2.4268591585903126E-15 0.0 4.3214606884488776E-17 39.63990085657356 
0.4460736492855566 64.51613827795586 0.0015534148379414852 0.0 
0.7949780904530026 22.254615709055024 0.031128877222481754 1.0354387728185028 
25.974236081251114 0.08675188405280694 3.947015923728363 2.7634269534376954E-8 
28.218645776509618 1.3013027719585566 6.555363471328538E-4 0.002583225056877722 
0.008739835156475771 0.6684666580346792 31.467692882414187 0.0013793266716994816 
32.13672005943294 8.022231925882621E-4 0.9009589851856469 0.0 
0.005394272612445058 60.74786981453901 1.4518644356469984E-8 5.738441315292693 
4.139695810649967E-33 6.760636313314475E-17 2.547015963651739E-15 41.610577963852634 
0.009171125231824846 2.738369821942455 33.738158613679296 2.378705537231022E-9 
0.08091290821166727 9.024801398781634E-5 3.287438986112259E-4 18.82970155205901 
1.58281375046963E-32 2.584931021044838E-16 4.221512721618295 37.2888750869262 
60.55915182274774 0.4884057283644276 0.0 0.0 
27.042574193969063 0.0 1.586143571245156 2.6159451941717796E-6 
3.865177066364533 0.0 46.00955355281305 0.0 
0.5614702270791234 0.0 5.154945893333619E-5 35.48437085258606 
33.22444028198205 0.0 0.03199056716738507 4.478296512107263E-8 
0.0058301711621762 5.7858718205507914E-6 27.005835844971056 0.26904802748310247 
42.36351758111956 0.004079651503595218 0.8870783340900278 0.0 
2.8438628561679444E-15 46.443804991740514 3.3621351912563275 1.5448010025676675E-9 
0.005557257509103787 62.77520264605523 0.0 5.929949766651908 
0.006428726022410716 28.58944125876104 9.077338245171635E-4 3.508436576428114E-5 
0.02350388658706297 38.32812157294754 3.503972343069939 0.0 
0.9363142444335696 0.00423814208717157 24.953234336281927 0.0 
33.73295133563323 3.045652381508589E-4 0.003141869166317804 4.546836234463059E-8 
1.1258408016942276 0.0014142753787273069 26.042053454951926 0.0 
1.0113767736873793 28.31248018753688 0.0 1.3172912748531918 
52.52200107153352 0.001536988552018091 0.02039211678338938 0.0 
1.7747659728568803E-15 4.6292461785716227E-17 28.99398603355953 0.007096011087931114 
45.045628713682525 0.004337941639531583 0.06612326821053725 0.0 
28.779860761051303 0.0 0.12437553649210918 2.709346056630222E-7 
41.741500030436015 3.4583013246416923 0.0 2.311856678395408E-9 
8.499336578672553E-18 0.1388047000096701 53.714810914816624 0.0 
1.1165880965722026E-17 3.88912004806638E-15 6.020273277735521E-18 63.51448824721173 
9.035663531314647E-20 0.0 7.0058685288084625E-15 114.41451583050555 
27.41997084776921 0.027213196163925004 0.45610240100239063 1.015078580956355E-9 
0.025695053954659063 41.90128931015593 0.5622596580301987 1.0960365870748332E-8 
0.002360966640964296 61.71221264236519 0.36234797317129347 0.0 
1.074727614049128 3.3308060426281603E-4 28.641726561957704 1.922910272841786E-5 
18.238461859845774 0.0 1.069750934984804 1.0220208031252423E-5 
7.442286821929719E-17 2.0516714801068853E-15 1.8548568338460365E-18 33.528388642470496 
2.343885016275263E-5 33.08412172257268 0.016943533638853224 0.007964838158705719 
29.668351778266597 5.188176133694992 0.004240221635887475 0.0 
43.78560742060381 1.3841845564431714E-5 1.2275377307378899 0.0 
0.3785955620621658 49.517360405522304 0.006613207710773207 6.674598612029056E-8 
25.10917801208642 0.08386265885748771 1.6235508669780028 2.4457382155863844E-6 
1.8260909061369988E-16 1.1898670514812748E-18 2.477431941247695E-15 40.56929852104718 
0.8398782483958924 0.1027631574214232 22.54986015353857 0.0 
1.134782951840502E-21 8.504769377648435E-15 1.9801715198113778E-24 138.89342435010425 
1.7885830814643244E-31 2.018549356759019E-33 2.921163854354032E-15 47.70622609535844 
2.768331905833916E-19 5.2814373877105684E-15 3.345858700338257E-23 86.2524182261039 
62.75266412584679 0.004585056963949973 0.0015949413019166311 0.0 
1.6977373746313484E-14 1.0348042401455828E-19 277.261554244851 0.0 
2.140813184868904E-15 34.96213253257056 0.01319103627781999 0.33421812353383723 
1.246515265070015 1.9707131103012957E-4 27.889023463385513 2.5127909742660333E-14 
31.09097240218865 0.2504626754684365 4.905873663080702E-9 0.0 
62.6392996724949 0.0 1.5820488327023032 0.0 
33.229543059139104 0.0032793144482479264 5.1062236970460525E-9 1.9585249551247874 
6.943314103286329E-4 64.67474703677962 0.0 0.009559581497431947 
31.847918493051736 0.10763572862553444 2.9548859377606345 0.0 
2.4454992689706968E-15 39.93803389962475 0.08704885977317751 8.025849648513633E-6 
6.524831629518877E-31 1.0655858708097256E-14 1.0521009976919958E-21 174.02337907576833 
0.4273097600561748 45.59030859906943 0.03650698834312517 0.0 
0.433377640441281 0.0 0.02541914661588074 26.031789081240145 
55.88576353452228 0.0 0.0 0.01008588967922041 
0.42371978156742673 33.478847156153506 0.43652032617640657 4.5133306702749225E-8 
39.64321628097446 0.0 0.003838742323279518 0.0399599217239048 
1.503764065359497E-18 0.0 4.7530943038750355E-15 77.62392462972356 
0.2089390613175118 0.0 78.24714013680334 0.0 
4.104318461078111E-15 0.0 67.0286071696051 1.6359193992494218E-10 
3.289864560208097E-15 53.72756557235325 0.030940274195273544 1.7548634182268987E-4 
43.093326860316 0.0 0.0 2.53749373114032 
3.449970339634535E-15 0.0 0.0 56.34229137799631 
23.331448382604393 0.43721666481447313 0.0032674632131634756 0.11973755146106248 
2.885392206324794E-18 0.047122030749334694 15.625675950707063 35.794603671344774 
0.4530657385301731 3.200778064948777E-5 0.0018407755725120066 19.59789965399358 
0.05182848834033555 40.745857100969545 0.0 7.207523972411834E-8 
1.426769922694193 27.292697644793993 6.982351177041504E-5 0.0 
38.160093486578084 0.040041924990768044 0.04363391670453811 0.0 
3.2293977433528797E-15 52.74006751336487 3.7717254895175603 0.0 
36.37701501850252 0.0361026950412346 0.5373372723803044 0.0 
0.9607157790867306 58.74290761545411 0.00141456274756679 0.0 
8.975366462200578E-15 6.606036596908016E-24 146.57885797683997 1.319353060436868E-13 
26.491633112239608 0.4964365385673132 6.148713931902594E-4 0.13595569382602993 
3.380883953940108E-17 3.583761394756767E-15 4.738958916888484E-23 58.529869481979645 
2.9382429157674378E-5 41.47353031430473 0.008166175701444357 0.21503356511973085 
4.014012463181916E-15 65.55379830293317 0.0 0.0 
2.83865372939623E-15 46.358733495610515 0.6352496219767717 1.2126370128857239E-8 
0.009433748778594268 41.95319657663561 7.882899674215482E-4 0.029243878024012817 
27.31313534241701 0.0022176048565313226 2.511934136303278 2.8036774487187827E-8 
0.6351848606712329 23.22653261927013 0.30293253277982035 3.132121482624155E-8 
68.90089034372741 0.0 2.040165923924777E-4 9.287093213822964E-8 
28.88501524125414 0.030686891080129428 4.438623533526087E-9 1.7008569957659039 
27.379916337577512 0.08126354685415069 0.03908941956791913 0.014770214621482166 
1.5283988581207272E-31 2.4960647579120084E-15 40.76383100253666 4.205523138516635 
24.217077629395273 0.45381279974764605 0.00912585394457176 3.18438987137314E-5 
2.406040470369338E-15 39.293622815076425 3.922236780709916 5.253028564364929E-8 
46.108424374397806 0.04902550046636693 0.017902000808169657 0.0 
2.8361756800302136E-15 46.318263878285066 0.8067202857772289 3.6587577206262995E-8 
22.503796058293545 0.247935726882838 1.5881465572702134 0.0 
3.4761030314370243 0.0 52.0636423381253 0.0 
4.943247307047491E-24 8.762218181527541E-15 0.0 143.09788238744653 
1.1610759089624792E-16 3.2008257483952056E-15 0.0 52.307831399491555 
2.0811417482729965E-19 3.968378105574419E-15 3.277234862165812E-21 64.8085327752588 
0.019595903512461876 48.97664758809536 4.1136781453439786E-5 3.0203670100635587E-6 
8.762806586611264E-18 3.0521198352318525E-15 7.050964862674159E-17 49.858404180654524 
1.489820416538678E-30 2.4330613815770376E-14 2.858371862617872E-23 397.3490778355081 
1.9866877390175675E-20 2.9303804432035145E-17 0.4785675541214772 45.2337132366044 
45.55275360288099 0.0 6.190845620734854E-6 0.05005397284830213 
9.671284344237598E-7 57.943243331844855 7.059444739537535E-4 0.05818632980991757 
2.238813713956893E-15 0.0 36.562602629846296 2.0057015394233344E-9 
9.406318150969608E-33 2.6347564290612443E-31 4.305625044610831E-15 70.31619316865198 
1.667545834339743E-47 2.7233090153026216E-31 4.4475011361621905E-15 72.63320557827308 
7.373372283479387E-18 2.5681744286517547E-15 1.8118963752714168E-16 42.04589753243015 
1.5189834479305449E-30 2.4806882261695704E-14 0.0 405.127131822289 
38.246564576817576 0.40419955251625705 0.0 0.006885897766095 
4.783275625707329E-15 4.01489520047057E-17 78.1195708574993 0.0 
2.417466493612346E-31 3.379854220330307E-36 3.948022393937172E-15 64.47609868716333 
0.8832061592137186 2.750659645347619E-4 23.53763780821622 0.0010242486558899497 
9.837398251949503E-17 1.6065690546529305 36.85155290958931 9.647762324556018E-9 
1.240589973922177E-16 2.2813968606516825E-15 37.31308398528539 0.0 
2.6273394704894424E-31 4.290770975466067E-15 3.5434789309205996E-21 70.0736078101038 
1.7651360196008163E-15 1.4239422192824553E-17 0.0 28.827796796380255 
1.1931031292565885E-20 6.0016910087136334E-15 0.0 98.01505238741657 
3.1039897176541495E-20 0.0 1.608375720368343E-14 262.66768859252346 
22.589284447236974 0.25701224014791924 0.33474600494526685 0.0 
2.224690193882423E-15 1.5965364384299662E-17 36.33288360308907 1.4270467467473967E-4 
2.748045614712452E-15 44.87899068736796 4.479760718006222 0.0 
0.007231974071280353 0.0 33.49908656144026 0.3337376118843422 
91.89647385806394 0.0 0.0 0.0 
1.1379924543635901E-21 8.528823386154268E-15 1.9486569262056163E-24 139.2862561204168 
0.00130168013618966 0.0 100.88833851359253 0.0 
1.0569379044457576 0.012025435296693438 24.44980954286892 0.0 
0.005052675691343483 57.07540813238939 0.0 6.604608286160992 
0.014039786185458902 62.43688734525109 0.0 0.009228803442231561 
0.019236197361830017 47.9520987193592 0.0 1.3510373854508196E-5 
0.005020682908176549 56.71401522532587 0.0 9.205625532044387 
