1.0389619539594826E-19 3.108986896152686E-15 5.345717698220029E-18 50.77368423077415 
0.06369352099396408 19.72241354836623 0.007711420599810704 2.8721015283256283E-4 
3.868477888395051 14.581149275247896 0.11314188610680559 1.1005323877284935E-5 
22.014508520058616 0.0 0.00858636164974365 0.0030341905638265566 
0.11251765408417329 0.0030522686828400145 36.161743764815846 0.0 
2.4204552463447617E-15 39.52903397175376 2.40537531876881 8.376737503325951E-8 
22.335453850957105 0.012095857132909187 0.2537591058452687 1.0048112389697125E-7 
1.5003359440963754E-18 6.543008006917525E-15 106.85543266008308 0.0 
3.3482225341124514E-4 0.1885806109866046 21.655381412983306 3.702752299421851E-6 
3.988717439235384E-15 6.029285706884811E-17 1.0305039376950724E-18 65.14814292577287 
0.06507671741650752 23.875244141241907 0.0 0.28479549822033723 
1.2851146029085843 0.004547021291467768 21.322843399002704 3.594511896374158E-6 
18.590130326502194 1.5849608586486028 0.023227991522319826 0.0010003938723257724 
2.7553439177321997E-19 3.923511539587097E-15 2.52785280618326E-18 64.07581951498574 
32.9531360798544 0.007874552730022445 9.530728152134262E-5 5.719636678649979E-10 
1.4710890943918138E-17 6.607363920283005E-15 0.0 107.90670912318083 
6.118603085661172E-5 0.029441485459886826 25.05629504920425 0.4355710498591695 
1.8895030747022263E-16 2.37175363209186E-15 38.8563996351117 0.03538804019163079 
0.6494774236754036 0.07451383589876168 20.008613674372803 2.252285122751737 
3.181405309076262E-15 1.2140342257276757E-16 51.99410744261737 3.6642119771633907E-6 
6.356436315757426E-15 103.80848290597785 3.002355829857501E-4 0.0 
9.215946427684841E-4 47.99156835831822 0.0 0.42885471894846733 
2.9334854912538758E-15 4.2736374809747275E-18 2.0440971045575247E-17 47.9086675972477 
0.3606218581782561 0.0 38.81205415610856 1.3439720357682474E-4 
1.6611218195533674E-14 3.0530483286472746E-18 1.7765017220723152E-19 271.28178489692766 
5.0589984854004216E-5 127.46031710491297 4.1298722872534713E-7 0.0 
0.007944353512825573 2.257572199249315 19.633896932350357 0.015721967358308064 
5.860578721285409E-7 129.91495915904093 0.0 1.8437233345768777E-6 
0.8849105820581916 0.0011074518247696618 0.0 34.18451728268967 
9.955941349704668E-33 2.228065727741513E-31 3.642338326770315E-15 59.483899019803154 
1.9475166284100398E-15 0.0 3.4938138405104763E-16 32.31311568284865 
0.025652317254060152 0.00154428790593183 20.399119709868383 4.6039544371622614E-4 
4.540469961559583E-18 9.2613801132289E-17 1.823403481424395E-15 29.816917347012705 
3.444380234864863E-15 4.575004944152894E-19 56.25099853519843 0.8240648586372201 
1.3313597318771095E-14 217.42754446491085 1.493407677675497E-6 4.04252933906498E-11 
4.081125169176985E-31 6.664983196817929E-15 108.84743587225884 2.320273722448071E-7 
0.015243158336348784 9.753014249938451E-5 3.137960185171389 22.551969182527777 
2.955285713513665E-19 9.299689805579919E-15 151.8754602020832 0.0 
1.9662615148931335E-4 1.161841510370896 28.617344958539956 0.02302171169013021 
2.9937844491438668 0.01915510011079384 0.8171180761101404 22.302983727689707 
1.7185656207601244E-19 1.43534972363148E-15 8.276713049208328E-17 23.4799792263374 
1.5241443599251064E-14 2.801291474178375E-18 5.005602463451418E-17 248.91301008899396 
5.28813313182641E-17 0.8636176790741974 29.004856210823057 1.055466258993182 
7.543062459776097E-17 4.2815994414391E-15 69.93467566961019 0.0 
0.0012859686915361317 1.5467754230201257E-7 46.7053783956921 9.458672419431323E-4 
0.0013657773450194105 2.5047539930134168E-5 49.61230703285388 0.0 
0.006375852144777907 9.79405788942355E-6 57.05424386732597 0.0 
17.250905673625574 0.15802131374395587 0.0 0.44061795728409636 
23.697286398013162 7.283544215250299E-4 0.2655412656615682 1.0660743477211783E-7 
30.791633467699448 3.175420473099026E-4 4.194086696364624E-5 5.46566840620494E-6 
2.1790587585335985E-15 3.293832673644414E-17 1.065387959973781E-16 35.63329922296037 
26.033438063778682 0.0 0.010178964312968206 4.8474936038201375E-6 
3.731230487727274E-15 4.956014366920217E-19 60.93561871454336 5.152605737063159E-7 
1.9199838753307322E-17 2.9167943436736773E-15 47.63589855656191 0.12997557884542518 
1.2344130397843769 25.741289579123134 0.0 4.567954083109506E-6 
0.02348781038509474 6.964095508524406E-5 37.417501267867394 6.397602078586029E-6 
1.1937722568268494 0.0012813883918343526 36.74138569953768 0.0019727262669009186 
3.5347485943433816 12.950514121505401 0.3707769956971776 0.0 
2.7411166510649E-15 3.9933856481109345E-18 2.4193158751861384E-16 44.93990116909805 
0.02269868308279176 0.9839050713298116 17.707413539985012 5.119418961528824E-5 
57.67146262725185 6.076309352365078 0.0 0.0 
32.163099015941455 0.5944966439698868 0.013287977695358345 0.0 
3.950276960834169E-31 6.451291855879598E-15 105.35759143568967 4.153736435010144 
0.41951866809239663 0.0 2.523871418996821 28.138458468875488 
46.160503907962664 0.02643826149203163 0.012395857083487739 0.0 
1.6019546644680887 0.008064811666814414 26.46934969585517 1.192885661251342E-7 
0.030981578220584952 0.0015136777247274343 33.057764157542245 6.70408973878162E-4 
0.6529267614202448 0.08043241372840612 20.13484538764401 0.0010801784525499188 
1.8534769025412452 0.0 23.81042063373898 0.0 
0.0035133084197617667 30.365661733801293 0.7103743860963718 0.0 
22.909124903631103 0.20985159170691417 0.0 0.327961590924576 
6.849883090278436E-10 549.966381047072 0.0 4.398418683453853E-8 
2.814391645442637E-19 3.5430648714533724E-15 2.2827373880761135E-18 57.862652651568624 
6.738285248779964E-17 1.1004454922793119 36.598943051284515 7.110745384128598E-4 
44.98429636799616 7.904083379055123 0.007036503721644491 4.175960701113496E-10 
8.032936387291525E-20 2.403773677230475E-15 6.079860442947956E-18 39.25672886458449 
8.700620933285065E-15 1.1287129091506665E-17 6.5881546004086265E-18 142.09208328319232 
0.026362224513139364 1.960064178649131 38.29830257304933 8.416082871642018E-9 
33.8001022433057 0.0 0.6630495355799179 9.199547950906585E-9 
0.21920522311171223 0.0 45.788206271137255 11.167038059277592 
0.0011136102275475911 57.990681455489195 0.0 0.0 
1.787227650750051E-6 46.66949141052935 1.8760729403355135E-5 2.8395515696966595E-6 
0.007299014493445659 57.32637718641159 0.0 0.004276005053643798 
2.7522517955342344E-16 4.494768283313131 44.15084085333319 9.387157192065998E-8 
24.840729027984064 2.839315747564395 0.1620138116815011 1.7111646506259146E-8 
0.23536791665243456 0.0015059521094231286 3.0236814945951336 21.796150692645885 
1.2315145524476665E-16 2.5119700123009255E-15 9.974477452910417E-20 41.07285474317559 
0.45351756780173674 33.719595195512 0.0 4.66568520048648E-7 
3.3762520843285855 24.97888483682119 3.7374717433880256 1.596450250066356E-5 
1.4400840833049165E-17 8.431911431459793E-15 0.0 137.7037646266958 
0.1442720540028808 30.27300879084476 1.842159237543822 6.415333296148632E-8 
47.886904411599446 1.2990290265413351 0.0018280674382548739 0.0 
0.7171660523129461 0.032798937907583876 0.0 27.733402775995906 
0.009532160998018907 8.427672192071521E-6 52.461475348197986 3.1130090942752538E-6 
9.419037892755675E-15 153.82456230340986 0.0 2.1830429442900283E-6 
1.2236456035392358E-30 1.2938128296736646E-39 1.9983649234884467E-14 326.35775880519776 
1.2042031939832197E-16 1.820255562414534E-18 2.6392677785106243E-15 43.14736547220603 
2.2697317184014542E-15 37.06753196075358 3.273446956224664E-5 0.017261550449696815 
5.690480675616911E-15 0.0 92.93260194823267 0.0 
1.3774779015065592E-14 2.0067735827036938E-17 1.1089601994869838E-18 224.95945258814152 
0.04665264776954471 0.5818026359285375 26.303158625384377 1.8005888627398154E-8 
23.113219212644744 2.5862281315125406 0.009093568890870587 4.36296038237584E-5 
8.642918241623458E-17 1.7629309697214781E-15 1.1371910897325181E-18 28.82543273149276 
61.65534461261537 0.0 4.0600629520484385E-4 0.0 
43.80547762430856 0.0 2.6212523437546034E-8 3.367008945122035E-5 
1.327476481870704E-4 124.69920700695813 0.0 1.7697025750563206E-6 
3.0727704317854304E-15 1.3591213747815036E-16 4.321177821997469E-18 50.23126300615159 
8.05901854693995E-31 1.3314235947250626E-39 1.3161376084191706E-14 214.94158304835597 
1.785534830166884 29.072992495080356 0.011388835311412698 1.4109720405713486E-6 
4.0481198379022354E-7 3.445542439410403E-8 25.159013462013572 6.233327032079816 
1.1433961822969852E-17 0.1867307672862187 69.52634599897085 1.9725316387694757E-4 
1.6773348247127722 0.008444302303641842 27.714867977927547 1.1817456624188069E-7 
0.037189826443124546 0.0 50.8590691878362 0.0017548987917229896 
0.6901922565214832 51.316652648736195 0.0 2.226666595922412E-7 
0.04034932187509306 3.83633065188734E-5 43.045515034098344 2.2087446172090817E-4 
1.3175752783051825E-31 2.1517637235854937E-15 35.140968401397615 9.44542701446368 
105.76768095380339 0.0 0.0 0.0 
0.5555912026576906 27.62218958070931 0.6463242878986168 0.0 
5.156665583136787E-20 1.9188663691562054E-15 31.337465972802658 0.28721557029231665 
9.654398414265846E-4 66.16143085953676 2.0551745796417643E-6 1.2260998253252881E-5 
6.44743325144968E-5 0.031023749975054082 26.402887652078622 0.05942429069648247 
0.1674851212307357 0.010454316161245257 22.700629187752785 3.88143320800667E-6 
1.3576186454026802 0.05984478477014514 27.265374516387556 2.558579962758281E-7 
0.007339263683957289 0.12191125748820268 45.4739737055511 3.2047262325857392E-6 
4.4885118264734105 16.44488546832166 0.008709132494718847 0.009095407120484117 
1.3027808666302307 33.00717060957851 2.7223500845393218E-5 7.292498388377005E-9 
0.0023323545914212007 0.144913765683521 0.0 55.36733527498024 
7.032722737920147E-15 114.85307833763339 4.650118071265086E-5 1.009857928246724E-6 
0.04077230141099662 0.27206478230419245 37.214525872980765 0.0 
1.0507175960027985E-18 9.167451342990505E-15 0.0 149.7158431245103 
0.008641908988477371 0.03337126098065531 30.616395449752645 6.476054068117779E-8 
1.4474867729808403 0.025384230083489785 34.01882417315762 0.0 
2.8971652331897797 31.779474231673134 0.0 0.0 
27.438131780604714 2.5618996982305755 1.257204198688964E-4 0.29891576754877647 
0.9656640147914225 9.95851449686922E-6 40.08437512477604 7.11724076828757E-6 
5.813309618709318E-15 94.93855081737478 0.0015479921225484165 0.0 
1.2361131468203638E-33 4.856515914474371E-31 7.931318073133356E-15 129.52825383866514 
3.1546554923355035E-19 8.275263882697472E-15 135.14531527738518 0.0 
4.8401121626247896E-15 79.0450302241375 0.03265536017566966 3.82900324395156E-6 
4.166262320094017E-31 2.4690019029751996E-34 6.804023910538304E-15 111.1181430478654 
62.09493024348016 0.0 0.0 2.4137056894767478E-5 
28.000142256976858 0.25648620125665705 0.0 4.482011749289519E-8 
2.7232647351841115E-31 4.447428821240793E-15 4.3691102024115887E-17 72.63552932482969 
5.432984531903729E-15 88.7273707927279 0.0 3.314716555220871E-4 
0.12757577390940716 0.013497154416741052 35.01726690452603 0.0 
0.3961190845826373 0.0 0.0 47.60498891610523 
6.408549230288813E-31 1.0465955138658256E-14 170.92201842923302 0.0 
3.708380363036799E-15 4.306919696815809E-17 60.56653167924031 9.912895873900505E-4 
29.146074500361035 0.20045621530902913 0.0 4.6653569222136396E-8 
0.07324007052989594 0.8033821845805249 0.0 35.47577909011133 
2.8303179499111744E-15 46.22259988564461 0.04184101542655098 0.0 
55.60596423423644 5.210302679669057E-5 1.7457530694656063 0.0 
2.987110096596106E-8 314.15632352174305 0.0 6.38743298247186E-7 
0.18025619311992627 1.032410820030214E-4 49.20251079758823 0.0 
2.4539440732828106E-15 1.9547296785170413E-16 40.20289156316582 0.1096944586020102 
1.7195450024216095 0.008656803406947144 22.090163947051433 0.0 
2.4228556306742943E-15 2.381583319609191E-16 39.758933992340864 1.284366722416682 
0.11893672447684928 41.96165602308226 0.29971144719324405 8.87608746995016E-8 
2.638714399176705 42.23479613470298 0.017789016319247536 0.0 
0.051992541454673774 0.3477484227463487 2.1575005771951186 21.92700729813554 
3.7886821177886567E-31 2.794304819990588E-32 6.204193247838939E-15 101.32216492393627 
2.4759180415344817 19.709765447864378 0.0 0.39746333152635793 
53.27821622145871 0.10217995019064646 0.0 9.48007736060964E-6 
84.93297313184922 0.0018503712278940326 0.0 1.9399375571050695E-5 
1.2862326909781507 44.290094989524974 0.0186262419601351 0.0 
