0.0 2.5644200171450786E-7 0.9999975320400338 0.5952129445669866 0.4982169558235971 0.5097685144261427 0.2956325844696245 0.40126540734615024 0.39264114745778844 0.6001158808229302 0.3020147714546255 0.49365620090198103 
2.639370148882817E-7 0.9920388533099482 0.0 0.498830619370213 0.4070560670848364 0.5001960954851021 0.5013440901203546 0.6987061093554517 0.5990662203960873 0.5941106323923445 0.6032051044808208 0.5065613881693352 
0.01154988185419692 2.1076497219710658E-9 0.0 0.704485916381912 0.4993615904344429 0.5035393531026627 0.40209005211659543 0.4078084307261616 0.6026259132794666 0.5994266123706921 0.40303383288488787 0.5058167244199232 
0.9997871028095832 0.0 0.030447928976075456 0.6976763376645191 0.49733762786961333 0.49416155050499355 0.4003084877985291 0.7046944994506266 0.3996613791455742 0.6044560322453895 0.4053923746280105 0.49833144522967904 
0.0 0.0 5.8039853698571635E-9 0.994594046933861 0.481545373063824 0.7060974069685754 0.4931623388534254 0.3056848385194376 0.40049403640962355 0.5962078754854446 0.40450265850261086 0.4969142563864909 
0.9936575955893915 1.0 0.0 0.5029174238801741 0.39933492760168615 0.7008481080321891 0.49536847540205725 0.3013271954797869 0.6088291809025796 0.39198561763011364 0.408117087667252 0.5002622082614457 
1.0642412546128116E-5 4.341078240831931E-13 0.0 0.9972715119423725 0.49651445237566316 0.6096414668588783 0.49714210350641785 0.30977078115827017 0.3987665029678345 0.47639038341009576 0.40055883873370973 0.4901659350545413 
1.0 1.1355940442167606E-5 0.9999994130095303 0.5026230419853644 0.5111437548555013 0.5015345375941678 0.39995585667910216 0.6958216341290179 0.3926142482017541 0.5968696987178852 0.4029489551215901 0.49898113229484625 
0.0 3.801314117913258E-7 0.9446638952671563 0.7030365192974941 0.5025008392994618 0.5014234614111487 0.2938253549283351 0.4024450880460332 0.6037921980753569 0.6011588131736036 0.8014761829770425 0.5967160604982534 
0.007951980462967955 0.0 1.6046257505607361E-6 0.49717791816998735 0.4987080855028505 0.49946174586276687 0.3015151103164611 0.30410611370544177 0.40897794796596254 0.39755563292413665 0.39939048428870894 0.49863283987172674 
6.738008393735908E-9 1.3103324091565784E-7 0.9988700829521469 0.5956847578053278 0.40815031235981186 0.4976506090210645 0.4990395514044923 0.39588183230096513 0.5987443902031119 0.5954813385892007 0.6029653845066495 0.49237684605355414 
1.6946524652031542E-11 0.012945910144639805 0.9999857629747001 0.7019344210707472 0.49931507905683203 0.6054635670017542 0.39576640596349133 0.2984730454415446 0.4031976469741629 0.3970539709265336 0.597916692870361 0.4994161774761467 
0.9886656280605739 0.0 0.04419448241848595 0.7031829733676909 0.5013865161184158 0.4971395304736598 0.4002843794437095 0.30568735202214525 0.3964782319024202 0.6041928829391237 0.40301204085173514 0.4982799151513407 
0.0 1.0 0.0 0.704162574125255 0.5131138860105284 0.40706261312282577 0.4058193652063598 0.393302172223745 0.39888304170988115 0.5931015709069861 0.40444421545749376 0.4996797478332653 
0.0 2.7098806495201247E-8 0.9870924666466134 0.5911368259449246 0.5040582183481801 0.5970519623964753 0.40097281866264556 0.39957106255844044 0.3979836236197657 0.5957993654225129 0.6006482179531732 0.5088491338142304 
3.315542613533669E-5 1.0 1.2600656730169423E-7 0.5035674438991652 0.3987312745726435 0.6976419443037929 0.4995985816459176 0.2964484419120218 0.39545102183167946 0.39483013242463333 0.601333918357214 0.4930819230771635 
1.0 0.9935413159647506 0.010768186507703881 0.6970297142983519 0.4991590094157667 0.6047295178759496 0.401052315946718 0.3061839280661256 0.40195474303955003 0.6016295984360881 0.29823287697797035 0.507081064100272 
2.8125805104026246E-12 0.006813783691171204 0.0 0.4990450496937094 0.4070560670848364 0.5001964284784647 0.5014090352098115 0.6987061093554517 0.5947654119575981 0.593670170439946 0.6032051044808208 0.5032821284137958 
7.489607140569512E-6 6.699327810003864E-9 8.520307722865566E-8 0.6982361433320057 0.506658755324844 0.502201280189357 0.29537340440153537 0.6977691303211623 0.3919475372771257 0.5913863070936695 0.5942469478330098 0.49837878435614813 
0.0 1.7440948067664493E-9 0.0 0.7043810069615001 0.5980648564278885 0.5035054511676533 0.5120666822264405 0.31498847593952883 0.6033017290524818 0.705216112591584 0.4051308053099442 0.5008486317489375 
1.0 1.0 0.9996385467462333 0.6957916276068519 0.4967344910789381 0.6017240480750055 0.399975531953378 0.40439355629964746 0.2883743125015216 0.3949735072895154 0.2981122014946877 0.9870048059515447 
2.1098080629003307E-6 0.004270058054482939 0.0 0.7042288527440753 0.49323177084369935 0.4999546247783805 0.4023940679035557 0.3980876200138159 0.4931347505356837 0.40127036003132155 0.3014432353967028 0.4983784576453953 
0.0 6.972438409328296E-8 0.0 0.7027645721857432 0.3999712961048044 0.49487291203287265 0.49324365055434366 0.31922188895891024 0.6032910475402256 0.4009016467346466 0.4031414157065473 0.5007983607403093 
0.9586627898375679 0.02527840362996825 0.0 0.5987490296800021 0.40184510332539064 0.7015655579614162 0.5917194536207968 0.3013271954797869 0.6040562716861116 0.3917847272108018 0.5037347070507 0.5011911625928394 
0.046031405606608344 0.0 0.0686207880004191 0.7019948586555488 0.6033300177420392 0.5001961683914066 0.5021835071708822 0.30156178666344036 0.3982732990554479 0.3960905843592278 0.30323996899003675 0.498885660436364 
4.524670678734163E-11 0.9812652060171659 0.012438651728715333 0.7994064435692463 0.496000174247483 0.6022533955494307 0.49756602476028394 0.40191021776460123 0.6041466187069484 0.5987657664464247 0.5967920804578533 0.5075995053258174 
0.0 0.9049473954230216 0.07150518699611785 0.7040720271791298 0.50303019452679 0.4999441537709343 0.39966756412962134 0.3039623038193513 0.5954278893545578 0.4011717676425938 0.3014432353967028 0.49857496479734575 
2.649006083241251E-7 0.0 0.9821437317630638 0.594913490934704 0.5037705661593479 0.5032687919027649 0.3994429454766524 0.6943081625223534 0.395047201221441 0.3979207997818144 0.600951820151886 0.4989808758180524 
2.161464739895625E-4 0.021126633136720196 0.0012054715813941217 0.596469566098695 0.502049443668354 0.502334904469186 0.40327595023697294 0.29943014926250777 0.40099470459822883 0.40261864389832214 0.39514492878625956 0.5030277250872995 
0.9756762294912672 0.0 0.07318137238937567 0.7018977991829276 0.497482030207301 0.5001266883425225 0.40028054291067905 0.30405227175529176 0.39697240425508085 0.6044560322453895 0.40239148869691094 0.49832460534883205 
1.0723838182394714E-4 1.0 0.003700872625552489 0.49529397540902714 0.39798970707708636 0.49526470540304823 0.49370115541032683 0.3015464944670999 0.304503838853725 0.3975827931659918 0.5002919619040169 0.49932481650551147 
1.0246941810620651E-5 0.9093262957449365 0.9441231558379202 0.7033936762378691 0.49806749600420563 0.4986291338184351 0.5019647514147977 0.4012348803804565 0.40235650007147983 0.7031276021290244 0.6002804204830691 0.499011609821768 
0.0 1.3637410181264852E-11 8.142235049050042E-8 0.6863521402986497 0.506658755324844 0.5078634186103856 0.29839627767089993 0.30560747621851797 0.39218133864296917 0.5112314600887552 0.299016658842329 0.49925996334519557 
1.606687055155716E-5 1.0147783200718353E-13 5.559898502477314E-9 0.5955325235809601 0.49651445237566316 0.5988798367910312 0.49933819580677363 0.3090084159511348 0.3983882019133822 0.5030331257881882 0.40055883873370973 0.49977170057332876 
2.1330862549587345E-9 0.995806261635965 0.9992072566407814 0.4985670751258542 0.4070560670848364 0.5038830003739323 0.5013439354134354 0.6987061093554517 0.5986174496439085 0.6027314029779205 0.6032051044808208 0.4917756412728078 
0.0 4.661679246091876E-9 4.033657625527459E-6 0.6996180541110784 0.5045098847457828 0.5022025876753333 0.4052730946852817 0.3979502695358431 0.3967063097943433 0.40256247809337303 0.3998416154530223 0.49977683065878076 
0.0 0.006100359195811644 5.845922494485535E-7 0.4963594510958262 0.49450222626797685 0.49989219238349913 0.00445182697859664 0.4012277787947775 0.3951375252390123 0.39533014689899293 0.40110346699936544 0.502389807573998 
0.0 9.789083355613223E-10 0.0 0.695043999443508 0.4812232090116601 0.49487291203287265 0.4932521841780891 0.3192218214945373 0.6032852570433694 0.4009350090343867 0.40308774406870296 0.5007947549469374 
8.212307789293271E-8 2.7098806495201247E-8 0.9996529654457806 0.5911368259449246 0.5040379195855942 0.5970519623964753 0.5002144795701624 0.39961880751395956 0.5899518035246598 0.5957993654225129 0.193413996235365 0.5082173427716951 
0.0 0.0 3.407957316969718E-7 0.7046610826360038 0.4962883858964671 0.7060974069685754 0.4989162156778191 0.3056848385194376 0.40049403640962355 0.5962078754854446 0.3009370766418996 0.0083331539617712 
0.9959493605567835 0.0 0.9168889898442506 0.6957400381817603 0.497461127105353 0.5037330680383443 0.40028054291067905 0.401406741091596 0.4053735414555573 0.5950789039852952 0.2993014502775759 0.5030383032594888 
2.649006083241251E-7 0.0 4.748776382929899E-5 0.594913490934704 0.49822272161188497 0.5032687919027649 0.3994429454766524 0.6943081625223534 0.395047201221441 0.40444896436831973 0.600951820151886 0.4991366846643473 
1.036536135237911E-5 1.41319213057076E-11 0.0 0.9972715119423725 0.49651445237566316 0.6096414668588783 0.49714210350641785 0.30974206412100364 0.3981763996712245 0.5030331257881882 0.40055883873370973 0.4901659350545413 
2.543457490183415E-7 0.9974673792626438 0.9545481362209118 0.499586297589845 0.5941156737635201 0.5001961683914066 0.5021835071708822 0.30401339791692594 0.398349869815747 0.3960466609179888 0.30323996899003675 0.498885660436364 
1.1937799209376472E-6 6.699327810003864E-9 8.520307722865566E-8 0.6863521402986497 0.506658755324844 0.5026866036707864 0.29839627767089993 0.3054575381810265 0.3919475372771257 0.3995097538292056 0.3032913556312632 0.49925485443403567 
0.9999801589108026 1.0 1.0 0.99859994354623 0.8814896631109685 0.49482888183257245 0.5136823851090598 0.3017732920635394 0.304724497635424 0.6076576840805312 0.39612654457351987 0.49932682656381333 
7.940922770799552E-10 1.0 0.9999853302262455 0.7003962491863084 0.5037810122906355 0.6053950090762625 0.49710869065298774 0.2947115305170872 0.6041466187069484 0.5948337625155713 0.6048303706403697 0.4993626099936804 
1.3431957976991408E-5 6.732173922864317E-9 0.9952165084410047 0.6982639444836729 0.5063874319902785 0.5966855216803959 0.5002256640952921 0.29812616406093995 0.5892358922855636 0.59534068559661 0.5957633949733712 0.49924955886655453 
0.9787061113194353 0.0 0.9904957656861102 0.7016607385739613 0.40502104269336836 0.502089483892896 0.5015137448329519 0.294139712404066 0.5971873126585135 0.4008367297239852 0.6029825703878622 0.4993424500078412 
0.0 1.0 0.9992751948441934 0.7004292185784816 0.39831945908181254 0.5037551776197428 0.4928884965559009 0.3005386917853323 0.5936316245381054 0.5936713341740698 0.8048201549754417 0.5000164923186806 
6.1763720013245565E-9 0.9318326954161825 5.392598928231299E-5 0.7052996683295024 0.40324651848964804 0.4956472619753523 0.40034318475597813 0.2982404882447293 0.6003781389990972 0.4007690652513799 0.3014398676941846 0.506335567355328 
7.45470347396363E-6 1.2971100401323902E-8 0.9999930713575521 0.698737658199501 0.4974612279388924 0.5966855216803959 0.5002256640952921 0.7863312433428394 0.6001058723199242 0.595181545022849 0.4035359418919585 0.4983066287387857 
5.8486177644627325E-12 0.006555196525474045 1.0 0.7019344210707472 0.49931507905683203 0.6030370659855154 0.3987095173458071 0.2984730454415446 0.3968917766870147 0.3970539709265336 0.30323441177338295 0.49380051595847574 
1.0 0.9914369722823084 0.8968426810944857 0.7080076694732107 0.501373477107809 0.5036950463446752 0.40049507815468355 0.40641337366112196 0.39647801553474993 0.4041557851892132 0.4029893193874293 0.5014229840357743 
4.713309568291195E-5 0.9977575230866847 0.04982320701473145 0.8042261459345019 0.5036717647787988 0.5018658097018649 0.4020260124840922 0.40373519916530676 0.39558518223760375 0.40089314787462743 0.40057188326637455 0.5030425699505177 
0.9936575955893915 1.0 0.0 0.5029174238801741 0.39933492760168615 0.7008481080321891 0.49536847540205725 0.3013271954797869 0.6088291809025796 0.39198561763011364 0.408117087667252 0.5002622082614457 
1.0 1.0 0.9812442703301879 0.7009159114679738 0.5013651238810012 0.6046024492546336 0.5039528582614254 0.3901899109278534 0.4017938529700871 0.6016295984360881 0.8077434725944448 0.4996507736681443 
0.9607477846198003 0.0 0.0 0.9992689868865525 0.48527259073602225 0.6030692950991613 0.4000457345589701 0.393157135663794 0.8018082902242925 0.3953231848628482 0.7984092454662474 0.5018498160678853 
8.56524788715586E-9 1.7440948067664493E-9 0.0 0.7043810069615001 0.5962744021887761 0.5035079325803379 0.5120666822264405 0.31498847593952883 0.6032941029730845 0.7027558102037237 0.4051308053099442 0.5008486317489375 
0.0 7.74876093518568E-9 5.845922494485535E-7 0.7016805336671912 0.49450222626797685 0.4998868148463796 0.00445182697859664 0.4012277787947775 0.39071188210851127 0.398948317233129 0.4042539468460091 0.5082606660562119 
0.0 1.0 1.0 0.700573203878631 0.49741100051912446 0.40609611310938193 0.2946758777313039 0.3911580785078217 0.3967826303604441 0.5918368358738122 0.4049051838200817 0.4990414028687714 
5.523054500078217E-9 1.0 6.184844487062697E-6 0.7009658224368576 0.49914222097683525 0.6997747395837909 0.49955325146149226 0.3000623004591452 0.2028958139358853 0.5874155289586874 0.2981957933120691 0.506888379366829 
1.0 0.0 0.9998206496580897 0.5990565784718079 0.5012529784510965 0.5018776979974238 0.4000798852691789 0.2958398932234836 0.3982585085565332 0.38950209946729175 0.303191041490205 0.0028410830363937156 
0.9883010779196437 3.6553717845086633E-7 0.0 0.9973401108281577 0.20019161138860248 0.6044664985755268 0.40328728572295497 0.3939900189256178 0.6001289853454002 0.39856081581565067 0.8020285100989779 0.49866875284012385 
3.7203154592890386E-11 0.0 0.983455958067964 0.5948506961616626 0.3977589783230122 0.502089483892896 0.5015137448329519 0.294139712404066 0.8019986719807968 0.4008367297239852 0.6029056707939588 0.49223361765321416 
0.007951980462967955 0.0 6.25123330171717E-6 0.6938423884559444 0.49916851355715003 0.49946174586276687 0.5002156630573442 0.30410611370544177 0.40193887930886185 0.3963745208572941 0.39939048428870894 0.49863283987172674 
0.9804772141622169 0.0 1.4752472416153814E-4 0.6981187525269845 0.49747912592639715 0.5959952668480213 0.40028054291067905 0.7029274567575652 0.39697240425508085 0.6044560322453895 0.3054990761098263 0.4983301842823313 
0.01665837276691539 1.0 0.02196519976309874 0.4975998239785162 0.4004100308108123 0.700756284079778 0.5033394438815747 0.3013517447501936 0.19400385276285215 0.4014146101814818 0.5032838764839146 0.49932481650551147 
1.7175429473340422E-4 0.9977575230866847 0.997067039380765 0.800529372445075 0.5036717647787988 0.5018658097018649 0.39896532828461345 0.2999418434375988 0.3969619255447826 0.395986310630274 0.3964747517915668 0.5030229992572399 
0.0 0.034955547224356676 0.03042898166694238 0.700770185698867 0.4982524829453878 0.5023466391407738 0.29956455900284124 0.29963014550382516 0.40193518642324144 0.40261864389832214 0.3021731185346384 0.5019466940547888 
7.162492688956461E-6 1.2971100401323902E-8 0.9920515409645254 0.699348097337213 0.4974612279388924 0.5966855216803959 0.5002064031073398 0.704025865605014 0.6026144644643123 0.59534068559661 0.596112252704884 0.4982030881295793 
8.397973654714739E-8 0.0 0.013469151215209918 0.7020527726585062 0.6033300177420392 0.5949630880314576 0.5001296506696135 0.30589673056561806 0.3982732990554479 0.3960466609179888 0.30323996899003675 0.49888069132781954 
5.977712569929576E-7 7.700414983903954E-7 0.9999895705715826 0.699147345743222 0.5028205678531558 0.4986454945417162 0.49616950968111356 0.4012293602072401 0.602678991488237 0.698015928905282 0.6002804204830691 0.5027720802777886 
0.0 0.0 0.990571552757709 0.7067531283144646 0.49578696592432486 0.7001112129494597 0.39378094366852817 0.3065271387130434 0.3999000898232604 0.38838852374453625 0.3032379275043765 0.5008702573710828 
2.917716253946802E-5 1.9195383486667763E-5 0.0 0.6961318253004944 0.6093506320489699 0.5027900329331425 0.5015410687742624 0.692586775484992 0.40454582780001563 0.40252335051879023 0.6034795882362616 0.49187875577621726 
0.0 6.651112349644981E-4 0.9945514577555414 0.7014483508365295 0.5058289078287691 0.5003249101829318 0.3006981219621526 0.40591533405310726 0.3987353425306818 0.598129749895403 0.40567825540489494 0.5026461113461905 
2.639370148882817E-7 0.9919903734089363 0.016330305274543287 0.498830619370213 0.4070560670848364 0.5001960954851021 0.5013447743473237 0.6987061093554517 0.6010152350982622 0.5940805422905674 0.6000879365266748 0.5025715571447733 
5.499886314945971E-12 0.9247981254241111 0.9670134041781485 0.7019359298083772 0.4976048341568596 0.49988229554307895 0.5025520391724307 0.4002559453359075 0.3968917766870147 0.3970539709265336 0.29618594741248516 0.4944116224865301 
9.0840680678877E-4 0.004933701405810176 6.364655954304334E-4 0.7011285027812442 0.5990126298189926 0.5027890508695645 0.49973934132882847 0.40140882358344665 0.6005267807955769 0.40531407600466884 0.5984850719452822 0.4990778682366753 
1.0 0.023598071605549387 0.99254520224993 0.7075770591888146 0.5013664806942812 0.5028146145811924 0.40035759213141425 0.299777206280507 0.6029754851769726 0.6072758605011912 0.3995352527975423 0.5059169175694996 
1.2046862632927725E-11 5.876231610267406E-7 1.0 0.7022124208490581 0.4975307267221798 0.6005125291512355 0.3986060953519398 0.3902020269006104 0.3997788216024856 0.6083941217494111 0.4038943459005784 0.4995072063177122 
4.9776788991742985E-5 0.9977575230866847 0.029654621889543806 0.7016338071533367 0.5036717647787988 0.5018658097018649 0.39896532828461345 0.30416012270544457 0.3969619255447826 0.3938540064285405 0.29902834056585453 0.5016442139271076 
5.499886314945971E-12 0.0067101160255947 0.9986566615044663 0.7019359298083772 0.49902414513842985 0.49988229554307895 0.398746202831833 0.4002559453359075 0.3968917766870147 0.3970539709265336 0.3027900517875588 0.49418789081991094 
4.713309568291195E-5 0.9977575230866847 0.0022186006890874133 0.800529372445075 0.5036717647787988 0.5018658097018649 0.39896532828461345 0.30416012270544457 0.3969619255447826 0.3938540064285405 0.40057188326637455 0.5030229992572399 
7.853224166821694E-4 1.0 0.06859033881198145 0.7007633140134153 0.39798970707708636 0.49526470540304823 0.5001138029189726 0.30148194894324093 0.304503838853725 0.3993878211896947 0.5002919619040169 0.49932481650551147 
1.0246941810620651E-5 1.789304041685988E-8 0.9441231558379202 0.703294849989163 0.49806749600420563 0.4986454945417162 0.5019647514147977 0.40119711402032954 0.40235650007147983 0.7004672787952307 0.6002804204830691 0.4991069253859347 
4.4672429357519596E-11 0.9516395928601806 0.0011208485758253672 0.6985345734291979 0.5005552088273311 0.502364568135539 0.3002015663838601 0.4012213386433685 0.6032083573345535 0.40252063630067597 0.3998601920372482 0.506058585223294 
1.0 0.0 0.027586423081452094 0.6972470909100092 0.900705439351611 0.5055036395464803 0.40387237388599084 0.3896875329196271 0.40506098823989267 0.3970465852404842 0.8012644330851926 0.5661587732269431 
1.4673067560430086E-15 1.0 0.9664812320097492 0.7994064435692463 0.500514196256213 0.600017026725752 0.49859713940288125 0.30400560638879 0.6041421250116817 0.5948800781060191 0.80262860795908 0.5071723358170236 
0.0 1.0 0.012438651728715333 0.7994064435692463 0.40317843630625877 0.600017026725752 0.49859713940288125 0.30400560638879 0.6041466187069484 0.5987657664464247 0.5967920804578533 0.5073004942373626 
1.0 1.8602915993031068E-7 0.9959330416855032 0.7075465284394952 0.5013733046410339 0.5028534466841867 0.3995151564287512 0.4078084307261616 0.7982126286970264 0.5974482413197645 0.40303383288488787 0.5058167244199232 
0.0 0.9049473954230216 0.9876028300125241 0.7042288527440753 0.5030179028334555 0.4999441537709343 0.40195744883500134 0.303897288996036 0.3969619255447826 0.4011717676425938 0.3014432353967028 0.4983784576453953 
8.17565375508881E-9 0.9571952359995831 0.9951244398158503 0.7020520241618925 0.5030561021456083 0.5002582864611311 0.30248509718401684 0.30415872556801093 0.3973239920994516 0.6008262912271012 0.4010512668356476 0.5071723358170236 
1.0 0.00869167709599633 0.021209624552537443 0.7037145310129072 0.4022786897575345 0.5002256866386646 0.501833835268213 0.303652820029644 0.4086720841061394 0.4041557851892132 0.40304634715625304 0.5014229840357743 
7.45470347396363E-6 1.2971100401323902E-8 0.9920515409645254 0.6982639444836729 0.4974612279388924 0.5966855216803959 0.5002256640952921 0.704025865605014 0.6001058723199242 0.59534068559661 0.5957633949733712 0.49834275862942956 
4.764729470550788E-5 0.9999987525988021 0.0 0.4942861980610589 0.39384805476183404 0.6021360860642919 0.5001138029189726 0.30131709120372757 0.1980196774881055 0.39371681117804713 0.5032838764839146 0.49931738954993127 
0.9725057109411982 1.0 0.9905895054588687 0.700604845120558 0.7961429584268748 0.5054468640046275 0.4961280337464459 0.39953514672135637 0.6037556721508791 0.31020579559576017 0.5020434458615306 0.4993813049383672 
1.0 1.0 0.9996385467462333 0.6957916276068519 0.4967344910789381 0.6017240480750055 0.399975531953378 0.40439355629964746 0.2883743125015216 0.3949735072895154 0.2981122014946877 0.9870048059515447 
0.0 3.801314117913258E-7 0.9441156385753249 0.7029888781482618 0.5025008392994618 0.5014234614111487 0.2938253549283351 0.4024450880460332 0.6037921980753569 0.6011588131736036 0.8014761829770425 0.5967160604982534 
3.1781192052052556E-4 0.0 0.0 0.7910320373927234 0.5013338359210253 0.5051319704053663 0.4000808228394764 0.30654706643454377 0.4061848336652646 0.5926989410910871 0.3032619088862425 0.5029430405491089 
0.0 0.999563294618354 1.0 0.7016929021416636 0.4975494966337217 0.5035946239879767 0.39856056540388685 0.38869332617991253 0.3971847255099177 0.5918371538221824 0.4044445458260972 0.4997078881115698 
4.095222193504709E-11 1.0 0.9823540789365692 0.700391788249634 0.5025295173076769 0.4973374851332308 0.5028877889884819 0.29444885053118863 0.601100016942511 0.5936809077716511 0.4045593469709224 0.49308067815808626 
8.044808137849936E-8 1.2971100401323902E-8 0.9920515409645254 0.7045858187151335 0.6027173747049192 0.5012529920775701 0.5002256640952921 0.3067829509749744 0.4065051208603934 0.4024471801852635 0.3015770392092318 0.4983777203012856 
6.1763720013245565E-9 9.007017922358679E-10 5.392598928231299E-5 0.7052996683295024 0.40324651848964804 0.4956472619753523 0.40034318475597813 0.29837025995817157 0.6003781389990972 0.3914039544278899 0.30180155124909225 0.506414841979808 
7.048506616570178E-6 0.00387872116108636 0.24636718134004087 0.5975876224087511 0.6990873370495961 0.5033138054377319 0.5013461445722258 0.6985747828639561 0.602678991488237 0.40166918801043683 0.602225737046235 0.5022727789948048 
4.846738192912817E-6 0.9992687085607853 0.0 0.999918905150599 0.40727881386822273 0.5001960954851021 0.5013440901203546 0.6930496044737148 0.5990662203960873 0.5941106323923445 0.6010652258694462 0.5065613881693352 
0.001714000620788983 1.0 0.9992751948441934 0.7029399616062638 0.39831945908181254 0.5038600269101736 0.4928884965559009 0.3005386917853323 0.3988630315747369 0.6012307546829774 0.8048201549754417 0.5000164923186806 
0.9999951879170109 1.0 1.0 0.8962819574781097 0.8814896631109685 0.48140240355611713 0.30604312169922626 0.2976316553525501 0.41668241686382695 0.6271060569903887 0.39944872771972584 0.4987072100688632 
1.0 0.10864203972031172 0.9964175274209008 0.703334380175642 0.5013664806942812 0.5028146145811924 0.39951164570179076 0.299777206280507 0.6029754851769726 0.601937201733118 0.40124030586565274 0.5057572224369962 
2.7472202969533305E-14 0.001688328247951787 0.0 0.7043472742671038 0.5058058070077114 0.5023466391407738 0.29956455900284124 0.29963014550382516 0.4013760709523147 0.49064327992970524 0.29007731506615436 0.5016430118800262 
1.0 0.027942029621755925 0.9999994130095303 0.6987472819393917 0.5111437548555013 0.5014853672669697 0.298922553652813 0.6958216341290179 0.5970598471446875 0.5979365867629676 0.4029489551215901 0.5025930967230737 
3.714150109278628E-10 3.2777454898946527E-8 0.0 0.9011736074290726 0.39456117676122954 0.5001802920741891 0.5029936526708583 0.696659357247637 0.5882564128603281 0.6030520606472114 0.9917759113844553 0.4993002439162088 
1.0 2.153055472308372E-8 2.518524363761777E-4 0.7003978229841594 0.1918563742835801 0.4107544797961835 0.39777695540432556 0.39959240330485885 0.8018082902242925 0.40043486539585654 0.2910108063793725 0.4998438785244463 
7.830891532667294E-9 1.0 0.98092378607719 0.7003884502839681 0.5005578491342135 0.6997747395837909 0.5035117160797586 0.29444885053118863 0.601100016942511 0.702446035481074 0.4008820792170937 0.49308067815808626 
0.0 0.0 0.9336094878557994 0.7052996683295024 0.4958031847949767 0.7058412695708354 0.39378094366852817 0.3051208531854558 0.6003781389990972 0.39121272862176376 0.30180155124909225 0.5008595808456946 
8.044808137849936E-8 2.7297688418951618E-8 0.9996529654457806 0.5910311578453067 0.5040379195855942 0.5966855216803959 0.5002144795701624 0.3062878802809532 0.5899518035246598 0.5957993654225129 0.19280072384957384 0.49973467851072906 
4.458212089447028E-4 0.002730733811679875 0.0 0.4978165209343533 0.399491506339404 0.4976581202441526 0.5013439354134354 0.69864079355058 0.39659516504314474 0.49971198989733834 0.8043977497666432 0.5027406857590073 
0.999253445654676 4.5221951050253294E-8 0.008380211418957506 0.6933517784921963 0.5044387279329573 0.5047275063656609 0.5013748225973635 0.3995229125604871 0.5987170125612095 0.4003852382335956 0.49824330293757346 0.49983269597796587 
2.2007912046933956E-4 1.0738560205032677E-7 0.030676627528837652 0.596469566098695 0.5021127284871046 0.5023493996632449 0.29956455900284124 0.29945908606926874 0.40099470459822883 0.40261864389832214 0.3951173662967686 0.5016949993550787 
1.0 0.008036082448853281 5.791170634116497E-4 0.9973401108281577 0.1940107082218676 0.6030692950991613 0.29564660291785827 0.4019882975468814 0.3993727792267673 0.3930000993005268 0.8020285100989779 0.49513262802202657 
0.9775606424246568 0.11547257807232619 0.9846411620467115 0.4971756775094396 0.49806186842884054 0.5028638280739574 0.5013440901203546 0.6987061093554517 0.6004782814590176 0.5945027542378811 0.6032051044808208 0.5006417903718843 
1.873528228348217E-10 8.20979605567896E-9 0.9983390740934595 0.7044371788143263 0.39575673555899155 0.5036731400416165 0.5016088275867141 0.6966346669554206 0.39264114745778844 0.6029199989154227 0.2900798715479285 0.50421924402375 
0.017671177139856442 1.0 0.0 0.4975998239785162 0.398765196355903 0.700756284079778 0.5001138029189726 0.30131709120372757 0.1980196774881055 0.39371681117804713 0.5032838764839146 0.49932481650551147 
1.1067570514404664E-5 7.700414983903954E-7 0.9999895705715826 0.5971326402399355 0.49806749600420563 0.4986454945417162 0.49616950968111356 0.40119711402032954 0.602678991488237 0.698015928905282 0.6002804204830691 0.5027720802777886 
7.830891532667294E-9 1.0 0.07367657271824235 0.7003884502839681 0.5005578491342135 0.6997747395837909 0.4986634818544888 0.29444885053118863 0.601100016942511 0.702446035481074 0.6013616790145684 0.4928387440160718 
1.0115584719048655E-11 0.9920388533099482 0.0 0.5933556043931403 0.6892588111573993 0.5036449263382103 0.5013439354134354 0.6987061093554517 0.6039754743038176 0.5056339207274846 0.6032051044808208 0.5026706484543387 
6.94162932070617E-9 3.8005907709318805E-6 0.9996079565996338 0.5956956812640717 0.5041303627807593 0.5966855216803959 0.49916204543795495 0.39588183230096513 0.5987443902031119 0.5958002199518989 0.5991024119838447 0.4997802051567103 
0.0 0.846132746318643 0.03042898166694238 0.7025169477842087 0.5021127284871046 0.5023466391407738 0.29956455900284124 0.29963014550382516 0.4013760709523147 0.40261864389832214 0.29721209917622393 0.5016430118800262 
1.4673067560430086E-15 1.8490231911741026E-5 0.0 0.7033494538307864 0.21022284794172527 0.5027890508695645 0.4070371470602222 0.3070064593894032 0.6027809811623766 0.5052142127080479 0.5984850719452822 0.49307297394388977 
1.1791358575116228E-8 3.7701848075997992E-6 1.0 0.5980134253699021 0.40080089807191627 0.39593578743684305 0.5006303464286774 0.6940358313003685 0.6015190439483643 0.6022122824250267 0.30178095031798213 0.49298325633904 
1.0 0.0 0.0 0.9992689868865525 0.16440476530003323 0.6030692950991613 0.4000457345589701 0.39321504120042905 0.8018082902242925 0.3930000993005268 0.8020285100989779 0.49877587629544956 
0.9979019353547348 8.276174938536027E-7 0.9999891667913292 0.7004212772975217 0.49806749600420563 0.498702870152136 0.49645198358278414 0.4032737218698028 0.6029754405472106 0.6993552810435809 0.3996496901129824 0.5027720802777886 
0.007951980462967955 0.0 1.6046257505607361E-6 0.49717791816998735 0.4987080855028505 0.49946174586276687 0.3015151103164611 0.30410611370544177 0.40897794796596254 0.39755563292413665 0.39939048428870894 0.49863283987172674 
0.0 3.4340720826602834E-7 1.6046257505607361E-6 0.49717791816998735 0.4089703093708185 0.49946174586276687 0.40327773017479424 0.30410611370544177 0.39219193239359856 0.3987227939366094 0.300890001272968 0.49863283987172674 
5.8486177644627325E-12 0.0067101160255947 1.0 0.7019344210707472 0.49931507905683203 0.5001900166424643 0.398746202831833 0.3042699658391366 0.3968917766870147 0.3970539709265336 0.30323441177338295 0.493857478280002 
0.9774472656917372 0.02527840362996825 0.0 0.5987490296800021 0.40184510332539064 0.7015655579614162 0.5917194536207968 0.3013271954797869 0.6040562716861116 0.3917847272108018 0.5037347070507 0.5011911625928394 
0.0 1.9044480563211718E-5 0.9999937590435882 0.7007662471779414 0.4982173177213488 0.5100426681641014 0.3996770959661761 0.40126540734615024 0.39264114745778844 0.6001158808229302 0.3020147714546255 0.49365620090198103 
0.0 0.0 1.0 0.8022556167403384 0.4963086425624174 0.6013018241753885 0.5097181059172692 0.3988301162520625 0.29063477303922236 0.5949721377106605 0.2066051477844329 0.7035065511096145 
1.0 2.09279413244599E-8 0.0 0.9992689868865525 0.1918563742835801 0.6729053877412227 0.4000461647557013 0.39279594675340784 0.8018082902242925 0.39292489562189603 0.2910108063793725 0.49877587629544956 
2.543457490183415E-7 0.0 0.014503493422847522 0.7019948586555488 0.6033300177420392 0.5001961683914066 0.5021835071708822 0.30587001168305894 0.3982732990554479 0.3960466609179888 0.30323996899003675 0.498885660436364 
0.0 0.9700841713386612 1.0 0.7016929021416636 0.4975494966337217 0.5019511848357012 0.39856056540388685 0.3895299026287452 0.3971847255099177 0.5918368358738122 0.4044445458260972 0.49953383120271566 
1.0 0.9935413159647506 0.010768186507703881 0.6970297142983519 0.4991590094157667 0.6047295178759496 0.401052315946718 0.3061839280661256 0.40195474303955003 0.6016295984360881 0.29823287697797035 0.507081064100272 
4.982793421331859E-10 0.006813783691171204 0.0 0.4990450496937094 0.4070560670848364 0.5001964284784647 0.5013440901203546 0.6987061093554517 0.5947654119575981 0.5939293489552026 0.6032051044808208 0.5032821284137958 
1.648925083966526E-5 0.0 5.559898502477314E-9 0.7096567527070634 0.49687687566405975 0.40812136095740353 0.49714210350641785 0.30974206412100364 0.39815330051232944 0.5030331257881882 0.30462114481506886 0.4901659350545413 
0.0 6.699327810003864E-9 8.142235049050042E-8 0.6863521402986497 0.506658755324844 0.5026582491962444 0.29839627767089993 0.30566528413860367 0.3921687087551007 0.4064921057031071 0.30158949399273266 0.49925485443403567 
2.810108410315438E-5 0.9728378138005995 0.997067039380765 0.800529372445075 0.5036717647787988 0.5018658097018649 0.3999233423368531 0.30416012270544457 0.3969619255447826 0.39734700379509996 0.406035139731272 0.5030229992572399 
1.0 1.0 0.036149187034689834 0.6933966945281268 0.5013651238810012 0.6046024492546336 0.40002146241973063 0.3901899109278534 0.40195474303955003 0.6016295984360881 0.8051316293392043 0.6056499012181075 
1.0 2.2726880229197154E-6 0.0 0.9992689868865525 0.19260031532212574 0.6030692950991613 0.4000457345589701 0.39321504120042905 0.8018082902242925 0.3930000993005268 0.8020285100989779 0.49877587629544956 
2.639370148882817E-7 0.9937993849967323 0.014057299728981676 0.7043232473090327 0.6012703777888172 0.5031975181022172 0.5012531014007016 0.6987061093554517 0.5971212905840959 0.5946621759098029 0.6044182709620735 0.5027100948698752 
0.999319796840974 2.2726880229197154E-6 0.0 0.9973401108281577 0.20019161138860248 0.6030692950991613 0.4000457345589701 0.39321504120042905 0.6001289853454002 0.39030297307520945 0.8020285100989779 0.49866875284012385 
1.8206196972860023E-4 0.9049473954230216 0.04743214598182849 0.7042288527440753 0.5030179028334555 0.4999441537709343 0.40195744883500134 0.39796112482336493 0.3955775775495286 0.4011717676425938 0.6030681730858338 0.50255523282746 
0.005895827634441025 4.4548440653753916E-8 0.9726934715035762 0.6003561662772646 0.5044634957662639 0.5047275063656609 0.5013748225973635 0.3995229125604871 0.5987170125612095 0.4003852382335956 0.8033036671598898 0.49983269597796587 
6.181154537433905E-9 1.0434372923676235E-7 0.9983390740934595 0.5964379051000759 0.4993366047496177 0.5001900432764939 0.40107608813680773 0.2982510164919233 0.40100924405262645 0.6078916025937002 0.3038995605297532 0.5042704886803708 
7.248393828956702E-8 0.9920388533099482 0.0 0.4985670751258542 0.4070560670848364 0.503716113389291 0.5013439354134354 0.6987061093554517 0.598566860921053 0.5941106323923445 0.6032051044808208 0.5065613881693352 
0.0 0.0 0.0 1.0 0.48137731127201 0.49463040084834226 0.4932522917689806 0.3192533038106326 0.6032941029730845 1.0 0.4031414157065473 0.5007990881737173 
2.639370148882817E-7 0.9920388533099482 0.0 0.498830619370213 0.4070560670848364 0.5001960954851021 0.5013440901203546 0.6987061093554517 0.5990662203960873 0.5941106323923445 0.6032051044808208 0.5065613881693352 
2.543457490183415E-7 0.011760978566192147 0.014737013883913266 0.499586297589845 0.5994602442066338 0.5001961683914066 0.5021835071708822 0.30401339791692594 0.39834773698127984 0.3960466609179888 0.30323996899003675 0.498885660436364 
5.120534678693739E-10 0.0 6.386699662762063E-4 0.499586297589845 0.5030381997162164 0.5001961683914066 0.2903810158845539 0.30401339791692594 0.3992550171556863 0.3960466609179888 0.30323996899003675 0.5065171694030963 
1.0 1.0 2.435474225560747E-6 0.6933966945281268 0.479515899162363 0.604967549311532 0.401052315946718 0.3061839280661256 0.40195474303955003 0.6016295984360881 0.8051316293392043 0.6050838981604798 
1.8206196972860023E-4 0.9049473954230216 0.9990580608172401 0.7042288527440753 0.5030179028334555 0.4999441537709343 0.40195744883500134 0.3041511281063279 0.3969619255447826 0.4011717676425938 0.30148610959686895 0.4983784576453953 
