1.0 1.0 0.999999409948102 0.6941794587679804 0.49367551722982317 0.40304681205315707 0.4974635728239274 0.20849696061289705 0.3048349854293422 0.5966141940189357 0.6140081223006473 0.40125319637647516 
3.218762042447071E-4 0.0025096742496094728 1.756829216504885E-4 0.6996273742752359 0.49716675791943754 0.39932318482627244 0.49951741686510576 0.6011819466672873 0.2960614083141883 0.6033440343540984 0.5004332325603535 0.6033716511976286 
9.603523963155807E-5 0.9948832934788113 0.03987788674579074 0.6984365147008345 0.5008257025376366 0.4011740493596652 0.696151586591092 0.6012814370261383 0.29474816611811316 0.6022845353990495 0.5003022909770812 0.4981018417371336 
1.0 7.984344758737885E-6 0.0698055341700789 0.7001211694692924 0.5004048676185798 0.40073673712470625 0.4992045361558898 0.5981110139920307 0.39769944016360387 0.6014810099990947 0.4930956230309239 0.6038941315771637 
9.775276755937326E-5 5.077653982370855E-4 0.0030325772912604427 0.6999211280993729 0.4956691543793232 0.40144850919651864 0.49865575654378724 0.6011819466672873 0.297115146600328 0.6021979482544217 0.4971345389500822 0.6032738843723703 
0.0 0.9107529126712769 0.9997352048095975 0.6999299819475898 0.4997749791119305 0.3998505992999015 0.5046416432835018 0.601283405893819 0.7016072553781142 0.6049405752136272 0.5046042678275325 0.49920793667372415 
1.0 0.9999860164364115 1.0 0.6987084093078721 0.49575243370907446 0.4927307272419661 0.5035465852797072 0.7039107303665613 0.39694289520545023 0.6052183980899404 0.6071095246346159 0.10319406691420596 
0.0011698908898741898 0.05359165415130118 0.999927431873017 0.6999507562588237 0.4997749791119305 0.3998505992999015 0.5046416432835018 0.6994778204909712 0.7016072553781142 0.6051517561967705 0.5949678062942353 0.49920793667372415 
0.01740560914118955 5.740826230051806E-6 6.261592900399723E-5 0.7001094605066872 0.5009565801515092 0.4994808369041329 0.4992045361558898 0.700996079047194 0.3958588315690395 0.6042834107660413 0.500244878596594 0.594283181592602 
3.6526020505280553E-4 0.9951004817117036 1.0 0.705922841988762 0.49706539627092117 0.4031512075185096 0.4989293571716862 0.701979090765929 0.39527681021483246 0.6022226459272635 0.4994758011502889 0.6036306019221336 
0.0 1.0 0.9999139275184263 0.20960643060443027 0.1929119741370206 0.38782667829709483 0.49985872776748663 0.18858043294064653 0.40059793729525306 0.3026156110089584 0.5024532020818981 0.6068412954478762 
0.0028048194437447363 1.2992345330606315E-6 1.8445370847954928E-7 0.7022584700209925 0.4936059396414023 0.5003869296350358 0.5005597176732254 0.6995104345959733 0.3942925950632705 0.6003878385105574 0.5001632789517338 0.5978889325798711 
0.9814470513068005 0.04132863432846512 2.4312266287133087E-4 0.700045859467322 0.49436301014758616 0.40144850919651864 0.5005489029929309 0.5972965887319248 0.2988092863018411 0.5967277328743729 0.5000646071532809 0.597989721922598 
0.0 7.88195884700106E-7 1.5670780340798723E-5 0.7038710777422031 0.49759046420729136 0.4014744528552609 0.5005619072559228 0.6995691819217069 0.3948989116807255 0.6004909910293506 0.5061357818529008 0.5979397835685831 
6.469320931769667E-8 0.013932268855784857 5.634757315221833E-7 0.698470106587683 0.5009865272167202 0.4031832558574792 0.4999527332842304 0.8010373666263718 0.7002111109681646 0.605590030974249 0.49934747528517537 0.3988541645494201 
0.9912828026762044 0.9777591132251214 0.9979235648406312 0.6987013252681581 0.49863286931035034 0.4040519428310207 0.4976113169317604 0.7000305319572789 0.4005691078072297 0.6022226459272635 0.5003640477258644 0.6012151305447917 
9.603523963155807E-5 0.8448344634663576 0.03987788674579074 0.6984502581146612 0.5007477875482451 0.40162086188069135 0.4995688196723211 0.6012814370261383 0.29742728494852955 0.6022845353990495 0.5003082308522847 0.4981018417371336 
0.9907971678538251 0.9951004817117036 0.009171563574769503 0.7031219580172622 0.49863286931035034 0.3994645003602454 0.4975224738827226 0.7001671951654393 0.3952978071378933 0.6022749234332883 0.4995605873674552 0.5965365284596978 
0.0 0.9999268037658378 0.9911888491833112 0.7004091854730653 0.5027477139662772 0.40068348577642443 0.4021614721882889 0.2998570314939964 0.2954636124564388 0.5020005760276001 0.39815445917001735 0.6948245517519375 
1.0 0.005647601314968845 0.0 0.20121967172312683 0.5011914018570063 0.49970227430947023 0.5089971781161022 0.5997700727820119 0.6965280123561486 0.6013224682650585 0.5010163505672122 0.4988457506912881 
1.0 0.0 1.0 0.6903061670058146 0.49396582854169974 0.8014719615663669 0.501521160814589 0.19547909004517494 0.3993125328829979 0.6050660164195152 0.6008661453090334 0.40576350003580497 
0.0 0.9964417172982667 0.9629698923510479 0.4990656836803776 0.5007365450273892 0.7990362863065227 0.49626479339937507 0.5982350500185207 0.6999868095473794 0.39948982432245284 0.4986435538212717 0.6050178988883563 
0.034515036182512386 2.1448596025653107E-9 0.9895804561813675 0.7020931263836164 0.499719189875908 0.4009547108429147 0.4998895463058278 0.5987443205770914 0.40270315984591015 0.6004498713895305 0.4949724204455809 0.4958751477604569 
0.0 0.003465449157853684 1.0 0.6994736547730572 0.697250525298449 0.8066854943632727 0.5015493896358746 0.6977277762520934 0.7095448152211037 0.6011438919492025 0.4955010466035681 0.60126393597612 
0.9906020883865636 3.9989985218783115E-6 0.9996370047036112 0.6986537682448446 0.4961949155103077 0.39931401739221833 0.4998895463058278 0.6996990872461877 0.39657998786741666 0.6002196747098575 0.5003892151232981 0.5957976310087972 
0.9799500270554476 0.0 0.08602262067983407 0.7008319003741215 0.500923604334677 0.4015732613116839 0.49866056263752717 0.7017205225055045 0.6970104538048449 0.7002930937493138 0.4972872164608903 0.4006041685910985 
0.0 0.024607148121001232 0.9998107148379719 0.6026142872182613 0.49715706232308454 0.4011821698659782 0.4999481044969733 0.19246182246053675 0.39491889439838607 0.6052520957107766 0.5002093943461999 0.4940354553041264 
0.02825956353892624 0.014138680006145599 1.0 0.7001029655489364 0.5012076567406563 0.39927468434455743 0.49855587036981663 0.700137996452477 0.3952055694982761 0.6041080675982228 0.4995702550996953 0.6033790101259 
1.3095987660430514E-4 7.08767685763788E-8 0.9841991737825166 0.7020931263836164 0.500775737770385 0.4011842201690745 0.49865691345105156 0.6014123239844333 0.40270315984591015 0.6004498713895305 0.5002093943461999 0.5110607375541943 
0.9912828026762044 0.9951004817117036 1.0 0.7057714689078586 0.49863286931035034 0.4040519428310207 0.4975224738827226 0.700137996452477 0.3952963586869307 0.6022226459272635 0.4994758011502889 0.6012151305447917 
6.811846961173008E-5 1.0145254624127588E-5 0.005777284507159095 0.6986465305657009 0.5006013909163746 0.4025520827277601 0.5042295696974338 0.6977434341476088 0.39497785611108016 0.6011674016784045 0.39741570192719694 0.5958388286621115 
2.5019041634186643E-6 0.002564629060921142 2.4312266287133087E-4 0.6999211280993729 0.49716675791943754 0.40144850919651864 0.49865575654378724 0.6011819466672873 0.29742728494852955 0.5965512221961695 0.4971569283925842 0.6033716605411191 
0.9934297437160714 1.0 9.988002169744202E-6 0.603494863952261 0.5005058615535416 0.7978579759688081 0.49702033503707294 0.20517771545516827 0.3948153021106303 0.6029441512701011 0.3966604515362743 0.6018455233300053 
0.9848367561284653 5.006852482812945E-4 0.0 0.7037523541656211 0.49426501601365336 0.4994808369041329 0.5005597176732254 0.6994894692155954 0.39565436968983947 0.6003878385105574 0.5001632789517338 0.5978889325798711 
9.603523963155807E-5 0.8381313848807929 7.751848033187812E-4 0.6983273541621958 0.49713631715022394 0.401614085975453 0.4995688196723211 0.6012814370261383 0.3069491546692637 0.6033680996714154 0.5003082308522847 0.4981018417371336 
9.775276755937326E-5 0.0 0.013822557650604736 0.6999211280993729 0.49716675791943754 0.40144850919651864 0.49865575654378724 0.6011819466672873 0.29742728494852955 0.6022420640157506 0.4958093991872716 0.6033716605411191 
3.0925132020954635E-4 0.006519761393525503 0.9994440022821945 0.6986584229722903 0.4958221766935832 0.40152511417129577 0.4999161134808274 0.6940040286108562 0.39867425086578395 0.6042516643751495 0.5003580870653668 0.5958576389516945 
2.3663975191187167E-6 0.06718492606283838 0.9996090289959269 0.7024205994673616 0.5011851160253121 0.4017786895888509 0.5961116809398554 0.6011819466672873 0.7058041543027631 0.6031977949791468 0.49715753666458573 0.6040148085060452 
0.99987923960019 0.0 0.0 0.7003192927025546 0.4941231890576476 0.5030510007613578 0.49866950927024517 0.6987865380720081 0.40220984382494185 0.3026755052627325 0.4971649441397581 0.4005471976441419 
0.0 0.998208811057281 0.0 0.6954109263599456 0.3004360660821928 0.4014964483764291 0.49743896943797833 0.3031176707263441 0.2967161921019203 0.6055874192290652 0.503555244160748 0.6054964878733512 
0.006234076441540892 0.0 1.0 0.6999461051797821 0.4995906277561246 0.39698048839651 0.297701332225644 0.7037382348425893 0.3022768104315711 0.2010229236497781 0.4993932538026259 0.610983319896887 
0.9990472778250268 1.7307632382739923E-4 0.998883060660541 0.7023933443479512 0.5009565801515092 0.4994808369041329 0.49921267390443363 0.698495546212126 0.39565436968983947 0.6042834107660413 0.500244878596594 0.6033656173277018 
1.0 0.9936381037512244 0.0013273897163404436 0.1988627998239786 0.29575839788304364 0.40182743076030886 0.5012636288165806 0.2997711740688206 0.29858240198639524 0.6046514750384975 0.40614058805262493 0.5027086764706454 
0.9799500270554476 0.0 0.010004759852996425 0.7008347341734539 0.4985051316702469 0.40157313698206565 0.4986578468146995 0.7028441200271054 0.6970104538048449 0.7002930937493138 0.49716440329331885 0.4005471976441419 
0.0 0.9107529126712769 0.9997352048095975 0.6999299819475898 0.4997749791119305 0.3998505992999015 0.5046416432835018 0.601283405893819 0.7016072553781142 0.6049405752136272 0.5046042678275325 0.49920793667372415 
1.0 0.0 0.9873268285585703 0.20119032894799505 0.5007699893451661 0.502182577544426 0.5001835203682498 0.5982699471796363 0.7001059937670491 0.6026747433565188 0.3951140572083964 0.5053582933614753 
0.003005744182614456 6.892370240406594E-4 1.8445370847954928E-7 0.7037523541656211 0.5008415846340172 0.4994808369041329 0.5005597176732254 0.6995104345959733 0.39565436968983947 0.6003878385105574 0.5001632789517338 0.5978889325798711 
0.0 0.9998614861252382 0.0 0.49195449322661555 0.5017041089226215 0.7917037190368382 0.4962387196826138 0.7042361490087696 0.40278505765494316 0.39948982432245284 0.4970703722289588 0.6050178988883563 
4.713278339028588E-5 8.140583174431849E-5 2.7989495133712045E-7 0.698470106587683 0.5009823533890255 0.40311549378205325 0.4978455040866166 0.8008357833510558 0.39896095280410643 0.605590030974249 0.5002740062716181 0.5959108759698812 
0.0 0.9964370494998319 5.15487629470539E-8 0.4990656836803776 0.5017639655060286 0.4017936316047682 0.5038138916950654 0.7043523069338375 0.29845439126752055 0.6029593032325926 0.4986435538212717 0.6050178988883563 
1.0402160434960128E-9 1.519210917183822E-4 1.0 0.6970030700046324 0.5036639564027618 0.39698048839651 0.297701332225644 0.7037382348425893 0.3022768104315711 0.2010229236497781 0.5950578944457746 0.599634695643 
3.0925132020954635E-4 0.0 0.969714520854444 0.6986550190393523 0.4958221766935832 0.40153126996919025 0.49973264388317623 0.6997377104255452 0.39867425086578395 0.6042516643751495 0.500384745725941 0.5958576389516945 
6.742791164666078E-13 0.09074836098678651 1.0 0.40056954571292236 0.5010851575590344 0.3886271002517402 0.5009410663302474 0.8028179245668084 0.30346587610621484 0.6047509521724381 0.49945330149346934 0.603431424235439 
0.0 3.1851744767627605E-7 0.9988280005709481 0.4999704520777076 0.4981677564561349 0.4011821765311522 0.49990212689676583 0.6024573211503872 0.2960975527484079 0.6048033645655202 0.5002662130658421 0.6029426799193085 
0.0 1.0 0.9982924254046015 0.4990656836803776 0.49754691001778056 0.8181171090998728 0.49626479339937507 0.5982350500185207 0.6999868095473794 0.6012227733453148 0.4986435538212717 0.6056811841162507 
2.3808906874823282E-6 0.02463931998728014 0.9996090289959269 0.6987942566373083 0.5009919059311567 0.4017786895888509 0.5961116809398554 0.6011819466672873 0.7096053624493373 0.49965124965256297 0.49936744974558456 0.603614862425749 
0.0 0.9996187639946118 1.0 0.7002393770477667 0.49456403126893894 0.4051368958503887 0.4972093909186094 0.8007156916282628 0.3070761514101503 0.6049317769929748 0.4992061741348407 0.6013018430541579 
4.752841141432932E-4 0.02162762348820091 1.0 0.6988689051672704 0.493937005303933 0.40156471810652844 0.4997344496727487 0.6993305284912001 0.3941485938446104 0.605106015316979 0.6023259311201677 0.605783425567405 
0.0 0.0 0.9998107148379719 0.7017100222241079 0.49950106754366663 0.4011821698659782 0.4998895463058278 0.19221453700766447 0.41096206859618556 0.6052520957107766 0.5002093943461999 0.4958751477604569 
0.0 0.9158996965625917 0.9997352048095975 0.6999299819475898 0.4997749791119305 0.3998505992999015 0.5046416432835018 0.601283405893819 0.7016072553781142 0.6049405752136272 0.5046042678275325 0.49920793667372415 
1.0 5.253941521333339E-4 0.004587585799666283 0.29155673563146156 0.4957163444118646 0.502182577544426 0.5001835203682498 0.5991356066213718 0.4043575147578567 0.6026747433565188 0.3951140572083964 0.5053582933614753 
0.9799500270554476 0.0 0.9886228228896675 0.6992549488279454 0.500923604334677 0.40157977708888865 0.49866049999823386 0.5982577993306509 0.6981981144664058 0.7002930937493138 0.4972872164608903 0.3961113138491148 
0.943818209935986 5.635335624293906E-4 0.01389374991436445 0.6986550190393523 0.49580617011191286 0.40156471810652844 0.49976360468544095 0.6019586303058528 0.4004212204898256 0.7018327321733059 0.5003827511649752 0.6032658482913594 
3.9776568647992066E-4 0.9995770440383175 0.03714979880049685 0.7058207590219259 0.500944758560406 0.40413704812077855 0.4988922368492621 0.20455826025802964 0.6981958027384909 0.6009784291842094 0.4994744427213959 0.5938919733204675 
0.03527584266452302 1.3377489242267539E-5 0.9998768397801118 0.7024307270596861 0.6973530626085572 0.7961893520729921 0.5015493896358746 0.6977392466557145 0.4044412004136835 0.6011411242827615 0.7046483197313888 0.6030484256217674 
0.0029718722495813915 7.08767685763788E-8 0.9994743668610103 0.7020931263836164 0.499719189875908 0.4011821698659782 0.4998895463058278 0.5981651506994047 0.40270315984591015 0.6004498713895305 0.5002093943461999 0.4958751477604569 
1.0 5.253941521333339E-4 1.6733860348806286E-4 0.29155673563146156 0.4959226705337596 0.4015808873489302 0.5001835203682498 0.5991356066213718 0.4043575147578567 0.6026628818227358 0.3951648652181488 0.5053582933614753 
2.2480859049827414E-9 0.0 0.039457591453319285 0.6998999140249664 0.49562092458410556 0.4015326718763701 0.5036525755725314 0.79910201467789 0.39964088851813434 0.6028078925673873 0.49715140650905476 0.6022778498240069 
9.150725166478471E-11 0.0 0.04725731332967964 0.6999061457215853 0.49463504778893413 0.4015326718763701 0.5036525755725314 0.7991617012682496 0.3958755081271705 0.6025645556776772 0.4971441871474328 0.6022778498240069 
0.0011759154842772897 5.367119547195938E-4 0.9878703562980504 0.6986550190393523 0.49979166546053544 0.4011844330935749 0.49973356888500375 0.6993305284912001 0.39867425086578395 0.600456361243747 0.6023259311201677 0.5958604759241437 
0.0 7.88195884700106E-7 1.5670780340798723E-5 0.7038710777422031 0.49759046420729136 0.4014744528552609 0.5005619072559228 0.6995691819217069 0.3948989116807255 0.6004909910293506 0.5061357818529008 0.5979397835685831 
0.0 0.9999963850343121 0.993102493862785 0.7104403483050745 0.2950430410773129 0.39924419901512637 0.5035612718602237 0.2946629380495997 0.3969530511494236 0.6060901936478352 0.5996104032909594 0.5999287667548253 
1.0 0.0 0.02678918119286766 0.6886019726504059 0.5013514495823155 0.8014719615663669 0.5009297230233424 0.19547909004517494 0.39565182182217645 0.6050660164195152 0.5012878873558195 0.49899415152826365 
3.048369913427483E-9 1.0 1.0 0.7057297740904943 0.19223957717764004 0.4022116238759972 0.5035376419905305 0.5889676381188502 0.48099468798057543 0.6087294108906949 0.5995253998407475 0.5956467393138911 
0.0 2.9867634478092478E-5 6.075935818262887E-6 0.7038136567735773 0.4958934340122961 0.40311549378205325 0.5005607676594747 0.6969229956673624 0.39887249323438245 0.6006257990734023 0.5012532409246554 0.5959108759698812 
0.0029162286597804524 0.9999881877508454 1.0 0.7002895829634503 0.49456403126893894 0.4010474643161681 0.49668949838295173 0.8008584664739793 0.7068255560036252 0.606501345964888 0.39568016369995607 0.5981060700362582 
0.0 0.0 0.9994541169168866 0.6999856632396866 0.4942127416788316 0.3998411400604123 0.5036525755725314 0.8072072589535252 0.3064814735594069 0.7010685773428521 0.505021250988913 0.5002123507718472 
0.0 0.9999269976026804 0.8458383946783824 0.700414067940746 0.5030709901764809 0.40068348577642443 0.39990056613238467 0.2986918448761859 0.2975121039281519 0.5020005760276001 0.39815445917001735 0.6948245517519375 
3.878289199438396E-6 6.045556498937088E-4 3.7045869392135627E-6 0.6986555560318125 0.5009914323939199 0.40255304293514416 0.4979984419298855 0.8010373666263718 0.3949771695467972 0.49920973393885404 0.5002408118572484 0.5959447516816663 
0.0 7.08767685763788E-8 0.9872304376540206 0.7022107787887817 0.4995972281185254 0.4011821698659782 0.4998895463058278 0.5967468835725132 0.41254338531206386 0.6005175985692743 0.5002093943461999 0.4958751477604569 
0.04974419683292769 7.984344758737885E-6 0.009656840995118099 0.7001211694692924 0.5004048676185798 0.40073673712470625 0.4992045361558898 0.6954016986635917 0.39769944016360387 0.6014810099990947 0.5001638476884446 0.6038941315771637 
2.42552684833646E-6 0.9985100744422113 0.9997866032352383 0.6992549000556818 0.5030794529842189 0.4015035641015623 0.49627807346766484 0.5945744672434999 0.29710623099762246 0.2000274897782504 0.499364887539993 0.4996401467321619 
6.390090378324111E-13 0.9157150507813265 1.0 0.69990071352666 0.49456336840456316 0.4051368958503887 0.5047062768593604 0.8008584664739793 0.29971480131195816 0.6049318000183306 0.49941988334531423 0.604311336362364 
0.019199587486429193 0.0 4.5929296387123435E-6 0.7038863921833217 0.49594105703986774 0.40042288572727724 0.49973264388317623 0.6997540358005689 0.39860945994278507 0.6042516643751495 0.5002952874392731 0.5958604759241437 
0.9912828026762044 0.9951004817117036 1.0 0.7057714689078586 0.49863286931035034 0.4040519428310207 0.4975224738827226 0.700137996452477 0.3952963586869307 0.6022226459272635 0.4994758011502889 0.6012151305447917 
1.0 5.253941521333339E-4 0.004587585799666283 0.29155673563146156 0.4957163444118646 0.502182577544426 0.5001835203682498 0.5991356066213718 0.4043575147578567 0.6026747433565188 0.3951140572083964 0.5053582933614753 
2.5282491303610346E-6 4.6264582442438144E-4 0.9169340111418414 0.6992552522197827 0.5031996130569222 0.4014124746484345 0.49865575654378724 0.5963490295901961 0.6981958027384909 0.5002026054755861 0.49934409441001 0.6033859408640642 
9.70684697537267E-8 1.0 0.9993479901237728 0.7101549088271242 0.5037078071244386 0.7988655237193191 0.503801360921481 0.5962914322753194 0.38993182351968747 0.7003583111232514 0.4989814710013412 0.6033731084569117 
2.448719247405191E-6 0.0 0.9706282325445665 0.6992549000556818 0.5030794529842189 0.4015035641015623 0.4987358407288337 0.5945744672434999 0.3075720074380418 0.49872678133368925 0.499364887539993 0.49654003949856046 
0.0698536397554929 5.635335624293906E-4 0.01389374991436445 0.6986550190393523 0.49580617011191286 0.40156471810652844 0.49973264388317623 0.6019586303058528 0.4004212204898256 0.6021975614629117 0.5003827511649752 0.6032658482913594 
1.0 1.0 0.0 0.19823697322318098 0.49861975534721786 0.8080619535007804 0.5062610785320172 0.7976977102782579 0.39534358415704407 0.6922493105168568 0.3931554584009428 0.2987429548715411 
4.1389655692646846E-11 0.03521713912442548 1.0 0.7002242599701416 0.49456403126893894 0.4051368958503887 0.504524948823607 0.7983677634523353 0.3070761514101503 0.6049318000183306 0.49935415422742524 0.6044820589278873 
0.01127758765838327 0.9688588937648319 0.9541224037106176 0.19780424498815058 0.49873990902033644 0.40145291531207594 0.49865575654378724 0.6011819466672873 0.29750072463711374 0.6024074124886495 0.4994502612432551 0.602627785094433 
1.82617728555831E-6 1.0 1.0 0.7099018970363021 0.4976533891776793 0.8032973982094433 0.5035083384802141 0.5906733006720638 0.2973406103472867 0.7003583111232514 0.49898161610033315 0.6033807375532502 
0.0 7.08767685763788E-8 0.9824321408710941 0.7020931263836164 0.49957791037251725 0.4011821698659782 0.4998895463058278 0.5967468835725132 0.41254338531206386 0.6005175985692743 0.5002093943461999 0.4958751477604569 
4.752841141432932E-4 0.02162762348820091 1.0 0.6988689051672704 0.493937005303933 0.40156471810652844 0.4997344496727487 0.6993305284912001 0.3941485938446104 0.605106015316979 0.6023259311201677 0.605783425567405 
3.9776568647992066E-4 0.9995770440383175 0.03714979880049685 0.7058207590219259 0.500944758560406 0.40413704812077855 0.4988922368492621 0.20455826025802964 0.6981958027384909 0.6009784291842094 0.4994744427213959 0.5938919733204675 
9.603523963155807E-5 0.8448344634663576 0.03987788674579074 0.6984502581146612 0.5007477875482451 0.40162086188069135 0.4995688196723211 0.6012814370261383 0.29742728494852955 0.6022845353990495 0.5003082308522847 0.4981018417371336 
3.5643906882488596E-4 1.0 5.398397094511791E-4 0.6994838926053992 0.4972133811478508 0.8014468000724854 0.5038113441167907 0.20517771545516827 0.3948041320148729 0.6032764121891256 0.3995581620501337 0.5943307205917342 
5.16903326269397E-9 1.0 0.998521549377125 0.7041644104781448 0.4987040605114035 0.4011851278862056 0.6975380264673241 0.6979791317233414 0.41037970478002067 0.6006789767466247 0.498317889232279 0.49754331253444006 
9.70684697537267E-8 1.0 1.0 0.7099018970363021 0.508574057261018 0.8032973982094433 0.5035377221856545 0.5906733006720638 0.39003614881764126 0.7003583111232514 0.4989814710013412 0.6032046664975562 
0.9812827233531275 7.08767685763788E-8 0.9863475097412635 0.6986747572123511 0.4995694816456654 0.3991723656583711 0.4998895463058278 0.6997366782409344 0.3951999738620012 0.6005175985692743 0.5014731180231937 0.6046298737399081 
0.008343987352028629 0.9951004817117036 1.0 0.7057714689078586 0.500948086110266 0.4040519428310207 0.4989293571716862 0.700137996452477 0.3952963586869307 0.6022226459272635 0.4994758011502889 0.6036306019221336 
4.713278339028588E-5 8.140583174431849E-5 2.7989495133712045E-7 0.698470106587683 0.5009823533890255 0.40311549378205325 0.4978455040866166 0.8008357833510558 0.39896095280410643 0.605590030974249 0.5002740062716181 0.5959108759698812 
1.0 0.0 0.9873268285585703 0.20119032894799505 0.5007699893451661 0.502182577544426 0.5001835203682498 0.5982699471796363 0.7001059937670491 0.6026747433565188 0.3951140572083964 0.5053582933614753 
4.156636275343694E-11 0.9997697829757096 1.0 0.7002895829634503 0.49456403126893894 0.4051368958503887 0.5028851583679541 0.8008584664739793 0.4126910944658997 0.7018943396402012 0.49935415422742524 0.604311336362364 
1.0 0.9996537967150788 0.0 0.1988627998239786 0.29575839788304364 0.4018279925002241 0.5013356093081723 0.2896809059431721 0.29858240198639524 0.6984397191439776 0.4063973332217544 0.5050393672226643 
0.017852557065997685 5.316091636309124E-4 1.0 0.6986550190393523 0.493937005303933 0.40156471810652844 0.4997344496727487 0.6993305284912001 0.39867425086578395 0.605106015316979 0.6023259311201677 0.5958604759241437 
1.0 0.0 0.0 0.3983893349558213 0.6956561527267674 0.3904707840887365 0.2058613290651166 0.6999360901796691 0.6962555798340059 0.5941764902669677 0.49490357128743023 0.5057419161703333 
0.0 0.0 0.0 0.6999058651778585 0.49463504778893413 0.4015326718763701 0.5036525755725314 0.799160069936815 0.3064814735594069 0.7010685773428521 0.4971441871474328 0.6022778498240069 
1.0 1.0 0.9844431379572862 0.7000314549349774 0.49910796185056855 0.403040802012109 0.502978421435493 0.7991801331328312 0.2980681609328098 0.6861068818643783 0.4998366758808436 0.5999309122398852 
6.723789097194088E-4 0.015151699595756801 0.9988294987734113 0.7023923629635246 0.5009424454785231 0.39763360404146897 0.4986299627784798 0.5997400540845527 0.6985479075997463 0.6023780433648007 0.49952206789258385 0.5030897531658776 
3.218762042447071E-4 0.0025096742496094728 1.756829216504885E-4 0.6996273742752359 0.49716675791943754 0.39932318482627244 0.49951741686510576 0.6011819466672873 0.2960614083141883 0.6033440343540984 0.5004332325603535 0.6033716511976286 
3.878289199438396E-6 0.006983928940748467 5.866788390750918E-7 0.69868868871281 0.5009914323939199 0.40255304293514416 0.4979776704315222 0.8010373666263718 0.3949771695467972 0.49920973393885404 0.5002393358450403 0.5959433837033219 
0.07992520302545031 1.0 7.538118138641415E-6 0.6931395333222028 0.4992325454229228 0.40105465451820416 0.49687818271865913 0.6997027548894674 0.7015469905190382 0.6051476581705012 0.3965928314592209 0.397014230133144 
0.0 0.9941837326177905 0.9963845197200116 0.7055288849154465 0.4997749791119305 0.3998505992999015 0.49865575654378724 0.601283405893819 0.6985398840211595 0.6049402148349008 0.5046327570543574 0.49920793667372415 
0.0 7.88195884700106E-7 4.7708141154960274E-4 0.7038710777422031 0.49759046420729136 0.4015048140959829 0.5005792529041431 0.8016551287513507 0.3949580650450857 0.6004909910293506 0.4971441871474328 0.5979397835685831 
1.0 0.005655315316957089 0.026858871747264645 0.20121967172312683 0.5011914018570063 0.5003247338337177 0.5092543373090245 0.5997700727820119 0.6981980947294135 0.6013213030533349 0.5010163505672122 0.4988457506912881 
0.0 7.08767685763788E-8 0.9824321408710941 0.7020931263836164 0.49957791037251725 0.4011821698659782 0.4998895463058278 0.5967468835725132 0.41254338531206386 0.6005175985692743 0.5002093943461999 0.4958751477604569 
2.449256980672104E-6 0.0 0.9976492264418071 0.699560984045594 0.49499637194978635 0.396271278665258 0.5037533421851927 0.801062982967053 0.30407344325604063 0.5044494939994586 0.499364887539993 0.6020034345575594 
2.3808906874823282E-6 0.9680923264068892 0.9996090289959269 0.7024205994673616 0.5011851160253121 0.4017786895888509 0.5961116809398554 0.6011819466672873 0.7042550075598577 0.6031789398247622 0.49936744974558456 0.6040148085060452 
1.444296608708595E-4 1.0 0.0 0.19885677112965774 0.6954416655359791 0.3993904522136703 0.29854999163994855 0.3007224691939365 0.3963642765795598 0.6929580911243481 0.6116991162087093 0.5058737936383271 
0.001012709582158875 0.9995770440383175 0.03714979880049685 0.7058207590219259 0.500944758560406 0.40413704812077855 0.4988922368492621 0.20455826025802964 0.6981958027384909 0.6009784291842094 0.4994744427213959 0.5938919733204675 
2.4262066538244037E-7 0.0 0.9971954515002021 0.6999120503436596 0.40119680745326636 0.20133855108311816 0.5071537122643495 0.799160069936815 0.6007946168011475 0.7003132037782718 0.49611434172962043 0.4054383049909128 
0.0 1.0 0.0 0.19026295012942282 0.4988755310205452 0.7941976899558522 0.3954503678841895 0.30294269604554014 0.2975446513899605 0.6037812103774539 0.3969461927567703 0.19539405800434623 
1.0402160434960128E-9 0.0 1.0 0.7002934491649648 0.4995906277561246 0.39698048839651 0.297701332225644 0.7037382348425893 0.3022768104315711 0.2010229236497781 0.4993932538026259 0.610983319896887 
4.156636275343694E-11 0.9997697829757096 1.0 0.7002895829634503 0.49456403126893894 0.4051368958503887 0.5028851583679541 0.8008584664739793 0.4126910944658997 0.7018943396402012 0.49935415422742524 0.604311336362364 
1.0 1.0 0.04050781063824088 0.8003954839348247 0.5005653100431489 0.7978579759688081 0.5059680060452305 0.20517771545516827 0.3990495851259666 0.6030830823128414 0.5916973294708967 0.5978612054377895 
0.0 0.01592128929547245 0.03619932747980516 0.6987518801230862 0.5009039750654545 0.40157303234621206 0.49865575654378724 0.6011808869482571 0.7042552645368492 0.604798589518627 0.49712325585428346 0.49803620807412985 
1.0169814714108743E-4 0.8524614318957056 0.9868106141001242 0.6999119636689747 0.5009730016735623 0.4031302589843799 0.49786109605747325 0.6011819466672873 0.39612109159844405 0.6046605036586032 0.5003123636413904 0.6033716605411191 
0.0 0.0065814215268868 5.866788390750918E-7 0.698470106587683 0.5007140481868231 0.40311549378205325 0.4978455040866166 0.7992264840273403 0.3949771695467972 0.6040742979231148 0.5002738597510993 0.5959108759698812 
1.5263927701252575E-5 1.0 5.517225638948693E-4 0.603494863952261 0.49366142207383357 0.8014468000724854 0.5038113441167907 0.20517771545516827 0.3948153021106303 0.6032758075157547 0.3995581620501337 0.5943307205917342 
1.9469807372815952E-4 1.0 4.599037461872381E-4 0.20088146785938477 0.4976487947980446 0.40105664130177543 0.4926870341171311 0.2906735060903737 0.694265129576376 0.6054017993167313 0.5022375333682794 0.5968530873707019 
6.884482595566419E-8 4.6264582442438144E-4 0.03192389592018219 0.7053069655873714 0.5035456281850647 0.4008988365060372 0.49865575654378724 0.6001626152274454 0.2978951094099924 0.5997839746115468 0.6000402144940312 0.6032882122222298 
0.0 0.0 0.039457591453319285 0.6999058651778585 0.49463504778893413 0.4015326718763701 0.5036525755725314 0.799160069936815 0.3064814735594069 0.7010685773428521 0.4971441871474328 0.6022778498240069 
0.02719733799073512 0.9997250588686837 1.0 0.7002895829634503 0.49456403126893894 0.4048639472467977 0.504524948823607 0.8008584664739793 0.3070761514101503 0.6049328720686391 0.49935415422742524 0.6010521940255732 
0.9799500270554476 0.0 0.010004759852996425 0.7008347341734539 0.4985051316702469 0.40157313698206565 0.4986578468146995 0.7028441200271054 0.6970104538048449 0.7002930937493138 0.49716440329331885 0.4005471976441419 
3.5077112854493483E-4 0.005212136941120504 1.756829216504885E-4 0.6996219097818379 0.49716675791943754 0.39927528769160914 0.49865575654378724 0.6011819466672873 0.39523842083183836 0.6033440343540984 0.4994278417315699 0.6033709964407298 
2.3808906874823282E-6 0.9680923264068892 0.9650287440291014 0.705467280740913 0.5009424454785231 0.40157303043129183 0.49839065015910045 0.6011819466672873 0.7042550075598577 0.49636757002259074 0.4993676973864345 0.49913478977808523 
1.0 0.0 0.0 0.3983893349558213 0.6956561527267674 0.3904707840887365 0.2058613290651166 0.6999360901796691 0.6962555798340059 0.5941764902669677 0.49490357128743023 0.5057419161703333 
1.0 0.005647601314968845 0.0 0.20121967172312683 0.5011914018570063 0.49970227430947023 0.5089971781161022 0.5997700727820119 0.6965280123561486 0.6013224682650585 0.5010163505672122 0.4988457506912881 
9.775276755937326E-5 0.002564629060921142 0.03987788674579074 0.6999211280993729 0.5007477875482451 0.401572984284599 0.49865545402834366 0.6012814370261383 0.29742728494852955 0.6022845353990495 0.4971798515726628 0.4981018417371336 
1.0 1.0 0.0024272694827637276 0.19823697322318098 0.4995705897188359 0.8052789347297882 0.5062610785320172 0.7976977102782579 0.30589790475512185 0.6033760347883057 0.39227153341033727 0.30037740293513737 
2.449256980672104E-6 0.0 0.0 0.699560984045594 0.49499637194978635 0.396271278665258 0.5037533421851927 0.801062982967053 0.30470102744365757 0.49872678133368925 0.499364887539993 0.6021459435870921 
0.0 0.0 1.0 0.20236208297021657 0.49998140190386403 0.39698048839651 0.297701332225644 0.7961488895500607 0.2971186971678645 0.2010229236497781 0.6085989855500116 0.610983319896887 
0.0 0.9964316948456907 0.0 0.4990656836803776 0.5016660042499901 0.7965279872310709 0.4962387196826138 0.7043523069338375 0.2975238360259869 0.39948982432245284 0.4970703722289588 0.6050178988883563 
2.5019041634186643E-6 0.002564629060921142 2.4312266287133087E-4 0.6999211280993729 0.49716675791943754 0.40144850919651864 0.49865575654378724 0.6011819466672873 0.29742728494852955 0.5965512221961695 0.4971569283925842 0.6033716605411191 
1.0 0.8978934862594216 0.003324485067961347 0.7022304845454536 0.7019681754599092 0.8022445417198414 0.5004761694601523 0.6982203203256613 0.39533954132722293 0.4980963038887016 0.39974501496556064 0.6033529650406004 
9.775276755937326E-5 0.002564629060921142 0.013822557650604736 0.6999211280993729 0.49716675791943754 0.40144850919651864 0.49865575654378724 0.6011819466672873 0.29742728494852955 0.6022420640157506 0.4971345389500822 0.6033716605411191 
0.026849274909729312 1.0 7.538118138641415E-6 0.6931395333222028 0.4992325454229228 0.4008902641758124 0.49687818271865913 0.7113112020949082 0.7014082227798215 0.6051476581705012 0.3965928314592209 0.397014230133144 
1.444296608708595E-4 1.0 0.0 0.19885677112965774 0.6954416655359791 0.3993904522136703 0.29854999163994855 0.3007224691939365 0.3963642765795598 0.6929580911243481 0.6116991162087093 0.5058737936383271 
4.4170983157981736E-4 0.999999802682354 0.0 0.7089695063860452 0.29580504610025965 0.4018688565596332 0.503467689426045 0.6047430309307565 0.2967226973208522 0.5997397522903298 0.5046327570543574 0.5053551084360441 
1.0402160434960128E-9 1.519210917183822E-4 1.0 0.6970030700046324 0.5036639564027618 0.39698048839651 0.297701332225644 0.7037382348425893 0.3022768104315711 0.2010229236497781 0.5950578944457746 0.599634695643 
0.0 1.0 1.0 0.7104403483050745 0.19223957717764004 0.4022116238759972 0.5035612718602237 0.1851484828393043 0.4823960805795572 0.6087294108906949 0.5995253998407475 0.5956467393138911 
1.0 0.9955741714096479 0.0 0.19885677112965774 0.500921186754018 0.3904706170320683 0.2986117224037046 0.2984665416226915 0.3999126621528667 0.6929580911243481 0.4958689194793519 0.5050399131767261 
