0.509451641177363 0.5034808651419418 0.7086232360050734 0.0 
0.5078341447987674 0.5024263420148591 0.7051550836410573 0.09889812354692337 
0.49098592895158 0.487668702383615 0.6918491043239172 0.22615156052851154 
0.4636952417661696 0.46170441485711533 0.6530082670846699 0.391489110959283 
0.4096885812241026 0.4089919350856562 0.5786711685545686 0.5775578633644597 
0.3251297028627262 0.32549046506482476 0.4584104795386756 0.7638605348553204 
0.21388513933670972 0.2138727334895626 0.30201173784655294 0.9063824782728637 
0.09876235652788493 0.09878317370235389 0.13964651776656467 0.9806932393855662 
3.0616950386142365E-17 3.0618163901004515E-17 4.329849750839967E-17 1.0000306766351241 
0.7551509350097512 0.1861279887278032 3.1554597032243326 0.026028801229536054 
0.49950747979976773 0.4981073569331044 0.7030749599891553 0.11680394887827539 
0.4931563758768901 0.49284733715955015 0.6832279003966482 0.2709191811375746 
0.4456486857070279 0.44523922294683604 0.6269865248184819 0.46747015408141085 
0.3653060179221971 0.36533509031747224 0.5160864438080363 0.6850031051143323 
0.24609307761469176 0.24606540444852434 0.3476380091280321 0.872745708975835 
0.11485881885938337 0.11487364374268723 0.16240483009397472 0.9734511273088976 
3.0616722737535833E-17 3.0617625734812804E-17 4.3298311450961414E-17 1.0000222746089957 
0.7550564421424715 0.18610469832780432 3.155064857080178 0.057624283571300075 
0.5583298192122466 0.4535008840456643 0.9032727343207975 0.175071105450387 
0.48094419291891194 0.48029266648552976 0.6692003829180894 0.3335742509102914 
0.4096885812241026 0.4089919350856562 0.5786711685545686 0.5775578633644597 
0.289710432558011 0.2900601676062445 0.40863804576410756 0.8181684513353599 
0.1359101074323168 0.13592353529051648 0.1921896491799736 0.9624554794686221 
3.0616481933001797E-17 3.0616991346402E-17 4.329803307393354E-17 1.0000119133670826 
0.7547739213266674 0.18603506320086288 3.1538843208346914 0.10592909769329331 
0.6226422883098519 0.3880899339933107 1.170935696667782 0.276041268711822 
0.44832260077186875 0.44786291960551666 0.6325381173448105 0.4493891316679902 
0.3438462945649332 0.3437331469940054 0.4859990355730533 0.7273501681144552 
0.16664150349977716 0.16672815504047064 0.23553521700013744 0.9440159103768198 
3.0616572334137563E-17 3.06171504357292E-17 4.329812088791062E-17 1.0000149646932366 
0.7539749559388703 0.18583813591944215 3.150545778870982 0.18315907919948593 
0.640700362312114 0.3413474069845827 1.3626046050014733 0.436427462062108 
0.35624582837560453 0.3556948297933044 0.5019257956390912 0.7077929537986215 
0.2140259874355744 0.21401696573524182 0.30218132881755116 0.9063891205036683 
3.0616572334137563E-17 3.06171504357292E-17 4.329812088791062E-17 1.0000149646932366 
0.752045284736399 0.18545651002813646 3.1409810185811997 0.2940744793642742 
0.6262448281165879 0.294767845147337 1.4704959607419665 0.7388111790483898 
0.18485062777942135 0.18490171047960477 0.26139787801909187 0.9294172993561315 
3.0616638997016323E-17 3.0617280929910525E-17 4.3298116326210856E-17 1.0000165219438562 
0.7469602078036146 0.18410915578935677 3.1212340823042797 0.4780711978091467 
0.15750457557368627 0.15758633241586725 0.22265246563974966 0.9495892199441641 
3.0616627956221714E-17 3.0617310776050435E-17 4.329812555558091E-17 1.0000167820853227 
0.13719131402245482 0.13727320004272067 0.19398208961738098 0.9620118372072433 
3.061654897245611E-17 3.0617144725360314E-17 4.3298052907700746E-17 1.0000139422769225 
3.061686409530953E-17 3.061764198513642E-17 4.3298223837898434E-17 1.0000225498400686 
0.18612847003850208 0.7551528877640185 3.155467862967127 0.024957454286523482 
0.49950747979976773 0.4981073569331044 0.7030749599891553 0.11680394887827539 
0.4931563758768901 0.49284733715955015 0.6832279003966482 0.2709191811375746 
0.4456486857070279 0.44523922294683604 0.6269865248184819 0.46747015408141085 
0.36526880251149085 0.36529555040443884 0.5160936418670415 0.6849718590140512 
0.24609307761469176 0.24606540444852434 0.3476380091280321 0.872745708975835 
0.11485881885938337 0.11487364374268723 0.16240483009397472 0.9734511273088976 
3.061654897245611E-17 3.0617144725360314E-17 4.3298052907700746E-17 1.0000139422769225 
0.5013703461305858 0.4992938181688792 0.718140876407026 0.06829656031126295 
0.4990987957481469 0.4975324663435244 0.7021016808047027 0.12908337673296116 
0.48094419291891194 0.48029266648552976 0.6692003829180894 0.3335742509102914 
0.4096885812241026 0.4089919350856562 0.5786711685545686 0.5775578633644597 
0.289621091235406 0.2896685601434373 0.40903285856087446 0.817095071864314 
0.1359101074323168 0.13592353529051648 0.1921896491799736 0.9624554794686221 
3.0616481933001797E-17 3.0616991346402E-17 4.329803307393354E-17 1.0000119133670826 
0.6762734465633727 0.3375017699642021 1.51446977726488 0.1180460426587733 
0.5583298192122466 0.4535008840456643 0.9032727343207975 0.175071105450387 
0.45521997230699585 0.4529981781135705 0.6423496233845963 0.42743842564511 
0.3438462945649332 0.3437331469940054 0.4859990355730533 0.7273501681144552 
0.16664150349977716 0.16672815504047064 0.23553521700013744 0.9440159103768198 
3.0616488875726835E-17 3.0616963447554344E-17 4.329804168738653E-17 1.0000118417108745 
0.732593038288931 0.24332443754089647 2.32414656488925 0.030813749092405578 
0.6072389294067513 0.3860824872418223 1.1317748140481039 0.3529487142222884 
0.40156054951000797 0.4006475686336323 0.5667035941932681 0.6018406848985476 
0.21391864440410852 0.2139136118759177 0.3021276312735361 0.9060852904409363 
3.0616477540366837E-17 3.061696669656086E-17 4.3298007811378527E-17 1.0000113844860619 
0.7527670278385056 0.18797912925222557 3.1070422771166166 0.21209838227453356 
0.6151282357740137 0.3275734684472729 1.308685342605821 0.614676612645235 
0.22370987373979756 0.2237623673824967 0.31619137889358934 0.8950561474705189 
3.061662255712161E-17 3.0617262548600265E-17 4.329802982697853E-17 1.000015238726773 
0.7489352953070482 0.18459597113650422 3.1294871463455047 0.4169297923413292 
0.1848444556223515 0.18488948662349156 0.2613907971413229 0.9293815875842393 
3.0616392575951394E-17 3.061669024824317E-17 4.329793987778697E-17 1.0000076488126644 
0.15750457557368627 0.15758633241586725 0.22265246563974966 0.9495892199441641 
3.061650226142664E-17 3.0616881157489646E-17 4.329801018577693E-17 1.000010915278969 
3.061656892289445E-17 3.06171243375234E-17 4.32980904595985E-17 1.0000143723454114 
0.18610329813974197 0.7550507613561923 3.1550411194519032 0.058986818566738666 
0.45143227210588055 0.5648570495344386 0.9047662872265291 0.12412394281404301 
0.4772250377285441 0.4752168338236489 0.6696760912507278 0.3311052643689416 
0.41005477311054794 0.40884112890955404 0.5784140840686792 0.5788927034441746 
0.289621091235406 0.2896685601434373 0.40903285856087446 0.817095071864314 
0.13601998767915918 0.1361228307121912 0.19222955039835285 0.9631029211282452 
3.061659895582383E-17 3.0617278451262365E-17 4.3298172856389964E-17 1.000016827544094 
0.3380989561765415 0.6772509977513566 1.5162663124861087 0.07181012664227383 
0.4461388765930765 0.5592584716253616 0.896802599043797 0.21072531337869518 
0.45521997230699585 0.4529981781135705 0.6423496233845963 0.42743842564511 
0.34414900713047397 0.3440586588590692 0.48612719036938684 0.7277784783366339 
0.16661251718896294 0.16667719677076376 0.23549048644891588 0.9438130540993313 
3.0616571959442075E-17 3.061713550064512E-17 4.3298084967983614E-17 1.0000144248797347 
0.48826330671326845 0.48805040942208955 0.7004204825903386 0.23029619250390193 
0.4755765716886554 0.47466895931165237 0.6722357347217651 0.31627605447496904 
0.4096830931717553 0.4089864563653494 0.5786789261289671 0.5775578633644597 
0.21391864440410852 0.2139136118759177 0.3021276312735361 0.9060852904409363 
3.0616488875726835E-17 3.0616963447554344E-17 4.329804168738653E-17 1.0000118417108745 
0.5963398200319185 0.40113821162703345 1.0732294713138544 0.3213227702530644 
0.564039855918047 0.37736398528630866 1.0744701312983815 0.5733898146281777 
0.2773367711390094 0.27734878961159853 0.3920828009844854 0.8328256100048763 
3.0616548863425623E-17 3.061708845957841E-17 4.329803584959636E-17 1.0000132849494814 
0.6308496780470098 0.3119720086053864 1.4231264099795875 0.6356056293128884 
0.22369199295516046 0.2237359502152792 0.316186540195618 0.8950049693366733 
3.0616584726223337E-17 3.061725381266129E-17 4.329805436666846E-17 1.0000151418584409 
0.18484299134217477 0.18485979448528767 0.26138139600146193 0.9293257093904688 
3.061650226142664E-17 3.0616881157489646E-17 4.329801018577693E-17 1.000010915278969 
3.061686409530953E-17 3.061764198513642E-17 4.3298223837898434E-17 1.0000225498400686 
0.1860603908198136 0.7548766795161417 3.1543137043010026 0.0913662112027764 
0.38862917497855753 0.6177758385268023 1.160188509223924 0.27856892998506255 
0.4483771716161587 0.44811074456900374 0.6342477266746248 0.44657132402471217 
0.34384222352024096 0.34379120670748153 0.48594271272110245 0.7273366048139573 
0.16661251718896294 0.16667719677076376 0.23549048644891588 0.9438130540993313 
3.0616338993002185E-17 3.0616586901394895E-17 4.329792092709584E-17 1.0000061485363563 
0.2407860387124708 0.7322478084031656 2.3441220874605766 0.15049614255958116 
0.3831109809936549 0.6089669803237264 1.143595638042925 0.36152614539476163 
0.40158554645083017 0.4007075709250218 0.5667224304285878 0.6018825781204955 
0.2127964130312119 0.2130011235020416 0.30086790158638693 0.906462512202098 
3.0616365930681394E-17 3.061659286147364E-17 4.329793275517577E-17 1.0000065537565723 
0.39279003195131884 0.5951012828397516 1.1068298587123857 0.3870959444053609 
0.3736725340305546 0.5678165852984849 1.0797665390462081 0.5710907400931536 
0.2773367711390094 0.27734878961159853 0.3920828009844854 0.8328256100048763 
3.0616338993002185E-17 3.0616586901394895E-17 4.329792092709584E-17 1.0000061485363563 
0.4014134158935902 0.4005413834460334 0.5669174936468184 0.6018590612630458 
0.277335444952364 0.2773336597270916 0.392109292949346 0.8328413785263182 
3.061654732229631E-17 3.061713344555332E-17 4.32980317178108E-17 1.0000135919967503 
0.22355375593712318 0.2235625960503819 0.3161258707479241 0.8946073488620939 
3.0616394428475366E-17 3.0616727744102366E-17 4.329794783336826E-17 1.0000080619896472 
3.0616392575951394E-17 3.061669024824317E-17 4.329793987778697E-17 1.0000076488126644 
0.18585906204555533 0.7540598565699278 3.1509005430746133 0.17656701112436762 
0.34211780708593925 0.6483505754682297 1.3892624249219665 0.3861220866893218 
0.35624582837560453 0.3556948297933044 0.5019257956390912 0.7077929537986215 
0.2127964130312119 0.2130011235020416 0.30086790158638693 0.906462512202098 
3.061645905395307E-17 3.06167528946863E-17 4.329798385171082E-17 1.0000092110040186 
0.18737812480430174 0.752942467314992 3.117834257190844 0.21443728965874326 
0.32796541762834364 0.6151383066713073 1.3113281295357873 0.615019396019763 
0.223683019256461 0.2237362562334884 0.3161864994817145 0.8949962383902595 
3.061632591866555E-17 3.0616572382336323E-17 4.3297914086189815E-17 1.0000058442203437 
0.311959909657288 0.6306686235268909 1.422434215092724 0.6363521782845747 
0.223683019256461 0.2237362562334884 0.3161864994817145 0.8949962383902595 
3.0616394428475366E-17 3.0616727744102366E-17 4.329794783336826E-17 1.0000080619896472 
0.22355375593712318 0.2235625960503819 0.3161258707479241 0.8946073488620939 
3.0616379436743235E-17 3.061668837593729E-17 4.329794657510072E-17 1.0000076035740404 
3.0616483757439553E-17 3.061701236617071E-17 4.329804980164555E-17 1.000012293075918 
0.18565591499935563 0.7532356566044593 3.147456556372272 0.23277704481886108 
0.29689901383582745 0.6235721698158874 1.450551615060852 0.7367530665203047 
0.18484299134217477 0.18485979448528767 0.26138139600146193 0.9293257093904688 
3.061645905395307E-17 3.06167528946863E-17 4.329798385171082E-17 1.0000092110040186 
0.18565591499935563 0.7532356566044593 3.147456556372272 0.23277704481886108 
0.18484299134217477 0.18485979448528767 0.26138139600146193 0.9293257093904688 
3.0616483757439553E-17 3.061701236617071E-17 4.329804980164555E-17 1.000012293075918 
0.18484299134217477 0.18485979448528767 0.26138139600146193 0.9293257093904688 
3.0616414759715616E-17 3.0616797761567056E-17 4.329813083719076E-17 1.0000109130549955 
3.061660918966666E-17 3.0617252922276565E-17 4.3298122792205877E-17 1.0000161245127763 
0.18386929649109002 0.7459870603764329 3.117167706498589 0.5054313772621604 
0.157366457862896 0.1573870613918572 0.22249757789928834 0.9494134033951654 
3.061651614693004E-17 3.061709303255871E-17 4.3298087372915915E-17 1.0000136501245296 
0.157366457862896 0.1573870613918572 0.22249757789928834 0.9494134033951654 
3.061632591866555E-17 3.0616572382336323E-17 4.3297914086189815E-17 1.0000058442203437 
3.061653844716413E-17 3.0617117291258906E-17 4.329808893868945E-17 1.0000140483913023 
0.13707045958744346 0.13714248543371296 0.19369848982500512 0.9623905255062823 
3.061651614693004E-17 3.061709303255871E-17 4.3298087372915915E-17 1.0000136501245296 
3.0616414759715616E-17 3.0616797761567056E-17 4.329813083719076E-17 1.0000109130549955 
3.061660918966666E-17 3.0617252922276565E-17 4.3298122792205877E-17 1.0000161245127763 
