0.0 0.0 0.0 0.4844430957336773 0.4862193737318312 0.5216146986243921 0.49028372828403755 0.4644787932310287 0.5190322381172424 0.5241781532416215 0.5034947132847714 0.5086893471259629 
0.0636158989086327 0.0 0.0 0.4821350781677323 0.47629271242124105 0.49902955756394973 0.4873419483641632 0.48161867051256846 0.48573561592806547 0.5153160890659377 0.5085889625514103 0.5017900930098741 
0.14686756111563143 0.0 0.059367764139769505 0.4967323898561825 0.4906901812667783 0.48101785577145567 0.47305834823501236 0.469230597605187 0.4993095917303292 0.5213898655127489 0.5016203922322067 0.519316527524097 
0.25520767523755417 0.1690484893250668 0.1214477039809512 0.4877970806143732 0.48595738393944066 0.4929684836185034 0.5002367990133114 0.46561773842981974 0.5199270735811415 0.5153950424951819 0.5025450284202676 0.48851955365498123 
0.3921280332132821 0.19248104270883248 0.2708442479848873 0.506974469513155 0.5001156786768715 0.45699251846621136 0.4770289116712516 0.5009805392078459 0.48281637724603077 0.5038142389656666 0.5068435254673068 0.5107876003477151 
0.5521292888601046 0.2964913408355827 0.39770580282237733 0.5041475119150797 0.5043318647933734 0.48619081629137056 0.48370253366225857 0.49468663575863203 0.5020082301232678 0.5071226636239912 0.4988099421073922 0.5280961975409135 
0.7202504441807249 0.5082164117803376 0.6503116044256458 0.49017333173644084 0.5060575344250644 0.5134938633069783 0.5152223216366587 0.47675254985075266 0.4905366600296968 0.5276870658983274 0.4956664923462542 0.5178240409753969 
0.8734859532328109 0.6134399022610046 0.859982435041045 0.5033167797973199 0.5090332351058638 0.49226525134557336 0.5007699681164386 0.505691220828127 0.5002617018936912 0.5068972445459994 0.502112806931519 0.5122088344989982 
1.0 0.7069819624945006 0.9980836786802423 0.49760028656217314 0.4976648109413518 0.5001123903355866 0.5010107706262429 0.4995093401811831 0.5012358218128291 0.5003400546234316 0.5003279536952817 0.49990315841550576 
0.003831236742442422 1.0 0.0 0.0 1.0 0.0 0.0 1.0 1.0 1.0 0.0 0.0 
0.07343378055781571 0.0 0.029683882069884752 0.4905877427949299 0.48845477749930477 0.5013162771979239 0.48167103825952495 0.46685469541810787 0.5091709149237857 0.5227840093771852 0.502557552758489 0.5140029373250299 
0.17422433282328126 0.0 0.11591946709965886 0.49479698898639735 0.4993220865670348 0.5066173345077024 0.4713708350056158 0.45767824900070797 0.4967855687620015 0.5338551583314608 0.5081412744540023 0.4736024399144051 
0.3102348087694463 0.20386504802189018 0.1803019012464207 0.5216556676210391 0.4978875028654064 0.4918866919588707 0.4873396481727441 0.4830904037131254 0.5139073269736197 0.5018905636112447 0.5151950701561612 0.49018549680698326 
0.48183816978145433 0.2703660814827674 0.4250859646683953 0.49022552371389017 0.5035304563441905 0.49427893219063945 0.5000066081844454 0.5217615773951899 0.49190793790031956 0.5244596102050694 0.5014739273150237 0.539800182345036 
0.6723884922083634 0.48337225260117367 0.6556051435099406 0.4940361547669651 0.4938664713619109 0.4805203569622344 0.49358532362517465 0.5059812132119306 0.4996718292129235 0.523435338611636 0.5096808934139473 0.5299219374645144 
0.8525510580363942 0.6404410454608523 0.8569330711332468 0.5021619433910642 0.49717836786578934 0.5038547513932412 0.4983874741083291 0.503752138681417 0.49573569434797443 0.5078495380174919 0.5013998751376569 0.503541649084623 
1.0 0.7069819624945006 0.9980836786802423 0.49760028656217314 0.4976648109413518 0.5001123903355866 0.5010107706262429 0.4995093401811831 0.5012358218128291 0.5003400546234316 0.5003279536952817 0.49990315841550576 
0.010908421848303852 1.0 0.0 0.0 1.0 0.0 0.0 1.0 1.0 1.0 0.0 0.0 
0.09445912088914282 1.0 0.0 0.5687697251772511 0.41799733660901617 0.5812948850771721 0.3384854171165668 0.661325483974217 0.6741780488318685 0.6926183440003094 0.364027864474007 0.5848769040408424 
0.21340502286145147 0.0 0.11873552827953901 0.5050477548089283 0.5016803199887472 0.4940493977375766 0.46444701317747294 0.4733506944388872 0.48922616848691963 0.537255625047394 0.5047135745471523 0.5028762291540125 
0.3921280332132821 0.1903388662486939 0.27990728169981216 0.5070407657642629 0.500092513225908 0.4570435352770681 0.47701530123364244 0.5015709192585693 0.4826656940034877 0.5034787221192992 0.5067283334256177 0.5101334909862619 
0.6082788811610074 0.49219391422514175 0.5589853244336627 0.4976731181798502 0.494963915313174 0.4764930828329683 0.5003120758459868 0.4958434813263132 0.5139886862864 0.5002052817683753 0.508228735999003 0.5066496897278067 
0.825507326819194 0.5654305438501991 0.8073434344312523 0.507852795622331 0.518949103783032 0.48607162575588236 0.500348301664592 0.5086449475037111 0.4978243226280103 0.5128750170038694 0.5038479043701791 0.5208811978034726 
1.0 0.6904171948502581 0.9983379977489435 0.49749918060161546 0.49818474975944815 0.5000038707802488 0.5008385474168662 0.4998261671931469 0.5018149394042177 0.5008432256556806 0.5005571083323872 0.4995613659433277 
0.02171576416099231 1.0 0.0 0.0 1.0 0.0 0.0 1.0 1.0 1.0 0.0 0.0 
0.13374819123362067 1.0 0.0 0.537022553335853 0.28872065823891724 0.7193684442071115 0.22314047712994153 0.7970205647922757 0.6877229089004315 0.6455362996307469 0.21043007310559203 0.5311930746660798 
0.29400487534964326 0.2367732058662391 0.24910813523100325 0.4878652762547486 0.4853153597559415 0.49812089874255533 0.48509589768532135 0.4718998211407849 0.5028581823457366 0.5196107271885604 0.5158392928602404 0.4888902527362086 
0.51809206516831 0.4586133328449762 0.42728792993214704 0.48413920687360545 0.5025168556537076 0.4888530709587984 0.4731972349771041 0.46911180553593723 0.5116393785030927 0.5137648543837582 0.5010958840367548 0.5241462723843059 
0.7848598482697856 0.615362081290771 0.6106390724637496 0.4923281101185463 0.5012724810498931 0.49833527822018264 0.4938573709866065 0.4827283048300036 0.5074193551037336 0.505954883273939 0.5019740459225632 0.5111005680790599 
1.0 0.7097505607520698 0.9972526775547141 0.497445330330989 0.4976366457375517 0.5000554452480257 0.500998512950587 0.4991622373446188 0.5012963709360265 0.5002823254892645 0.5004216668121331 0.49951131634769785 
0.021614684625376916 1.0 0.0 0.0 1.0 0.0 0.0 1.0 1.0 1.0 0.0 0.0 
0.18398204703847548 1.0 0.0 0.3294581795536098 0.4772391626607792 0.3730835614678825 0.2336235465433889 0.7260909264678569 0.8441527052110184 0.7152534510164383 0.04703211416942313 0.271632672474603 
0.500036890436399 0.3143762692098908 0.4537384875872852 0.4926434150897252 0.48446230285777375 0.49094104745945105 0.4978898602497122 0.4987430647730411 0.4957746013185271 0.5210581755543124 0.5013331127716875 0.5239883809135375 
0.7187385072024952 0.635854781551505 0.7890081466824974 0.4990369130658557 0.4920237762211843 0.4733823601192371 0.5021890624290357 0.49639589542087903 0.5130731405110439 0.4894619422982569 0.5149835956002575 0.4837214621865625 
1.0 0.7028805273313063 1.0 0.4977514067493266 0.49781926802485477 0.5005465893231511 0.501057004090177 0.4990460977687863 0.5011507808216107 0.5006443139281902 0.5002211492992771 0.5021044058080351 
0.0356132649425287 1.0 0.0 0.0 1.0 0.0 0.0 1.0 1.0 1.0 0.0 0.0 
0.2715219885307154 1.0 0.0 0.4974749129043836 0.5389001064371447 1.0 0.052132365529932834 0.6572442834210781 0.40919519035735047 0.6651481071565544 0.9051585958879228 0.8184836057921475 
0.7591178055456719 0.5218806415667905 0.7292218261569399 0.496644377742898 0.4889516891005313 0.4889398403114406 0.4986026221401755 0.4934117106633304 0.4993330052989954 0.510303472102153 0.49949885783623016 0.5050512407385612 
1.0 0.7056327089003026 0.9902258746024165 0.49831072568466817 0.4981073126381866 0.4996044198436298 0.5009349592268628 0.50100725111426 0.5014906149261489 0.5009360285420612 0.5003229071030637 0.5014403794960761 
0.09098134313451889 1.0 0.0 0.0 1.0 0.0 0.0 1.0 1.0 1.0 0.0 0.0 
0.7984162305717464 0.6509784482923534 0.7889712679380263 0.4974168689674752 0.515965747980946 0.5074645114230152 0.507507245882496 0.522138815489595 0.5364727675987913 0.5168437444192547 0.5050543273979429 0.5131772544337537 
1.0 0.7037374401072507 0.9620654011182833 0.4976382729780399 0.4977757178379195 0.49899877204516674 0.5010480484469637 0.500414478118225 0.5014368148791492 0.5014209189848702 0.5003006787107531 0.5008909553385342 
0.8254240753081881 0.5982563043104405 0.8383447345683237 0.492479886755387 0.50772055697401 0.5005410854655818 0.5090903563282803 0.517294906732069 0.49700060990416106 0.5139209039243315 0.5035437917868166 0.5132285841183821 
1.0 0.673665736157447 0.937025815110338 0.49798231858357667 0.4978100432594883 0.49966177635557774 0.501032042989124 0.49950214048365055 0.5012196036830945 0.500505612975854 0.5002509032328093 0.5024078934193434 
1.0 0.7187732920821526 0.974585194122256 0.4974662501752716 0.4977585551271351 0.49866726988996124 0.5010560511758836 0.5008706469355123 0.5015454204771765 0.5018785719893782 0.500325566449725 0.5001324862981296 
0.0034940162653177287 1.0 1.0 1.0 0.0 0.0 1.0 0.0 0.0 0.0 0.0 1.0 
0.07343378055781571 0.0 0.029683882069884752 0.4905877427949299 0.48845477749930477 0.5013162771979239 0.48167103825952495 0.46685469541810787 0.5091709149237857 0.5227840093771852 0.502557552758489 0.5140029373250299 
0.17422433282328126 0.0 0.11591946709965886 0.49479698898639735 0.4993220865670348 0.5066173345077024 0.4713708350056158 0.45767824900070797 0.4967855687620015 0.5338551583314608 0.5081412744540023 0.4736024399144051 
0.3102348087694463 0.20386504802189018 0.1803019012464207 0.5216556676210391 0.4978875028654064 0.4918866919588707 0.4873396481727441 0.4830904037131254 0.5139073269736197 0.5018905636112447 0.5151950701561612 0.49018549680698326 
0.48183816978145433 0.2703660814827674 0.4250859646683953 0.49022552371389017 0.5035304563441905 0.49427893219063945 0.5000066081844454 0.5217615773951899 0.49190793790031956 0.5244596102050694 0.5014739273150237 0.539800182345036 
0.6723884922083634 0.48337225260117367 0.6556051435099406 0.4940361547669651 0.4938664713619109 0.4805203569622344 0.49358532362517465 0.5059812132119306 0.4996718292129235 0.523435338611636 0.5096808934139473 0.5299219374645144 
0.8525510580363942 0.6404410454608523 0.8569330711332468 0.5021619433910642 0.49717836786578934 0.5038547513932412 0.4983874741083291 0.503752138681417 0.49573569434797443 0.5078495380174919 0.5013998751376569 0.503541649084623 
1.0 0.7014603732797531 0.9981684517031427 0.4975665845753206 0.49783812388071724 0.500076217150474 0.500953362889784 0.499614949185171 0.5014288610099586 0.5005077783008479 0.5004043385743169 0.4997892275914464 
0.026746420937083182 0.0 0.0 0.4817742254513628 0.46861625437264315 0.49650029858269884 0.4882839707897536 0.4846038982205739 0.48205229831675345 0.5091363993107634 0.5087381919172129 0.5111859773750304 
0.08704843793940617 0.06457173842433095 0.0960350237550334 0.4904493430378093 0.4848336509134647 0.5090649729754005 0.47787487278612667 0.4655435429871023 0.48849129730861746 0.5275368457115279 0.5264124664100542 0.48084324479860774 
0.21340502286145147 0.0 0.11873552827953901 0.5050477548089283 0.5016803199887472 0.4940493977375766 0.46444701317747294 0.4733506944388872 0.48922616848691963 0.537255625047394 0.5047135745471523 0.5028762291540125 
0.3915827254502813 0.29152190787631344 0.3429491261735689 0.49552409041963674 0.492613748433097 0.4721693579853418 0.4904828320166286 0.46290015113411903 0.486217925099651 0.5227520053307613 0.49596059573602974 0.49318644509461285 
0.6082788811610074 0.49219391422514175 0.5589853244336627 0.4976731181798502 0.494963915313174 0.4764930828329683 0.5003120758459868 0.4958434813263132 0.5139886862864 0.5002052817683753 0.508228735999003 0.5066496897278067 
0.8254240753081881 0.5918086441701227 0.832804899129885 0.49281691929623656 0.5077297619272969 0.5004561930798257 0.5091587992756839 0.5171872971663607 0.4991878057672956 0.5142344722396761 0.5033925098012592 0.5150978931868209 
1.0 0.7014603732797531 0.9981684517031427 0.4975665845753206 0.49783812388071724 0.500076217150474 0.500953362889784 0.499614949185171 0.5014288610099586 0.5005077783008479 0.5004043385743169 0.4997892275914464 
0.04195087696320689 1.0 0.0 0.37475352192991823 0.7089986683045081 0.29064744253858604 0.1692427085582834 0.8690247097036157 0.8370890244159342 0.8463091720001548 0.24227014218067514 0.2924384520204212 
0.12303152602905174 1.0 0.0014080305899400736 0.5527144009901107 0.41917645331987236 0.5750109166921091 0.33502350620249544 0.6691617066933067 0.6703983486943276 0.6943185773582761 0.362314014520582 0.599513798660646 
0.2788145756635028 0.02147766882682045 0.09767892974945788 0.5019372542097567 0.4821765180854751 0.4629850811875411 0.4934215095381845 0.4994165071585342 0.5079749459919398 0.5261659797770115 0.4877781383658927 0.5552577404119536 
0.5182694387015995 0.3106437703223711 0.48196865965593033 0.49864829549109624 0.4928693261894569 0.4891470734547274 0.4983523041815997 0.46543785368946344 0.48532915219606076 0.5257365579983979 0.497169134974025 0.5153983980509185 
0.7848598482697856 0.6377655953997181 0.6238445111448614 0.49223548279406415 0.5016431234098646 0.4984579140884616 0.49384226734519054 0.4831195897482665 0.5074807300809759 0.5057464625519797 0.5021347343673008 0.5106658097518108 
1.0 0.7014603732797531 0.9977342415712688 0.4975665845753206 0.49783812388071724 0.500076217150474 0.500953362889784 0.499614949185171 0.5014288610099586 0.5005077783008479 0.5004043385743169 0.4997892275914464 
0.04264408087173042 1.0 0.0 0.16045597684528354 0.819406731259793 0.14013097064956564 0.0 0.8918689578747843 0.9635549546728059 0.7585523064522582 0.0 0.09752843843127812 
0.17345225779322224 1.0 0.0 0.5354673030362672 0.2789687572872812 0.7038362859320938 0.2376277253102973 0.8100534711520991 0.6119465226172273 0.6399914769955557 0.20196235501496224 0.5573838302950503 
0.410206634486809 0.5157761691108123 0.3569911149916477 0.5076234903904613 0.5057182825106559 0.5035136419186481 0.492999823773564 0.506828273009194 0.48562719440005986 0.5338790634957741 0.5052112160241204 0.5219812660785181 
0.7207269086566246 0.567822063937309 0.6861509108915804 0.49091521104119457 0.49047323794153397 0.4989733839879923 0.49422719208162214 0.48472463079687816 0.5052461447930243 0.5061286125847857 0.5077191530677161 0.49070859705238135 
1.0 0.7056327089003026 0.9902258746024165 0.49831072568466817 0.4981073126381866 0.4996044198436298 0.5009349592268628 0.50100725111426 0.5014906149261489 0.5009360285420612 0.5003229071030637 0.5014403794960761 
0.03909714713650374 1.0 0.0 0.0 0.9517770696077004 0.0 0.0 1.0 1.0 1.0 0.0 0.0 
0.26425950829493905 1.0 0.0 0.44390014664194244 0.322041230082805 0.8113082707569621 0.0 0.6912188695694055 0.7955468515841504 0.4118133606910038 0.2099336836712654 0.5144775632076275 
0.7051021160727884 0.6248014320152593 0.6866333511043006 0.506463682208019 0.5024130720357908 0.5043027220653314 0.49549775170273336 0.5054192626107403 0.4912604311453358 0.5163375616479438 0.5025207927618022 0.5044495673081199 
1.0 0.6768601449679572 0.9833269680686783 0.4989108913174931 0.49786952842563303 0.4990275941732208 0.5010568565205478 0.5018457115540422 0.5008830568986058 0.5006734212241402 0.4999456739853231 0.5022495865602894 
0.09098134313451889 1.0 0.0 0.0 1.0 0.0 0.0 1.0 1.0 1.0 0.0 0.0 
0.7591178055456719 0.5218806415667905 0.7292218261569399 0.496644377742898 0.4889516891005313 0.4889398403114406 0.4986026221401755 0.4934117106633304 0.4993330052989954 0.510303472102153 0.49949885783623016 0.5050512407385612 
1.0 0.7037374401072507 0.9620654011182833 0.4976382729780399 0.4977757178379195 0.49899877204516674 0.5010480484469637 0.500414478118225 0.5014368148791492 0.5014209189848702 0.5003006787107531 0.5008909553385342 
0.7984162305717464 0.6509784482923534 0.7889712679380263 0.4974168689674752 0.515965747980946 0.5074645114230152 0.507507245882496 0.522138815489595 0.5364727675987913 0.5168437444192547 0.5050543273979429 0.5131772544337537 
1.0 0.7037374401072507 0.9620654011182833 0.4976382729780399 0.4977757178379195 0.49899877204516674 0.5010480484469637 0.500414478118225 0.5014368148791492 0.5014209189848702 0.5003006787107531 0.5008909553385342 
1.0 0.673665736157447 0.937025815110338 0.49798231858357667 0.4978100432594883 0.49966177635557774 0.501032042989124 0.49950214048365055 0.5012196036830945 0.500505612975854 0.5002509032328093 0.5024078934193434 
0.011058197860358367 1.0 1.0 1.0 0.0 0.0 1.0 0.0 0.0 0.0 0.0 1.0 
0.09200819117685317 1.0 1.0 0.4197073715646039 0.29993237588953303 0.6835034016125534 0.39410738980489607 0.2664027103263933 0.5110239564000123 0.5930956540095065 0.4596038238034684 0.5690080621317194 
0.21565583053833734 0.12583611911554987 0.2020008769199016 0.4803030620801767 0.4957360898444644 0.5411198069684615 0.47414164794337355 0.4932849440678316 0.4696782799512312 0.5212011456343213 0.5399349026809445 0.5044006192824058 
0.3915827254502813 0.29152190787631344 0.3429491261735689 0.49552409041963674 0.492613748433097 0.4721693579853418 0.4904828320166286 0.46290015113411903 0.486217925099651 0.5227520053307613 0.49596059573602974 0.49318644509461285 
0.6073149752747524 0.5626969922169824 0.5376140456287976 0.4946390460080885 0.48399262603897575 0.485255498060647 0.5161865063885989 0.49458280285000383 0.5298926551385323 0.5037843404173207 0.5008474848702209 0.5177389962703084 
0.8254240753081881 0.5918086441701227 0.832804899129885 0.49281691929623656 0.5077297619272969 0.5004561930798257 0.5091587992756839 0.5171872971663607 0.4991878057672956 0.5142344722396761 0.5033925098012592 0.5150978931868209 
1.0 0.6848799983351196 1.0 0.49780909306398385 0.4982410801670484 0.5001177609553706 0.500863062768178 0.5005203728662755 0.5016938411578228 0.5009586839240148 0.5003696820986845 0.5003450500789435 
0.03668310198770544 1.0 1.0 0.6825054165767621 0.1006541005924565 0.41538720428086584 0.626115453811823 0.03853976196925232 0.24372419041639445 0.36205405781919087 0.19301120121819865 0.7986481434648922 
0.1184456044941294 1.0 1.0 0.4280559766390678 0.3004413200601237 0.645201717918286 0.402674730384186 0.23416950728281122 0.5476707930547824 0.5946756582718372 0.4285726947547279 0.5415759207436068 
0.2788145756635028 0.02147766882682045 0.09767892974945788 0.5019372542097567 0.4821765180854751 0.4629850811875411 0.4934215095381845 0.4994165071585342 0.5079749459919398 0.5261659797770115 0.4877781383658927 0.5552577404119536 
0.5182694387015995 0.3106437703223711 0.48196865965593033 0.49864829549109624 0.4928693261894569 0.4891470734547274 0.4983523041815997 0.46543785368946344 0.48532915219606076 0.5257365579983979 0.497169134974025 0.5153983980509185 
0.7848598482697856 0.5612847879093223 0.6773554658172476 0.49371580885088284 0.5020826451809128 0.4986742493728499 0.4938063465685217 0.4849709698956554 0.5078870921106436 0.5059885123216229 0.5011376355545245 0.5143579237234706 
1.0 0.6802950951519441 0.9954684831425376 0.4976656187294287 0.498074909225701 0.49990139243924636 0.5008659516440712 0.5008749310962124 0.5014595275876481 0.5004404010690124 0.5002690489336891 0.49894137305898084 
0.14571195508232107 0.0 0.014391590517323416 0.48612719268129 0.49340199824576103 0.4880567111824574 0.4827324216225863 0.4674115585784196 0.5044754800386457 0.522449200047234 0.5029996477158025 0.5006067695319596 
0.2053161086066626 0.18515037475006804 0.26104766141964497 0.4880540981874103 0.48613497122611055 0.49737798708282227 0.48504243736817343 0.4696420797420048 0.5028161565400924 0.5198996078470861 0.5159596351631592 0.48886788712741236 
0.3921280332132821 0.19248104270883248 0.2708442479848873 0.506974469513155 0.5001156786768715 0.45699251846621136 0.4770289116712516 0.5009805392078459 0.48281637724603077 0.5038142389656666 0.5068435254673068 0.5107876003477151 
0.7207269086566246 0.567822063937309 0.6861509108915804 0.49091521104119457 0.49047323794153397 0.4989733839879923 0.49422719208162214 0.48472463079687816 0.5052461447930243 0.5061286125847857 0.5077191530677161 0.49070859705238135 
1.0 0.7014603732797531 0.9977342415712688 0.4975665845753206 0.49783812388071724 0.500076217150474 0.500953362889784 0.499614949185171 0.5014288610099586 0.5005077783008479 0.5004043385743169 0.4997892275914464 
0.1915950852600585 1.0 0.024669325343644747 0.4997356982286795 0.27901930313402507 0.7869389393372668 0.2480637138678587 0.5504566086994804 0.6737016138917442 0.27260654264663614 0.2775418659585708 0.585428439427596 
0.2730407091556626 1.0 0.0054820722985877215 0.4781732222729139 0.29142359267777374 0.707847012618096 0.24071174477513343 0.6012350715476567 0.7352080280404119 0.29360518277362446 0.16769945910317657 0.519250514452186 
0.6264432407045573 0.21573475843372816 0.5743000783981751 0.4935011792039256 0.4644245216605546 0.49953512569217784 0.4870072970195724 0.48845196136377633 0.4927526649147891 0.5255578337516953 0.4881558325889327 0.5274123465455732 
1.0 0.6654274811434655 1.0 0.49828833135804884 0.49820103754690226 0.4999042736810386 0.5008890845410607 0.5027611791731759 0.5010013018801063 0.5002809484508963 0.4998170622750248 0.49978281803468555 
0.23124728158433472 1.0 0.0 0.4939205365676442 0.5197119925103673 1.0 0.11500238287912745 0.6443548241097188 0.4030198977336158 0.6644227299786251 0.9138263651419434 0.8077922837832932 
0.7051021160727884 0.6445496412023709 0.6845800460404249 0.5063122099154143 0.49636589534875664 0.5095833790036355 0.4954875843926122 0.5053329956532928 0.49137881149546225 0.5163534826345331 0.5027001263019566 0.5043422347785531 
1.0 0.734405272832648 0.9971247811361548 0.4977105600518433 0.49834509685074013 0.5001812455140389 0.5008130619331778 0.5001687906744777 0.5020981729536921 0.5011986358599823 0.5007001402208044 0.5006311724318628 
0.7591178055456719 0.5250796834121845 0.7357014874678098 0.49769314655861147 0.4860985475552374 0.49089042104924796 0.4986623071870044 0.49443845462061076 0.499240443302023 0.5110748354643275 0.4992724384244875 0.504614642645214 
1.0 0.6629653471670437 1.0 0.49795374578376095 0.4977973262568096 0.4990310487801639 0.5010653165200278 0.5007787512737465 0.501034000099847 0.5004805353521757 0.5002391936523434 0.502120876238527 
1.0 0.7104585076311676 0.9632890080933219 0.4999748314379193 0.4979744708673972 0.4997920236623914 0.5010150100375428 0.5014457073751319 0.500963237172382 0.5011219880297894 0.49959847999294266 0.5027940006281 
0.016731334056638847 1.0 1.0 1.0 0.0 0.0 1.0 0.0 0.0 0.0 0.0 1.0 
0.1062960568931843 1.0 1.0 0.6967745501025503 0.49965806310873223 0.46832549359339204 0.7236588295878716 0.053863743152160776 0.7261158018969711 0.6097025740709046 0.4435818139140744 0.7240397015032497 
0.29400487534964326 0.2367732058662391 0.24910813523100325 0.4878652762547486 0.4853153597559415 0.49812089874255533 0.48509589768532135 0.4718998211407849 0.5028581823457366 0.5196107271885604 0.5158392928602404 0.4888902527362086 
0.5182356110913438 0.3815235324074949 0.5130471018254779 0.4960495345652919 0.47378734799234884 0.4865479824130454 0.49582426577864824 0.4764594587168606 0.499004357367638 0.5175417400635558 0.5003272857694896 0.5067144069075822 
0.7848598482697856 0.6377655953997181 0.6238445111448614 0.49223548279406415 0.5016431234098646 0.4984579140884616 0.49384226734519054 0.4831195897482665 0.5074807300809759 0.5057464625519797 0.5021347343673008 0.5106658097518108 
1.0 0.6795733795518659 1.0 0.497817311402612 0.4981489423467613 0.49998296952999954 0.5008596453617958 0.5012900790797696 0.5014283109879466 0.5004644769175114 0.5001953129308523 0.49924580020595527 
0.04257116336109734 1.0 1.0 1.0 0.7712973723914912 0.1887280256494586 0.8882841268838239 0.16964827569951496 1.0 0.0 0.7860414466766504 0.9308591503081316 
0.1711037833239163 0.9899348185841751 1.0 0.5071049586737182 0.44420561503961464 0.48533418227336667 0.6382587989644337 0.0 0.7346843519783536 0.5574543998868228 0.6616978634653026 0.7279610045648032 
0.4108115307396134 0.2393256579078036 0.38968285880503284 0.49447493543992393 0.5101282703261859 0.4885376991345143 0.4849734691914667 0.47493254991881645 0.48323566295271925 0.5276930657336065 0.5004149658479915 0.5127566025613888 
0.7251378565403859 0.6581129194631282 0.8079326083475453 0.5005342336022284 0.48679827734994324 0.4859872237963041 0.5039063046616455 0.48564293217173604 0.5027665741344458 0.5043039875910765 0.47842296175515314 0.4873545652354899 
1.0 0.6881620022224338 0.9909369662850751 0.49765554078602614 0.498086319067124 0.4997510855888305 0.5009096674926103 0.5002434622365608 0.5016383900633892 0.5010227776810232 0.5003830805346787 0.5002454127679815 
0.17142212982060212 1.0 0.97236465975134 0.5325623775860466 0.4584951400383813 0.5122455494664646 0.5945708371517175 0.01475173514651007 0.707967877589318 0.5539422097713118 0.5744532891175709 0.7505390008447395 
0.2720358600990751 1.0 0.97236465975134 0.5479927404969571 0.4513055057756856 0.5260015292012981 0.6133803025715366 0.021605887171387284 0.6980935685472999 0.5612492162844401 0.5494335723977691 0.7629812523035602 
0.6257273466635855 0.38133659367305633 0.5742544605068278 0.5027201329791374 0.47562722469951135 0.48980199223621623 0.5116774158139615 0.4567863170725218 0.4873677215548564 0.5233747177145371 0.49388546075770223 0.5164393933863747 
1.0 0.6731323583548858 1.0 0.4981888154060769 0.4981063856055512 0.49988880491166277 0.5009266151026587 0.5016207706339562 0.5011388416869957 0.5005167896922034 0.4999530307576515 0.5005761676464653 
0.410206634486809 0.5157761691108123 0.3569911149916477 0.5076234903904613 0.5057182825106559 0.5035136419186481 0.492999823773564 0.506828273009194 0.48562719440005986 0.5338790634957741 0.5052112160241204 0.5219812660785181 
0.6264432407045573 0.21573475843372816 0.5743000783981751 0.4935011792039256 0.4644245216605546 0.49953512569217784 0.4870072970195724 0.48845196136377633 0.4927526649147891 0.5255578337516953 0.4881558325889327 0.5274123465455732 
1.0 0.6731323583548858 1.0 0.4981888154060769 0.4981063856055512 0.49988880491166277 0.5009266151026587 0.5016207706339562 0.5011388416869957 0.5005167896922034 0.4999530307576515 0.5005761676464653 
0.7051021160727884 0.6248014320152593 0.6866333511043006 0.506463682208019 0.5024130720357908 0.5043027220653314 0.49549775170273336 0.5054192626107403 0.4912604311453358 0.5163375616479438 0.5025207927618022 0.5044495673081199 
1.0 0.7150614297863682 0.9712585751615581 0.4982253156416962 0.49787463147362215 0.49904492538852785 0.5010274520662557 0.5009543037402349 0.5013621017868121 0.5011671460724889 0.500288405409098 0.5017133321258715 
1.0 0.7150614297863682 0.9712585751615581 0.4982253156416962 0.49787463147362215 0.49904492538852785 0.5010274520662557 0.5009543037402349 0.5013621017868121 0.5011671460724889 0.500288405409098 0.5017133321258715 
0.034574869967752817 1.0 1.0 1.0 0.0 0.0 1.0 0.0 0.0 0.0 0.0 1.0 
0.15149777527942815 1.0 1.0 0.547485274999919 0.3587663912500306 0.5203490014959172 0.6655796071272537 0.0 0.824902158707435 0.5655626084019096 0.6596725214918953 0.9113549265322001 
0.500036890436399 0.3217569422719284 0.4537384875872852 0.4932583136350813 0.48856522554327975 0.4903279336956747 0.4979638108746113 0.49902951137865115 0.49530731370369796 0.520916271964356 0.5008240552673622 0.5239689264953131 
0.7251378565403859 0.6581129194631282 0.8079326083475453 0.5005342336022284 0.48679827734994324 0.4859872237963041 0.5039063046616455 0.48564293217173604 0.5027665741344458 0.5043039875910765 0.47842296175515314 0.4873545652354899 
1.0 0.6795601016651902 1.0 0.4977483684773812 0.49825246573575543 0.5000015139951608 0.5008625917748772 0.5004134768399799 0.5016900802510997 0.5009869879988166 0.5003773133061389 0.5003236834618128 
0.04864344608602465 1.0 1.0 1.0 0.0 9.375446958488909E-4 1.0 0.0 0.0 0.00816378152080105 0.030993759243351682 0.9968659422814561 
0.2615614153180401 0.9995541100433285 1.0 0.5533846604531797 0.42201241772702613 0.5791863378319126 0.7264477158111446 0.0022706509683190768 0.7541728178271435 0.49457235296026314 0.7315030424592286 0.928600326624458 
0.7050139907390651 0.5975358719128506 0.7200801642465235 0.49833550152116435 0.4909182548053501 0.48681509309510795 0.5027126644238418 0.48539849130073276 0.5035669506237088 0.5058241421198078 0.5063555650690191 0.4940622138464017 
1.0 0.688155363279096 0.9818739325701503 0.49762106932341077 0.4981380807616211 0.4997603578214112 0.5009111406991511 0.49980516111666595 0.5017692746949658 0.5012840332216758 0.500474080722322 0.5007843543959103 
0.2440984158060316 1.0 1.0 0.614318439580785 0.41390013223085664 0.6521917765414151 0.6787822314709905 0.0 0.6818888101021406 0.4524210831642136 0.8004776074152987 0.9862612003327546 
0.7051021160727884 0.6444174671228541 0.676243530074764 0.5072461253561369 0.49634976519509233 0.5094922867941746 0.49552372880881745 0.5056219931811776 0.49121471486855917 0.5163271164930598 0.5025777192080582 0.5052971449543779 
1.0 0.6838710103588188 1.0 0.49775366182562675 0.4980917498596941 0.4998623914431247 0.5008839198239328 0.5009859212181127 0.5014679082098796 0.500612999528941 0.5002436966389439 0.49947613567300403 
0.7051021160727884 0.6445496412023709 0.6845800460404249 0.5063122099154143 0.49636589534875664 0.5095833790036355 0.4954875843926122 0.5053329956532928 0.49137881149546225 0.5163534826345331 0.5027001263019566 0.5043422347785531 
1.0 0.6666780592712301 1.0 0.4984913764843111 0.4981673522533353 0.49981318475848724 0.5009965312566029 0.501074859948353 0.5011111416491979 0.5010916135482006 0.4998927489597373 0.5029844183428327 
1.0 0.7182545130908791 0.9578470292025454 0.5004285797112541 0.4980069188180172 0.5000370818862768 0.5009941997486612 0.5014360589547868 0.5009578074175001 0.5011156681226075 0.4994902669025784 0.5029375210967736 
0.06057105491458835 1.0 1.0 1.0 0.0 0.0 1.0 0.0 0.0 0.0 0.0 1.0 
0.25057690769275603 1.0 1.0 0.5834483925742839 0.40500749073689823 0.593126653061284 0.7905899182542523 0.0 0.8517905109279251 0.5153915975082031 0.7483001822279929 1.0 
0.7591178055456719 0.46137335842742444 0.750806044046987 0.4983113377415932 0.4874348818776727 0.493193962018297 0.4981839562535817 0.4917778552763782 0.5002787843409584 0.5106443160843094 0.4996445567161723 0.5063536414595703 
1.0 0.6907710144399674 0.9913717538989648 0.49797603650495675 0.4980640406249698 0.4998724976910594 0.5008739844251218 0.5006613721649497 0.5015365097596629 0.500645316328461 0.5002783728242864 0.498979111877094 
0.09027095159850251 1.0 1.0 1.0 0.0 0.0 1.0 0.0 0.0 0.0 0.0 1.0 
0.7591178055456719 0.46137335842742444 0.750806044046987 0.4983113377415932 0.4874348818776727 0.493193962018297 0.4981839562535817 0.4917778552763782 0.5002787843409584 0.5106443160843094 0.4996445567161723 0.5063536414595703 
1.0 0.6848799983351196 1.0 0.49780909306398385 0.4982410801670484 0.5001177609553706 0.500863062768178 0.5005203728662755 0.5016938411578228 0.5009586839240148 0.5003696820986845 0.5003450500789435 
0.7591178055456719 0.4677716664031446 0.7331872455804809 0.49815291081932067 0.4872979017757947 0.49304725354214207 0.49822155463826656 0.4919224663589444 0.5001981853530584 0.5106140539489583 0.49963946288800276 0.5062303626426801 
1.0 0.6825428864881717 1.0 0.49773383968212553 0.4982374621178006 0.5001056011621552 0.500854184533324 0.5012195794304326 0.5015069766870266 0.5006211607152883 0.5002409675680513 0.49992876930688 
1.0 0.6825428864881717 1.0 0.49773383968212553 0.4982374621178006 0.5001056011621552 0.500854184533324 0.5012195794304326 0.5015069766870266 0.5006211607152883 0.5002409675680513 0.49992876930688 
0.10732596365157476 1.0 1.0 1.0 0.0 6.266880392402641E-7 1.0 0.0 2.6943777953095105E-4 0.0 0.008127725700880772 0.9993895317162765 
0.7950774058320597 0.5378194155661511 0.6314243454980124 0.48504382039539173 0.49923920346114653 0.4974263831757726 0.5068623803727152 0.49236749967968696 0.5171534304876386 0.5342197804241265 0.47927803888227216 0.5083374090323427 
1.0 0.6816594877366295 1.0 0.49799484506571634 0.4982198017964433 0.5000706786462022 0.5008965476386095 0.5006857186433687 0.5015491065073474 0.5009848403113608 0.500248541012084 0.5010102337991985 
0.7950774058320597 0.5378194155661511 0.6314243454980124 0.48504382039539173 0.49923920346114653 0.4974263831757726 0.5068623803727152 0.49236749967968696 0.5171534304876386 0.5342197804241265 0.47927803888227216 0.5083374090323427 
1.0 0.6816594877366295 1.0 0.49799484506571634 0.4982198017964433 0.5000706786462022 0.5008965476386095 0.5006857186433687 0.5015491065073474 0.5009848403113608 0.500248541012084 0.5010102337991985 
1.0 0.6743553551167989 0.9991304247722205 0.49717631996475076 0.4981934992310697 0.4997401453255418 0.5009310114967731 0.5004542592229919 0.501632071595399 0.5012193996226358 0.5004047283516369 0.5017784019877303 
0.8265436144999586 0.48476394671309236 0.7488962825567225 0.4980663786923588 0.5020051356254251 0.48624273302288906 0.49176349640454875 0.52331317780085 0.5118813180319405 0.5031692578601905 0.4969883374830629 0.5221000817676957 
1.0 0.6895982446147536 0.9707139037739313 0.49789581470080757 0.4976038121307972 0.499935973777481 0.5008432692160096 0.4993862208379519 0.5019754229992074 0.5016154773039008 0.5003787633313294 0.5015006890863611 
1.0 0.6828517247189978 0.981169646077284 0.4974554366100271 0.49815377576151487 0.49984725064808755 0.5009155083030103 0.5002687019037474 0.5016879715987751 0.5011314270287552 0.5004148157609065 0.501147806638274 
1.0 0.6895982446147536 0.9707139037739313 0.49789581470080757 0.4976038121307972 0.499935973777481 0.5008432692160096 0.4993862208379519 0.5019754229992074 0.5016154773039008 0.5003787633313294 0.5015006890863611 
