0.0 0.0 0.7671101574125518 0.5296966353062653 0.48913670769181417 0.5081832665708261 0.4877530189435809 0.5212658122157849 0.4723919334758867 0.5120299579258404 0.5035903862406212 0.4960388543165131 
0.06346577679409837 0.01795715578915523 0.707982224632827 0.5146715432694128 0.48205875647659213 0.5681416676333674 0.5007203744342124 0.5212408685153829 0.486254110535644 0.5015886881458353 0.5309106788037941 0.49132735417760814 
0.1434921217346879 0.024228949203546513 0.7498763509619537 0.526897038052555 0.48260399973144763 0.5630509066720972 0.4934642510731913 0.5236473353366179 0.4868338476997398 0.5081053378126954 0.5206035554587802 0.4892221158329758 
0.25444655425806195 0.04470034145483867 0.47417754010867974 0.5166889013883381 0.4791634094709215 0.5278024884328609 0.4879514835675642 0.4946362063357776 0.4787683420663604 0.4858674321136624 0.5267173715701583 0.5416566258833158 
0.39074164150455926 0.14536732814042277 0.8320372157740952 0.49957753698281593 0.4766495718124251 0.5416592493304505 0.4781794456971329 0.5098805812597769 0.48224061443329197 0.5262681649869155 0.5221252360363005 0.4845975196579152 
0.5521419189704382 0.4243307331208247 0.7603166546600602 0.5044892134081357 0.5168790358680966 0.5100594482357085 0.49311644731320836 0.5080512951735823 0.4938541611332484 0.4978966764289 0.5254076049753432 0.5018989795008728 
0.7198800825268281 0.4392773253852411 0.8738446747104518 0.49550069263006125 0.4871408590245353 0.49915977573650444 0.4933791312756847 0.489953464810596 0.49084773673313054 0.4818165011301838 0.511001864559985 0.4932146841777859 
0.8733127634873881 0.48019178301229587 0.2608833223837149 0.4784198966001138 0.49268869074718896 0.49052569316315364 0.4888482859016626 0.49296746026529015 0.5071929839056485 0.49723226349526817 0.5024537291311703 0.495890825391058 
1.0 0.5331599024901765 0.24506868433147638 0.4968662724836649 0.5026914275655177 0.49638275775731544 0.5015954313456101 0.5048573629973772 0.499539785548883 0.5012304696082037 0.4990293085815661 0.4971628133120495 
0.0 1.0 0.0 0.0 0.0 1.0 0.0 0.0 1.0 1.0 1.0 1.0 
0.07063626174220117 0.07760893244891383 0.756748954602182 0.5148692463709389 0.4780538473226024 0.5625616997186375 0.49406766344003505 0.5145263082904186 0.4835356962378041 0.5091286447155836 0.5209354203403864 0.4907737236424994 
0.17423986462150415 0.0 0.7969793767646166 0.5169031567585695 0.4659792162411265 0.5341875119901753 0.4724347051233033 0.4961344725831432 0.4770896232032794 0.49010506199266674 0.5364130448958574 0.5128904139937507 
0.3077114342773579 0.14276462045866736 0.5748270611583527 0.5125725127493694 0.4784565319126466 0.5300510901737876 0.47802586068325814 0.4930018279646149 0.48448277995502426 0.4996825098099942 0.5317156048945878 0.5059023743875959 
0.4804677851292628 0.37406837441505897 0.35755449132936906 0.5144364426455259 0.5067342181663013 0.5322961762216768 0.5030026863846858 0.5071498984438165 0.5023880585507912 0.5101824763505427 0.499949002159606 0.48777760191797703 
0.672092455088053 0.36100618353586106 0.691388187291337 0.5041283655441954 0.4914402600626162 0.5130954048464837 0.48869574836249896 0.5026740873464843 0.5024522541523592 0.492461803965711 0.5121055271664721 0.4901943269089332 
0.8524859297958233 0.4766046710653168 0.33743705969490106 0.5025486194158153 0.5025901410051985 0.4944154651535035 0.49094590658636433 0.5014286857899288 0.5077953170865903 0.4957533187771073 0.49715132912969884 0.49421075915197465 
1.0 0.46663458013231696 0.1967508209582382 0.49706794561004997 0.5021379208010364 0.5012631754754995 0.4980290406719724 0.5058365999630879 0.5000614797796907 0.5016841436897662 0.4995885389006717 0.49874698150025526 
0.011671923036373016 1.0 0.0 0.0 0.0 1.0 0.0 0.0 1.0 1.0 1.0 1.0 
0.05857644326080998 1.0 0.0 0.48366571433407396 0.6300119140322289 0.5883892469404881 0.45434602467619944 0.6733670934101399 0.5891076457555442 0.4257065297709474 0.44759783404950104 0.20023376532585868 
0.21434320943978305 0.022350170727419336 0.6355784584366482 0.5167960290734538 0.472571312856024 0.5309950002115181 0.4801930943454338 0.4953853394594604 0.47792898263481987 0.48798624705316457 0.5315652082330078 0.5272735199385332 
0.39074164150455926 0.14536732814042277 0.8320372157740952 0.49957753698281593 0.4766495718124251 0.5416592493304505 0.4781794456971329 0.5098805812597769 0.48224061443329197 0.5262681649869155 0.5221252360363005 0.4845975196579152 
0.6079471160304138 0.5703091849866103 0.5000501832010305 0.5104759754668325 0.5302623167215217 0.5087148287476622 0.5071930226446772 0.5094947152383896 0.5015252248077622 0.48963725127215013 0.5177707475070501 0.5125985160379729 
0.8256553275324012 0.475880694874999 0.42776724999035565 0.49083208887929225 0.48812465427946605 0.4982464047664323 0.4992247863196665 0.5091619745204409 0.5132188118549448 0.49974234989629834 0.5138907647282349 0.4895022845423295 
1.0 0.5326391300556581 0.18263995078438136 0.4965820422040952 0.5013208733681225 0.5013569437600828 0.5024806444568376 0.504789006033048 0.49873102203352543 0.5017892130842634 0.4989675030463271 0.49769191535230783 
0.020055700845482187 1.0 0.0 0.0 0.0 1.0 0.0 0.0 1.0 1.0 1.0 1.0 
0.10689323196313287 1.0 0.0 0.37557681294036394 0.7668932267268065 0.6191594327885135 0.4065062381175927 0.7513831696879721 0.6429887153927578 0.40192088758611544 0.4326749474929437 0.058730203718782736 
0.29278198768722236 0.20143220462705982 0.651564595004956 0.5193880747924786 0.4820597631380062 0.5349754529819879 0.47735201297819874 0.49771416539846675 0.49028461767327286 0.50222743926688 0.5233751614355981 0.5074058993193713 
0.5185295826437049 0.43764195655641186 0.7740088320049832 0.5147976995199228 0.49486449074524974 0.5279614530701783 0.4766796986662148 0.49977757873051065 0.49607277783125003 0.4919915266093522 0.5083104414791131 0.49455819878394647 
0.7848837640386983 0.5682064230424942 0.27499563729131105 0.4899072857442517 0.4993457708210764 0.5085369994379649 0.4981155083185227 0.505284813893217 0.503294920901123 0.5009821263583754 0.49717131081254085 0.49496638334457155 
1.0 0.5331599024901765 0.24506868433147638 0.4968662724836649 0.5026914275655177 0.49638275775731544 0.5015954313456101 0.5048573629973772 0.499539785548883 0.5012304696082037 0.4990293085815661 0.4971628133120495 
0.03520706823259759 1.0 0.0 0.0 0.0 1.0 0.0 0.0 1.0 1.0 1.0 1.0 
0.17826539328078714 0.9901432441979239 0.0 0.186764296292833 0.5600667878105451 0.6900186793802605 0.3931817044856298 0.7174116132679078 0.8518632211439612 0.27651261987243947 0.8154195522211779 0.12214914106542207 
0.5001212640747952 0.5533421845569082 0.916524784615713 0.5132437511377265 0.5156309125719968 0.5279881973492957 0.5051825335398201 0.5066942422071077 0.5099288783171966 0.49567393532271753 0.5354333871976658 0.5075065317391741 
0.7197038174071936 0.4001349039253536 0.4110102381668327 0.5272552755731703 0.514043634634862 0.5247839511343141 0.5045463843774425 0.5008207471242542 0.5056028802153576 0.48526971725202295 0.5027128331855111 0.5006910848104342 
1.0 0.5363257771853565 0.21161341262757205 0.4968390230980184 0.502802287175567 0.4964536267236926 0.5014107651354184 0.5048989239100385 0.5004172563334317 0.5012630731007197 0.498883643252072 0.49694843967395774 
0.057507435867367396 1.0 0.0 0.0 0.0 1.0 0.0 0.0 1.0 1.0 1.0 1.0 
0.2591740167291922 0.9860144105440372 1.683304141614217E-4 0.10496209307689211 0.5514936047723149 0.8326069571178285 0.16943637772850295 0.27202576626866587 0.6708442271706385 0.9731212338253946 0.862413680229976 0.42513862751557807 
0.7598455049770935 0.49364499059603273 0.5397136321885729 0.49367789307215704 0.49713717266750374 0.5144191443829554 0.4909473437778507 0.5131313858458961 0.4896747925284522 0.5201903464021698 0.5142688345872994 0.4919227434108113 
1.0 0.5363257771853565 0.21161341262757205 0.4968390230980184 0.502802287175567 0.4964536267236926 0.5014107651354184 0.5048989239100385 0.5004172563334317 0.5012630731007197 0.498883643252072 0.49694843967395774 
0.09154292704092287 1.0 0.0 0.0 0.0 1.0 0.0 0.0 1.0 1.0 1.0 1.0 
0.7956333613710973 0.6467231781179351 0.0 0.5121792079641234 0.5126694658547372 0.4889213803302601 0.5101381407649536 0.5245848353013096 0.4943949077052848 0.5203401409490443 0.49534812099744074 0.5023564109934484 
1.0 0.5326391300556581 0.18263995078438136 0.4965820422040952 0.5013208733681225 0.5013569437600828 0.5024806444568376 0.504789006033048 0.49873102203352543 0.5017892130842634 0.4989675030463271 0.49769191535230783 
0.8228376518266782 0.41114380036354986 0.3710709849682405 0.48849791153292377 0.49436689826282443 0.5012924193539778 0.49889631906210324 0.5107365078035804 0.4906349440906931 0.49978741543905075 0.5172207152352786 0.4900865661169921 
1.0 0.5627852437436478 0.27018428386755966 0.49702578806754916 0.5016945803790033 0.4964111030021528 0.5034036368928287 0.5043847448928026 0.49852920565468256 0.49558927336711184 0.499241099057161 0.49654490335853085 
1.0 0.4742722573572588 0.2775661352157828 0.49818118754848184 0.5017174758713441 0.49678323982558986 0.5050761028202237 0.5027303841092944 0.4978723781644824 0.49487245709726746 0.4995646892359154 0.4941107438477066 
0.0018819357015447038 1.0 1.0 0.0 1.0 0.0 1.0 0.0 0.0 0.0 1.0 1.0 
0.07063626174220117 0.07760893244891383 0.756748954602182 0.5148692463709389 0.4780538473226024 0.5625616997186375 0.49406766344003505 0.5145263082904186 0.4835356962378041 0.5091286447155836 0.5209354203403864 0.4907737236424994 
0.17423986462150415 0.0 0.7969793767646166 0.5169031567585695 0.4659792162411265 0.5341875119901753 0.4724347051233033 0.4961344725831432 0.4770896232032794 0.49010506199266674 0.5364130448958574 0.5128904139937507 
0.3077114342773579 0.14276462045866736 0.5748270611583527 0.5125725127493694 0.4784565319126466 0.5300510901737876 0.47802586068325814 0.4930018279646149 0.48448277995502426 0.4996825098099942 0.5317156048945878 0.5059023743875959 
0.4804677851292628 0.37406837441505897 0.35755449132936906 0.5144364426455259 0.5067342181663013 0.5322961762216768 0.5030026863846858 0.5071498984438165 0.5023880585507912 0.5101824763505427 0.499949002159606 0.48777760191797703 
0.672092455088053 0.36100618353586106 0.691388187291337 0.5041283655441954 0.4914402600626162 0.5130954048464837 0.48869574836249896 0.5026740873464843 0.5024522541523592 0.492461803965711 0.5121055271664721 0.4901943269089332 
0.8524859297958233 0.4766046710653168 0.33743705969490106 0.5025486194158153 0.5025901410051985 0.4944154651535035 0.49094590658636433 0.5014286857899288 0.5077953170865903 0.4957533187771073 0.49715132912969884 0.49421075915197465 
1.0 0.47075084949270823 0.2647132860338246 0.49817025573797036 0.5027672453469642 0.49603404938195633 0.5028921893479412 0.5037923371306943 0.49804130769107924 0.49817909529178106 0.4991231328040522 0.49693051807935734 
0.0 0.15358074698086463 0.9790529368354366 0.5029891687508375 0.4902290371365093 0.5165502312979879 0.4786705776052037 0.5216156656824815 0.4714938303788143 0.5078846432314507 0.5058156207877699 0.49896145237936174 
0.08782859548893779 0.0 0.7632352093787983 0.5176619924968939 0.46555484769525374 0.5336205585831442 0.473954088806474 0.4953355304614082 0.4757884772445209 0.4860012239638032 0.5376841872389103 0.5125652042248312 
0.21434320943978305 0.022350170727419336 0.6963138904464117 0.5167960290734538 0.472571312856024 0.5309950002115181 0.4801930943454338 0.4953853394594604 0.47792898263481987 0.48798624705316457 0.5315652082330078 0.5272735199385332 
0.39074164150455926 0.14536732814042277 0.9373050361042422 0.49957753698281593 0.4766495718124251 0.5416592493304505 0.4781794456971329 0.5098805812597769 0.48224061443329197 0.5262681649869155 0.5221252360363005 0.4845975196579152 
0.6079471160304138 0.5523089823499271 0.4896182465221991 0.5106730792764078 0.5301641828512825 0.5084411717897321 0.5072041024500489 0.5093712449643353 0.5012977780811712 0.4899271755863178 0.5171766725695912 0.5128298546255252 
0.8256553275324012 0.36940425890131834 0.46072545012234334 0.4919433718698623 0.4875591352964192 0.4984453062781666 0.5002269240234639 0.5070492617362403 0.5103628746200115 0.49696948712602923 0.5145493123468149 0.48800782328719566 
1.0 0.46663458013231696 0.1967508209582382 0.49706794561004997 0.5021379208010364 0.5012631754754995 0.4980290406719724 0.5058365999630879 0.5000614797796907 0.5016841436897662 0.4995885389006717 0.49874698150025526 
0.04688884673721497 1.0 0.0023739827306279715 0.15037955332849423 0.4609781001271021 0.7323764006506018 0.2408278559177644 0.4659600227860235 0.9748552438625062 0.6239193844351321 0.9556953994412315 0.3956237991625704 
0.1201726262187371 1.0 0.0067127753908438614 0.47425644313679816 0.6360739527631092 0.5961820774574652 0.4386305652790271 0.6633223969735291 0.5855391754016475 0.44330483409541255 0.45804379504994397 0.19250599649119104 
0.2791689006903829 0.17170307127440299 1.0 0.5129875704943019 0.47929741100668666 0.5465995975420197 0.4544257901034072 0.5054209110304677 0.48753428724830183 0.536708496432315 0.5268840108345191 0.4736859031052682 
0.5185295826437049 0.43764195655641186 0.7725102385967035 0.5147976995199228 0.49486449074524974 0.5279614530701783 0.4766796986662148 0.49977757873051065 0.49607277783125003 0.4919915266093522 0.5083104414791131 0.4961336099577953 
0.7848837640386983 0.5112491899431956 0.270186438024006 0.49043294048496694 0.4986944583363596 0.5086223575673355 0.49885952426722785 0.5043574692978623 0.5018600846473205 0.4996309806314275 0.49759647158071396 0.4942142592885921 
1.0 0.48086280154722305 0.17690047948280269 0.4968665570463526 0.5009224182969036 0.4963328308000885 0.5031244161152033 0.504480790123228 0.49816552306964257 0.5000026343368194 0.4995210083524556 0.49640482953993537 
0.041199418441002764 1.0 0.0 6.386253475584303E-4 0.3888707037566115 0.7487758687995993 0.07849006127451261 0.019479653998163093 0.9166628680666025 0.9472957818106507 1.0 0.7904567910876361 
0.17382978618760594 1.0 0.0 0.351626638481095 0.7650880783062189 0.6175934142459597 0.41652748655529426 0.7337542222080297 0.6418920796527134 0.40153094833816216 0.4274773225352585 0.06303626549707539 
0.4095676116817267 0.10190469954382239 0.4182027778084408 0.5109880926438004 0.4924743154991139 0.5143634664980611 0.4950429254731459 0.49953701765926045 0.49650310727631575 0.5001201331150295 0.505083803667367 0.4860410953236175 
0.7197038174071936 0.5096137239562417 0.45708706680074573 0.5251181836491039 0.4842414753729889 0.5256876560476272 0.5024368474935723 0.5007885387133972 0.506450499835283 0.49248360065843555 0.5005029258565841 0.501735697574669 
1.0 0.48086280154722305 0.17690047948280269 0.4968665570463526 0.5009224182969036 0.4963328308000885 0.5031244161152033 0.504480790123228 0.49816552306964257 0.5000026343368194 0.4995210083524556 0.49640482953993537 
0.04635725204998249 1.0 0.0 0.0 0.0 1.0 0.0 0.03895930799632619 1.0 1.0 1.0 1.0 
0.2505591748041177 1.0 0.0 0.5867724055502149 0.5863973985422991 0.6620454121042953 0.0 0.37806012476417566 0.7407850990031243 0.8870300914974341 0.6832987110161521 0.23847319900322345 
0.7047838058408633 0.30474530302888736 0.284889202683945 0.5026440834250759 0.4981669001955559 0.50204608090832 0.49806378779748256 0.5018798769742869 0.4996019258520595 0.499186479189897 0.5016083350356982 0.494283474933354 
1.0 0.532465539244152 0.2194515261733616 0.496487298777572 0.5008640219689908 0.49654518179065366 0.5027757154939134 0.5047662203782717 0.4984614341950729 0.5019754609096165 0.49894690120124746 0.4978682826990606 
0.08718678180811368 1.0 0.0 0.0 0.0 1.0 0.0 0.0 1.0 1.0 1.0 1.0 
0.7595959738091299 0.5184171644389759 0.7689247188338383 0.4998372873283811 0.5049204123334077 0.5121210936089762 0.5029651048387078 0.5078357387161802 0.49763660951446437 0.49087250090278417 0.5174175204908605 0.5054340511243889 
1.0 0.5257866082307798 0.27355349050211286 0.49635231069581837 0.4997285999506288 0.49648465587456847 0.5037351899884486 0.5046375272433961 0.4961673169490704 0.5022827495752908 0.49919702817007633 0.49864976466874955 
0.7956333613710973 0.6467231781179351 0.0 0.5121792079641234 0.5126694658547372 0.4889213803302601 0.5101381407649536 0.5245848353013096 0.4943949077052848 0.5203401409490443 0.49534812099744074 0.5023564109934484 
1.0 0.5627852437436478 0.27018428386755966 0.49702578806754916 0.5016945803790033 0.4964111030021528 0.5034036368928287 0.5043847448928026 0.49852920565468256 0.49558927336711184 0.499241099057161 0.49654490335853085 
1.0 0.36041600451537503 0.26621323424007 0.498045784026136 0.5009008745042497 0.49727159030053664 0.5058639295662293 0.5019342871911556 0.4950300160363405 0.5017604277150638 0.49866039229655096 0.4945703831844868 
0.011576845829596817 1.0 1.0 0.0 1.0 0.0 1.0 0.0 0.0 0.0 1.0 1.0 
0.07076108489921658 1.0 1.0 0.3511205961627638 0.303859401603394 0.5219916316954671 0.7113516627979168 0.4444011148445546 0.385742695227096 0.6204007923170654 0.5385793212097205 0.33792363814634235 
0.21434320943978305 0.022350170727419336 0.6355784584366482 0.5167960290734538 0.472571312856024 0.5309950002115181 0.4801930943454338 0.4953853394594604 0.47792898263481987 0.48798624705316457 0.5315652082330078 0.5272735199385332 
0.39074164150455926 0.14536732814042277 0.8320372157740952 0.49957753698281593 0.4766495718124251 0.5416592493304505 0.4781794456971329 0.5098805812597769 0.48224061443329197 0.5262681649869155 0.5221252360363005 0.4845975196579152 
0.6079471160304138 0.5523089823499271 0.4896182465221991 0.5106730792764078 0.5301641828512825 0.5084411717897321 0.5072041024500489 0.5093712449643353 0.5012977780811712 0.4899271755863178 0.5171766725695912 0.5128298546255252 
0.8256553275324012 0.36940425890131834 0.46072545012234334 0.4919433718698623 0.4875591352964192 0.4984453062781666 0.5002269240234639 0.5070492617362403 0.5103628746200115 0.49696948712602923 0.5145493123468149 0.48800782328719566 
1.0 0.46663458013231696 0.1967508209582382 0.49706794561004997 0.5021379208010364 0.5012631754754995 0.4980290406719724 0.5058365999630879 0.5000614797796907 0.5016841436897662 0.4995885389006717 0.49874698150025526 
0.04103672645178755 1.0 1.0 0.11798351345203933 0.27493735844260236 0.5115239587557255 1.0 0.5017556502662454 0.16749354734849145 0.46145463904864376 0.8405451847118396 0.6287027294666536 
0.11644752720596785 1.0 1.0 0.3169448749808226 0.3002643033445441 0.568614091424801 0.6006501993897893 0.4864776469367163 0.3894975118056958 0.6334899858859182 0.49341639576945107 0.3063841807621103 
0.27706724707039354 0.05687262429426759 1.0 0.5078462286500234 0.5139419848986252 0.5201335455092222 0.44629293051661156 0.510114340354158 0.48892618259809184 0.5535104970314466 0.5217755902967216 0.4813726907829492 
0.5185295826437049 0.43764195655641186 0.7732595353008433 0.5147976995199228 0.49486449074524974 0.5279614530701783 0.4766796986662148 0.49977757873051065 0.49607277783125003 0.4919915266093522 0.5083104414791131 0.4953459043708709 
0.7848837640386983 0.5682064230424942 0.27499563729131105 0.4899072857442517 0.4993457708210764 0.5085369994379649 0.4981155083185227 0.505284813893217 0.503294920901123 0.5009821263583754 0.49717131081254085 0.49496638334457155 
1.0 0.5137791938704214 0.23636738988351147 0.49741878187649713 0.5019622148244299 0.4960665625503051 0.5028199967297113 0.5043005101725482 0.49849356391673827 0.49825324592307135 0.4983206289205958 0.4972960819089273 
0.15597653477452866 0.18551626460164433 0.6475381444176683 0.5318061128888535 0.46717333354492596 0.5310139365080656 0.4858567088977519 0.5255103039036894 0.49467122795609525 0.5015118877833847 0.5059920888336332 0.4891414407746035 
0.19615371025943687 0.04797459411955926 0.5544023073200814 0.5135562841159623 0.4686937296503369 0.5216137232107165 0.4757518839168315 0.5002104310944192 0.4881571815127913 0.5123627539586451 0.5114583016026915 0.4850434448624559 
0.39074164150455926 0.14536732814042277 0.9373050361042422 0.49957753698281593 0.4766495718124251 0.5416592493304505 0.4781794456971329 0.5098805812597769 0.48224061443329197 0.5262681649869155 0.5221252360363005 0.4845975196579152 
0.7197038174071936 0.46744819575319035 0.43140077986825887 0.5250565924085329 0.5142520954220141 0.5253650172918578 0.5031042164953061 0.5011243059496994 0.5067510701370348 0.49087535487743456 0.49968609426025684 0.5026073762300107 
1.0 0.49573886199705647 0.26205367681599834 0.4969865040646317 0.5023966302696772 0.49638920130607456 0.5021526277279775 0.503964742936246 0.4981929936149865 0.49986149170407235 0.4991374605169231 0.4964244032535855 
0.18200432766396815 0.9996735103654395 0.0 0.28526657566845426 0.6240557150377737 0.49317144346602826 0.3877276387492732 0.294741774821089 0.8042810640722284 0.7059981969618337 0.8039068655651864 0.4601356093455866 
0.280970036577409 0.9996735103654395 0.0 0.5561926762054596 0.809190668818985 0.4272736345039252 0.34848260811201687 0.4034730733306302 0.6518524839089366 0.6570807915284665 0.6592873976886683 0.1935263932437497 
0.6264994051957172 0.24550305712000625 0.4891054771557075 0.5059348775308128 0.5067890195860036 0.5163229408079656 0.4922166755043656 0.5138278007099805 0.4915394624875269 0.5070218554255885 0.5019140922661456 0.5036263742267907 
1.0 0.46663458013231696 0.1967508209582382 0.49706794561004997 0.5021379208010364 0.5012631754754995 0.4980290406719724 0.5058365999630879 0.5000614797796907 0.5016841436897662 0.4995885389006717 0.49874698150025526 
0.2502810200852693 1.0 0.0 0.5424908264215691 0.7591406113190343 0.6169802508753932 0.0 0.2759015590135717 0.7354995046136829 0.8494609709439163 0.7107610642469637 0.2572383588839623 
0.7047838058408633 0.30474530302888736 0.284889202683945 0.5026440834250759 0.4981669001955559 0.50204608090832 0.49806378779748256 0.5018798769742869 0.4996019258520595 0.499186479189897 0.5016083350356982 0.494283474933354 
1.0 0.6021595143631031 0.2725991343402896 0.4960528883225599 0.49997212308441524 0.4968687790943799 0.5025809830992671 0.5059078216410999 0.4991663390417525 0.4989503715257458 0.49882739839425627 0.4986071129002254 
0.7578451844941229 0.38915632706800807 0.40986066668402427 0.5037584393334228 0.5100791161766265 0.5123110155678431 0.4915572653442608 0.5151300662146581 0.4929539660356148 0.5007260306983596 0.5016744342689581 0.5039014978096354 
1.0 0.4659860722709914 0.2765467056985006 0.49767136938868023 0.5009733428531769 0.4965556707686456 0.5050138675060258 0.502942667021427 0.49630435039511767 0.4984533472731236 0.49956534547257575 0.49563796804422894 
1.0 0.5041725253371531 0.27606952761758896 0.49752165820205096 0.5010951044200701 0.4967477323785513 0.5044367640614351 0.5035778142202789 0.4978038614414587 0.49678715824835107 0.4993805305846657 0.49561664215996687 
0.016424300893622873 1.0 1.0 0.0 1.0 0.0 1.0 0.0 0.0 0.0 1.0 1.0 
0.12487723652802525 1.0 1.0 0.2990615953418759 0.33683517537384117 0.48167068026129833 0.8592840801355742 0.43084679737218023 0.20920727248728554 0.789461343141924 0.6603486207660535 0.4567372416445857 
0.29535214935016624 0.19767847695426188 0.8396397466091285 0.5134979310794531 0.49274906634983584 0.53624924977339 0.463819571061171 0.48716341359002135 0.4930787083534458 0.5208055237880436 0.5271721509327465 0.48827458321060396 
0.5185295826437049 0.43764195655641186 0.7732595353008433 0.5147976995199228 0.49486449074524974 0.5279614530701783 0.4766796986662148 0.49977757873051065 0.49607277783125003 0.4919915266093522 0.5083104414791131 0.4953459043708709 
0.7848837640386983 0.5112491899431956 0.270186438024006 0.49043294048496694 0.4986944583363596 0.5086223575673355 0.49885952426722785 0.5043574692978623 0.5018600846473205 0.4996309806314275 0.49759647158071396 0.4942142592885921 
1.0 0.5137791938704214 0.23636738988351147 0.49741878187649713 0.5019622148244299 0.4960665625503051 0.5028199967297113 0.5043005101725482 0.49849356391673827 0.49825324592307135 0.4983206289205958 0.4972960819089273 
0.011980123545324711 1.0 1.0 0.0 0.5691361408857976 0.39449249859179164 0.9508447735108686 0.026464974153089016 0.0 0.12042223178490497 1.0 0.8227953629481707 
0.16922348083246963 0.9999987013883663 0.9806660876214142 0.30144288931466023 0.33951339614032217 0.4829776599975619 0.8598295472658433 0.44250305488366254 0.20208509348764303 0.7940930197439773 0.6622374167966746 0.4077622658675407 
0.4095676116817266 0.10659482731122516 0.34937397645507384 0.5088439859534805 0.49267983185585945 0.5112275236158547 0.49484458134296927 0.4990778717971176 0.49786898402539476 0.5002821559981316 0.5038599723848157 0.48950070824517367 
0.7197038174071936 0.46744819575319035 0.43140077986825887 0.5250565924085329 0.5142520954220141 0.5253650172918578 0.5031042164953061 0.5011243059496994 0.5067510701370348 0.49087535487743456 0.49968609426025684 0.5026073762300107 
1.0 0.5713581637010793 0.19765735752350114 0.49698202770739175 0.5023991389528131 0.4956870636716938 0.5026339790166318 0.505548780732869 0.5002847002219348 0.49829176288203636 0.4976793447047312 0.49866271499680936 
0.17642706267212163 1.0 1.0 0.2598267928439265 0.46444941914996013 0.45011824541888346 0.8733023510562763 0.4530120331598677 0.22094918147756634 0.5942456294862076 0.7165729936447498 0.5510699666720262 
0.27439063333801217 1.0 1.0 0.25129547545535313 0.4556459089077328 0.49839375208478504 0.865939300351301 0.4632037184447445 0.22967238406322202 0.5940151538460288 0.7150005791594378 0.5523687814739394 
0.6264994051957172 0.26847605935034313 0.4559219021158821 0.5062206208210913 0.5058169496066783 0.5162504285251713 0.4931549408932526 0.514020485500999 0.4911000221655849 0.504319888477787 0.5030354473407295 0.5040579467241498 
1.0 0.5352774999543495 0.24902993138847485 0.4971052101885337 0.5032679698433077 0.49633234118323266 0.501299241013164 0.5048772462602648 0.49968355961843125 0.5015082544440383 0.4993130078973857 0.4969193576861258 
0.4095676116817266 0.10659482731122516 0.34937397645507384 0.5088439859534805 0.49267983185585945 0.5112275236158547 0.49484458134296927 0.4990778717971176 0.49786898402539476 0.5002821559981316 0.5038599723848157 0.48950070824517367 
0.6264994051957172 0.24550305712000625 0.4891054771557075 0.5059348775308128 0.5067890195860036 0.5163229408079656 0.4922166755043656 0.5138278007099805 0.4915394624875269 0.5070218554255885 0.5019140922661456 0.5036263742267907 
1.0 0.6021595143631031 0.2725991343402896 0.4960528883225599 0.49997212308441524 0.4968687790943799 0.5025809830992671 0.5059078216410999 0.4991663390417525 0.4989503715257458 0.49882739839425627 0.4986071129002254 
0.7047838058408633 0.30474530302888736 0.284889202683945 0.5026440834250759 0.4981669001955559 0.50204608090832 0.49806378779748256 0.5018798769742869 0.4996019258520595 0.499186479189897 0.5016083350356982 0.494283474933354 
1.0 0.6021595143631031 0.2725991343402896 0.4960528883225599 0.49997212308441524 0.4968687790943799 0.5025809830992671 0.5059078216410999 0.4991663390417525 0.4989503715257458 0.49882739839425627 0.4986071129002254 
1.0 0.6021595143631031 0.2725991343402896 0.4960528883225599 0.49997212308441524 0.4968687790943799 0.5025809830992671 0.5059078216410999 0.4991663390417525 0.4989503715257458 0.49882739839425627 0.4986071129002254 
0.03491587384854227 1.0 1.0 0.0 1.0 0.0 1.0 0.0 0.0 0.0 1.0 1.0 
0.18391933505726607 1.0 1.0 0.16962766400052978 0.6216081084590848 0.2594871923371028 0.883757599871316 0.49820676053992596 0.12791242420753934 0.6032919578648387 0.6710718133525684 0.7940588413059199 
0.5001212640747952 0.5533421845569082 0.916524784615713 0.5132437511377265 0.5156309125719968 0.5279881973492957 0.5051825335398201 0.5066942422071077 0.5099288783171966 0.49567393532271753 0.5354333871976658 0.5075065317391741 
0.7197038174071936 0.4278663917444203 0.42836670473921734 0.5272415085990032 0.5149835690741937 0.5248443490961161 0.5036895588875501 0.5010298140176594 0.5067287468472521 0.48589993663397313 0.5023941506353192 0.5009628898774454 
1.0 0.49573886199705647 0.26205367681599834 0.4969865040646317 0.5023966302696772 0.49638920130607456 0.5021526277279775 0.503964742936246 0.4981929936149865 0.49986149170407235 0.4991374605169231 0.4964244032535855 
0.04782219110283406 1.0 1.0 0.0 1.0 0.0 1.0 0.0 0.009554827493372331 0.0 1.0 1.0 
0.25592107117505736 1.0 1.0 0.1288271718537621 0.46367337557949073 0.47964041138476565 1.0 0.3912696248191061 0.2329885325852396 0.47079649644499016 0.8550086806517312 0.5500668979349713 
0.7047838058408633 0.4022205800319071 0.18047782290276168 0.502435775253479 0.4919762750033073 0.5019557452026957 0.5005146326577344 0.5024500868071761 0.49921699841935896 0.5005969890836715 0.5025012048374456 0.4972527917205891 
1.0 0.5713581637010793 0.19765735752350114 0.49698202770739175 0.5023991389528131 0.4956870636716938 0.5026339790166318 0.505548780732869 0.5002847002219348 0.49829176288203636 0.4976793447047312 0.49866271499680936 
0.23706316843658062 1.0 1.0 0.11090992108427522 0.2198078440400984 0.5055883944656813 1.0 0.49937615714646133 0.18834158211268223 0.4681252164718158 0.8318212306821955 0.6214462141201945 
0.7047838058408633 0.30474530302888736 0.284889202683945 0.5026440834250759 0.4981669001955559 0.50204608090832 0.49806378779748256 0.5018798769742869 0.4996019258520595 0.499186479189897 0.5016083350356982 0.494283474933354 
1.0 0.5680835283057488 0.21420006969006544 0.4966040583695119 0.5004927386035973 0.4970487568358646 0.5010848626612249 0.502841193711206 0.4967649032467882 0.49997584098753445 0.4976376706762128 0.49587677682340525 
0.7047838058408633 0.4022205800319071 0.18047782290276168 0.502435775253479 0.4919762750033073 0.5019557452026957 0.5005146326577344 0.5024500868071761 0.49921699841935896 0.5005969890836715 0.5025012048374456 0.4972527917205891 
1.0 0.6007157083947632 0.20206520788843751 0.49642952773662485 0.5007432954242035 0.49601589169088117 0.5025601608649604 0.505220062960468 0.4990904685726626 0.4990076178090883 0.49948964171307725 0.49778827266636017 
1.0 0.6021595143631031 0.2725991343402896 0.4960528883225599 0.49997212308441524 0.4968687790943799 0.5025809830992671 0.5059078216410999 0.4991663390417525 0.4989503715257458 0.49882739839425627 0.4986071129002254 
0.0581904753147999 1.0 1.0 0.0 1.0 0.0 1.0 0.0 0.0 0.0 1.0 1.0 
0.2689150841555438 1.0 1.0 0.022346762826983474 0.5652942695935688 0.415458072007877 1.0 0.29505902564525344 0.1777703933337994 0.39298697536478033 0.8867459371438187 0.6589765338816722 
0.7578451844941229 0.39187821730730016 0.3744713385957887 0.5039562427407125 0.5087304740947329 0.5124341973381885 0.492733072311083 0.5150273140279975 0.4913723596061875 0.5033271526445235 0.5026444167715993 0.5043386140799628 
1.0 0.4712257050163251 0.15274748983567338 0.49682901589084394 0.5020415907185356 0.5013946860233132 0.4978092037070671 0.504818533551134 0.5005561954295503 0.5020224401349633 0.49726788061801036 0.49874455502457465 
0.08928412450729759 1.0 1.0 0.0 1.0 0.0 1.0 0.0 0.0 0.0 1.0 1.0 
0.7578451844941229 0.3371793953760299 0.418177714646971 0.5050261389656385 0.5118172807236723 0.5118769165621491 0.49100744298571347 0.5000241709802762 0.49335529197956113 0.5002152346847668 0.502550999556396 0.5024012557095119 
1.0 0.5378535746921056 0.22186845559048024 0.4981223185299878 0.500966027055057 0.4966295711415 0.5013701328608989 0.5028777285765071 0.49688856171339735 0.4965797220340982 0.49927039139309687 0.4946860775289492 
0.7578451844941229 0.3371793953760299 0.418177714646971 0.5050261389656385 0.5118172807236723 0.5118769165621491 0.49100744298571347 0.5000241709802762 0.49335529197956113 0.5002152346847668 0.502550999556396 0.5024012557095119 
1.0 0.49820565097914676 0.2892332302661831 0.4985882875869913 0.5034484521785068 0.49600058108299183 0.5014813383821725 0.5051410280135991 0.4999689909296452 0.49792877949856024 0.5005805289691321 0.4956066286999782 
1.0 0.4472997803033744 0.2802440446338939 0.5000341779979907 0.5039414251977112 0.5026856308389125 0.5036426612084803 0.5049034717141461 0.49970406514543825 0.4956777083016728 0.5026537171741602 0.49457431667929636 
0.09578113099754082 1.0 1.0 0.0 1.0 0.0 1.0 0.0 0.0 0.0 1.0 1.0 
0.7957964343521301 0.540523337145968 0.6349247790877599 0.5061446766177022 0.49778368866619943 0.5075592414561988 0.49634317383810134 0.5193178151818223 0.5004649256052156 0.49513230495363486 0.4993044365417304 0.49196086113599236 
1.0 0.4712257050163251 0.15274748983567338 0.49682901589084394 0.5020415907185356 0.5013946860233132 0.4978092037070671 0.504818533551134 0.5005561954295503 0.5020224401349633 0.49726788061801036 0.49874455502457465 
0.7957964343521301 0.540523337145968 0.6349247790877599 0.5061446766177022 0.49778368866619943 0.5075592414561988 0.49634317383810134 0.5193178151818223 0.5004649256052156 0.49513230495363486 0.4993044365417304 0.49196086113599236 
1.0 0.5680835283057488 0.21420006969006544 0.4966040583695119 0.5004927386035973 0.4970487568358646 0.5010848626612249 0.502841193711206 0.4967649032467882 0.49997584098753445 0.4976376706762128 0.49587677682340525 
1.0 0.46299398798824876 0.28730552581751057 0.4981401980354998 0.5016609965197503 0.49632477552638754 0.5049714952134721 0.5039156897416109 0.4979751535090986 0.49917763429534306 0.5000759958671271 0.4952190682786289 
0.8256553275324012 0.3709453023572141 0.28635479608565473 0.49408306514572087 0.49072708737563586 0.4949570350031808 0.4984929203501178 0.5079823613241954 0.487345917076375 0.49749112492056424 0.5188017816236978 0.4862994704223954 
1.0 0.5378535746921056 0.22186845559048024 0.4981223185299878 0.500966027055057 0.4966295711415 0.5013701328608989 0.5028777285765071 0.49688856171339735 0.4965797220340982 0.49927039139309687 0.4946860775289492 
1.0 0.46299398798824876 0.28730552581751057 0.4981401980354998 0.5016609965197503 0.49632477552638754 0.5049714952134721 0.5039156897416109 0.4979751535090986 0.49917763429534306 0.5000759958671271 0.4952190682786289 
1.0 0.24986086265748803 0.18606451115814987 0.4987916413369703 0.5050623465630533 0.49823890380318275 0.4911859575035684 0.5064577979918881 0.5020050457236065 0.49653050516124014 0.5003834617551097 0.49702636804179195 
