0.6329591142576894 0.5095298606883154 0.5983458315507142 0.0 
0.7075046876267618 0.7075046876267617 0.0 0.0 
0.7073253020667537 0.7073253020667536 0.0 0.0 
0.7075182027041669 0.7075182027041668 0.0 0.0 
0.707333020194455 0.7073330201944549 0.0 0.0 
0.7073253020667537 0.7073253020667536 0.0 0.0 
0.7074194784578304 0.7074194784578303 0.0 0.0 
0.707333020194455 0.7073330201944549 0.0 0.0 
0.5884809630545056 0.5884809630545055 0.0 0.5843256562664909 
0.7077053108662261 0.0 0.707705310866226 0.0 
1.0003492528938458 0.0 0.0 0.0 
1.0003713355170278 0.0 0.0 0.0 
1.000276132297896 0.0 0.0 0.0 
1.000372732269389 0.0 0.0 0.0 
1.0003414274872935 0.0 0.0 0.0 
1.000372732269389 0.0 0.0 0.0 
0.7089250237027244 0.0 0.0 0.7089250237027243 
0.7077053108662261 0.0 0.707705310866226 0.0 
1.0003492528938458 0.0 0.0 0.0 
1.0003207042039057 0.0 0.0 0.0 
1.000276132297896 0.0 0.0 0.0 
1.000326647856731 0.0 0.0 0.0 
1.000282572806306 0.0 0.0 0.0 
0.7077548090877909 0.0 0.0 0.7077548090877908 
0.7122302934232546 0.0 0.7122302934232545 0.0 
1.0003661630136436 0.0 0.0 0.0 
1.0003713355170278 0.0 0.0 0.0 
1.0003414274872935 0.0 0.0 0.0 
1.0004806273464466 0.0 0.0 0.0 
0.7081665031297997 0.0 0.0 0.7081665031297996 
0.7120700090692498 0.0 0.7120700090692497 0.0 
1.0003207042039057 0.0 0.0 0.0 
1.0003661630136436 0.0 0.0 0.0 
1.0005339485789193 0.0 0.0 0.0 
0.7088847558432712 0.0 0.0 0.708884755843271 
0.7125628929590101 0.0 0.71256289295901 0.0 
1.000566437253834 0.0 0.0 0.0 
1.0004806273464466 0.0 0.0 0.0 
0.7081665031297997 0.0 0.0 0.7081665031297996 
0.7122302934232546 0.0 0.7122302934232545 0.0 
1.000731064451102 0.0 0.0 0.0 
0.7077548090877909 0.0 0.0 0.7077548090877908 
0.7135044758002547 0.0 0.7135044758002546 0.0 
0.7084306258404932 0.0 0.0 0.7084306258404931 
0.5173496118942786 0.0 0.6273811556652629 0.6102046029173456 
4.3314848255577105E-17 0.7073851544091666 0.7073851544091665 0.0 
6.127134852792539E-17 1.0006370583026043 0.0 0.0 
6.126483927804903E-17 1.0005307541848638 0.0 0.0 
6.126461360814869E-17 1.0005270687157064 0.0 0.0 
6.125979963755377E-17 1.0004484506096816 0.0 0.0 
6.125979963755377E-17 1.0004484506096816 0.0 0.0 
6.125866053173083E-17 1.0004298475998386 0.0 0.0 
4.577892356698122E-17 0.7476265581040066 0.0 0.7287800898126462 
1.8934144574686062E-17 5.825023395027639E-17 1.000292288016785 0.0 
0.5665911390181914 0.5878166386888498 0.5854054102517025 0.0 
0.6717014611972262 0.6717014611972261 0.3378606969075896 0.0 
0.6924559067661548 0.6924559067661546 0.1689655287351335 0.14262996667799607 
0.6780049042805583 0.6780049042805582 0.01938318553637815 0.3030579229001749 
0.5884809630545056 0.5884809630545055 0.0 0.5843256562664909 
4.426626369734884E-17 2.20730072349924E-17 3.6099461140460034E-17 1.000065526760067 
1.3363953177043034E-17 5.977297007700083E-17 1.0002671723934113 0.0 
0.6802752343779341 0.3061964696594164 0.692141170678881 0.0071209875733202685 
0.8304171157776454 0.4007227745490978 0.4051153946621912 0.0 
0.8412963524332803 0.3262220465410821 0.23424260979469883 0.42142346010025894 
0.6896175526554249 0.2315839535022983 0.13057720110444115 0.6966296957118362 
4.426626369734884E-17 2.20730072349924E-17 3.6099461140460034E-17 1.000065526760067 
2.3884760153164135E-17 5.638985642023505E-17 1.000119774411355 0.0 
0.6998990866703839 0.20113722297831363 0.6869289262334904 0.18177874211376543 
0.8058471393939848 0.24505940100410856 0.3848144325675431 0.3823082594583051 
0.6738545844745321 0.1473197637254599 0.2151201779002185 0.6915278867377013 
4.426626369734884E-17 2.20730072349924E-17 3.6099461140460034E-17 1.000065526760067 
2.3362638649634732E-17 5.661515872089559E-17 1.0002252940398466 0.0 
0.6886573582309379 0.0 0.6893163560875375 0.25907641536234893 
0.6738545844745321 0.1473197637254599 0.2151201779002185 0.6915278867377013 
4.9220754853943157E-17 2.2136529085998043E-17 2.893417664954173E-17 1.0000661084153735 
1.3110520046651287E-17 5.982511497463103E-17 1.0002040999894133 0.0 
0.5173496118942786 0.0 0.6273811556652629 0.6102046029173456 
4.57841669136838E-17 2.102374311015519E-17 3.481030771093247E-17 1.0000727797562194 
3.750736080040762E-33 6.125416867381143E-17 1.0003564899930162 0.0 
4.57841669136838E-17 2.102374311015519E-17 3.481030771093247E-17 1.0000727797562194 
7.485520015889036E-18 4.2690903943047447E-17 0.7078318401355375 0.7078318401355373 
4.331372816723244E-17 0.7073668619783132 0.7073668619783131 0.0 
6.126483927804903E-17 1.0005307541848638 0.0 0.0 
6.126502774506307E-17 1.00053383208478 0.0 0.0 
6.125979963755377E-17 1.0004484506096816 0.0 0.0 
6.125979963755377E-17 1.0004484506096816 0.0 0.0 
6.125406459100405E-17 1.0003547901917764 0.0 0.0 
4.56384952025096E-17 0.7453331888718429 0.0 0.7265445327462567 
1.3363953177043034E-17 5.977297007700083E-17 1.0002671723934113 0.0 
0.30884235204089955 0.6536539069033035 0.6740917289595965 0.16360814389031034 
0.4084722214505537 0.8368770256878416 0.38549131140615933 0.24607123304366726 
0.39138233637621506 0.8221363821003169 0.26222896717647676 0.37933244070265704 
0.0420218653605586 0.7043090402713748 0.12260771735638074 0.7004833984130884 
4.378098441628747E-17 2.2661291107865787E-17 3.632605559630575E-17 1.0000655509716518 
1.3363461453023805E-17 5.977077074236547E-17 1.0002303677602467 0.0 
0.3703055846137044 0.4142513676398618 0.8263621570393516 0.19807565664197666 
0.4853587776618627 0.5449257609653012 0.5009696460237105 0.5693665627578528 
0.40668871074386903 0.40623434122679847 0.2021929617564703 0.8065454871052234 
4.452036501447013E-17 2.1745865429048644E-17 3.5985348136024565E-17 1.000065526760067 
2.9390064771935304E-17 5.373076000735001E-17 1.0001828154504058 0.0 
0.3421341052712916 0.2758035605756972 0.8377989265600962 0.3918710727846541 
0.3212775401768195 0.26226562951990684 0.36991886522529815 0.8317176777728296 
4.400956141761111E-17 2.2397327697597573E-17 3.621338234115642E-17 1.000065526760067 
1.8718046622514734E-17 5.831104664864487E-17 1.0001525426586169 0.0 
0.3336564978734552 0.043865366772996676 0.6865851995906744 0.6670803570364389 
4.426626369734884E-17 2.20730072349924E-17 3.6099461140460034E-17 1.000065526760067 
2.3362638649634732E-17 5.661515872089559E-17 1.0002252940398466 0.0 
4.57841669136838E-17 2.102374311015519E-17 3.481030771093247E-17 1.0000727797562194 
7.485520015889036E-18 4.2690903943047447E-17 0.7078318401355375 0.7078318401355373 
4.3314848255577105E-17 0.7073851544091666 0.7073851544091665 0.0 
6.126751152826345E-17 1.000574395342727 0.0 0.0 
6.125406459100405E-17 1.0003547901917764 0.0 0.0 
6.124829339744731E-17 1.0002605394484476 0.0 0.0 
6.124829339744731E-17 1.0002605394484476 0.0 0.0 
4.56384952025096E-17 0.7453331888718429 0.0 0.7265445327462567 
1.3363461453023805E-17 5.977077074236547E-17 1.0002303677602467 0.0 
0.19130017184496115 0.6969046859839125 0.6738497699467954 0.16354941825508706 
0.2709696881599867 0.8038639956703846 0.3874283515608034 0.3974698616939267 
0.0420218653605586 0.7043090402713748 0.12260771735638074 0.7004833984130884 
4.525070123233321E-17 2.270168851403071E-17 3.445143409085524E-17 1.000065938741856 
1.8718046622514734E-17 5.831104664864487E-17 1.0001525426586169 0.0 
0.22698995897253443 0.36069026787949526 0.8213520109550188 0.38328545051941515 
0.27372342794252824 0.3908054189589936 0.40877107235697663 0.7832672419292265 
4.400956141761111E-17 2.2397327697597573E-17 3.621338234115642E-17 1.000065526760067 
3.8534615764836955E-17 4.7608725813548486E-17 1.000281062729439 0.0 
0.20684771988830639 0.1892251551094312 0.6894152176791586 0.683131328576818 
4.496334427062787E-17 2.1201545530872627E-17 3.5758681117059137E-17 1.0000655656140571 
2.3884760153164135E-17 5.638985642023505E-17 1.000119774411355 0.0 
4.57841669136838E-17 2.102374311015519E-17 3.481030771093247E-17 1.0000727797562194 
7.485520015889036E-18 4.2690903943047447E-17 0.7078318401355375 0.7078318401355373 
4.331118201596798E-17 0.7073252801725839 0.7073252801725838 0.0 
6.126751152826345E-17 1.000574395342727 0.0 0.0 
6.12670249324188E-17 1.0005664486295198 0.0 0.0 
6.127016944999202E-17 1.0006178024986583 0.0 0.0 
4.589420511014272E-17 0.7495092485783827 0.0 0.7306153206750768 
2.608379879239036E-17 5.5416630947639604E-17 1.0002624193818914 0.0 
0.09925617878361184 0.6797365929315611 0.6978002661367135 0.21763938720811588 
0.030322234490831178 0.6908568910138058 0.3363389393755759 0.6878032245023062 
4.378098441628747E-17 2.2661291107865787E-17 3.632605559630575E-17 1.0000655509716518 
2.9390064771935304E-17 5.373076000735001E-17 1.0001828154504058 0.0 
0.16755621523498507 0.2619109619637415 0.6900731330597197 0.6674040102912453 
4.452036501447013E-17 2.1745865429048644E-17 3.5985348136024565E-17 1.000065526760067 
1.3110520046651287E-17 5.982511497463103E-17 1.0002040999894133 0.0 
4.059320405873663E-17 2.403069612888319E-17 3.904624785794199E-17 1.0000656866719808 
7.485520015889036E-18 4.2690903943047447E-17 0.7078318401355375 0.7078318401355373 
4.3311112812477664E-17 0.7073241499938194 0.7073241499938193 0.0 
6.12629111162957E-17 1.0004992649137583 0.0 0.0 
6.126796715541262E-17 1.000581836298756 0.0 0.0 
4.617994423509203E-17 0.7541757226205026 0.0 0.7351641603794193 
2.322570672406383E-17 5.668343118485708E-17 1.0004060315484045 0.0 
0.03182535167277284 0.6001551913056218 0.6009984248400182 0.5793926608624752 
4.059320405873663E-17 2.403069612888319E-17 3.904624785794199E-17 1.0000656866719808 
2.2954572143932067E-17 5.679411660464598E-17 1.0004112621812515 0.0 
4.4489100732151696E-17 2.219324021402103E-17 3.575017778419167E-17 1.0000661084153735 
3.51987678937959E-17 2.5258273852280567E-17 0.7075279572748526 0.7075279572748525 
4.3314883597462987E-17 0.7073857315859642 0.7073857315859641 0.0 
6.12670249324188E-17 1.0005664486295198 0.0 0.0 
4.618537721040995E-17 0.7542644498408195 0.0 0.7352506509285986 
2.322570672406383E-17 5.668343118485708E-17 1.0004060315484045 0.0 
4.472828807309098E-17 2.1707147237796306E-17 3.575017778419167E-17 1.0000661084153735 
3.51987678937959E-17 2.5258273852280567E-17 0.7075279572748526 0.7075279572748525 
4.3311112812477664E-17 0.7073241499938194 0.7073241499938193 0.0 
4.618537721040995E-17 0.7542644498408195 0.0 0.7352506509285986 
6.319075430513675E-18 4.288570680804919E-17 0.7079388940714355 0.7079388940714354 
3.709366162342318E-17 0.6057854664585615 0.6057854664585614 0.5944068335945646 
