0.6241211082035213 0.48390127145911166 0.6270340732666481 0.0 
0.7075145091920613 0.7075117162358596 0.0 6.441465483583285E-5 
0.7074549908543379 0.7074460222203255 8.411146135138627E-8 6.440895493521083E-5 
0.7074549908543379 0.7074460222203255 8.411146135138627E-8 6.440895493521083E-5 
0.7073035444063382 0.7073036562331889 4.041442857465763E-8 6.452972430279425E-5 
0.7073904019923881 0.7073540229630283 0.0 3.1737049795180248E-6 
0.7073904019923881 0.7073540229630283 0.0 3.1737049795180248E-6 
0.7073035444063382 0.7073036562331889 4.041442857465763E-8 6.452972430279425E-5 
0.6080440020982518 0.6082083057423664 3.497838598549281E-6 0.5688231615113067 
0.7077428101362998 0.0 0.7077428220709526 0.0 
1.0005341083303165 0.0 0.0 2.995142827699708E-5 
1.0005341083303165 0.0 0.0 2.995142827699708E-5 
1.0006013611357698 0.0 0.0 3.320816696113629E-5 
1.0008353394687075 0.0 0.0 0.0 
1.0008435281687778 0.0 0.0 7.51025346086316E-6 
1.0010119720563242 0.0 0.0 0.0 
0.7231513157558004 1.6004402295197336E-5 8.807137064627886E-7 0.7251771133705784 
0.7077428101362998 0.0 0.7077428220709526 0.0 
1.0005341083303165 0.0 0.0 2.995142827699708E-5 
1.0005341083303165 0.0 0.0 2.995142827699708E-5 
1.0008353394687075 0.0 0.0 0.0 
1.0007934587554128 0.0 0.0 0.0 
1.0009182158001912 0.0 0.0 1.5021627823145577E-5 
0.7216866796242232 0.0 0.0 0.7236188245843452 
0.7077346870426834 0.0 0.7077347005089952 5.081053280118102E-7 
1.0009584820824358 0.0 1.3347131156806623E-8 1.4581409711830966E-5 
1.0007934587554128 0.0 0.0 0.0 
1.0008435281687778 0.0 0.0 7.51025346086316E-6 
1.0010119720563242 0.0 0.0 0.0 
0.7207637102373478 0.0 5.937734322096161E-10 0.7226934705807413 
0.7077222583839368 0.0 0.7077222678433566 2.1554940005146132E-7 
1.001090501942444 0.0 1.967422953540189E-8 1.4613020506722277E-6 
1.001090501942444 0.0 1.967422953540189E-8 1.4613020506722277E-6 
1.0009662242243225 1.8543109570463995E-5 5.745819592828228E-7 6.0865880452865963E-5 
0.7082918389593413 0.0 0.0 0.7081119579920753 
0.7077311915615305 0.0 0.7077312038617017 4.4826350754762033E-7 
1.001110286527088 1.8545778354884997E-5 5.170591182236579E-7 6.07668399384316E-5 
1.0009662242243225 1.8543109570463995E-5 5.745819592828228E-7 6.0865880452865963E-5 
0.7207637102373478 0.0 5.937734322096161E-10 0.7226934705807413 
0.7077222583839368 0.0 0.7077222678433566 2.1554940005146132E-7 
1.0012663585176123 3.7097339255320235E-5 1.0042134383013111E-6 1.2155262735410384E-4 
0.7217538579855651 0.0 0.0 0.7236861827998206 
0.7081508298374619 0.0 0.7081506763099604 0.0 
0.7217538579855651 0.0 0.0 0.7236861827998206 
0.5700029774401003 0.0 0.5700029177285602 0.6324523309754109 
4.332468802325256E-17 0.7075458500102543 0.7075461962354183 9.166052210614338E-6 
6.914220235001637E-6 1.000743097706896 2.4975449376380827E-7 6.3839171805675E-5 
6.914220235001637E-6 1.000743097706896 2.4975449376380827E-7 6.3839171805675E-5 
1.1419854868350878E-6 1.001064742502564 3.313493165205801E-7 0.0 
6.130513160277456E-17 1.001188777784053 0.0 1.2780927419418263E-4 
5.118866999680457E-6 1.0012190733672923 6.769354637544668E-9 2.16989102035081E-4 
2.4799472559741834E-6 1.0010824900012738 4.383113421187206E-8 1.655493047819583E-4 
4.3341674462327265E-17 0.7078232596125418 0.0 0.7077982869260228 
4.056061247283084E-17 4.592935454876205E-17 1.0007024573822736 9.323706516220567E-6 
0.6077310902820171 0.6228784227908506 0.5767956478988757 1.0003051795718719E-5 
0.6787420113666985 0.6871495726348912 0.2910231743484051 3.730266766524694E-5 
0.6969855714369775 0.6923566896703951 0.13472641190548193 0.22849594724652142 
0.6748617173388683 0.6766868901431068 1.2211021536623676E-8 0.32808333299632403 
0.6073676959948293 0.6075436480234375 3.446159590495281E-6 0.5683001200966362 
2.738376731372051E-5 1.222721683968337E-4 1.0379651286209618E-4 1.0003613980359305 
9.798838512432621E-9 5.415667673402225E-10 1.0008231847683933 8.012043495975454E-7 
0.6937493211674394 0.27929941414130355 0.6668908597475528 4.573610886423556E-7 
0.8245237589843198 0.41952036733151976 0.38319606919469323 0.15096900968919144 
0.8284031178049651 0.40781008299434063 0.19216193660428502 0.39007983138732544 
0.6843519800601148 0.2908689568544203 0.017745900351699075 0.6762912184975917 
2.7154621568125492E-5 3.0243042207701427E-5 4.880561730276607E-5 1.000230268956076 
3.5027950726764344E-9 1.4835955091367085E-10 1.0006356194562624 0.0 
0.6779974387956249 0.1758873810481622 0.6918337898629221 0.20770543870931135 
0.8252642946207801 0.25285051272609427 0.3515110971318991 0.3783010902860041 
0.6973312801668987 0.12326204605503659 0.0 0.70805161686242 
2.5891298346800644E-5 2.999765364402936E-5 4.963862404119191E-5 1.0002560797177424 
3.5027950726764344E-9 1.4835955091367085E-10 1.0006356194562624 0.0 
0.6724627175267451 0.057363296258859366 0.6708957056015904 0.321608190784303 
0.7058175697348474 0.0 0.33573605174050924 0.6643951970531827 
2.5891298346800644E-5 2.999765364402936E-5 4.963862404119191E-5 1.0002560797177424 
3.259172525612262E-9 2.7657817888091366E-10 1.000707707405529 0.0 
0.5989138966940801 0.04813965186402315 0.607266796188154 0.538911389924601 
3.5603985544655343E-6 5.306075272957964E-6 3.057341708082686E-5 1.0004455781766102 
3.259668639414279E-9 2.7662027982856256E-10 1.0008600359188333 0.0 
1.5928757931764881E-7 2.5014520409008224E-7 1.88114488990817E-6 1.0005240136385494 
3.690817629006323E-17 2.2690869784157296E-17 0.7075572444198652 0.7075504363014204 
4.332468802325256E-17 0.7075458500102543 0.7075461962354183 9.166052210614338E-6 
6.914220235001637E-6 1.000743097706896 2.4975449376380827E-7 6.3839171805675E-5 
6.914220235001637E-6 1.000743097706896 2.4975449376380827E-7 6.3839171805675E-5 
6.130513160277456E-17 1.001188777784053 0.0 1.2780927419418263E-4 
6.130756318231942E-17 1.0012284884916065 0.0 0.0 
2.4799472559741834E-6 1.0010824900012738 4.383113421187206E-8 1.655493047819583E-4 
5.158636489273075E-6 0.7101738831632093 4.0438716804570164E-8 0.7101306525880912 
4.056061247283084E-17 4.592935454876205E-17 1.0007024573822736 9.323706516220567E-6 
0.31503630461221094 0.6853460801832699 0.6788576145386652 0.0 
0.3998894442942174 0.8119260064617602 0.35951807656267337 0.24653022831282076 
0.4086182114708117 0.8129485495937068 0.21090668693933548 0.3859473321438173 
0.3026207479789223 0.6786960492881552 0.0 0.6773442162323349 
2.738376731372051E-5 1.222721683968337E-4 1.0379651286209618E-4 1.0003613980359305 
6.028632331693143E-17 1.0972533087473094E-17 1.0007248940310924 2.9641339195306425E-5 
0.40662837151138603 0.4093220054524736 0.8222672907095769 0.006418280478480452 
0.4875425682965038 0.48643775342551315 0.4964798831037829 0.5498296894259004 
0.41536500188888054 0.4153650018888805 0.27463450020131647 0.8006327238454182 
8.262220590904449E-5 5.2391224565398395E-5 8.104270758240092E-5 1.0003287071098277 
6.102312095482512E-17 5.566748440915333E-18 1.0007212584562328 7.364270412968219E-8 
0.374542656714505 0.08640864342354473 0.8307346088330886 0.4098631043828422 
0.3347344904588619 0.23709945176039374 0.38920797669008417 0.8338688225005402 
3.5603985544655343E-6 5.306075272957964E-6 3.057341708082686E-5 1.0004455781766102 
6.102312095482512E-17 5.566748440915333E-18 1.0007212584562328 7.364270412968219E-8 
0.30457817103993773 0.0 0.6831744437338192 0.6716476132360611 
1.4978374295184957E-7 2.4325042363670277E-7 1.8120755259144648E-6 1.0004411507310613 
5.986688822614018E-17 1.3086612444751145E-17 1.0007870529666785 0.0 
1.4978374295184957E-7 2.4325042363670277E-7 1.8120755259144648E-6 1.0004411507310613 
3.698130073705396E-17 2.2566369106518503E-17 0.7075136250578237 0.707507763135492 
4.332468802325256E-17 0.7075458500102543 0.7075461962354183 9.166052210614338E-6 
6.132446432788775E-17 1.001504505145226 0.0 6.807394034596365E-5 
6.129358759269617E-17 1.0010002497923671 0.0 1.6950470464083644E-4 
1.1419854868350878E-6 1.001064742502564 3.313493165205801E-7 0.0 
1.3401712568078924E-6 1.0010465960668837 1.176039343322141E-7 1.91123991077012E-4 
4.3341674462327265E-17 0.7078232596125418 0.0 0.7077982869260228 
6.321050495828075E-9 1.6890005195449447E-9 1.000866690582868 3.2913158760385833E-7 
4.2993691735343835E-17 0.7021402704073978 0.7021428262167619 0.16031137061248774 
0.23375470889443736 0.8372248483290964 0.38644766145958825 0.3316910249083664 
0.1633751391426048 0.7031380846693062 0.119024856797595 0.6964763180497303 
1.4510466708128818E-8 4.1588890989653973E-8 5.533741199821967E-8 1.0003508660870921 
2.3698424369812758E-9 6.360027043273359E-10 1.0009266377072974 4.422044677612125E-7 
0.19882065993534243 0.39961244283016406 0.8512344172827718 0.3422807861625896 
0.22023594796079857 0.3906844151298228 0.4048930053948438 0.8194865771961007 
6.151228474678814E-24 1.0045718453617058E-7 2.8546680255483422E-8 1.0005395016221583 
2.3698424369812758E-9 6.360027043273359E-10 1.0009266377072974 4.422044677612125E-7 
0.21016573380634054 0.19345401464276224 0.6783347590908129 0.6870843423524736 
2.7154621568125492E-5 3.0243042207701427E-5 4.880561730276607E-5 1.000230268956076 
3.259172525612262E-9 2.7657817888091366E-10 1.000707707405529 0.0 
8.451891471641673E-7 2.533843693568589E-6 3.944070152352487E-6 1.000497857910046 
3.698130073705396E-17 2.2566369106518503E-17 0.7075136250578237 0.707507763135492 
4.332468802325256E-17 0.7075458500102543 0.7075461962354183 9.166052210614338E-6 
1.4062608856953595E-6 1.0010614063452334 4.635816158997662E-8 1.7965626593886133E-4 
6.129358759269617E-17 1.0010002497923671 0.0 1.6950470464083644E-4 
2.680118164215593E-6 1.00096280672067 2.3518818135618407E-7 2.694578596373513E-4 
5.158636489273075E-6 0.7101738831632093 4.0438716804570164E-8 0.7101306525880912 
8.298784121596707E-9 2.2125994618044636E-9 1.0010109022679563 2.7264766896988635E-7 
4.173949378758983E-17 0.6816576635263407 0.6816588778081807 0.3193820417215891 
0.11323778600031878 0.6772809506328428 0.2847876160326065 0.6725341054050912 
5.937687742240754E-24 9.696979972306797E-8 3.8755774618090616E-8 1.0004749735563574 
1.0161062448729723E-10 3.492326109357639E-11 1.0009316978945826 1.5265939049390802E-5 
0.1514247426253271 0.24228855063931862 0.7000862816922483 0.6665222730127206 
1.4510466708128818E-8 4.1588890989653973E-8 5.533741199821967E-8 1.0003508660870921 
1.0161062448729723E-10 3.492326109357639E-11 1.0009316978945826 1.5265939049390802E-5 
5.937687742240754E-24 9.696979972306797E-8 3.8755774618090616E-8 1.0004749735563574 
3.698694868641553E-17 2.25698155431621E-17 0.7076216796975282 0.7076158168799376 
4.332903644347416E-17 0.7076168651017015 0.7076172113616155 1.3740957034497789E-5 
6.12626966659612E-17 1.0004957626740163 2.3262579820696024E-7 1.6492476316095196E-4 
6.130339974535642E-17 1.0011604944060317 2.306404171044167E-7 1.6525332371957935E-4 
4.3479579816396404E-17 0.7100754249579321 0.0 0.7099010042398772 
3.7321566291247747E-17 4.860334127415644E-17 1.000771111136193 0.0 
0.11640831570554953 0.600627529995371 0.6247069703135152 0.5528941673176319 
1.3844284815445884E-8 2.8578383709306504E-8 6.320410649579979E-8 1.0004237188498089 
3.7321566291247747E-17 4.860334127415644E-17 1.000771111136193 0.0 
3.483141223747506E-33 5.688401302600235E-17 2.273474834156236E-17 1.0004346769466557 
3.64733961704021E-17 2.3401344306640195E-17 0.7077160132662067 0.7077094078710822 
4.349131363156732E-17 0.7102670527020145 0.7102705038950665 6.416269207696586E-5 
6.12626966659612E-17 1.0004957626740163 2.3262579820696024E-7 1.6492476316095196E-4 
4.3479579816396404E-17 0.7100754249579321 0.0 0.7099010042398772 
6.129641309949122E-17 0.0 1.001046393820131 1.7597239293622742E-7 
7.696002830184173E-7 2.6801455000954927E-6 4.117367973712793E-6 1.0005863719700323 
3.6373197754612614E-17 2.355779693159532E-17 0.707725014042729 0.7077179795318241 
4.349131363156732E-17 0.7102670527020145 0.7102705038950665 6.416269207696586E-5 
4.3558645926024634E-17 0.7113666725189967 0.0 0.7111919346229084 
3.64733961704021E-17 2.3401344306640195E-17 0.7077160132662067 0.7077094078710822 
3.850109231138165E-17 0.6287705538966436 0.6474058860301676 0.4916915931598766 
