-0.109 3514.0 0.9 0.09592647345365757 
-0.567 6076.0 1.8571428571428574 0.0 
-0.028 3592.0 0.7285714285714286 0.10278333900994376 
-0.51 4532.0 1.6714285714285715 0.0 
-0.018 3583.0 0.7428571428571429 0.10713863339758366 
-0.085 3613.0 0.7857142857142858 0.08709263748690084 
-0.559 5525.0 1.8285714285714287 0.0028744034990574197 
-0.565 5844.0 1.8571428571428574 0.0 
-0.557 5475.0 1.842857142857143 0.005761090816246028 
-0.517 4671.0 1.7142857142857144 0.0028179163819345215 
-0.058 3609.0 0.7571428571428572 0.09499756440368225 
-0.193 3653.0 0.9285714285714287 0.055640239854260386 
-0.45 4052.0 1.5000000000000002 0.005513696584860259 
-0.556 5291.0 1.8285714285714287 0.0028722389048553973 
-0.018 3583.0 0.7428571428571429 0.10713863339758366 
-0.054 3576.0 0.7571428571428572 0.09710079159432455 
-0.551 5161.0 1.8285714285714287 0.002892460917732637 
-0.157 3685.0 0.8571428571428572 0.06555996582608092 
-0.48 4410.0 1.6000000000000003 0.008510777399391286 
-0.308 3790.0 1.1285714285714288 0.02364832734310202 
-0.463 4116.0 1.5714285714285716 0.01122486098841137 
-0.562 5679.0 1.842857142857143 0.0028733358510149797 
-0.061 3624.0 0.7714285714285716 0.09538736515482811 
-0.123 3621.0 0.8428571428571429 0.07835885051156229 
-0.54 4790.0 1.7857142857142858 0.0028741892834610637 
-0.032 3612.0 0.7285714285714286 0.10059645945654071 
-0.164 3700.0 0.8857142857142858 0.060854115237384244 
-0.203 3585.0 0.9571428571428571 0.05495343451957095 
-0.555 5220.0 1.8142857142857145 0.0 
-0.277 3776.0 1.0714285714285714 0.03105960392464812 
-0.169 3538.0 0.9285714285714287 0.06944058350229682 
-0.49 4459.0 1.6285714285714286 0.0028177507863425557 
-0.249 3640.0 1.042857142857143 0.04427324054342476 
-0.245 3613.0 1.0571428571428572 0.04658072554751522 
-0.545 4923.0 1.7857142857142858 0.0 
-0.525 4625.0 1.7285714285714286 0.0028398286051616968 
-0.184 3570.0 0.942857142857143 0.0643896322611972 
-0.562 5679.0 1.842857142857143 0.0028733358510149797 
-0.547 5015.0 1.8 0.002849445941067014 
-0.563 5800.0 1.842857142857143 0.002869745442950524 
-0.221 3579.0 0.9857142857142857 0.05164720023068512 
-0.142 3540.0 0.8714285714285714 0.07592054986401602 
-0.548 5009.0 1.8 0.0028575884849767713 
-0.158 3564.0 0.9142857142857144 0.06997019763984806 
-0.259 3651.0 1.042857142857143 0.03896963553685691 
-0.295 3668.0 1.1285714285714288 0.032075902168498385 
-0.247 3807.0 0.9857142857142857 0.03318421493676435 
-0.338 3677.0 1.2428571428571429 0.029460333780277057 
-0.311 3743.0 1.1714285714285715 0.02902553713959361 
-0.128 3682.0 0.8000000000000002 0.06684806537259853 
-0.174 3659.0 0.9 0.062105424745416186 
-0.541 4843.0 1.7714285714285716 0.0028397104522624125 
-0.55 5127.0 1.8 0.0028446534441221713 
-0.243 3658.0 1.0142857142857142 0.04034735433675178 
-0.514 4544.0 1.6857142857142857 0.002842025765933673 
-0.184 3570.0 0.942857142857143 0.0643896322611972 
-0.333 3724.0 1.2285714285714289 0.02690353666131305 
-0.211 3601.0 0.9571428571428571 0.050627365207466905 
-0.557 5475.0 1.842857142857143 0.005761090816246028 
-0.148 3555.0 0.8857142857142858 0.07469387755102042 
-0.085 3613.0 0.7857142857142858 0.08709263748690084 
-0.497 4329.0 1.657142857142857 0.002825506840383013 
-0.325 3738.0 1.185714285714286 0.023823191224328286 
-0.301 3703.0 1.1571428571428573 0.03397359527232357 
-0.503 4425.0 1.6714285714285715 0.005628622077142412 
-0.463 4177.0 1.5428571428571431 0.0055403354754605914 
-0.416 3917.0 1.4285714285714286 0.013623637189311344 
-0.427 3974.0 1.442857142857143 0.008180901445702894 
-0.493 4267.0 1.7 0.014401705052929197 
-0.144 3557.0 0.8714285714285714 0.07347149986840258 
-0.434 4174.0 1.4571428571428573 0.008195448934828233 
-0.528 4658.0 1.7571428571428573 0.005705714167076953 
-0.035 3636.0 0.7428571428571429 0.10068839416949786 
-0.473 4142.0 1.5714285714285716 0.0027846780077757215 
-0.229 3774.0 0.9714285714285714 0.043155440887332946 
-0.128 3682.0 0.8000000000000002 0.06684806537259853 
-0.29 3753.0 1.1 0.028524779101037262 
-0.391 3862.0 1.342857142857143 0.013592877140194014 
-0.091 3655.0 0.7571428571428572 0.07855608272135214 
-0.252 3655.0 1.0285714285714287 0.03611418442661615 
-0.34 3737.0 1.2285714285714286 0.024349645631201778 
-0.405 4223.0 1.3857142857142857 0.010940424455956723 
-0.035 3636.0 0.7428571428571429 0.10068839416949786 
-0.239 3619.0 1.0142857142857142 0.04369693219382594 
-0.428 3913.0 1.4571428571428573 0.00826956484286391 
-0.116 3618.0 0.8142857142857143 0.07954207586524648 
-0.164 3700.0 0.8857142857142858 0.060854115237384244 
-0.455 4145.0 1.5142857142857145 0.0055255164688395335 
-0.356 3757.0 1.2714285714285716 0.02139729995029768 
-0.405 3851.0 1.4142857142857144 0.01660145016950712 
-0.52 4580.0 1.7285714285714286 0.0028549079175658135 
-0.321 3657.0 1.2142857142857144 0.03229773102901501 
-0.422 3949.0 1.4285714285714286 0.008157238220975653 
-0.4 3881.0 1.4000000000000001 0.019313800155344736 
-0.493 4516.0 1.6142857142857143 0.0028072467818421945 
-0.545 4923.0 1.7857142857142858 0.0 
-0.436 3955.0 1.4857142857142858 0.013955120398691838 
-0.373 3969.0 1.3 0.016262500839195705 
-0.35 3719.0 1.2857142857142858 0.0270638943244268 
-0.486 4453.0 1.6142857142857145 0.005641315569539354 
-0.565 5844.0 1.8571428571428574 0.0 
-0.47 4389.0 1.5571428571428574 0.002806145250235405 
-0.054 3576.0 0.7571428571428572 0.09710079159432455 
-0.422 3939.0 1.4285714285714286 0.010877504359804623 
-0.106 3611.0 0.8000000000000002 0.08101882496227066 
-0.11 3546.0 0.8428571428571429 0.0849760925263439 
-0.116 3618.0 0.8142857142857143 0.07954207586524648 
-0.373 3969.0 1.3 0.016262500839195705 
-0.563 5800.0 1.842857142857143 0.002869745442950524 
-0.158 3564.0 0.9142857142857144 0.06997019763984806 
-0.302 3725.0 1.1285714285714288 0.026485163182027906 
-0.286 3686.0 1.0857142857142859 0.029116867331530245 
-0.113 3585.0 0.8285714285714285 0.08282702211875903 
-0.457 4061.0 1.5285714285714287 0.008430378635234884 
-0.475 4263.0 1.5857142857142859 0.005614231249811964 
-0.144 3557.0 0.8714285714285714 0.07347149986840258 
-0.174 3659.0 0.9 0.062105424745416186 
-0.325 3677.0 1.2142857142857144 0.03230510019460531 
-0.093 3670.0 0.7714285714285716 0.08144040782557913 
-0.325 3881.0 1.1714285714285715 0.02097700210741179 
-0.55 5127.0 1.8 0.0028446534441221713 
-0.556 5291.0 1.8285714285714287 0.0028722389048553973 
-0.367 4026.0 1.2714285714285716 0.013467560014814318 
-0.325 3881.0 1.1714285714285715 0.02097700210741179 
-0.301 3703.0 1.1571428571428573 0.03397359527232357 
-0.28 3655.0 1.1142857142857143 0.03657807948204683 
-0.142 3540.0 0.8714285714285714 0.07592054986401602 
-0.093 3670.0 0.7714285714285716 0.08144040782557913 
-0.378 3796.0 1.3285714285714287 0.019088511077464166 
-0.457 4352.0 1.5285714285714287 0.008410413291149539 
-0.271 3684.0 1.0857142857142859 0.039381050570768183 
-0.35 3719.0 1.2857142857142858 0.0270638943244268 
-0.106 3611.0 0.8000000000000002 0.08101882496227066 
-0.28 3655.0 1.1142857142857143 0.03657807948204683 
-0.451 3981.0 1.5571428571428574 0.017127946653582818 
-0.476 4592.0 1.5857142857142859 0.0056662269116028 
-0.497 4329.0 1.657142857142857 0.002825506840383013 
-0.211 3601.0 0.9571428571428571 0.050627365207466905 
-0.535 4836.0 1.7571428571428573 0.0028442904739600363 
-0.54 4790.0 1.7857142857142858 0.0028741892834610637 
-0.367 4026.0 1.2714285714285716 0.013467560014814318 
-0.221 3579.0 0.9857142857142857 0.05164720023068512 
-0.223 3637.0 0.9857142857142857 0.04825826681870011 
-0.38 3798.0 1.3571428571428574 0.02186925259084176 
-0.387 4014.0 1.3285714285714287 0.013592737548110499 
-0.422 3949.0 1.4285714285714286 0.008157238220975653 
-0.109 3514.0 0.9 0.09592647345365757 
-0.493 4267.0 1.7 0.014401705052929197 
-0.193 3653.0 0.9285714285714287 0.055640239854260386 
-0.443 4000.0 1.5142857142857145 0.011173698881798373 
-0.223 3728.0 0.9571428571428571 0.042921673609839804 
-0.554 5188.0 1.8142857142857145 0.0 
-0.407 3922.0 1.4142857142857144 0.01361060234716878 
-0.468 4377.0 1.5571428571428574 0.008441743596529388 
-0.203 3585.0 0.9571428571428571 0.05495343451957095 
-0.239 3619.0 1.0142857142857142 0.04369693219382594 
-0.265 3816.0 1.0285714285714287 0.0309765370166243 
-0.451 3981.0 1.5571428571428574 0.017127946653582818 
-0.34 3737.0 1.2285714285714286 0.024349645631201778 
-0.438 4311.0 1.4714285714285715 0.008364190756789845 
-0.407 4281.0 1.3857142857142857 0.013531507510170022 
-0.485 4455.0 1.6000000000000003 0.0028152501874684557 
-0.223 3637.0 0.9857142857142857 0.04825826681870011 
-0.113 3585.0 0.8285714285714285 0.08282702211875903 
-0.408 4289.0 1.4000000000000001 0.013609590396817297 
-0.463 4177.0 1.5428571428571431 0.0055403354754605914 
-0.531 4666.0 1.7428571428571429 0.0 
-0.393 3832.0 1.3714285714285717 0.019346005705391876 
