83.16322195773007 0.1113430538414315 97.65198878412635 1486.076509400772 1228.1476419159094 852.7693897776923 777.2775348073249 
74.40580141956353 33.81643841886931 17.489102277475894 146.71991389225911 96.79979385997771 836.6096573398978 71.57356322683461 
131.0 37.19234813584482 131.0 111.76478102605634 96.70733818514933 863.944562944802 164.9809616322464 
74.40580141956353 33.81643841886931 17.489102277475894 146.71991389225911 96.79979385997771 836.6096573398978 40.10963775658815 
86.7862591616288 0.13038648658650398 129.01647224861287 1399.8740202947033 926.135672189866 562.61579012652 206.934287077747 
34.24541745478582 88.32965199885263 52.27216254581701 186.96788573173683 99.44217326845049 722.1579622296665 120.89162101021678 
100.9049078460607 0.07096983956665551 145.75035760429452 213.89056255525907 221.04642718148972 660.1022431067377 193.94090758285822 
39.97068155658472 19.058264794078294 21.5241106657054 1332.4019501493806 693.2580581608565 249.30659878310308 0.0 
79.06290873279794 1.6476629998176353 186.52044423999817 154.66591489165788 96.0226059401397 838.5714985730721 663.451066765353 
99.5978454543236 27.585221833704473 119.71633267822665 552.0626063557337 82.53164238734615 515.1992185149343 729.7944538566422 
82.6146096088627 4.758901979814501 101.32710286732315 1317.9006383252276 1152.0644634938988 871.3534250871694 195.59026280023383 
113.0 0.0604531813818443 113.0 329.7765431590996 386.07718011493085 838.5714985730721 211.0 
83.31168141119333 0.29350667434825084 16.9425114015767 1319.4976021036437 707.296401858827 839.3016651113354 762.9396364608181 
130.98895910449207 71.07144709222582 132.2250206748579 377.29175675761496 153.3642689787331 600.5249948803123 66.40452439720909 
79.7633885533327 3.6704203188168343 142.67138077641476 472.9365843035285 182.3238473016262 499.12348927914593 1878.882314123421 
86.0 0.07287963793902169 86.99789449740094 1358.4597608578422 179.1652606509071 493.88579822622637 194.89916181407978 
131.0 49.710631066309396 131.0 211.19666717041576 379.3157048204864 549.9085741115044 0.0 
73.68272532685162 23.34468178690428 17.270129909988356 146.71991389225911 96.8196975480009 840.131360766243 922.694468431882 
39.69325844794781 19.058264794078294 51.44249161914927 1239.5047062930807 693.2580581608565 249.30659878310308 11.225164540394417 
81.59520812638279 27.651020816245666 140.6080376098303 623.523113870121 330.86679761507514 504.26624782753413 100.40508153993952 
128.62785781527677 2.8299524946390378 130.79478960951056 223.49057574767826 153.13692499215355 970.357822567004 0.0 
107.1521987774519 21.290811602605796 72.54184443901262 173.38125900350173 138.7523765271636 727.9699653490745 232.16229731091275 
101.99240780592618 0.12256657899737156 107.25134556516616 470.4240219500076 213.12354879755688 515.1992185149343 677.3049576649871 
96.59295131650576 0.7277870452086255 71.58348139506919 1442.5293121354728 263.75236660613007 545.0853621211795 172.53507171772145 
41.153649101567254 40.5257742266461 102.46148280394124 530.9691197918395 212.39534394787222 499.1486218901284 111.09564685806257 
121.17426084328784 0.7231912465923518 131.58209748064712 462.944253199798 108.76030983761643 625.7649747076161 1006.0390004661173 
81.19914868714409 2.6760492517286503 88.79843505768925 219.61784756467105 109.48293364412442 845.6141931202505 1849.8874676217606 
87.56933498513264 1.0606903935466967 84.38010792333505 1396.185646926711 623.3900865417055 485.60748274022194 1.486400926654882 
131.0 60.20159038250545 131.0 375.72626886810735 157.02411459660823 642.4774092052816 197.58646502338178 
95.03991270931688 24.145601441637567 95.0 324.8394157781191 249.6023916714773 505.6044960613701 694.0059081382119 
41.802723457175944 2.1413774793646922 91.00826593448711 1461.804472386662 1037.2060302275686 659.0898521946517 103.56999684658265 
72.64577762905569 2.678951622037154 97.71416062484917 1476.3771031131355 120.98732147487965 866.0022515909941 922.694468431882 
100.0 0.2860436193731092 100.0 1131.0708739637953 152.51652379457258 542.7867632632489 199.0 
100.9049078460607 0.07096983956665551 145.75035760429452 315.0591482859344 293.9165668082035 660.1022431067377 193.94090758285822 
119.0 0.10286961123336624 119.0 470.4240219500076 129.01222133731403 517.508516914605 211.0 
97.41518112656458 0.7231912465923518 131.58209748064712 473.5741093538055 108.76030983761643 642.9180291283268 1044.7688483341956 
79.76848557206895 49.95652125960182 143.5962900376426 368.521838831666 157.02411459660823 478.9290735748814 4.385746612432133 
128.78503132947003 51.07172354013434 130.78777378787456 214.64433421112125 400.9810454257894 550.035714487692 1.0401073797167655 
47.24216137107217 26.338755918085425 130.83485888470224 424.7301892764059 312.86035614528754 495.1915126478843 176.63750891423433 
130.0 1.2768363682134627 130.0 508.781631545275 118.76799286790776 710.7948565273396 201.0 
95.98291735461426 1.209454278076449 91.37359455865925 1495.602940661091 981.5046249271066 653.6042595006486 1272.8489471385658 
96.97512179561679 87.82138887001122 52.27216254581701 181.36166975605482 137.92582179971282 722.1579622296665 119.10362790466459 
69.2673915491022 0.7277870452086255 71.58348139506919 454.8326685872201 136.30079274510317 545.0853621211795 172.53507171772145 
35.71564304448984 0.89923993332566 125.51976392681297 1474.3382257545559 190.3067108122887 511.59581807124914 175.45398861526886 
101.0 0.495877353776498 70.41730891843868 1426.4500658150314 109.03676845572022 651.7766775919375 198.0 
86.7862591616288 0.13038648658650398 129.01647224861287 1374.934991846278 387.7173926199326 562.61579012652 107.60591077757945 
12.57367048077976 0.06868396732439239 45.68855625330721 1491.4964668365458 169.94991841979333 863.1902322557033 3.025112246401605 
88.69036441835047 45.84948112567539 130.0 458.5330658667689 246.92781026739243 486.71160305794217 35.29048937581136 
24.638070767797302 1.9109252801982857 112.0 514.6290643582151 621.7242214815755 514.363363256416 201.4906357225189 
102.23778091151794 0.7237278366405131 132.26272851061105 542.3265406776922 303.51686333236796 642.9180291283268 42.94487468637726 
132.0 13.055121607622041 132.0 102.23905735869346 99.80550010724563 892.7551986011692 165.0 
99.31242734569396 1.0606903935466967 84.38010792333505 638.8962856755347 623.3900865417055 511.0688069064868 0.9022442672541668 
95.80673696401834 0.19577592892240503 22.091669339585767 309.78371794141617 103.89828052217588 1437.1499369333485 38.8822544708097 
71.17881124042275 59.06081767039704 130.9581357385863 1441.1431020503314 904.5466544022124 638.7306158848423 119.98940583717372 
73.68272532685162 54.99094098165034 17.270129909988356 146.71991389225911 96.8196975480009 855.828258238655 922.694468431882 
97.14029536617417 51.67370898738952 113.89933089959041 305.8430565041368 390.6745085871978 853.0466114693188 75.88575979897753 
21.155055437369157 9.13842055311872 96.61936294558312 1368.8272435222082 189.21000885349298 285.4464207366679 127.9794143229447 
41.153649101567254 27.642869504335724 225.90771417506278 530.9691197918395 119.93019714824986 496.05283376788634 109.3558053122957 
74.40580141956353 0.7142191704808036 17.489102277475894 146.71991389225911 96.79979385997771 836.110356691413 926.8012072611543 
165.9360566191208 1.8643963179432888 113.87505716770669 1287.215563486867 1114.2756181546551 506.4443265780865 83.53246011810512 
53.286864025613724 0.04395805803292596 115.26195544587998 276.9604822997574 63.2165872022363 645.174633269803 231.2207868685141 
24.638070767797302 17.383129099388707 110.63365888389912 436.83699149495044 404.26818343772135 514.9623211421122 201.4906357225189 
52.616397280794985 0.060505746404357325 113.0 329.7765431590996 386.07718011493085 838.5714985730721 460.26002682414344 
113.0 0.0604531813818443 114.3665080712813 331.67751770579457 302.04622733015424 830.8973317327483 76.33640766310357 
64.43633303670347 5.630998654285563 100.16132423216723 152.90696807714664 138.86460705320127 849.1459667286537 81.84538956282127 
84.68123606027925 53.57371159565566 130.50616818040075 319.15975307678553 140.25287632306438 563.5890465981036 283.95925409380345 
58.18230969960673 0.47174919525355263 177.10367107444142 1460.2844386161473 1047.3555446639907 733.2397267588473 206.13341885300744 
70.83868251415225 0.6953370790297713 131.0 329.7485173834974 249.67899718050668 867.7612671851932 0.0 
132.0 0.4236059711985589 132.0 96.50444416898205 169.94991841979333 863.1902322557033 210.0 
127.41869140041737 2.1413774793646922 91.67059613767576 510.60754145093193 179.97482167601316 613.9202935277516 32.5523943686911 
83.8809252839567 46.90072785826503 86.98207642536718 108.28880570123098 136.21336048091297 505.64731447697613 323.0237111716098 
96.97512179561679 87.82138887001122 52.27216254581701 181.36166975605482 137.92582179971282 722.1579622296665 119.10362790466459 
10.260435352046315 0.07732368307679643 86.0 1471.8782807640675 929.6889671922368 493.81235477030384 722.008480906028 
103.9188131069995 45.84948112567539 130.0 315.5335866817386 309.10537304783395 486.71160305794217 43.334861632277054 
85.11937063228531 0.37759280902917425 86.1549931297101 1129.6667315783034 144.79983164007916 582.6267879949147 27.988175968287287 
53.119388510016776 0.1618757211251497 90.16405232212075 368.7561589015687 135.3425962897167 808.9787706390824 290.0399706327481 
103.56244238076938 1.5325714154277268 18.198839876364914 248.3024171940293 97.62171117025389 840.131360766243 710.6110175139972 
127.36363200459776 76.04793517869582 84.38198462227851 1363.0750239387075 23.760263821403825 900.2257346358269 166.09086458056308 
145.5449829258599 0.2522449354095999 148.7888224023283 1286.7399167086635 156.36914949458787 578.0342915440856 107.00983902936835 
181.4315826369179 0.2860436193731092 22.206852094146925 1384.4750511184757 125.64751069780424 579.0746005613922 195.55924984740804 
20.068482779093433 0.24899379333597338 97.02847566243453 1359.2975724294051 464.0346851142108 283.4922502627685 767.3631562272556 
84.68123606027925 53.57371159565566 36.690816880668066 319.15975307678553 140.25287632306438 563.5890465981036 284.54471772314326 
83.8809252839567 33.19386236821284 86.98207642536718 319.15975307678553 136.21336048091297 715.0084640905579 323.0237111716098 
94.02852834225256 49.74108670826183 130.99816437791858 280.73553862152517 144.00027681891754 595.0342798574206 3.351500560205139 
95.00100528593055 40.774717350333816 102.8096185311686 287.27261448563456 266.3878968694087 896.9545538255256 698.3098745754236 
41.8353742438675 0.8032234109163516 43.013053383210895 1321.7167867117028 110.85405779844251 492.4412172538637 176.58780672124766 
83.883851644942 9.091809336191787 41.861720885243855 1358.4597608578422 209.69918404113386 493.88579822622637 317.96954589554474 
83.12446468395005 0.034063606567999116 21.92436620218586 1469.5147743769069 40.82160955099854 463.98343793261074 27.057012310229 
115.48233131077379 0.17161347381078598 107.31406071074315 604.4059526692864 173.34421988335123 645.1083462909829 210.13703862070918 
103.0 99.73448849432285 103.0 470.4240219500076 598.0374727005374 379.73025716902043 0.0 
129.0714651494791 1.0606903935466967 84.38010792333505 462.3750340823333 623.3900865417055 571.3783239328411 107.68566984046677 
74.40580141956353 0.7142191704808036 121.16366290161068 146.71991389225911 135.99541799716727 836.110356691413 31.89582440199578 
131.3648691468998 46.71345499014141 129.51115672455927 458.5330658667689 142.70606817527857 486.71160305794217 22.86376601379734 
137.0 88.60317521891369 137.0 182.9727375689887 199.67223386492182 850.6927560807129 0.0 
24.638070767797302 1.9109252801982857 112.0 514.6290643582151 621.7242214815755 514.363363256416 307.8720481073384 
92.18976149322474 17.851842733390246 74.86202518033089 1438.2643802040484 209.32739795070586 815.375209804455 127.96551687936369 
128.7862561313139 94.22113142701284 130.78777378787456 223.49057574767826 153.7703381920331 604.9225894036113 0.0 
86.0 9.091809336191787 150.64541531492253 1358.4597608578422 210.28708850233127 493.88579822622637 194.9465693834827 
131.0 87.23853354649587 131.0 404.9441077885477 114.9035697313032 854.8081468191594 0.0 
83.16322195773007 1.9566919442679873 129.31509367914208 1486.076509400772 634.6007053811591 914.0565321497381 234.23847572575684 
73.68272532685162 0.006469586090265267 17.270129909988356 146.71991389225911 133.0655768030858 835.2002851494917 929.3518941569843 
96.00171278119905 0.22935518567587998 5.909699925210841 155.0230312419448 96.8196975480009 839.9026748124766 922.694468431882 
97.03187315121154 0.2349763204144617 16.9425114015767 1430.9215572452201 138.06419816264923 499.6361616931732 762.9396364608181 
83.31168141119333 0.29350667434825084 125.62272601801146 1469.5147743769069 56.71684258512789 463.98343793261074 1060.9507681825849 
86.0 0.1222026309782488 86.0 1468.6592043609257 447.6403304597814 580.4945545171946 196.0 
42.70167925641246 19.1110575745031 97.0 1348.7648619512256 406.02023517059274 283.4922502627685 128.0 
86.04328893209887 90.51974662737364 86.99789449740094 1358.4597608578422 191.8633940892853 494.11448417999486 194.89916181407978 
131.19149624453075 63.44827405352079 98.02634252937031 241.21075503850352 111.88582842313889 709.463815154396 14.763920125304395 
85.07410460730281 1.167038323429487 131.0 357.38179646629226 157.02411459660823 625.1670589111064 7.516214224259812 
73.68272532685162 1.2714707241513246 25.75013193568513 249.51081209952008 97.62171117025389 840.131360766243 710.6110175139972 
134.65761923992807 29.022018920755876 52.27216254581701 231.4102299579954 90.179194607917 717.8373432594221 116.04950370002445 
86.0 0.10960452471510668 86.0 1432.0896433987473 235.39659668993664 490.9029637919229 200.28275443263874 
96.29429604488978 29.222301697586417 101.77446952008803 169.540393639001 96.8196975480009 838.5714985730721 663.451066765353 
113.90595796930893 0.17161347381078598 107.31406071074315 604.4059526692864 177.4588178154271 591.9318018009697 209.90513896021002 
58.18230969960673 0.47174919525355263 177.10367107444142 1460.2844386161473 1047.3555446639907 733.2397267588473 206.13341885300744 
131.0 94.22113142701284 131.0 231.70591070175664 153.7703381920331 604.9225894036113 0.0 
42.70167925641246 4.705795232611155 97.0 1357.700608650989 406.02023517059274 283.4922502627685 128.0 
131.0 33.68469744719823 131.0 268.02389895286944 270.3934260172812 714.1247180975478 83.0 
188.82151844873087 58.93161002924682 126.36983349545159 560.729737869445 924.4954597357362 838.5714985730721 212.3263191073983 
95.99201819181934 15.70622021959072 100.68527186906223 169.89750998928795 30.679894120499988 839.9026748124766 922.694468431882 
79.67870088025157 213.99286160492827 45.79750333877805 287.27261448563456 266.3878968694087 896.9545538255256 698.3098745754236 
105.93835718715629 1.0198751915936946 52.090093328890134 261.21237172543647 310.5252607025234 839.8687248513336 240.11423470428468 
87.29121654795281 3.062086685575771 52.27216254581701 1402.4843898362356 137.92582179971282 570.8654777120591 119.10362790466459 
95.8353892280424 34.02887566611144 140.34376391967305 107.06645462624218 112.5685715530711 895.670068103643 4.681024957871259 
82.61364502599709 0.2522449354095999 148.71849454051355 1327.4513304012 93.85777952456797 562.157114162205 234.32404285761805 
84.41545360334908 53.57371159565566 32.560541557861015 319.15975307678553 387.23082609404184 559.8259731313935 283.76506525704485 
80.55258651829917 46.48291892255322 263.4537064802237 373.4515400817402 186.27859622125783 791.0189255195083 1891.7186357179014 
135.18962993485482 27.687982364251663 52.27216254581701 234.82354690902162 284.57936401251067 514.1398702542722 196.30070671176173 
107.30322633405606 1.483869844118603 51.601250033331816 261.21237172543647 144.1259558277093 839.8687248513336 232.16229731091275 
121.19570431174546 94.23808139775775 157.0 321.18592035730575 150.98997560962417 644.3805854951197 0.0 
74.40580141956353 0.7142191704808036 16.022336437246473 146.71991389225911 96.79979385997771 490.47712320233984 69.5417257868142 
131.36550053083988 18.49807253484706 75.07204611601335 340.828156244832 316.95802266655784 816.9671609121306 210.441800485868 
83.8809252839567 46.90072785826503 86.98207642536718 319.15975307678553 136.21336048091297 505.64731447697613 323.0237111716098 
47.24216137107217 60.22187092629371 15.182092497502317 1437.9391991911689 311.5750852822329 204.09912926240042 176.63750891423433 
95.8353892280424 34.02887566611144 140.34376391967305 107.06645462624218 125.33741079375798 895.670068103643 4.681024957871259 
51.71049068618514 0.04395805803292596 115.26195544587998 276.9604822997574 67.3311853363228 591.9980887797898 48.669318423924324 
129.13129538197313 46.90072785826503 86.98207642536718 319.16344603112987 353.28576755624823 505.64731447697613 818.6032799367574 
95.98459715079076 5.630998654285563 100.16132423216723 152.90696807714664 138.86460705320127 849.1459667286537 81.84538956282127 
96.10959512052595 1.0740324531155458 97.0 1330.0420997945048 406.97855227182947 371.51544109289796 13.346234403748362 
83.16322195773007 0.34149966911331475 8.382255334261234 1486.076509400772 1228.1476419159094 481.138279488235 777.2775348073249 
85.11937063228531 0.4789612283212499 86.1549931297101 1234.9059366360198 255.7345087926329 582.3931959047053 26.85649312863552 
95.98291735461426 1.209454278076449 113.87505716770669 1287.215563486867 1075.854552838022 507.6922697670936 83.53246011810512 
132.0 38.08184905173576 75.07204611601335 102.23905735869346 99.80550010724563 859.7006279352846 165.0 
97.91491970342014 0.37759280902917425 86.02006095951782 1142.0579754432138 101.1332738536795 578.9679609414976 187.09118951433481 
101.99240780592618 0.12256657899737156 107.25134556516616 470.4240219500076 213.12354879755688 515.1992185149343 677.3049576649871 
134.65761923992807 29.022018920755876 52.27216254581701 240.25944430910977 157.89455828107327 717.8373432594221 116.04950370002445 
70.83868251415225 0.6953370790297713 67.19751159638487 329.7485173834974 247.03165996735393 867.765168738645 0.11139806484500547 
97.9990672885431 0.2860436193731092 161.30235722702827 1131.0708739637953 103.80076200149362 579.0746005613922 193.0 
41.153649101567254 27.95755261691238 5.739456530293893 530.9691197918395 119.93019714824986 496.05283376788634 109.3558053122957 
94.81293037489831 53.60208792031898 102.8096185311686 287.27261448563456 266.3878968694087 552.1782927028498 279.083661458812 
13.463243285586188 94.22113142701284 131.0 231.70591070175664 118.15821718190438 604.9225894036113 0.0 
94.31281482608212 70.87614234173121 155.00639013541937 377.29175675761496 143.5047000127672 600.5249948803123 66.40452439720909 
96.14146827173751 0.2349763204144617 16.9425114015767 1314.3828159686825 138.06419816264923 376.5085851675392 762.9396364608181 
81.19914868714409 2.883807513429147 88.79843505768925 149.256414978154 109.48293364412442 845.6141931202505 1849.8874676217606 
83.42067390782277 46.84006977405734 218.11322167230668 384.85780824224946 130.92643010835397 526.0636536246325 106.16882263469836 
96.14146827173751 61.127825466673116 83.83218812617602 1305.1742319001987 145.37587642875508 847.5049475215567 762.9396364608181 
96.02031793621032 9.091809336191787 99.19822066827285 1358.4597608578422 210.28708850233127 493.88579822622637 193.13535419323404 
131.0 2.7920854376016138 61.78186756159014 343.4269790247024 249.67899718050668 399.34391053681503 0.0 
47.24216137107217 3.942173266819239 100.4442092519229 1489.2412767251026 310.28732742501865 193.01834990575696 83.241485947585 
133.10682303329088 69.98690849494943 199.21225298306726 1156.4284808879083 152.51652379457258 543.3299132110908 198.96158808448916 
112.74729627464042 2.900212564707494 113.97655124235392 329.7485173834974 249.7496645730591 503.2077533155434 0.0 
95.07170145227678 50.44916519405808 102.69985565755037 368.521838831666 164.52500861027272 396.4975727479248 5.769112767167883 
102.4893448581569 55.26881321139024 28.22117084560972 172.12120100010478 147.74179739430096 838.3290831731007 142.3268185276354 
131.0 2.7920854376016138 131.0 329.7485173834974 249.67899718050668 502.72042611886377 164.80100688226958 
99.45741687567711 140.08173079330052 137.0 182.9727375689887 199.67223386492182 848.3834576810428 0.0 
113.90595796930893 0.05843852968880517 107.31406071074315 604.4059526692864 177.4588178154271 591.9318018009697 209.90513896021002 
97.39369175556934 5.962160418647947 131.58209748064712 346.83053008894 77.20035907278772 625.7649747076161 1044.7688483341956 
33.16372999530025 0.6953370790297713 125.74637874174213 333.54594096276105 61.510780051086456 867.7612671851932 0.0 
