1.9708359942141997 1.8803311289077558 3.515598999670028 0.0 
98.27846425999316 98.27846425999314 0.0 0.0 
98.20369895670191 98.2036989567019 0.0 0.0 
98.27846425999316 98.27846425999314 0.0 0.0 
98.27846425999316 98.27846425999314 0.0 0.0 
97.17290065231559 97.17290065231558 0.0 0.0 
7.319840988206478 0.5718361118626677 0.0 0.0 
97.17290065231559 97.17290065231558 0.0 0.0 
3.554459789522646E-16 2.228559185927096E-15 1.811575933383001E-15 47.260883388037755 
46.31927116044205 0.0 44.75824907894736 0.0 
136.70906241402182 0.0 0.0 0.0 
135.2823680311795 0.0 0.02885653075211801 0.0 
134.2020628885316 0.0 0.028626095263560438 0.0 
8.535821041082968 0.0 0.0 0.0 
8.623824234189563 0.0 9.197563954776525E-4 0.0 
134.67807888333675 0.0 0.0 0.0 
3.802165345945606E-16 2.1262607064861384E-15 1.856011219546956E-15 46.50914143165894 
46.033710825968086 0.0 44.48231251394439 0.0 
134.2020628885316 0.0 0.028626095263560438 0.0 
134.2020628885316 0.0 0.028626095263560438 0.0 
8.623824234189563 0.0 9.197563954776525E-4 0.0 
134.20360798814363 0.0 0.014313212258421085 0.0 
134.50851219589828 0.0 0.0 0.0 
4.828421226908533E-16 1.6066807471467066E-15 2.283719012171367E-15 46.27805303834729 
45.193950137232946 0.0 43.67085289613384 0.0 
134.1973341388952 0.0 0.02862508659324155 0.0 
134.1866584757589 0.0 0.028622809411033144 0.0 
134.1973341388952 0.0 0.02862508659324155 0.0 
8.535821041082968 0.0 0.0 0.0 
4.1026232126239356E-16 1.5741214097692909E-15 2.304247820478208E-15 46.063740409526076 
45.193950137232946 0.0 43.67085289613384 0.0 
134.20360798814363 0.0 0.014313212258421085 0.0 
134.21301225300815 0.0 0.0 0.0 
134.2020628885316 0.0 0.028626095263560438 0.0 
6.77451065748622E-19 1.42975572318998E-15 2.31607687647152E-15 44.45102351831933 
46.033710825968086 0.0 44.48231251394439 0.0 
134.1866584757589 0.0 0.028622809411033144 0.0 
134.2445255840691 0.0 0.0286351528081424 0.0 
4.3440201186218614E-16 1.6667421595408423E-15 2.2449281317551267E-15 46.21029970726147 
50.434116083534924 0.0 39.676283027228834 0.0 
134.23694514962216 0.0 0.0 0.0 
6.058061645889022E-17 1.8300281744797397E-15 2.561004313355072E-15 51.41466390157012 
57.29534050320113 0.0 55.36441004053363 0.0 
6.468146087581424E-16 2.427688956439338E-15 1.998329314157706E-15 52.426490684773896 
7.379137314079329E-16 2.3107193955019383E-15 2.0163480567479762E-15 51.513607053093246 
2.353504134088188E-15 38.43563933252901 38.16528332022361 0.0 
7.691381153952088E-15 125.60978658184754 0.0 0.0 
7.464003669479018E-15 121.89643045939039 0.0 0.0 
7.523106167131972E-15 122.86164749493243 0.0 0.0 
7.523106167131972E-15 122.86164749493243 0.0 0.0 
7.50737371978503E-15 122.60471713169798 0.0 0.0 
7.547222664508274E-15 123.25549978594553 0.0 0.034663432672097684 
2.346435647108603E-16 2.009614495723423E-15 1.9964993930812336E-15 46.42100664492512 
5.78579489561456E-15 4.087083923004131E-15 115.68660524478054 0.0 
2.3220377532696417 1.3682718867371737 2.5431477461358907 0.0775271631154988 
2.545354310171599 2.728288983233974 1.393336027602471 0.10107329793570749 
2.75173099540124 2.8234651346712667 0.7528485060003166 0.06836927437423566 
2.7975038166531068 4.14792232610655 1.196748127860246 0.08096046315222405 
5.098561563971696 2.023358805469516 0.2325405627921908 0.021622415986677385 
4.828421226908533E-16 1.6066807471467066E-15 2.283719012171367E-15 46.27805303834729 
6.340185335598464E-15 3.18070891317451E-15 115.84232759907957 0.0 
1.9288090716203528 1.362838818516789 2.718489481063253 0.05476451446727815 
3.6487692993711107 1.9408887387714853 1.8405386455616592 0.01918172969035879 
4.695208022863533 0.8104228860480434 0.9723629459022403 0.1362801558396823 
5.098561563971696 2.023358805469516 0.2325405627921908 0.021622415986677385 
4.3440201186218614E-16 1.6667421595408423E-15 2.2449281317551267E-15 46.21029970726147 
5.78579489561456E-15 4.087083923004131E-15 115.68660524478054 0.0 
2.4682651658169648 0.9110051157120819 2.8869358736247483 0.06576834233416165 
3.2743277856199455 1.1981934047368237 2.1430939098156045 0.08309281594364579 
4.878174378527561 0.9255566292562427 0.2063209555865776 0.0 
4.3440201186218614E-16 1.6667421595408423E-15 2.2449281317551267E-15 46.21029970726147 
6.098159503110115E-15 3.829027578006679E-15 117.59513164663898 0.0 
2.059189088427812 0.7665232611933359 3.069707127635181 0.0504842749087958 
4.695208022863533 0.8104228860480434 0.9723629459022403 0.1362801558396823 
2.980629565209829E-16 1.6287138966991443E-15 2.3355033312658097E-15 46.754505156758896 
6.87754778959826E-15 2.549959496182176E-15 119.79045557884042 0.0 
1.729239380752958 0.8733352187290581 3.263711144040043 0.17453608637435244 
4.1026232126239356E-16 1.5741214097692909E-15 2.304247820478208E-15 46.063740409526076 
7.3812505212459E-15 1.793396356089325E-15 124.05200140623383 0.0 
6.77451065748622E-19 1.42975572318998E-15 2.31607687647152E-15 44.45102351831933 
6.46061868862134E-16 2.424863698153784E-15 1.996003729392362E-15 52.3654785947379 
1.730616059627497E-15 28.263105098260482 28.06130956197305 0.0 
7.464003669479018E-15 121.89643045939039 0.0 0.0 
7.523106167131972E-15 122.86164749493243 0.0 0.0 
7.523106167131972E-15 122.86164749493243 0.0 0.0 
7.523106167131976E-15 122.86164749493251 0.0 0.0 
7.49472364517068E-15 122.39812573533526 0.0 0.06884462816752474 
1.2430953505923158E-31 2.0301287709367423E-15 1.7798811025374936E-15 44.092530320796385 
0.01034149481646588 0.006493413107654156 114.49375995892032 0.0 
1.3644796454594135 2.657093234840571 3.0407682246573575 0.008931296167464037 
2.0743588189926028 3.5005018986611796 1.7564782326288375 0.08535100060665375 
2.545354310171599 2.728288983233974 1.393336027602471 0.10107329793570749 
2.685972131968861 3.9825517688918923 1.149035830186723 0.07773270818208525 
2.346435647108603E-16 2.009614495723423E-15 1.9964993930812336E-15 46.42100664492512 
6.069272256572463E-15 3.7013145212822565E-15 116.0963843887724 0.0 
1.237677308274871 1.225374332079414 3.063023368074814 0.013329405270282785 
2.3221676628372467 1.820346203193334 2.4555105495032548 0.05499585176728185 
2.830930618527525 2.904853530298085 0.7636596324352288 0.08157331016994727 
4.1156763770341526E-16 1.5791297335900444E-15 2.3115791604730765E-15 46.21029970726147 
0.01034149481646588 0.006493413107654156 114.49375995892032 0.0 
1.297115729736045 0.9499105842958021 3.1479952534663065 0.27818067579708006 
2.5020570234774433 1.3836754894546581 2.5273997653376075 0.06380632525867809 
5.654667518607059E-16 1.977716100675019E-15 1.9334552223656875E-15 46.10318622791871 
6.417602548056945E-15 3.161010245212873E-15 116.83128049222341 0.0 
1.3248913693127924 0.8268389132980065 3.23491746231183 0.418253331758033 
1.4175686811966317E-16 1.4999711934117244E-15 2.435755153946306E-15 46.77385487791972 
6.004029284267713E-15 4.1006395834950786E-15 118.74014186010362 0.0 
1.2287577610002218E-31 2.0067137101991053E-15 1.9955436263937683E-15 46.217967936054926 
1.248387037144293E-31 2.0387707509029847E-15 2.0162648024339937E-15 46.82798831481316 
1.730616059627497E-15 28.263105098260482 28.06130956197305 0.0 
7.50737371978503E-15 122.60471713169798 0.0 0.0 
7.410333342065303E-15 121.01992749623263 0.0 0.0 
7.511951309022436E-15 122.67947483719468 0.0 0.0 
7.50737371978503E-15 122.60471713169798 0.0 0.0 
2.346435647108603E-16 2.009614495723423E-15 1.9964993930812336E-15 46.42100664492512 
6.069272256572463E-15 3.7013145212822565E-15 116.0963843887724 0.0 
0.7575605270624266 0.7299744207212835 3.0691683703490673 0.0 
1.5746775433820825 2.359134786312207 2.6951017974007216 0.0908463295600192 
2.0743588189926028 3.5005018986611796 1.7564782326288375 0.08535100060665375 
1.1880929251016313E-31 1.940302993367276E-15 1.8807837701218158E-15 44.13099555059239 
6.0956959949492715E-15 3.717428902451223E-15 116.60183221808344 0.0 
1.042259598338415 1.2438396811731176 3.2808802601991256 0.0021396523930968686 
1.8243400796213107 2.4053845490052463 2.787668993866699 0.039914321707632094 
0.0028361159387856765 0.010137563586864868 0.007648203659044157 46.26733279027441 
6.007263914916607E-15 3.771954339149188E-15 115.84232759907957 0.0 
0.8385935674337601 0.7216069235201851 3.3378478340026914 0.017109685360483573 
5.654667518607059E-16 1.977716100675019E-15 1.9334552223656875E-15 46.10318622791871 
6.0550544034122214E-15 3.801961933788652E-15 116.76390545929014 0.0 
7.876100198766555E-16 2.3694612136110114E-15 1.3384770424801086E-15 46.26728819877377 
1.2757907134808981E-31 2.083524350644044E-15 1.8520200236046223E-15 45.5259532754859 
1.8086768411394613E-15 29.537934405229862 29.33016478577727 0.0 
7.50937968934169E-15 122.63747710066302 0.0 0.0 
7.50737371978503E-15 122.60471713169798 0.0 0.0 
7.49472364517068E-15 122.39812573533526 0.0 0.06884462816752474 
1.2342490003024557E-31 2.015681584538151E-15 1.791715395417291E-15 44.04355802588784 
6.0956959949492715E-15 3.717428902451223E-15 116.60183221808344 0.0 
0.7782494448811953 0.7965409454949552 3.3260557841941716 0.01817348426946568 
1.2464319542552214 2.699294911171961 2.844517939279679 0.03714461107344606 
1.2430953505923158E-31 2.0301287709367423E-15 1.7798811025374936E-15 44.092530320796385 
6.0550544034122214E-15 3.801961933788652E-15 116.76390545929014 0.0 
0.7830725852347584 0.7685162988520046 3.3102778886167634 0.016968362833388838 
1.1880929251016313E-31 1.940302993367276E-15 1.8807837701218158E-15 44.13099555059239 
6.417602548056945E-15 3.161010245212873E-15 116.83128049222341 0.0 
1.179911794440154E-31 1.926942193066041E-15 1.8678328153233633E-15 43.82711238355006 
7.876100198766555E-16 2.3694612136110114E-15 1.3384770424801086E-15 46.26728819877377 
1.235773503922256E-15 20.18171287889128 20.039754854771413 0.0 
7.410333342065303E-15 121.01992749623263 0.0 0.0 
8.026431574908738E-15 131.08157520187947 0.0 0.0 
1.1864258672992195E-31 1.937580481368596E-15 2.1542824966613307E-15 47.318765419579044 
5.97099002020835E-15 3.88624307389254E-15 116.34859873549684 0.0 
0.10998692915152657 0.1247022375025288 3.3338750645630855 0.0 
1.1402134558710603E-31 1.8621098861564352E-15 1.967866082442741E-15 44.245152775108586 
5.97099002020835E-15 3.88624307389254E-15 116.34859873549684 0.0 
1.179911794440154E-31 1.926942193066041E-15 1.8678328153233633E-15 43.82711238355006 
1.2342490003024557E-31 2.015681584538151E-15 1.791715395417291E-15 44.04355802588784 
1.8086768411394613E-15 29.537934405229862 29.33016478577727 0.0 
7.989773231014387E-15 130.48289901344907 0.0 0.0 
3.5276268536358476E-16 2.406043844821854E-15 2.0461889818797053E-15 51.90246141358037 
6.09354582884388E-15 3.654605744793831E-15 116.04083249085157 0.0 
1.4983455043271856E-31 2.4469839064951496E-15 1.437779438914893E-15 46.350059669765486 
1.2342490003024557E-31 2.015681584538151E-15 1.791715395417291E-15 44.04355802588784 
1.8713534270030244E-15 30.56152073080881 30.346551212459268 0.0 
0.0038788588480970112 0.02772272021224526 0.037115445162456386 49.7809808408426 
0.001256375418953688 0.00687778869518155 0.008953220947839999 48.65725325122667 
2.627427244774136E-16 1.787723514303886E-15 2.361027622096754E-15 48.554728854908745 
