0.0 0.4493813519816795 0.48356034698565287 0.5000006861350336 0.5003460625016916 0.2991515957271338 0.5006811803625819 0.49989534671640656 0.5 0.49914719082480696 0.5004098794578553 0.5006339302459601 
0.0 0.0 0.5153686305750231 0.49988297442127383 0.4999829932817714 0.49922735451326056 0.09701357465218617 0.0 0.5005207702306185 3.2057924664252724E-4 0.7964166792468671 0.9992759352152981 
0.0 0.0 0.5 0.4998736036734195 0.499933845233966 0.49997350420408504 0.09696317505689285 0.0 0.5002264239875277 0.0 0.7969497204554903 1.0 
0.0 0.0 0.5 0.49987163582949556 0.49993133350603924 0.49997200089726157 0.09696317505689285 0.0 0.5002264239875277 0.0 0.7969550117951489 1.0 
0.0 0.0 0.5 0.4998736036734195 0.499933845233966 0.49997350420408504 0.09696317505689285 0.0 0.5002264239875277 0.0 0.7969497204554903 1.0 
0.0 0.0 0.5 0.4998736036734195 0.499933845233966 0.49997350420408504 0.09696317505689285 0.0 0.5002264239875277 0.0 0.7969497204554903 1.0 
0.0 0.0 0.5 0.4998736036734195 0.499933845233966 0.49997350420408504 0.09696317505689285 0.0 0.5002264239875277 0.0 0.7969497204554903 1.0 
0.0 0.0 0.5 0.49987163582949556 0.49993133350603924 0.49997200089726157 0.09696317505689285 0.0 0.5002264239875277 0.0 0.7969550117951489 1.0 
0.9999668210310735 0.39637130717387836 0.398675089192531 0.3999917219922416 0.9999400635261246 0.6987997572963198 0.5001919827034741 0.4999608027896873 0.0 0.3011067317093427 0.30070111937643085 0.4987605235840733 
0.0 1.0 0.7291982161867285 0.9995300246541566 0.49594218829365505 0.7003688198713165 1.0 0.9999741318445152 0.5006512007551671 0.9986533545238941 0.5995811996962739 0.49790954028948387 
0.0 0.0 0.0 0.5000718176985064 0.6984273839819631 0.49876671484516216 4.020014129312022E-5 3.0629002889364916E-5 8.830387292724784E-4 0.0 0.5026345936666834 0.8994241755555309 
0.0 0.0 0.0 0.5000718176985064 0.6984273839819631 0.49876671484516216 4.020014129312022E-5 3.0629002889364916E-5 8.830387292724784E-4 0.0 0.5026345936666834 0.8994241755555309 
0.0 0.0 0.0 0.5000307273832243 0.6983512808028971 0.49811765878597536 0.0 4.6930517884807344E-6 0.0 0.0 0.5025820066099125 0.8980020637374773 
0.0 0.0 0.0 0.5001485483714636 0.6984741041859063 0.4982541247350224 6.281548992133346E-5 0.0 0.0 0.0 0.5026472480625271 0.8980663960493086 
0.0 0.0 0.0 0.5000307273832243 0.6983512808028971 0.49811765878597536 0.0 4.6930517884807344E-6 0.0 0.0 0.5025820066099125 0.8980020637374773 
0.0 0.0 0.0 0.5000267916953764 0.6983462573470436 0.49811465217232836 0.0 3.910876490400612E-6 0.0 0.0 0.5025925892892298 0.8980020637374773 
0.9999620811783697 0.46227831644765166 0.2856370016581927 0.3998520494933031 0.999934704650776 0.6992421387094506 0.5002720968445544 0.49997032352313675 0.0 0.3010982281711164 0.30050190607110655 0.4987509301550943 
1.6589484463258586E-5 1.0 0.7705194749892842 0.9999477340782607 0.4959599983666925 0.700940649035403 0.9999629388262399 0.9999531145215976 0.49914267625932685 1.0 0.5994987682038561 0.4977850545418385 
0.0 0.0 0.0 0.5000927066200218 0.7974731647189705 0.5980332863544792 0.0 3.066106401463217E-5 0.0 0.19484805963445836 0.5023978944911589 1.0 
0.0 0.0 0.0 0.5000896588362509 0.6983356194492446 0.4985130958577604 0.0 3.253825913008764E-5 0.0 0.0 0.5027920923382003 0.8991184297057462 
0.0 0.0 0.0 0.500012074473813 0.6983320661030257 0.4980956661145459 0.0 6.061858560120949E-6 0.0 0.0 0.5025684873646474 0.8979913416855054 
0.0 0.0 0.0 0.5001092747087171 0.6984331630582366 0.49820863608534005 4.3339108826118133E-5 0.0 0.0 0.0 0.5026255009116556 0.8980449519453648 
0.0 0.0 0.0 0.5000805771774108 0.6985055321450075 0.49818382260475647 0.0 3.5264106843289085E-5 0.0 4.750670830966364E-5 0.5023814697605208 0.8977946832306407 
1.0 0.4823613039191418 1.0 0.40067303244243757 1.0 0.7002708014176906 0.49958219949194094 0.5000652177271447 0.0 0.39962093785526254 0.30040218249839856 0.4985962842082067 
0.0 1.0 0.7291982161867285 0.9995300246541566 0.49594218829365505 0.7003688198713165 1.0 0.9999741318445152 0.5006512007551671 0.9986533545238941 0.5995811996962739 0.49790954028948387 
0.0 0.0 0.0 0.5000267916953764 0.6983462573470436 0.49811465217232836 0.0 1.4730177876423107E-5 0.0 0.0 0.5025925892892298 0.8980020637374773 
0.0 0.0 0.0 0.5000896588362509 0.6983356194492446 0.4985130958577604 0.0 3.253825913008764E-5 0.0 0.0 0.5027920923382003 0.8991184297057462 
0.0 0.0 0.0 0.5000349090515626 0.6983566182247415 0.4981208533129753 0.0 9.591859002925379E-6 0.0 0.0 0.5025707625131378 0.8980020637374773 
0.0 0.0 0.0 0.5000267916953764 0.6983462573470436 0.49811465217232836 0.0 3.910876490400612E-6 0.0 0.0 0.5025925892892298 0.8980020637374773 
1.0 0.6246362253560496 1.0 0.40057572867146146 1.0 0.6987052796488246 0.4996988161786497 0.4998560779655532 0.0 0.3984457004476529 0.3008002500309874 0.4992840837833474 
0.0 1.0 0.7887032946166951 0.9998065127598468 0.4960293013656591 0.7015370725700456 1.0 1.0 0.5014974462040533 0.9983550258903959 0.5995624913019528 0.49981545895578144 
0.0 0.0 0.0 0.500087413819116 0.6983596891674533 0.49825204905354326 0.0 2.347519037946487E-5 0.0 0.0 0.5026260323182037 0.8982813107102545 
0.0 0.0 0.0 0.5000267916953764 0.6983462573470436 0.49811465217232836 0.0 3.910876490400612E-6 0.0 0.0 0.5025925892892298 0.8980020637374773 
0.0 0.0 0.0 0.500087413819116 0.6983596891674533 0.49825204905354326 0.0 2.347519037946487E-5 0.0 0.0 0.5026260323182037 0.8982813107102545 
1.0 0.5297862777314444 1.0 0.40062096102073896 1.0 0.6997262165032274 0.49961060247252365 0.499996286648579 0.0 0.399229192052726 0.3005239981004924 0.4988148286812817 
0.0 1.0 0.8058744838332254 0.9998109404086756 0.4960349527534943 0.7015404550103984 1.0 1.0 0.5014974462040533 0.9983550258903959 0.5995505857877208 0.49981545895578144 
0.0 0.0 0.0 0.5001354909378407 0.6983571087223299 0.4983798623537584 0.0 2.8343082625195188E-5 0.0 0.0 0.5026932076375016 0.8985605576830319 
0.0 0.0 0.0 0.500083355141023 0.6983545087286044 0.4982489484832198 0.0 2.0634699123202485E-5 0.0 0.0 0.5026369457062496 0.8982813107102545 
1.0 0.7676153584399719 0.518474941382455 0.3996364097956937 0.9994728968794399 0.6981914028299011 0.5003804164944786 0.4999270605483554 0.0 0.39692515430704656 0.3013455612466468 0.49857280656413405 
0.0 1.0 0.7719552201655344 0.9998706805325772 0.49606126176051957 0.7013497410501105 1.0 0.9999934573602753 0.5014974462040533 0.9985065189934381 0.5993347339817144 0.4990814624619867 
0.0 0.0 0.0 0.500083355141023 0.6983545087286044 0.4982489484832198 0.0 2.0634699123202485E-5 0.0 0.0 0.5026369457062496 0.8982813107102545 
1.0 0.763310607456702 0.6151557768950966 0.39972126321324164 0.9994728968794399 0.6987114858635666 0.5002886060802141 0.4999358471196251 0.0 0.39744850170036694 0.30107962560683693 0.49858715951516297 
0.0 1.0 0.736585205141222 0.9997253420318684 0.49600429769781496 0.7009185579178697 1.0 0.9999800794367261 0.5009087537178717 0.998677788147905 0.599402770121479 0.498398347794925 
1.0 0.763310607456702 0.7227400286722816 0.39972126321324164 0.9994728968794399 0.6987114858635666 0.5002886060802141 0.4999358471196251 0.0 0.39744850170036694 0.30107962560683693 0.49858715951516297 
0.9229797132423679 0.3810355704019317 0.0 0.4003356431745981 1.0 0.5990380904001402 0.500410319941808 0.500715111745171 0.0 0.3001835566454204 0.3019611638135402 0.4978254973798819 
0.0 0.5 1.0 0.0 0.5017704409773537 1.285352248440192E-4 0.5 0.30100167003756456 0.5 0.4997180582919975 0.5007159490156469 0.49964321403923884 
0.0 0.0 1.0 9.369484984436405E-4 0.6997447792161745 0.0 0.0 0.0 0.0 0.10228791623416006 0.5991835122777756 0.7990374334935252 
0.0 0.0 1.0 9.369484984436405E-4 0.6997447792161745 0.0 0.0 0.0 0.0 0.10228791623416006 0.5991835122777756 0.7990374334935252 
0.0 0.0 1.0 1.6002788199218076E-4 0.6991204886268672 0.0 0.0 1.0860000619192737E-4 6.037973000739272E-4 0.09941025113298015 0.602709387737377 0.8031442169580671 
0.0 0.0 1.0 2.9925503530667946E-4 0.6992943595600049 9.241353296319393E-6 0.0 1.1042827187866377E-4 6.037973000739272E-4 0.1003539955475815 0.601881086502317 0.8014844436432119 
0.0 0.0 1.0 4.704630049495173E-4 0.6991184637244138 7.987690297942551E-4 0.0 1.7299660449709119E-4 0.0012075946001478544 0.09989365825231261 0.6029467670546582 0.8026140252709849 
0.0 0.0 1.0 3.7481673845185526E-4 0.6993026406233356 9.241353296319393E-6 0.0 9.16987187260061E-5 6.037973000739272E-4 0.10040343349903363 0.6018507067316436 0.8015143064453553 
1.0 0.23395529783626035 0.3891734596145696 0.40029735668587635 0.9999220720240127 0.6992853643272069 0.49992470840964787 0.4999802869357769 0.0 0.3009848430665136 0.30183691799500034 0.49890186421674754 
0.0 1.0 0.7484242701969057 0.9999751401574678 0.49605432505187685 0.7018599838889175 1.0 0.9999801857830974 0.500614407474781 0.9988768999663362 0.5992442977800742 0.4992973065247932 
0.023448689968703113 0.37323154032919303 0.4399271335662683 0.5002696165188643 0.5002891789714918 0.29892333026657747 0.5003153251834049 0.4999027252591626 0.5 0.4996603743921486 0.5002575014798541 0.500649169150329 
0.01857236099361199 0.11574593913642955 0.51036629492852 0.5006587845800841 0.5008227071663784 0.2998674677121611 0.5002236559835507 0.4999768838552977 0.5 0.5002463845229743 0.5002670183057745 0.5004144118163216 
0.01857236099361199 0.11574593913642955 0.51036629492852 0.5006587845800841 0.5008227071663784 0.2998674677121611 0.5002236559835507 0.4999768838552977 0.5 0.5002463845229743 0.5002670183057745 0.5004144118163216 
0.015615527150578358 0.08023258216182275 0.4942531278030141 0.5009112021878559 0.5011916067685007 0.2998045863307375 0.5000642260880503 0.49989544018247467 0.5 0.49999841994172955 0.5000182398431168 0.5006312750956535 
0.015615527150578358 0.01482946107068564 0.4942531278030141 0.5009112021878559 0.5011916067685007 0.2998045863307375 0.5000642260880503 0.49989544018247467 0.5 0.49999841994172955 0.5000182398431168 0.5006312750956535 
1.0 0.6246362253560496 1.0 0.40057572867146146 1.0 0.6987052796488246 0.4996988161786497 0.4998560779655532 0.0 0.3984457004476529 0.3008002500309874 0.4992840837833474 
0.0 1.0 0.7618506116701689 0.9998924359303052 0.4960459838231376 0.7017523467826269 1.0 0.999986790522065 0.5009087537178718 0.9987029419410228 0.599350362287367 0.4994700240017893 
0.009145722148352988 0.48836021851286093 0.11129630122992601 0.5000432720679524 0.5000250486259415 0.2987492146060322 0.5004420833196515 0.49993449500104953 0.5 0.49925038756958146 0.49995810783960176 0.5003878634958341 
0.020820723269419687 0.2788726155458176 0.2408655017074707 0.5005402009873692 0.5002355116285053 0.2994461636064668 0.5002850025997361 0.4999298615348412 0.5 0.49983972181852737 0.500177371263926 0.5006707150056157 
0.0 0.1828056207393751 0.20298185154142306 0.5003773601380341 0.5008418209436484 0.300331870337137 0.5004086707115933 0.5001064118527905 0.5 0.5002142367307725 0.4999947832290238 0.49968824218220576 
0.0 0.11233360318224875 0.21587042669884782 0.5004904567648982 0.5009360612485904 0.30039001986816294 0.5003674989667867 0.5000494626527147 0.5 0.5001488211121947 0.5000247486702183 0.49982960084322464 
1.0 0.6246362253560496 1.0 0.4005168181773418 0.9999739873654756 0.698637046674301 0.499667408433689 0.49985842449144746 0.0 0.3984457004476529 0.3007676293046801 0.4992519176274317 
0.0 1.0 0.6960479762425065 0.9998593831405761 0.4960025010677598 0.7006021884500256 1.0 0.9999429125883897 0.50032006123169 0.9991478804527414 0.5994216963015758 0.4976272927107333 
0.042825163031403136 0.4942868369946066 0.025665296232845622 0.49997562480571245 0.4997176773087051 0.2994128184330118 0.5003367450578644 0.49999825668165265 0.5 0.49923959982196897 0.4997616548157005 0.4998584345708147 
0.0019448943748930662 0.22372869470330004 0.17734461441807695 0.5006315372390658 0.5005333394690374 0.29957210219002917 0.5001941532414629 0.49998120603052193 0.5 0.4999347352351467 0.4997987857586919 0.5002559539919427 
0.0 0.1828056207393751 0.20298185154142306 0.5003773601380341 0.5008418209436484 0.300331870337137 0.5004086707115933 0.5001064118527905 0.5 0.5002142367307725 0.4999947832290238 0.49968824218220576 
1.0 0.4823613039191418 1.0 0.40067303244243757 1.0 0.7002708014176906 0.49958219949194094 0.5000652177271447 0.0 0.39962093785526254 0.30040218249839856 0.4985962842082067 
0.0 1.0 0.8043903223365432 0.9998751824034618 0.4960440343689664 0.7016228740602927 1.0 0.9999950464457743 0.5012766865217352 0.9984854944093811 0.599465084650135 0.49968592084803437 
0.042825163031403136 0.4942868369946066 0.025665296232845622 0.49997562480571245 0.4997176773087051 0.2994128184330118 0.5003367450578644 0.49999825668165265 0.5 0.49923959982196897 0.4997616548157005 0.4998584345708147 
0.009752657950182245 0.19490774524146987 0.11416595966348228 0.5007541901863966 0.5004337508898048 0.29938329241722833 0.5001598288689514 0.49983650740319385 0.5 0.49965413508221046 0.4998758771316986 0.5006494950488802 
1.0 0.4396962596900896 0.6546728748495186 0.4004150884651644 1.0 0.6983184207548006 0.4999053157706805 0.49997354054023657 0.0 0.39769862284912827 0.3012314630440592 0.49860228367019743 
0.0 1.0 0.736585205141222 0.9997253420318684 0.49600429769781496 0.7009185579178697 1.0 0.9999800794367261 0.5009087537178717 0.998677788147905 0.599402770121479 0.498398347794925 
0.03159868273705309 0.48722221786528336 0.06607725500912051 0.49998688969826804 0.49980814933733303 0.2994174714790553 0.5003727628900565 0.49998084250230745 0.5 0.4992465776604883 0.4998192855864708 0.4999599771762806 
1.0 0.5831047756604584 0.6360415718949695 0.3999997714212422 0.9999752162423436 0.6979471646286248 0.5000373440540219 0.4999485374895499 0.0 0.39768010510442076 0.30060130628223825 0.4993460585130636 
0.0 1.0 0.7693509596235335 0.9997940399363758 0.496032957006768 0.7012161249340519 1.0 0.9999724317252099 0.5014974462040533 0.9985370247117396 0.5992526165953163 0.498905027029486 
1.0 0.2333714084217994 0.8674575095530894 0.40096674351673756 0.9999583588776793 0.696323382111957 0.4993175764600284 0.49998485798838577 0.0 0.3977375616593358 0.29914503341445287 0.49992243939123787 
1.0 0.4082380920411289 0.7154024985159835 0.40047022351978545 0.99996613756158 0.6971025449026562 0.49967746025702514 0.49996477064309236 0.0 0.3977088333818783 0.29985910436553254 0.4995644372089564 
0.0 0.5 1.0 0.0 0.5018587733891905 0.0 0.5 0.300944483779608 0.5 0.49964289770099385 0.5002625380743052 0.5000307659488253 
0.0 0.0 1.0 1.4876070222037685E-4 0.6991280123203545 4.4793771905265317E-4 0.0 2.8249969576925515E-5 0.0 0.09866278715713199 0.6024846205441223 0.8026013507886525 
0.0 0.0 1.0 6.742192330358859E-4 0.6995391902509012 1.8482706592638787E-5 0.0 0.0 0.0 0.1010795398751507 0.6002838816998911 0.8002254059252343 
0.0 0.0 1.0 9.369484984436405E-4 0.6997447792161745 0.0 0.0 0.0 0.0 0.10228791623416006 0.5991835122777756 0.7990374334935252 
0.0 0.0 1.0 7.804059662879365E-4 0.6995454558756251 0.0 0.0 0.0 0.0 0.1004654213231877 0.6005687462286127 0.8022011366579935 
0.0 0.0 1.0 2.9925503530667946E-4 0.6992943595600049 9.241353296319393E-6 0.0 1.1042827187866377E-4 6.037973000739272E-4 0.1003539955475815 0.601881086502317 0.8014844436432119 
1.0 0.7728674278646791 0.6838081949923001 0.3999615962100921 0.9997151661944936 0.6982851516719408 0.499966656781414 0.5000411558727174 0.0 0.39790121175694293 0.30064882664321246 0.4988927956896125 
1.6589484463258586E-5 1.0 0.7705194749892842 0.9999477340782607 0.4959599983666925 0.700940649035403 0.9999629388262399 0.9999531145215976 0.49914267625932685 1.0 0.5994987682038561 0.4977850545418385 
0.0383585935908825 0.46751946675756634 0.7193651934896039 0.5000517129174185 0.5003030252449759 0.2987918267670602 0.5003384928388092 0.4998945551767462 0.5 0.49986219011425553 0.5005745368576879 0.5006803681592101 
0.03775165778905324 0.2581028621455252 0.7685579659026105 0.5004959609697762 0.5005533093170422 0.29909744592712273 0.5001885670471585 0.49987095551727556 0.5 0.5000703612147158 0.5005568951201066 0.5009104748048239 
0.0 0.19235950432053686 0.7424504207339153 0.5008103716660078 0.5011800357456666 0.29964761964406605 0.5000068683306121 0.4999951875252385 0.5 0.5002603880479545 0.49996574316096565 0.5006608908269761 
0.010740793867343737 0.14348077795910763 0.6878425838972698 0.5009385385614674 0.5008840359795415 0.29923488932586106 0.49996790154114745 0.499819889071934 0.5 0.5001178630658347 0.49996430231449074 0.5008651268136232 
1.0 0.5297862777314444 1.0 0.40062096102073896 1.0 0.6997262165032274 0.49961060247252365 0.499996286648579 0.0 0.399229192052726 0.3005239981004924 0.4988148286812817 
0.0 1.0 0.7484242701969057 0.9999751401574678 0.49605432505187685 0.7018599838889175 1.0 0.9999801857830974 0.500614407474781 0.9988768999663362 0.5992442977800742 0.4992973065247932 
0.001213871603658513 0.6268505748100696 0.450261561315075 0.49971085730003134 0.5001788441061928 0.2986937029377841 0.5006208361718272 0.4999503031087367 0.5 0.4990627280914092 0.5003557213991896 0.5008250499845889 
0.0 0.4028266665304328 0.47682399733578634 0.5005298571501183 0.500458397706744 0.29897129924684696 0.5001112503403413 0.49986647042702803 0.5 0.5000722448907914 0.49998235255048074 0.5006518778746172 
0.0 0.22281857130851915 0.4662718485589568 0.5005362106763818 0.5009623953452277 0.2999598246150003 0.5002283553935061 0.5000770204292697 0.5 0.5002700201986523 0.4999682568529555 0.5001038871740815 
1.0 0.6193600341165513 0.6454478006222477 0.40009664525171174 0.9997936918702656 0.6984047137010705 0.5001244678191982 0.49989825667099225 0.0 0.397305644800113 0.3014096618443052 0.49841827510384035 
0.0 1.0 0.8043903223365432 0.9998751824034618 0.4960440343689664 0.7016228740602927 1.0 0.9999950464457743 0.5012766865217352 0.9984854944093811 0.599465084650135 0.49968592084803437 
0.18693847991219836 0.7359368077899717 0.4796883401332242 0.49956645175370823 0.4998918279562494 0.2986821689695276 0.5007482953220009 0.4999405370748731 0.5 0.4994622237291303 0.4999663481983211 0.5002864314974852 
0.0 0.4682853636703892 0.21721614762735303 0.49990642072249203 0.500271284326332 0.30010207011480405 0.500658523375501 0.5000136578508384 0.5 0.49958054478232233 0.5002212701064271 0.500035930983179 
1.0 0.6176721399341598 0.6553457353137713 0.4001230704439613 1.0 0.6981744458781212 0.5000508279750376 0.49995563813929844 0.0 0.39741448468419205 0.3013297237621636 0.49870544874017464 
0.0 1.0 0.8602431004364589 0.9023352113009783 0.49607365363934774 0.7013841531149888 1.0 0.9999835534603874 0.5014974462040533 0.9983700007484039 0.5996122261966174 0.4987509038840522 
0.0 0.6840210831756481 0.19390902608203447 0.4992705870222743 0.4998762346605047 0.30040224953756633 0.5010885691370275 0.4999049308326681 0.5 0.49894575417656173 0.5006832246573216 0.5001880049274092 
1.0 0.4396962596900896 0.6546728748495186 0.4004150884651644 1.0 0.6983184207548006 0.4999053157706805 0.49997354054023657 0.0 0.39769862284912827 0.3012314630440592 0.49860228367019743 
0.0 1.0 0.8253550117272138 0.9022626745549293 0.49606126176051957 0.7013497410501105 1.0 0.9999801181247947 0.5014974462040533 0.9985065189934381 0.5993347339817144 0.4990814624619867 
1.0 0.763310607456702 0.7227400286722816 0.39972126321324164 0.9994728968794399 0.6987114858635666 0.5002886060802141 0.4999358471196251 0.0 0.39744850170036694 0.30107962560683693 0.49858715951516297 
0.9999810405891849 0.5270509221784829 0.8838674173614622 0.400213334079582 0.9999482339510918 0.6974107608599014 0.5000416852041301 0.49990468288019213 0.0 0.3977555885957889 0.2999536559026368 0.49833762889918815 
0.0 0.5 1.0 0.0 0.5018587733891905 0.0 0.5 0.300944483779608 0.5 0.49964289770099385 0.5002625380743052 0.5000307659488253 
0.0 0.0 1.0 9.369484984436405E-4 0.6997447792161745 0.0 0.0 0.0 0.0 0.10228791623416006 0.5991835122777756 0.7990374334935252 
0.0 0.0 1.0 6.742192330358859E-4 0.6995391902509012 1.8482706592638787E-5 0.0 0.0 0.0 0.1010795398751507 0.6002838816998911 0.8002254059252343 
0.0 0.0 1.0 3.7481673845185526E-4 0.6993026406233356 9.241353296319393E-6 0.0 9.16987187260061E-5 6.037973000739272E-4 0.10040343349903363 0.6018507067316436 0.8015143064453553 
0.0 0.0 1.0 4.704630049495173E-4 0.6991184637244138 7.987690297942551E-4 0.0 1.7299660449709119E-4 0.0012075946001478544 0.09989365825231261 0.6029467670546582 0.8026140252709849 
1.0 0.7728674278646791 0.6838081949923001 0.3999615962100921 0.9997151661944936 0.6982851516719408 0.499966656781414 0.5000411558727174 0.0 0.39790121175694293 0.30064882664321246 0.4988927956896125 
0.0 1.0 0.8181699339666355 0.9020895678977029 0.4961072127776413 0.7017804699915453 1.0 0.9939756022726419 0.5014974462040533 0.998325143644058 0.5998798070409075 0.49865646384084217 
0.0383585935908825 0.46751946675756634 0.7990074283738376 0.5000867081228979 0.5003580374340517 0.2987540207048541 0.5003384928388092 0.49990851883365184 0.5 0.4998497869543161 0.500167788158675 0.5007361883845152 
0.20404205337755607 0.27199146300208604 1.0 0.5007330856941231 0.500992271656771 0.2993996548756119 0.5000179513996083 0.4999203096129978 0.4993962026999261 0.4992731305848962 0.5002785857951604 0.5010240394969196 
0.11276182055612177 0.15597260242367234 0.807855978059097 0.5009328524871188 0.5008970442125773 0.2990924313084108 0.49999723424610615 0.4998243226826364 0.5 0.4997038631437405 0.5000338310379664 0.5011518114603832 
1.0 0.7411291794415087 0.5971002763740193 0.3998390513681198 0.9997541301824873 0.6979807262889569 0.5001382926980955 0.4999986755678111 0.0 0.3978121355311272 0.3005209871936348 0.499150005575585 
0.0 1.0 0.7973039113197885 0.9020516274210073 0.49606993172717745 0.7017835216013876 1.0 0.9939756022726419 0.5014974462040533 0.9984466487730312 0.5997983323450349 0.49886208692139544 
0.241433733628637 0.7135723154404481 0.5583434302430501 0.4995990417477586 0.499885851854715 0.298483326425349 0.5005921951352024 0.4999644705893874 0.5 0.4994205852083981 0.5000903658103197 0.5006411548625123 
0.3656345889026779 0.4528750373758804 0.8933396871479808 0.5004054413072507 0.5006076609042367 0.2991704636349316 0.5001675650109088 0.499960279353968 0.4993962026999261 0.4990939568019174 0.5001935219084004 0.5008520832236965 
1.0 0.56519511351475 0.7447085605919092 0.40018259713212634 1.0 0.6985000659054976 0.49988828137553565 0.4999563447676154 0.0 0.3982529957913924 0.30043695391603853 0.4993546504080647 
0.0 1.0 0.8181699339666355 0.9020895678977029 0.4961072127776413 0.7017804699915453 1.0 0.9939756022726419 0.5014974462040533 0.998325143644058 0.5998798070409075 0.49865646384084217 
0.3615436646411262 0.7569331857556374 0.6123843647070377 0.4995431339716222 0.4997393557289761 0.2983781381691315 0.50057787461689 0.49997155432971274 0.5 0.49959951376689254 0.4999576880158848 0.5005492073014739 
1.0 0.6090626379676202 0.8487074063390545 0.4002927772790572 1.0 0.699214611945452 0.4998672071465086 0.4999732112818378 0.0 0.39846117947083287 0.30079785248254387 0.4987341546422325 
0.0 1.0 0.8602431004364589 0.9023352113009783 0.49607365363934774 0.7013841531149888 1.0 0.9999835534603874 0.5014974462040533 0.9983700007484039 0.5996122261966174 0.4987509038840522 
1.0 0.5831047756604584 0.6360415718949695 0.3999997714212422 0.9999752162423436 0.6979471646286248 0.5000373440540219 0.4999485374895499 0.0 0.39768010510442076 0.30060130628223825 0.4993460585130636 
1.0 0.6239315706248016 0.660875711552332 0.39993735467211344 0.9998535267830001 0.6981495470510349 0.5000499877012606 0.49996187241472656 0.0 0.3978629699649884 0.3004375330101633 0.4992776497848893 
0.0 0.5 1.0 0.0 0.5018587733891905 0.0 0.5 0.300944483779608 0.5 0.49964289770099385 0.5002625380743052 0.5000307659488253 
0.0 0.0 1.0 4.938290610387031E-4 0.6993971133714043 2.995838281599217E-4 0.0 6.193525940705803E-5 0.0 0.10044377705799996 0.6013963890006184 0.8007717028059854 
0.0 0.0 1.0 3.677582667169915E-4 0.6996364386254321 9.910886711457408E-4 0.0 9.371880685027271E-5 0.0 0.0997702775649473 0.6027602358825885 0.8016021261631898 
0.0 0.0 1.0 2.3115427315648085E-4 0.6992885067965745 6.807270432953941E-4 0.0 1.3589534666358157E-4 0.0 0.09931086011329716 0.60311970153483 0.8025009456837902 
0.9999810405891849 0.17047880098991958 0.2157576223780081 0.4000522670019318 1.0 0.698676513561239 0.5002679802430109 0.4998953263259644 0.0 0.3008066906148821 0.30158123909584506 0.49941628398869253 
0.0 1.0 0.8313143554160205 0.9998349259216183 0.49608117973927146 0.7016809880864971 1.0 1.0 0.5014974462040533 0.9983555053765754 0.5999602549638687 0.49994733551265275 
0.18275623251702794 0.4815896638860772 0.8528228838635712 0.5003764559103216 0.500564698776794 0.29882036797421596 0.5002923968986104 0.4999430928093491 0.5 0.4995274899070886 0.4997417630125545 0.501118824976998 
0.42773501653969837 0.3225263983435966 1.0 0.5008086410869967 0.5009685654289975 0.2995140322397229 0.49995524994876195 0.4999581837362582 0.4990943040498891 0.4989306425986771 0.5002450999574407 0.5009575474042886 
1.0 0.728368215370266 0.5776194784995446 0.39992381106533126 0.9997438152363143 0.6981286784436389 0.500117860355954 0.49996900554045376 0.0 0.3978072588827389 0.30066253950831573 0.49900065770139007 
0.0 1.0 0.7693509596235335 0.9998254735068131 0.49602763805786854 0.701415346776768 1.0 0.9999867454165298 0.5014974462040533 0.9985370247117396 0.5993523681198015 0.4994632100136205 
0.4591038288587771 0.7346619741029242 0.7588381641942235 0.49978348135110096 0.4999635570095281 0.2986877382976624 0.5005382785066032 0.49993295412878525 0.4993962026999261 0.49869487464250534 0.500193824427078 0.5006648535589511 
1.0 0.56519511351475 0.7447085605919092 0.40018259713212634 1.0 0.6985000659054976 0.49988828137553565 0.4999563447676154 0.0 0.3982529957913924 0.30043695391603853 0.4993546504080647 
0.0 1.0 0.8253550117272138 0.9022626745549293 0.49606126176051957 0.7013497410501105 1.0 0.9999801181247947 0.5014974462040533 0.9985065189934381 0.5993347339817144 0.4990814624619867 
1.0 0.6239315706248016 0.660875711552332 0.39993735467211344 0.9998535267830001 0.6981495470510349 0.5000499877012606 0.49996187241472656 0.0 0.3978629699649884 0.3004375330101633 0.4992776497848893 
1.0 0.6149015822293037 0.36463019385441575 0.3991494530894787 0.9995248360731177 0.6991294164119829 0.500281332642518 0.500089536765029 0.0 0.3007706394556285 0.30064870229378876 0.4982393305378814 
0.0 0.5 1.0 0.0 0.5018587733891905 0.0 0.5 0.300944483779608 0.5 0.49964289770099385 0.5002625380743052 0.5000307659488253 
0.0 0.0 1.0 5.93438702019139E-4 0.699392253934735 0.0 0.0 6.073797022975648E-5 0.0 0.10014972465719614 0.6016442651919391 0.8018070610275523 
0.0 0.0 1.0 6.0289111682435E-4 0.699445795616138 1.7979438249515756E-4 0.0 8.749051662043018E-5 0.0 0.09996820532203195 0.6022521520360063 0.8022911865265845 
0.9999810405891849 0.17047880098991958 0.2157576223780081 0.40016510721958287 0.9999906842634285 0.6981809692256662 0.5002679802430109 0.49987883590765414 0.0 0.3009964141610065 0.30102325375052036 0.49951875142087376 
0.0 1.0 0.7973039113197885 0.9020516274210073 0.49606993172717745 0.7017835216013876 1.0 0.9939756022726419 0.5014974462040533 0.9984466487730312 0.5997983323450349 0.49886208692139544 
0.21830208225464626 0.46121913398697634 0.9658423624515431 0.49952765967947005 0.5000773070572607 0.2988669867134754 0.5000157058420331 0.5000627491664209 0.5 0.4990486857127646 0.5003274234833308 0.5001286122259574 
1.0 0.728368215370266 0.5776194784995446 0.39992381106533126 0.9997438152363143 0.6981286784436389 0.500117860355954 0.49996900554045376 0.0 0.3978072588827389 0.30066253950831573 0.49900065770139007 
0.0 1.0 0.7972328184269604 0.9997950011592762 0.49599306930777454 0.7011320447330074 1.0 0.9999828355916331 0.5014974462040533 0.998805271882956 0.5987718451538346 0.5005866480343324 
1.0 0.7172353920085546 0.5963470259315569 0.3998154112348197 0.9996637819626187 0.6980263094460686 0.5002251779480014 0.4999745007115863 0.0 0.39720732371835565 0.3011665295842134 0.498560039388825 
1.0 0.4082380920411289 0.7154024985159835 0.40047022351978545 0.99996613756158 0.6971025449026562 0.49967746025702514 0.49996477064309236 0.0 0.3977088333818783 0.29985910436553254 0.4995644372089564 
0.0 0.5 1.0 9.47921680094499E-5 0.5018580365162102 0.0 0.5 0.3009224892768943 0.5 0.49974113876811255 0.4996731934318071 0.5003230732884956 
0.0 0.0 1.0 6.0289111682435E-4 0.699445795616138 1.7979438249515756E-4 0.0 8.749051662043018E-5 0.0 0.09996820532203195 0.6022521520360063 0.8022911865265845 
0.9999868973960049 0.09200029025310899 0.20110459134004527 0.40019608019576136 0.99998306878079 0.6979777530598184 0.5001625696837556 0.4998995392637029 0.0 0.300534609410125 0.30129231432059206 0.49952117738913837 
9.479705407544614E-6 1.0 0.7704842619807103 0.9994079761843495 0.49576491910431864 0.7008286398753976 1.0 1.0 0.50032006123169 0.9991298548731146 0.5989554279005477 0.49703881598532773 
0.9999810405891849 0.17047880098991958 0.2157576223780081 0.4000522670019318 1.0 0.698676513561239 0.5002679802430109 0.4998953263259644 0.0 0.3008066906148821 0.30158123909584506 0.49941628398869253 
1.0 0.6305246490039385 0.6632611934904616 0.3999657974711031 0.999839933452609 0.6982953279103571 0.5001029165596304 0.49996733510988045 0.0 0.39705312546262594 0.3014449340678339 0.4984734137829345 
0.0 0.5 1.0 4.314747627132132E-6 0.5019194047669973 2.3301539385511827E-7 0.5 0.30092089241571157 0.5 0.4999208042499713 0.4999598103697527 0.5001223024805941 
0.9999868973960049 0.09200029025310899 0.20110459134004527 0.40019608019576136 0.99998306878079 0.6979777530598184 0.5001625696837556 0.4998995392637029 0.0 0.300534609410125 0.30129231432059206 0.49952117738913837 
0.9999810405891849 0.17047880098991958 0.2157576223780081 0.40016510721958287 0.9999906842634285 0.6981809692256662 0.5002679802430109 0.49987883590765414 0.0 0.3009964141610065 0.30102325375052036 0.49951875142087376 
0.0 0.5 1.0 5.0693086271980103E-5 0.5019031027745946 2.3301539385511827E-7 0.5000216600033 0.30092292350454536 0.5 0.499632965470913 0.5001644916886562 0.5005613343942646 
