0.49999999984852156 0.49999999984852145 0.7071067809723245 2.4615322050103183E-5 
0.4975105751110956 0.4975105751110955 0.7035862027461496 0.0996639885340128 
0.4868230159649815 0.4868230159649814 0.6884717116530504 0.2280644744519361 
0.46030254290469397 0.46030254290469386 0.6509660989706415 0.39049491159538785 
0.40824448773429467 0.4082444877342946 0.577344891317896 0.5773610247828074 
0.3234786607067648 0.32347866070676473 0.45746790910979146 0.7625262121851492 
0.21317294403117745 0.2131729440311774 0.3014720685798918 0.9045602156475389 
0.09866595586556097 0.09866595586556096 0.13953473292958152 0.9803367363373366 
7.065267347921887E-5 7.065267347921887E-5 9.99179690522292E-5 0.9999999900163994 
0.7821723250924625 0.06155829701575714 9.969173335945941 1.6671072156592483E-4 
0.49658421927635266 0.49658421927635255 0.7022761377610727 0.1166895567854365 
0.4811236647642268 0.4811236647642267 0.6804116118882158 0.27217655449240996 
0.44186434008047415 0.4418643400804741 0.624890542470844 0.4679995938684013 
0.36439343867241797 0.3643934386724179 0.515330143010302 0.6847405986283881 
0.24616656043843096 0.2461665604384309 0.34813208837476517 0.8704068577898783 
0.11470737145801524 0.11470737145801523 0.16222072042009358 0.9733287603542657 
8.079694540064281E-5 8.07969454006428E-5 1.142641359839075E-4 0.9999999869437072 
0.7821723250924625 0.06155829701575714 9.969173335945941 1.6671072156592483E-4 
0.49034618556969256 0.4903461855696925 0.6934542258905735 0.195556828540992 
0.47138908455163986 0.4713890845516398 0.6666448365275666 0.3334206410261187 
0.40824448773429467 0.4082444877342946 0.577344891317896 0.5773610247828074 
0.28776009317576445 0.2877600931757644 0.4069542264789115 0.8177875733354607 
0.13546899111687227 0.13546899111687227 0.19158208451848108 0.9625968054087376 
9.183750980070097E-5 9.183750980070094E-5 1.2987785189472333E-4 0.9999999831317434 
0.7821695000528683 0.06155807468031923 9.969137329418363 0.026877198998816985 
0.46818428918045074 0.4681842891804507 0.6621125714490004 0.3510183548739076 
0.44727308763338164 0.4472730876333816 0.632539666615618 0.44697554778265625 
0.3428838904884573 0.34288389048845724 0.4849110482480273 0.7278204109352792 
0.16664257193878895 0.16664257193878892 0.23566818530456943 0.9428260777420734 
1.1217380310808756E-4 1.1217380310808754E-4 1.5863771369842663E-4 0.9999999748340754 
0.7821611833410723 0.06155742014090571 9.969031328811054 0.05337539211845964 
0.4163491282279292 0.41634912822792913 0.5888065838221521 0.5537270209185874 
0.3535567388796742 0.35355673887967415 0.5000047351920381 0.707100084550327 
0.2131472948737625 0.21314729487376247 0.30143579519361213 0.9045843922774643 
1.388100510795958E-4 1.3881005107959577E-4 1.9630705683046642E-4 0.9999999614635386 
0.7821382338644906 0.061555613977928 9.968738826375628 0.09336434558321244 
0.3120984535811628 0.3120984535811627 0.44137386585015015 0.7812670613106554 
0.18481785165966863 0.1848178516596686 0.26137191238576213 0.9291767575825489 
1.5996417584564305E-4 1.5996417584564305E-4 2.2622350697474304E-4 0.9999999488229235 
0.7820847895506685 0.06155140781921013 9.968057652149412 0.14960431001314994 
0.15564706751909893 0.1556470675190989 0.2201181938291105 0.9503136121780116 
1.2949319139137492E-4 1.294931913913749E-4 1.8313102750065727E-4 0.9999999664630262 
0.7815602709934855 0.061510127313498635 9.961372403583681 0.39552482117299825 
1.1375232891050565E-4 1.1375232891050562E-4 1.6087008629676216E-4 0.999999974120815 
9.965612214348896E-5 9.965612214348895E-5 1.4093503950883177E-4 0.9999999801373144 
0.061558297024311454 0.7821723252011549 9.969173337331279 0.0 
0.49658421927635266 0.49658421927635255 0.7022761377610727 0.1166895567854365 
0.4811734703394212 0.4811734703394211 0.6804820476081375 0.2718241449284314 
0.44186434008047415 0.4418643400804741 0.624890542470844 0.4679995938684013 
0.36439343867241797 0.3643934386724179 0.515330143010302 0.6847405986283881 
0.24616656043843096 0.2461665604384309 0.34813208837476517 0.8704068577898783 
0.11470737145801524 0.11470737145801523 0.16222072042009358 0.9733287603542657 
8.079694540064281E-5 8.07969454006428E-5 1.142641359839075E-4 0.9999999869437072 
0.49827981619775535 0.49827981619775524 0.7046740739236385 0.08287882165984849 
0.49507347987117195 0.4950734798711719 0.7001396296050547 0.14003213243035867 
0.4714570534080067 0.47145705340800664 0.6667409590060596 0.33303601482025913 
0.40825691612578 0.4082569161257799 0.5773624677176931 0.5773258713602496 
0.28883508389750395 0.2888350838975039 0.4084744929370207 0.8162702844277057 
0.1355495754649326 0.13554957546493257 0.19169604799642295 0.9625514273871845 
9.183750980070097E-5 9.183750980070094E-5 1.2987785189472333E-4 0.9999999831317434 
0.7001908366562322 0.34957780302773944 5.524924223800208 0.12712143055597722 
0.48512601583149334 0.4851260158314933 0.6860717910489226 0.2420970777474336 
0.4523027271227418 0.4523027271227417 0.6396526509953184 0.4262498940167874 
0.3428459858914145 0.34284598589141446 0.4848574430528131 0.7278918325084959 
0.16664257193878895 0.16664257193878892 0.23566818530456943 0.9428260777420734 
1.118022133503405E-4 1.1180221335034047E-4 1.581122064233818E-4 0.9999999750005298 
0.741485147302197 0.2229504278469464 2.5750835085936115 0.0 
0.44727308763338164 0.4472730876333816 0.632539666615618 0.44697554778265625 
0.40001345587467585 0.4000134558746758 0.5657044544296981 0.5999641159909443 
0.2131472948737625 0.21314729487376247 0.30143579519361213 0.9045843922774643 
1.4075860814652958E-4 1.4075860814652955E-4 1.990627326615821E-4 0.9999999603740277 
0.757893601595229 0.19007857749849924 4.416542342237494 0.03574034751295689 
0.35355339059327384 0.3535533905932738 0.5 0.7071067811865475 
0.22360687767472462 0.22360687767472456 0.3162278790474971 0.8944271110751524 
1.882854298804016E-4 1.8828542988040157E-4 2.6627580853411234E-4 0.9999999290971913 
0.7667604489395549 0.14242821585960558 4.408124187805501 0.27908775023815136 
0.18481785165966863 0.1848178516596686 0.26137191238576213 0.9291767575825489 
1.5996417584564305E-4 1.5996417584564305E-4 2.2622350697474304E-4 0.9999999488229235 
0.7727114536592538 0.1201853027396985 7.546040961546742 0.5430471935823828 
1.3106691073363973E-4 1.3106691073363973E-4 1.8535660273785707E-4 0.9999999656429293 
1.1375232891050565E-4 1.1375232891050562E-4 1.6087008629676216E-4 0.999999974120815 
0.061558297024311454 0.7821723252011549 9.969173337331279 0.0 
0.49041501402049875 0.49041501402049864 0.6935515640191807 0.19486522545876814 
0.4714570534080067 0.47145705340800664 0.6667409590060596 0.33303601482025913 
0.4082652012996859 0.40826520129968585 0.5773741847229974 0.5773024351506825 
0.28900106250609015 0.2890010625060901 0.40870922213634714 0.8160352587244034 
0.1355495754649326 0.13554957546493257 0.19169604799642295 0.9625514273871845 
9.183750980070097E-5 9.183750980070094E-5 1.2987785189472333E-4 0.9999999831317434 
0.34939526468197174 0.7021226658950159 8.359700255896088 0.0 
0.48512601583149334 0.4851260158314933 0.6860717910489226 0.2420970777474336 
0.452360449241598 0.45236044924159796 0.6397342823986538 0.42600480730592544 
0.3428459858914145 0.34284598589141446 0.4848574430528131 0.7278918325084959 
0.16664257193878895 0.16664257193878892 0.23566818530456943 0.9428260777420734 
1.1217380310808756E-4 1.1217380310808754E-4 1.5863771369842663E-4 0.9999999748340754 
0.48512658901684624 0.4851265890168462 0.6860726016554224 0.24209248339326886 
0.4743582883617265 0.4743582883617264 0.6708439248252409 0.31612791248185107 
0.4082652012996859 0.40826520129968585 0.5773741847229974 0.5773024351506825 
0.21315783675031177 0.21315783675031175 0.301450703658401 0.9045744560442274 
1.4057281327040392E-4 1.405728132704039E-4 1.9879997902794575E-4 0.9999999604785675 
0.6486597251709731 0.4329940865740064 3.747746201699435 0.0 
0.39999005918333214 0.3999900591833321 0.5656713665114851 0.6000265079294896 
0.277352778148181 0.27735277814818093 0.39223606041901365 0.8320467209321504 
1.882854298804016E-4 1.8828542988040157E-4 2.6627580853411234E-4 0.9999999290971913 
0.693143936352336 0.31354106320888386 1.7170981202140272 0.13851746643793408 
0.22360685251167634 0.22360685251167628 0.31622784346157295 0.8944271362382101 
1.973510640761974E-4 1.9735106407619735E-4 2.7909655136532E-4 0.999999922105112 
0.18450765867532956 0.18450765867532953 0.26093323326035683 0.9294233134372046 
1.5868757192237967E-4 1.5868757192237965E-4 2.2441811639268525E-4 0.9999999496365077 
1.3106691073363973E-4 1.3106691073363973E-4 1.8535660273785707E-4 0.9999999656429293 
0.061558297024311454 0.7821723252011549 9.969173337331279 0.0 
0.4682029127003686 0.46820291270036857 0.6621389090834474 0.3509189794746989 
0.4471903334469185 0.44719033344691844 0.6324226345227787 0.44730663161475215 
0.34283790651077456 0.3428379065107745 0.48484601708313646 0.7279070541197123 
0.16668861667003984 0.1666886166700398 0.23573330238798026 0.9427935194359972 
1.118022133503405E-4 1.1180221335034047E-4 1.581122064233818E-4 0.9999999750005298 
0.2468441948538483 0.7445235705921002 8.856194487346439 0.0 
0.4471903334469185 0.44719033344691844 0.6324226345227787 0.44730663161475215 
0.4000023438210448 0.40000234382104477 0.5656887396127472 0.599993749759681 
0.21315792078296103 0.213157920782961 0.30145082249851324 0.9045743768369408 
1.4075860814652958E-4 1.4075860814652955E-4 1.990627326615821E-4 0.9999999603740277 
0.4334111360919231 0.6527309584520374 6.50670028695355 0.0 
0.4000024424367947 0.40000244243679467 0.5656888790764782 0.5999934867799775 
0.2773528178781243 0.2773528178781243 0.3922361166056384 0.8320466679581476 
1.8847642849076232E-4 1.884764284907623E-4 2.665459213592789E-4 0.9999999289532693 
0.4000023438210448 0.40000234382104477 0.5656887396127472 0.599993749759681 
0.277352778148181 0.27735277814818093 0.39223606041901365 0.8320467209321504 
2.649348130536344E-4 2.649348130536344E-4 3.746744057652302E-4 0.9999998596190798 
0.22360685251167634 0.22360685251167628 0.31622784346157295 0.8944271362382101 
1.9998620201331567E-4 1.9998620201331564E-4 2.828231991747165E-4 0.9999999200110348 
1.5868757192237967E-4 1.5868757192237965E-4 2.2441811639268525E-4 0.9999999496365077 
0.061558297024311454 0.7821723252011549 9.969173337331279 0.0 
0.4159101540843762 0.41591015408437615 0.5881857806348084 0.5550450206226896 
0.35355339059327384 0.3535533905932738 0.5 0.7071067811865475 
0.21315792078296103 0.213157920782961 0.30145082249851324 0.9045743768369408 
1.404825177025059E-4 1.4048251770250588E-4 1.9867228181120222E-4 0.9999999605293236 
0.18917298416294132 0.7608278949753816 7.5665140006546086 0.038933948199539194 
0.35354554191540793 0.3535455419154079 0.49998890029331533 0.7071224781938149 
0.22360685251167634 0.22360685251167628 0.31622784346157295 0.8944271362382101 
1.8847642849076232E-4 1.884764284907623E-4 2.665459213592789E-4 0.9999999289532693 
0.3498646435820987 0.7014537207820025 8.461729942268798 0.27750040938709103 
0.22360685251167634 0.22360685251167628 0.31622784346157295 0.8944271362382101 
1.9998620201331567E-4 1.9998620201331564E-4 2.828231991747165E-4 0.9999999200110348 
0.22360685251167634 0.22360685251167628 0.31622784346157295 0.8944271362382101 
1.9998620201331567E-4 1.9998620201331564E-4 2.828231991747165E-4 0.9999999200110348 
1.9998620201331567E-4 1.9998620201331564E-4 2.828231991747165E-4 0.9999999200110348 
0.06155507200146478 0.7821313474005862 9.968651054985445 0.10236050244983674 
0.3120984535811628 0.3120984535811627 0.44137386585015015 0.7812670613106554 
0.18484079291865035 0.18484079291865033 0.2614043562253521 0.9291585037510115 
1.5890258327858032E-4 1.589025832785803E-4 2.247221883686884E-4 0.9999999494999368 
0.1516733988500449 0.7668428398268141 4.602607290558435 0.0 
0.18484079291865035 0.18484079291865033 0.2614043562253521 0.9291585037510115 
1.5975102718482416E-4 1.5975102718482413E-4 2.2592206924781127E-4 0.9999999489592173 
0.18484079291865035 0.18484079291865033 0.2614043562253521 0.9291585037510115 
1.5975102718482416E-4 1.5975102718482413E-4 2.2592206924781127E-4 0.9999999489592173 
1.5975102718482416E-4 1.5975102718482413E-4 2.2592206924781127E-4 0.9999999489592173 
0.06155102446706529 0.7820799185998295 9.967995569470613 0.15371011457997397 
0.15684114823471687 0.15684114823471687 0.2218068789717056 0.9495279968919622 
1.3017718143112542E-4 1.301771814311254E-4 1.8409833549140055E-4 0.9999999661078023 
0.11832504139561044 0.7684189922723204 5.308361875306807 0.6189463190757528 
1.3102562535150143E-4 1.3102562535150143E-4 1.8529821639050933E-4 0.9999999656645704 
1.3102562535150143E-4 1.3102562535150143E-4 1.8529821639050933E-4 0.9999999656645704 
0.06152755069110629 0.7817816559965634 9.96419406499877 0.31601967960320543 
1.1375232891050565E-4 1.1375232891050562E-4 1.6087008629676216E-4 0.999999974120815 
1.1375232891050565E-4 1.1375232891050562E-4 1.6087008629676216E-4 0.999999974120815 
9.938962771147268E-5 9.938962771147266E-5 1.4055815946877742E-4 0.9999999802434036 
