1.0 0.264523773664885 0.0 0.0 0.0 0.0 0.0 0.0 0.0 0.0 0.0 0.0 
0.0 0.7837951413934877 0.0 0.0 0.0 0.0 0.0 0.0 0.0 0.0 0.0 0.0 
1.0 1.0 0.0 0.0 0.0 0.0 0.0 0.0 0.0 0.0 0.0 0.0 
0.3929259341808502 0.1813313668336869 0.0 0.0 0.0 0.0 0.0 0.0 0.0 0.0 0.0 0.0 
0.2180875548155521 0.6883848568435573 0.0 0.0 0.0 0.0 0.0 0.0 0.0 0.0 0.0 0.0 
1.0 0.9522618156903195 0.0 0.0 0.0 0.0 0.0 0.0 0.0 0.0 0.0 0.0 
1.0 0.3766580943447985 0.0 0.0 0.0 0.0 0.0 0.0 0.0 0.0 0.0 0.0 
0.21942223034176783 0.24233832034104918 0.0 0.0 0.0 0.0 0.0 0.0 0.0 0.0 0.0 0.0 
0.6119501445933951 0.7942939179137314 0.0 0.0 0.0 0.0 0.0 0.0 0.0 0.0 0.0 0.0 
0.6075796084939356 1.0 0.0 0.0 0.0 0.0 0.0 0.0 0.0 0.0 0.0 0.0 
0.06623219606131904 0.0 0.0 0.0 0.0 0.0 0.0 0.0 0.0 0.0 0.0 0.0 
0.8772273611059839 0.43521956334645384 0.0 0.0 0.0 0.0 0.0 0.0 0.0 0.0 0.0 0.0 
0.7871060322737938 0.6718261117155452 0.0 0.0 0.0 0.0 0.0 0.0 0.0 0.0 0.0 0.0 
0.3952419838457543 0.10576682613284993 0.0 0.0 0.0 0.0 0.0 0.0 0.0 0.0 0.0 0.0 
0.674279314926482 0.9648382126816137 0.0 0.0 0.0 0.0 0.0 0.0 0.0 0.0 0.0 0.0 
0.8728965563796866 1.0 0.0 0.0 0.0 0.0 0.0 0.0 0.0 0.0 0.0 0.0 
0.391700107182019 0.764511573466143 0.0 0.0 0.0 0.0 0.0 0.0 0.0 0.0 0.0 0.0 
0.17820329494256987 0.0 0.0 0.0 0.0 0.0 0.0 0.0 0.0 0.0 0.0 0.0 
0.6729703278714252 0.46345371449074924 0.0 0.0 0.0 0.0 0.0 0.0 0.0 0.0 0.0 0.0 
0.059296329700363255 0.09624051886137586 0.0 0.0 0.0 0.0 0.0 0.0 0.0 0.0 0.0 0.0 
0.7237244924792814 0.7418777892187984 0.0 0.0 0.0 0.0 0.0 0.0 0.0 0.0 0.0 0.0 
0.3340088383311335 0.9126485209440519 0.0 0.0 0.0 0.0 0.0 0.0 0.0 0.0 0.0 0.0 
0.45943370492669644 1.0 0.0 0.0 0.0 0.0 0.0 0.0 0.0 0.0 0.0 0.0 
0.8907201622755697 0.3759491796277987 0.0 0.0 0.0 0.0 0.0 0.0 0.0 0.0 0.0 0.0 
0.6085338877653378 0.50078972576759 0.0 0.0 0.0 0.0 0.0 0.0 0.0 0.0 0.0 0.0 
0.48241540047201403 0.6097996693417697 0.0 0.0 0.0 0.0 0.0 0.0 0.0 0.0 0.0 0.0 
0.2585104052114181 0.6766861912379731 0.0 0.0 0.0 0.0 0.0 0.0 0.0 0.0 0.0 0.0 
0.054889720153691215 0.02045046657506802 0.0 0.0 0.0 0.0 0.0 0.0 0.0 0.0 0.0 0.0 
0.754231383580839 0.8486406923155955 0.0 0.0 0.0 0.0 0.0 0.0 0.0 0.0 0.0 0.0 
0.8513168609967421 0.006656132070420484 0.0 0.0 0.0 0.0 0.0 0.0 0.0 0.0 0.0 0.0 
0.12602878707564463 0.20889420639563067 0.0 0.0 0.0 0.0 0.0 0.0 0.0 0.0 0.0 0.0 
0.25505255078138067 0.38271490758191806 0.0 0.0 0.0 0.0 0.0 0.0 0.0 0.0 0.0 0.0 
0.4820003263004061 0.28832488557092556 0.0 0.0 0.0 0.0 0.0 0.0 0.0 0.0 0.0 0.0 
0.313224037194771 1.0 0.0 0.0 0.0 0.0 0.0 0.0 0.0 0.0 0.0 0.0 
0.6118465305756571 1.0 0.0 0.0 0.0 0.0 0.0 0.0 0.0 0.0 0.0 0.0 
0.824517308834039 0.0 0.0 0.0 0.0 0.0 0.0 0.0 0.0 0.0 0.0 0.0 
0.9978131387055507 0.12892950191027222 0.0 0.0 0.0 0.0 0.0 0.0 0.0 0.0 0.0 0.0 
0.7610902533501549 0.4097425026355372 0.0 0.0 0.0 0.0 0.0 0.0 0.0 0.0 0.0 0.0 
0.9995658041439013 0.9621373522699276 0.0 0.0 0.0 0.0 0.0 0.0 0.0 0.0 0.0 0.0 
0.9983539355140367 0.9737821020486126 0.0 0.0 0.0 0.0 0.0 0.0 0.0 0.0 0.0 0.0 
0.8541806771558531 1.0 0.0 0.0 0.0 0.0 0.0 0.0 0.0 0.0 0.0 0.0 
0.310745871983309 0.8994706781814947 0.0 0.0 0.0 0.0 0.0 0.0 0.0 0.0 0.0 0.0 
0.7189846055874616 0.15256828291575164 0.0 0.0 0.0 0.0 0.0 0.0 0.0 0.0 0.0 0.0 
0.5533454427100051 0.7351633976100598 0.0 0.0 0.0 0.0 0.0 0.0 0.0 0.0 0.0 0.0 
0.14969955082403621 1.0 0.0 0.0 0.0 0.0 0.0 0.0 0.0 0.0 0.0 0.0 
0.8229978346042147 1.0 0.0 0.0 0.0 0.0 0.0 0.0 0.0 0.0 0.0 0.0 
0.3277453683391411 0.4912408880142546 0.0 0.0 0.0 0.0 0.0 0.0 0.0 0.0 0.0 0.0 
0.14846153281773558 0.05448351012838404 0.0 0.0 0.0 0.0 0.0 0.0 0.0 0.0 0.0 0.0 
0.4652829784406174 0.07831535350023477 0.0 0.0 0.0 0.0 0.0 0.0 0.0 0.0 0.0 0.0 
0.5495395140035056 0.7434946098757459 0.0 0.0 0.0 0.0 0.0 0.0 0.0 0.0 0.0 0.0 
1.0 1.0 0.0 0.0 0.0 0.0 0.0 0.0 0.0 0.0 0.0 0.0 
0.12856217159178396 0.3910588100986336 0.0 0.0 0.0 0.0 0.0 0.0 0.0 0.0 0.0 0.0 
0.8906265091840397 1.0 0.0 0.0 0.0 0.0 0.0 0.0 0.0 0.0 0.0 0.0 
0.999395256273558 0.4340041894857518 0.0 0.0 0.0 0.0 0.0 0.0 0.0 0.0 0.0 0.0 
0.9971229474488692 0.1523959586696621 0.0 0.0 0.0 0.0 0.0 0.0 0.0 0.0 0.0 0.0 
0.2698896446189214 0.29894991447896 0.0 0.0 0.0 0.0 0.0 0.0 0.0 0.0 0.0 0.0 
0.1632600612526129 0.7163850763171802 0.0 0.0 0.0 0.0 0.0 0.0 0.0 0.0 0.0 0.0 
0.4931481766665111 0.7383219151835075 0.0 0.0 0.0 0.0 0.0 0.0 0.0 0.0 0.0 0.0 
0.020631623836302626 0.3093146968145918 0.0 0.0 0.0 0.0 0.0 0.0 0.0 0.0 0.0 0.0 
0.646348904837911 0.0851784907323003 0.0 0.0 0.0 0.0 0.0 0.0 0.0 0.0 0.0 0.0 
0.2664697505416719 0.8952877501884744 0.0 0.0 0.0 0.0 0.0 0.0 0.0 0.0 0.0 0.0 
0.8393862419482951 0.27761286140838387 0.0 0.0 0.0 0.0 0.0 0.0 0.0 0.0 0.0 0.0 
0.6388824138379843 0.40809264139108253 0.0 0.0 0.0 0.0 0.0 0.0 0.0 0.0 0.0 0.0 
0.5043528389116542 1.0 0.0 0.0 0.0 0.0 0.0 0.0 0.0 0.0 0.0 0.0 
0.6951764366133029 0.0 0.0 0.0 0.0 0.0 0.0 0.0 0.0 0.0 0.0 0.0 
0.9419344993604353 1.0 0.0 0.0 0.0 0.0 0.0 0.0 0.0 0.0 0.0 0.0 
0.0813531651501328 0.44988592729986104 0.0 0.0 0.0 0.0 0.0 0.0 0.0 0.0 0.0 0.0 
0.961535056101049 1.0 0.0 0.0 0.0 0.0 0.0 0.0 0.0 0.0 0.0 0.0 
0.6296099568828899 0.7906443384419596 0.0 0.0 0.0 0.0 0.0 0.0 0.0 0.0 0.0 0.0 
0.24306524726975548 0.4697692884185384 0.0 0.0 0.0 0.0 0.0 0.0 0.0 0.0 0.0 0.0 
0.8212795763020123 0.2758988735398201 0.0 0.0 0.0 0.0 0.0 0.0 0.0 0.0 0.0 0.0 
0.3252236660201473 1.0 0.0 0.0 0.0 0.0 0.0 0.0 0.0 0.0 0.0 0.0 
0.8714012986994886 1.0 0.0 0.0 0.0 0.0 0.0 0.0 0.0 0.0 0.0 0.0 
0.3196961091772798 1.0 0.0 0.0 0.0 0.0 0.0 0.0 0.0 0.0 0.0 0.0 
0.49213678584945314 0.9144426373873034 0.0 0.0 0.0 0.0 0.0 0.0 0.0 0.0 0.0 0.0 
0.3182445375257879 1.0 0.0 0.0 0.0 0.0 0.0 0.0 0.0 0.0 0.0 0.0 
0.6957938511861106 1.0 0.0 0.0 0.0 0.0 0.0 0.0 0.0 0.0 0.0 0.0 
0.5693255463076526 0.6890592349118121 0.0 0.0 0.0 0.0 0.0 0.0 0.0 0.0 0.0 0.0 
0.24701783902280924 0.8544924249897414 0.0 0.0 0.0 0.0 0.0 0.0 0.0 0.0 0.0 0.0 
0.19039416133379616 0.6685982624000149 0.0 0.0 0.0 0.0 0.0 0.0 0.0 0.0 0.0 0.0 
0.9324456869343037 0.13471030087252245 0.0 0.0 0.0 0.0 0.0 0.0 0.0 0.0 0.0 0.0 
0.7400611987611742 0.7450861046834629 0.0 0.0 0.0 0.0 0.0 0.0 0.0 0.0 0.0 0.0 
0.7036951300718063 0.5966545079924717 0.0 0.0 0.0 0.0 0.0 0.0 0.0 0.0 0.0 0.0 
0.3929259341808502 0.1813313668336869 0.0 0.0 0.0 0.0 0.0 0.0 0.0 0.0 0.0 0.0 
0.3919940545553895 0.9869409525743496 0.0 0.0 0.0 0.0 0.0 0.0 0.0 0.0 0.0 0.0 
0.4657843002899234 0.5847330941821731 0.0 0.0 0.0 0.0 0.0 0.0 0.0 0.0 0.0 0.0 
0.9445255940176382 0.11860542951483627 0.0 0.0 0.0 0.0 0.0 0.0 0.0 0.0 0.0 0.0 
0.20866481018110664 0.46965625240461245 0.0 0.0 0.0 0.0 0.0 0.0 0.0 0.0 0.0 0.0 
0.5437639035054864 0.6990767636843912 0.0 0.0 0.0 0.0 0.0 0.0 0.0 0.0 0.0 0.0 
0.11392934048503206 0.5253714721368468 0.0 0.0 0.0 0.0 0.0 0.0 0.0 0.0 0.0 0.0 
0.3949156713276306 1.0 0.0 0.0 0.0 0.0 0.0 0.0 0.0 0.0 0.0 0.0 
0.7523829695024815 0.5287885427844976 0.0 0.0 0.0 0.0 0.0 0.0 0.0 0.0 0.0 0.0 
0.7834601911220134 0.5918978012486076 0.0 0.0 0.0 0.0 0.0 0.0 0.0 0.0 0.0 0.0 
0.8735617229134076 0.298411075019857 0.0 0.0 0.0 0.0 0.0 0.0 0.0 0.0 0.0 0.0 
0.5866020022372262 1.0 0.0 0.0 0.0 0.0 0.0 0.0 0.0 0.0 0.0 0.0 
0.587392617220858 0.18394750496036838 0.0 0.0 0.0 0.0 0.0 0.0 0.0 0.0 0.0 0.0 
0.9506554297884956 0.6051274801614936 0.0 0.0 0.0 0.0 0.0 0.0 0.0 0.0 0.0 0.0 
0.394131003759014 1.0 0.0 0.0 0.0 0.0 0.0 0.0 0.0 0.0 0.0 0.0 
0.784723933769705 0.5762841414578759 0.0 0.0 0.0 0.0 0.0 0.0 0.0 0.0 0.0 0.0 
0.9226451580662618 0.0 0.0 0.0 0.0 0.0 0.0 0.0 0.0 0.0 0.0 0.0 
0.8933679308932999 0.0 0.0 0.0 0.0 0.0 0.0 0.0 0.0 0.0 0.0 0.0 
0.702415357655557 1.0 0.0 0.0 0.0 0.0 0.0 0.0 0.0 0.0 0.0 0.0 
0.7392157352888177 0.10882389218411409 0.0 0.0 0.0 0.0 0.0 0.0 0.0 0.0 0.0 0.0 
0.6527033651587322 0.91362571491235 0.0 0.0 0.0 0.0 0.0 0.0 0.0 0.0 0.0 0.0 
0.46916494894118815 0.6086585251474492 0.0 0.0 0.0 0.0 0.0 0.0 0.0 0.0 0.0 0.0 
0.2367941179309797 0.7361553999304459 0.0 0.0 0.0 0.0 0.0 0.0 0.0 0.0 0.0 0.0 
0.32319653954317623 1.0 0.0 0.0 0.0 0.0 0.0 0.0 0.0 0.0 0.0 0.0 
0.7850014374258595 0.9765363502061507 0.0 0.0 0.0 0.0 0.0 0.0 0.0 0.0 0.0 0.0 
0.13179054547895452 0.100755144149416 0.0 0.0 0.0 0.0 0.0 0.0 0.0 0.0 0.0 0.0 
0.20429594133431747 1.0 0.0 0.0 0.0 0.0 0.0 0.0 0.0 0.0 0.0 0.0 
0.965164788155974 0.0 0.0 0.0 0.0 0.0 0.0 0.0 0.0 0.0 0.0 0.0 
0.4757522556471904 0.4083823826436874 0.0 0.0 0.0 0.0 0.0 0.0 0.0 0.0 0.0 0.0 
0.08396123334062353 0.44596812168939404 0.0 0.0 0.0 0.0 0.0 0.0 0.0 0.0 0.0 0.0 
0.9523754223546076 0.9077175301757476 0.0 0.0 0.0 0.0 0.0 0.0 0.0 0.0 0.0 0.0 
0.390843819742342 0.8547195047651394 0.0 0.0 0.0 0.0 0.0 0.0 0.0 0.0 0.0 0.0 
0.5652071335481916 0.656955252732372 0.0 0.0 0.0 0.0 0.0 0.0 0.0 0.0 0.0 0.0 
0.9095275229248768 0.3910391360715006 0.0 0.0 0.0 0.0 0.0 0.0 0.0 0.0 0.0 0.0 
0.4732042725546175 1.0 0.0 0.0 0.0 0.0 0.0 0.0 0.0 0.0 0.0 0.0 
0.7850033822158325 0.5568663006826323 0.0 0.0 0.0 0.0 0.0 0.0 0.0 0.0 0.0 0.0 
0.19195940381313217 0.5480887614537224 0.0 0.0 0.0 0.0 0.0 0.0 0.0 0.0 0.0 0.0 
0.751879660923423 0.7302679879274293 0.0 0.0 0.0 0.0 0.0 0.0 0.0 0.0 0.0 0.0 
0.3977522577148994 0.1174818905471055 0.0 0.0 0.0 0.0 0.0 0.0 0.0 0.0 0.0 0.0 
0.5410019902194716 1.0 0.0 0.0 0.0 0.0 0.0 0.0 0.0 0.0 0.0 0.0 
0.3057787958461371 1.0 0.0 0.0 0.0 0.0 0.0 0.0 0.0 0.0 0.0 0.0 
0.042128722129437995 0.0 0.0 0.0 0.0 0.0 0.0 0.0 0.0 0.0 0.0 0.0 
0.8931939442123148 0.7708600431148218 0.0 0.0 0.0 0.0 0.0 0.0 0.0 0.0 0.0 0.0 
0.16247695707550522 0.19584001746420693 0.0 0.0 0.0 0.0 0.0 0.0 0.0 0.0 0.0 0.0 
0.914392289440357 0.5847460746910476 0.0 0.0 0.0 0.0 0.0 0.0 0.0 0.0 0.0 0.0 
0.8448508266390354 1.0 0.0 0.0 0.0 0.0 0.0 0.0 0.0 0.0 0.0 0.0 
0.962496619224873 0.5248465247232845 0.0 0.0 0.0 0.0 0.0 0.0 0.0 0.0 0.0 0.0 
0.6255730449466593 0.0531393238953444 0.0 0.0 0.0 0.0 0.0 0.0 0.0 0.0 0.0 0.0 
0.09810771058281437 0.5654139866432087 0.0 0.0 0.0 0.0 0.0 0.0 0.0 0.0 0.0 0.0 
0.819724210415169 0.8623188369807862 0.0 0.0 0.0 0.0 0.0 0.0 0.0 0.0 0.0 0.0 
0.11216235884553766 0.35005587628770174 0.0 0.0 0.0 0.0 0.0 0.0 0.0 0.0 0.0 0.0 
0.922808586401274 0.5513113021622231 0.0 0.0 0.0 0.0 0.0 0.0 0.0 0.0 0.0 0.0 
0.9591757199640726 0.386245381835497 0.0 0.0 0.0 0.0 0.0 0.0 0.0 0.0 0.0 0.0 
0.019860221126694538 1.0 0.0 0.0 0.0 0.0 0.0 0.0 0.0 0.0 0.0 0.0 
0.5101657683612043 0.4869892197514918 0.0 0.0 0.0 0.0 0.0 0.0 0.0 0.0 0.0 0.0 
0.08287974996705955 0.6307689936774116 0.0 0.0 0.0 0.0 0.0 0.0 0.0 0.0 0.0 0.0 
0.7915126441737729 0.6934103543801088 0.0 0.0 0.0 0.0 0.0 0.0 0.0 0.0 0.0 0.0 
0.7067346679444498 0.7206831011251653 0.0 0.0 0.0 0.0 0.0 0.0 0.0 0.0 0.0 0.0 
0.6904300565226608 0.4638664009239845 0.0 0.0 0.0 0.0 0.0 0.0 0.0 0.0 0.0 0.0 
0.8094203037413552 1.0 0.0 0.0 0.0 0.0 0.0 0.0 0.0 0.0 0.0 0.0 
0.18292579742188747 0.8461821213480105 0.0 0.0 0.0 0.0 0.0 0.0 0.0 0.0 0.0 0.0 
0.25473095747063434 0.6606789858017509 0.0 0.0 0.0 0.0 0.0 0.0 0.0 0.0 0.0 0.0 
0.1848940561581841 0.248549459983459 0.0 0.0 0.0 0.0 0.0 0.0 0.0 0.0 0.0 0.0 
0.6118949735385667 0.7062156796595379 0.0 0.0 0.0 0.0 0.0 0.0 0.0 0.0 0.0 0.0 
0.7104584092675492 1.0 0.0 0.0 0.0 0.0 0.0 0.0 0.0 0.0 0.0 0.0 
0.18629313489737673 0.8118964430157494 0.0 0.0 0.0 0.0 0.0 0.0 0.0 0.0 0.0 0.0 
0.2405689800458467 0.9818399380956424 0.0 0.0 0.0 0.0 0.0 0.0 0.0 0.0 0.0 0.0 
0.5827733375910613 0.5267621376171601 0.0 0.0 0.0 0.0 0.0 0.0 0.0 0.0 0.0 0.0 
0.6631857094861318 0.6454146479755979 0.0 0.0 0.0 0.0 0.0 0.0 0.0 0.0 0.0 0.0 
0.6656065089418046 0.10828161268741582 0.0 0.0 0.0 0.0 0.0 0.0 0.0 0.0 0.0 0.0 
0.34615871042657553 0.7371692796350671 0.0 0.0 0.0 0.0 0.0 0.0 0.0 0.0 0.0 0.0 
0.21894805057500205 0.0 0.0 0.0 0.0 0.0 0.0 0.0 0.0 0.0 0.0 0.0 
0.563372689861543 0.001579451535180021 0.0 0.0 0.0 0.0 0.0 0.0 0.0 0.0 0.0 0.0 
0.6278413716187778 1.0 0.0 0.0 0.0 0.0 0.0 0.0 0.0 0.0 0.0 0.0 
0.9335457435641619 0.0 0.0 0.0 0.0 0.0 0.0 0.0 0.0 0.0 0.0 0.0 
0.7783462144950791 0.8709388946093992 0.0 0.0 0.0 0.0 0.0 0.0 0.0 0.0 0.0 0.0 
0.15623808205193718 0.7004218200928181 0.0 0.0 0.0 0.0 0.0 0.0 0.0 0.0 0.0 0.0 
0.3644818044042488 1.0 0.0 0.0 0.0 0.0 0.0 0.0 0.0 0.0 0.0 0.0 
0.29115705098775935 0.7654298151638361 0.0 0.0 0.0 0.0 0.0 0.0 0.0 0.0 0.0 0.0 
0.37187612330258946 0.20021749403699726 0.0 0.0 0.0 0.0 0.0 0.0 0.0 0.0 0.0 0.0 
0.08708714126910655 0.42718555116732915 0.0 0.0 0.0 0.0 0.0 0.0 0.0 0.0 0.0 0.0 
0.2826704245365347 0.9563242604720259 0.0 0.0 0.0 0.0 0.0 0.0 0.0 0.0 0.0 0.0 
0.4632880415087968 0.5741403953701475 0.0 0.0 0.0 0.0 0.0 0.0 0.0 0.0 0.0 0.0 
0.9987258027973741 0.8274729079895012 0.0 0.0 0.0 0.0 0.0 0.0 0.0 0.0 0.0 0.0 
0.682818572374317 0.2009024570708892 0.0 0.0 0.0 0.0 0.0 0.0 0.0 0.0 0.0 0.0 
0.36845324588584255 1.0 0.0 0.0 0.0 0.0 0.0 0.0 0.0 0.0 0.0 0.0 
0.45681754378645656 0.20130471167584357 0.0 0.0 0.0 0.0 0.0 0.0 0.0 0.0 0.0 0.0 
0.8087923188607364 0.788805088806497 0.0 0.0 0.0 0.0 0.0 0.0 0.0 0.0 0.0 0.0 
0.8012421059882178 0.3775959129571763 0.0 0.0 0.0 0.0 0.0 0.0 0.0 0.0 0.0 0.0 
0.13504709216081998 0.9481055405944778 0.0 0.0 0.0 0.0 0.0 0.0 0.0 0.0 0.0 0.0 
0.9030951583778579 0.8515626937573495 0.0 0.0 0.0 0.0 0.0 0.0 0.0 0.0 0.0 0.0 
0.1558584141648777 0.3231873110866501 0.0 0.0 0.0 0.0 0.0 0.0 0.0 0.0 0.0 0.0 
0.999147541300658 0.0 0.0 0.0 0.0 0.0 0.0 0.0 0.0 0.0 0.0 0.0 
0.3669091400014918 1.0 0.0 0.0 0.0 0.0 0.0 0.0 0.0 0.0 0.0 0.0 
0.4220071756606998 0.9738819051486992 0.0 0.0 0.0 0.0 0.0 0.0 0.0 0.0 0.0 0.0 
0.914727165112714 0.2005127651481553 0.0 0.0 0.0 0.0 0.0 0.0 0.0 0.0 0.0 0.0 
0.6536950856691326 1.0 0.0 0.0 0.0 0.0 0.0 0.0 0.0 0.0 0.0 0.0 
0.9455617802291496 0.7579800042410267 0.0 0.0 0.0 0.0 0.0 0.0 0.0 0.0 0.0 0.0 
0.43931159668470277 0.8314757205670698 0.0 0.0 0.0 0.0 0.0 0.0 0.0 0.0 0.0 0.0 
0.7215850243626725 0.7823522156317718 0.0 0.0 0.0 0.0 0.0 0.0 0.0 0.0 0.0 0.0 
0.5350425822658885 0.0 0.0 0.0 0.0 0.0 0.0 0.0 0.0 0.0 0.0 0.0 
0.36165478311479393 0.0 0.0 0.0 0.0 0.0 0.0 0.0 0.0 0.0 0.0 0.0 
0.8441835958536953 0.2758988735398201 0.0 0.0 0.0 0.0 0.0 0.0 0.0 0.0 0.0 0.0 
0.8997619610486803 0.13760070035364758 0.0 0.0 0.0 0.0 0.0 0.0 0.0 0.0 0.0 0.0 
0.30501871382977586 0.6665469870795703 0.0 0.0 0.0 0.0 0.0 0.0 0.0 0.0 0.0 0.0 
0.9494157619730805 0.9504494867699296 0.0 0.0 0.0 0.0 0.0 0.0 0.0 0.0 0.0 0.0 
0.42560919247177326 0.8492060172722421 0.0 0.0 0.0 0.0 0.0 0.0 0.0 0.0 0.0 0.0 
0.284752490096451 0.7806446115204582 0.0 0.0 0.0 0.0 0.0 0.0 0.0 0.0 0.0 0.0 
0.5929190130018256 0.46027284551278685 0.0 0.0 0.0 0.0 0.0 0.0 0.0 0.0 0.0 0.0 
0.6681328903908614 0.3216282365771338 0.0 0.0 0.0 0.0 0.0 0.0 0.0 0.0 0.0 0.0 
0.03780278863518211 0.7392034879520701 0.0 0.0 0.0 0.0 0.0 0.0 0.0 0.0 0.0 0.0 
0.9379283818392092 0.6373372663326262 0.0 0.0 0.0 0.0 0.0 0.0 0.0 0.0 0.0 0.0 
0.5091742900853379 0.9608638444418699 0.0 0.0 0.0 0.0 0.0 0.0 0.0 0.0 0.0 0.0 
0.772395836114494 0.40639974949634283 0.0 0.0 0.0 0.0 0.0 0.0 0.0 0.0 0.0 0.0 
0.42490615396728587 0.6963511330907414 0.0 0.0 0.0 0.0 0.0 0.0 0.0 0.0 0.0 0.0 
0.29149199950690224 1.0 0.0 0.0 0.0 0.0 0.0 0.0 0.0 0.0 0.0 0.0 
0.8823669182512069 0.25798000424102674 0.0 0.0 0.0 0.0 0.0 0.0 0.0 0.0 0.0 0.0 
0.9993099342262469 0.11042859503884295 0.0 0.0 0.0 0.0 0.0 0.0 0.0 0.0 0.0 0.0 
0.7990751440940311 1.0 0.0 0.0 0.0 0.0 0.0 0.0 0.0 0.0 0.0 0.0 
0.41973644925081355 0.8910396285738544 0.0 0.0 0.0 0.0 0.0 0.0 0.0 0.0 0.0 0.0 
0.48977688959055976 1.0 0.0 0.0 0.0 0.0 0.0 0.0 0.0 0.0 0.0 0.0 
0.33299608618468435 1.0 0.0 0.0 0.0 0.0 0.0 0.0 0.0 0.0 0.0 0.0 
0.5191661522080927 0.980431922220935 0.0 0.0 0.0 0.0 0.0 0.0 0.0 0.0 0.0 0.0 
0.6656065089418046 0.10828161268741582 0.0 0.0 0.0 0.0 0.0 0.0 0.0 0.0 0.0 0.0 
0.6061883967746716 0.5105500785291942 0.0 0.0 0.0 0.0 0.0 0.0 0.0 0.0 0.0 0.0 
0.461854355933252 0.8712082751179588 0.0 0.0 0.0 0.0 0.0 0.0 0.0 0.0 0.0 0.0 
0.5198952634160787 0.30689177779386234 0.0 0.0 0.0 0.0 0.0 0.0 0.0 0.0 0.0 0.0 
0.2967316152896943 0.9928830240309517 0.0 0.0 0.0 0.0 0.0 0.0 0.0 0.0 0.0 0.0 
0.5335688589347323 0.9561779651686558 0.0 0.0 0.0 0.0 0.0 0.0 0.0 0.0 0.0 0.0 
0.8659835649398834 0.8508510200896919 0.0 0.0 0.0 0.0 0.0 0.0 0.0 0.0 0.0 0.0 
0.7204661408518174 0.6554082790550124 0.0 0.0 0.0 0.0 0.0 0.0 0.0 0.0 0.0 0.0 
0.5590619185963376 0.0 0.0 0.0 0.0 0.0 0.0 0.0 0.0 0.0 0.0 0.0 
0.5459030527217115 0.7471188118190148 0.0 0.0 0.0 0.0 0.0 0.0 0.0 0.0 0.0 0.0 
0.27380946871175105 0.4635454032295201 0.0 0.0 0.0 0.0 0.0 0.0 0.0 0.0 0.0 0.0 
0.5449654103144405 0.6890592349118121 0.0 0.0 0.0 0.0 0.0 0.0 0.0 0.0 0.0 0.0 
0.23005477165403296 0.7938597493222262 0.0 0.0 0.0 0.0 0.0 0.0 0.0 0.0 0.0 0.0 
0.5608122891891456 0.7606463018870367 0.0 0.0 0.0 0.0 0.0 0.0 0.0 0.0 0.0 0.0 
0.6347137278459646 0.0 0.0 0.0 0.0 0.0 0.0 0.0 0.0 0.0 0.0 0.0 
0.7391523167853631 1.0 0.0 0.0 0.0 0.0 0.0 0.0 0.0 0.0 0.0 0.0 
0.8675535254538137 0.6087744667310983 0.0 0.0 0.0 0.0 0.0 0.0 0.0 0.0 0.0 0.0 
0.1104852326768124 0.6750279381438509 0.0 0.0 0.0 0.0 0.0 0.0 0.0 0.0 0.0 0.0 
0.9624915183695337 0.7941754132841372 0.0 0.0 0.0 0.0 0.0 0.0 0.0 0.0 0.0 0.0 
0.22835218790393297 1.0 0.0 0.0 0.0 0.0 0.0 0.0 0.0 0.0 0.0 0.0 
0.2309809768869015 0.07743510132442041 0.0 0.0 0.0 0.0 0.0 0.0 0.0 0.0 0.0 0.0 
0.5735153899848623 0.8900380734992057 0.0 0.0 0.0 0.0 0.0 0.0 0.0 0.0 0.0 0.0 
0.5215034980301325 0.8887956325633832 0.0 0.0 0.0 0.0 0.0 0.0 0.0 0.0 0.0 0.0 
0.5204722408965534 0.0 0.0 0.0 0.0 0.0 0.0 0.0 0.0 0.0 0.0 0.0 
0.7445065439284524 0.0 0.0 0.0 0.0 0.0 0.0 0.0 0.0 0.0 0.0 0.0 
0.7199909325754941 1.0 0.0 0.0 0.0 0.0 0.0 0.0 0.0 0.0 0.0 0.0 
0.8462128214591775 0.6718261117155452 0.0 0.0 0.0 0.0 0.0 0.0 0.0 0.0 0.0 0.0 
0.18640918883121949 0.0 0.0 0.0 0.0 0.0 0.0 0.0 0.0 0.0 0.0 0.0 
0.41503082494871846 1.0 0.0 0.0 0.0 0.0 0.0 0.0 0.0 0.0 0.0 0.0 
0.5813451035914137 0.8146058312469852 0.0 0.0 0.0 0.0 0.0 0.0 0.0 0.0 0.0 0.0 
0.36810200863376086 1.0 0.0 0.0 0.0 0.0 0.0 0.0 0.0 0.0 0.0 0.0 
0.27134071759531464 0.5833235901923376 0.0 0.0 0.0 0.0 0.0 0.0 0.0 0.0 0.0 0.0 
0.29115705098775935 0.7654298151638361 0.0 0.0 0.0 0.0 0.0 0.0 0.0 0.0 0.0 0.0 
0.4418942945795118 0.7764516115054629 0.0 0.0 0.0 0.0 0.0 0.0 0.0 0.0 0.0 0.0 
0.6643075981204096 0.0 0.0 0.0 0.0 0.0 0.0 0.0 0.0 0.0 0.0 0.0 
0.9501373366827399 0.28544019279839844 0.0 0.0 0.0 0.0 0.0 0.0 0.0 0.0 0.0 0.0 
0.4953923451793948 0.8822557867330715 0.0 0.0 0.0 0.0 0.0 0.0 0.0 0.0 0.0 0.0 
0.8709788254595258 1.0 0.0 0.0 0.0 0.0 0.0 0.0 0.0 0.0 0.0 0.0 
0.9972084538404089 0.9976511942034528 0.0 0.0 0.0 0.0 0.0 0.0 0.0 0.0 0.0 0.0 
0.8439349373186211 1.0 0.0 0.0 0.0 0.0 0.0 0.0 0.0 0.0 0.0 0.0 
0.3546712162544158 0.11001281889044254 0.0 0.0 0.0 0.0 0.0 0.0 0.0 0.0 0.0 0.0 
0.6447455062138558 0.5607758288972131 0.0 0.0 0.0 0.0 0.0 0.0 0.0 0.0 0.0 0.0 
0.4989133564835089 1.0 0.0 0.0 0.0 0.0 0.0 0.0 0.0 0.0 0.0 0.0 
0.9550760064128768 0.4340041894857518 0.0 0.0 0.0 0.0 0.0 0.0 0.0 0.0 0.0 0.0 
0.3006963066083177 0.6668630238777207 0.0 0.0 0.0 0.0 0.0 0.0 0.0 0.0 0.0 0.0 
1.0 0.2900467792234078 0.0 0.0 0.0 0.0 0.0 0.0 0.0 0.0 0.0 0.0 
0.8142692336452466 0.0 0.0 0.0 0.0 0.0 0.0 0.0 0.0 0.0 0.0 0.0 
0.8135039957669201 0.7921967276443419 0.0 0.0 0.0 0.0 0.0 0.0 0.0 0.0 0.0 0.0 
0.681129293104672 1.0 0.0 0.0 0.0 0.0 0.0 0.0 0.0 0.0 0.0 0.0 
0.06288347436113 0.2585401503242265 0.0 0.0 0.0 0.0 0.0 0.0 0.0 0.0 0.0 0.0 
0.16458232713426268 0.4279842065694188 0.0 0.0 0.0 0.0 0.0 0.0 0.0 0.0 0.0 0.0 
0.449059455184611 0.39342779908762027 0.0 0.0 0.0 0.0 0.0 0.0 0.0 0.0 0.0 0.0 
0.5836199344771364 0.0 0.0 0.0 0.0 0.0 0.0 0.0 0.0 0.0 0.0 0.0 
0.33875988421963615 1.0 0.0 0.0 0.0 0.0 0.0 0.0 0.0 0.0 0.0 0.0 
0.41210217015570305 0.8822557867330715 0.0 0.0 0.0 0.0 0.0 0.0 0.0 0.0 0.0 0.0 
0.7658622431238296 0.5287885427844976 0.0 0.0 0.0 0.0 0.0 0.0 0.0 0.0 0.0 0.0 
0.042128722129437995 0.0 0.0 0.0 0.0 0.0 0.0 0.0 0.0 0.0 0.0 0.0 
0.962496619224873 0.5248465247232845 0.0 0.0 0.0 0.0 0.0 0.0 0.0 0.0 0.0 0.0 
0.4492304727561819 1.0 0.0 0.0 0.0 0.0 0.0 0.0 0.0 0.0 0.0 0.0 
0.5941427007771904 0.7151507351890942 0.0 0.0 0.0 0.0 0.0 0.0 0.0 0.0 0.0 0.0 
0.07885120201621892 0.6409743048905081 0.0 0.0 0.0 0.0 0.0 0.0 0.0 0.0 0.0 0.0 
0.4553883539019864 1.0 0.0 0.0 0.0 0.0 0.0 0.0 0.0 0.0 0.0 0.0 
0.937342543418164 0.481392898255808 0.0 0.0 0.0 0.0 0.0 0.0 0.0 0.0 0.0 0.0 
0.24483340136203832 0.13141536018246647 0.0 0.0 0.0 0.0 0.0 0.0 0.0 0.0 0.0 0.0 
0.6523082673184332 1.0 0.0 0.0 0.0 0.0 0.0 0.0 0.0 0.0 0.0 0.0 
0.12405218151465638 1.0 0.0 0.0 0.0 0.0 0.0 0.0 0.0 0.0 0.0 0.0 
0.17538930948196368 0.4053575375124871 0.0 0.0 0.0 0.0 0.0 0.0 0.0 0.0 0.0 0.0 
0.7561209718208322 0.8555017750158821 0.0 0.0 0.0 0.0 0.0 0.0 0.0 0.0 0.0 0.0 
0.42413288667478993 1.0 0.0 0.0 0.0 0.0 0.0 0.0 0.0 0.0 0.0 0.0 
0.6341564491928823 1.0 0.0 0.0 0.0 0.0 0.0 0.0 0.0 0.0 0.0 0.0 
0.7990751440940311 1.0 0.0 0.0 0.0 0.0 0.0 0.0 0.0 0.0 0.0 0.0 
0.3350655686742588 0.8547195047651394 0.0 0.0 0.0 0.0 0.0 0.0 0.0 0.0 0.0 0.0 
0.36278182503712636 0.9211032716958306 0.0 0.0 0.0 0.0 0.0 0.0 0.0 0.0 0.0 0.0 
0.3426487579924654 1.0 0.0 0.0 0.0 0.0 0.0 0.0 0.0 0.0 0.0 0.0 
0.7777677589144993 1.0 0.0 0.0 0.0 0.0 0.0 0.0 0.0 0.0 0.0 0.0 
0.16997674380299727 0.6923642426960211 0.0 0.0 0.0 0.0 0.0 0.0 0.0 0.0 0.0 0.0 
0.44493863377448356 1.0 0.0 0.0 0.0 0.0 0.0 0.0 0.0 0.0 0.0 0.0 
0.7375800494369438 0.7624472119164345 0.0 0.0 0.0 0.0 0.0 0.0 0.0 0.0 0.0 0.0 
0.08658164504853744 0.8564756510014524 0.0 0.0 0.0 0.0 0.0 0.0 0.0 0.0 0.0 0.0 
0.3096638079779023 0.7371692796350671 0.0 0.0 0.0 0.0 0.0 0.0 0.0 0.0 0.0 0.0 
0.8326279907875548 1.0 0.0 0.0 0.0 0.0 0.0 0.0 0.0 0.0 0.0 0.0 
0.5060320262581847 0.4166363529785115 0.0 0.0 0.0 0.0 0.0 0.0 0.0 0.0 0.0 0.0 
0.20555223573053114 0.0 0.0 0.0 0.0 0.0 0.0 0.0 0.0 0.0 0.0 0.0 
0.44493863377448356 1.0 0.0 0.0 0.0 0.0 0.0 0.0 0.0 0.0 0.0 0.0 
0.2632316844606857 1.0 0.0 0.0 0.0 0.0 0.0 0.0 0.0 0.0 0.0 0.0 
0.9560686380980212 0.17665075131228067 0.0 0.0 0.0 0.0 0.0 0.0 0.0 0.0 0.0 0.0 
0.26241989600354704 0.9172542486184654 0.0 0.0 0.0 0.0 0.0 0.0 0.0 0.0 0.0 0.0 
0.6933442776819971 1.0 0.0 0.0 0.0 0.0 0.0 0.0 0.0 0.0 0.0 0.0 
0.9971098209665308 1.0 0.0 0.0 0.0 0.0 0.0 0.0 0.0 0.0 0.0 0.0 
0.7558790565632412 0.2752892867166641 0.0 0.0 0.0 0.0 0.0 0.0 0.0 0.0 0.0 0.0 
0.9240677174898487 0.8307631455699847 0.0 0.0 0.0 0.0 0.0 0.0 0.0 0.0 0.0 0.0 
0.719607079072486 0.2920777199831987 0.0 0.0 0.0 0.0 0.0 0.0 0.0 0.0 0.0 0.0 
0.15842865129297184 0.629160390947891 0.0 0.0 0.0 0.0 0.0 0.0 0.0 0.0 0.0 0.0 
0.8652585545089543 0.9058951717541376 0.0 0.0 0.0 0.0 0.0 0.0 0.0 0.0 0.0 0.0 
