4.329780281177467E-17 4.329780281177466E-17 1.0 
0.7071067811865476 0.7071067811865475 0.0 
9.127506502570736E-5 9.127506502570735E-5 0.9999999916688624 
0.5771331073396034 0.5771331073396033 0.5777843480270711 
0.6659911396476083 0.6659911396476081 0.33602321917058053 
9.127506502570736E-5 9.127506502570735E-5 0.9999999916688624 
0.0018317824789233722 0.001831782478923372 0.9999966445673204 
0.6655791921052422 0.6655791921052421 0.33765171119522913 
0.40562982430900374 0.4056298243090037 0.8191024913050219 
0.4082529976623154 0.4082529976623153 0.8164918736885671 
0.7033081857153152 0.7033081857153151 0.10351421067497706 
0.13606578690584448 0.13606578690584448 0.9813114710770412 
0.23298968694067992 0.2329896869406799 0.9441565609360388 
0.5749154863624804 0.5749154863624804 0.5821892880165224 
0.34620869477372457 0.3462086947737245 0.8719398369877065 
0.14113349638398687 0.14113349638398684 0.9798789070068109 
0.5774195296506285 0.5774195296506284 0.5772117233356354 
0.6795379984782978 0.6795379984782977 0.27650717395434454 
0.3475821243066473 0.34758212430664726 0.870846331866281 
0.7040942060356075 0.7040942060356074 0.09221007566516379 
0.2974125728355688 0.29741257283556877 0.907243915955712 
0.6118728242426824 0.6118728242426823 0.5012218011086181 
0.5308703191857626 0.5308703191857624 0.6605705173675354 
0.12067136194717622 0.1206713619471762 0.9853308301335278 
0.4082529976623154 0.4082529976623153 0.8164918736885671 
0.5140556905068654 0.5140556905068654 0.6866538386370673 
0.649756417920421 0.6497564179204209 0.39450373222879176 
0.7044966445618611 0.704496644561861 0.08584262112818772 
0.2664405980403226 0.26644059804032255 0.926293050514701 
0.16323543983011526 0.16323543983011524 0.9729894050640725 
0.6931392265915964 0.6931392265915963 0.19777771643945938 
0.6512821510126323 0.6512821510126322 0.3894394940741346 
0.5137943191369674 0.5137943191369673 0.6870449732333105 
0.6232083133803128 0.6232083133803127 0.4724645978984368 
0.40562982430900374 0.4056298243090037 0.8191024913050219 
0.19285357959665866 0.19285357959665864 0.9620888699457605 
0.0023861139386515996 0.0023861139386515996 0.9999943064440635 
0.25965938363112206 0.25965938363112206 0.9301365539449633 
4.958585168470615E-4 4.958585168470614E-4 0.9999997541243011 
0.0022017424612761666 0.002201742461276166 0.9999951523183842 
0.16082862783533972 0.1608286278353397 0.9737906884629794 
0.6242138301330105 0.6242138301330104 0.46980228664977186 
0.30213083283334774 0.3021308328333477 0.9041205227749536 
0.4559943631631591 0.45599436316315906 0.764289396450618 
0.6876740414350725 0.6876740414350724 0.2328278880905564 
0.19493034532701933 0.1949303453270193 0.9612514348188917 
0.6149231131347321 0.614923113134732 0.49369943271729505 
0.6880676346092205 0.6880676346092204 0.23049047790862146 
0.5267212402225622 0.5267212402225621 0.6671802381641802 
0.45977495822558206 0.459774958225582 0.759745994117329 
5.587092382014467E-4 5.587092382014466E-4 0.9999996878439384 
0.6927858698574505 0.6927858698574504 0.20023855036358884 
0.12007709019884284 0.12007709019884283 0.9854760194031907 
8.825635722486453E-4 8.825635722486452E-4 0.9999992210812376 
0.003476696236044529 0.0034766962360445286 0.9999879125102286 
0.6443514077320133 0.6443514077320132 0.4118525545720769 
0.6838354563453946 0.6838354563453944 0.2544369023741884 
0.5051726248612333 0.5051726248612333 0.699715112157529 
0.70673658963382 0.7067365896338199 0.032354068453831354 
0.37461881051479895 0.3746188105147989 0.8481282294658953 
0.6462145754622147 0.6462145754622146 0.4059722218580715 
0.17640711005839846 0.17640711005839843 0.9683806395429889 
0.3799297393073562 0.37992973930735613 0.8433900558932912 
0.49654423197329867 0.4965442319732986 0.711960428245906 
0.3257363772112937 0.32573637721129367 0.8875762643978959 
0.06427154128967816 0.06427154128967814 0.9958606016709861 
0.701388993504404 0.7013889935044039 0.12691319703544796 
0.04268379041661448 0.04268379041661447 0.9981764313343313 
0.38838006051368423 0.3883800605136841 0.835656542600352 
0.6551429527868357 0.6551429527868355 0.37626509647785855 
0.1958599301663184 0.19585993016631834 0.960873444065601 
0.6161207762879293 0.6161207762879292 0.4907039617251107 
0.14194697263806208 0.14194697263806205 0.9796438709642288 
0.619666718140865 0.6196667181408649 0.48169110107729773 
0.5057985566363982 0.5057985566363981 0.6988101603504865 
0.6205000142020095 0.6205000142020094 0.4795408895502157 
0.32507277003501184 0.3250727700350118 0.8880627164584316 
0.44293991219499373 0.4429399121949937 0.7794924427917069 
0.6549804843245646 0.6549804843245645 0.3768303733882365 
0.67560075766647 0.6756007576664699 0.29517322453261824 
0.075030878357449 0.07503087835744898 0.9943544310686303 
0.28068964254175655 0.2806896425417565 0.9178380299048203 
0.31748901573827015 0.3174890157382701 0.8935331274055198 
0.5764038163733088 0.5764038163733087 0.5792385354416347 
0.5771331073396034 0.5771331073396033 0.5777843480270711 
0.5260573775196589 0.5260573775196589 0.6682269607807502 
0.061456111624459596 0.06145611162445959 0.9962159869666838 
0.6695396895241581 0.669539689524158 0.3216103361271029 
0.46415989528019913 0.4641598952801991 0.7543945805922451 
0.6958047667457667 0.6958047667457666 0.17807709888623643 
0.5753672348583231 0.575367234858323 0.5812960434262173 
0.2686488069669268 0.2686488069669267 0.925016560408782 
0.23576025430579328 0.23576025430579323 0.9427800406135757 
0.13948170552674546 0.13948170552674544 0.9803518285017377 
0.4284079712316136 0.42840797123161356 0.795571002720955 
0.4276541490492789 0.4276541490492788 0.7963817285710882 
0.054998087705078774 0.05499808770507877 0.9969706217825924 
0.5757416528225157 0.5757416528225155 0.5805541304739773 
0.2351861966457475 0.23518619664574747 0.9430667557573088 
0.08701227326993075 0.08701227326993073 0.9923999841801681 
0.11820459027682466 0.11820459027682464 0.9859286737259324 
0.3181080690953059 0.31810806909530587 0.8930926675059605 
0.28095735901593233 0.2809573590159323 0.9176741931805563 
0.3671596583707791 0.367159658370779 0.8546271529328481 
0.5234153500263643 0.5234153500263642 0.6723635495128786 
0.658924852753437 0.6589248527534369 0.3628168640619157 
0.6177910380833088 0.6177910380833087 0.4864858338409203 
0.23459538138957106 0.23459538138957103 0.9433610200031393 
0.6920586444190734 0.6920586444190733 0.20520639699987236 
0.6709009142599596 0.6709009142599595 0.3158859390512674 
0.03688237128159777 0.03688237128159776 0.9986387642072045 
0.519095150458116 0.5190951504581159 0.6790290491147869 
0.7009978770212344 0.7009978770212343 0.13116383961841277 
0.0533341623688227 0.05333416236882269 0.9971514098916132 
0.5780073439073089 0.5780073439073088 0.5760338712076191 
0.4464950512823758 0.4464950512823757 0.775425262911067 
0.09990155086408263 0.09990155086408262 0.9899693733999564 
0.5203660216924766 0.5203660216924765 0.6770807979376539 
0.2345722578012848 0.23457225780128477 0.9433725201319016 
0.6750833330719102 0.67508333307191 0.29753148878234864 
0.26882938723025296 0.2688293872302529 0.9249116288180258 
0.5736236950368302 0.5736236950368301 0.5847321720109021 
0.46663433584246744 0.46663433584246733 0.7513353400617587 
0.6272108663201563 0.6272108663201562 0.46174999549522266 
0.7054983473336152 0.705498347333615 0.0674104132836729 
0.11811082492256364 0.11811082492256363 0.9859511479136392 
0.6842428758079631 0.684242875807963 0.2522367415982392 
0.09488655986142389 0.09488655986142387 0.9909556405386312 
0.17086638765390696 0.17086638765390694 0.9703655780891084 
0.04194187986244549 0.041941879862445484 0.9982393287319471 
0.39214592483910204 0.392145924839102 0.8321316886552096 
0.6986609725852526 0.6986609725852525 0.15409636845966845 
0.19854685667826125 0.19854685667826122 0.9597699158685711 
0.6963155193847564 0.6963155193847563 0.17403848691560658 
0.08645085985552795 0.08645085985552793 0.9924981096508344 
0.04504168601983947 0.04504168601983946 0.9979691844145191 
0.7067568590511799 0.7067568590511798 0.0314560704510474 
0.4920616660556358 0.4920616660556357 0.7181578054975828 
0.7011048793781344 0.7011048793781343 0.13001498461463368 
0.22679122070284352 0.22679122070284347 0.9471702510236627 
0.31510304398738803 0.315103043987388 0.8952207232519611 
0.33006056798664113 0.3300605679866411 0.8843755101316815 
0.20768182580616845 0.20768182580616842 0.9558956629568065 
0.6780836693818347 0.6780836693818346 0.2835578858634221 
0.6513070513158602 0.6513070513158601 0.3893561991447919 
0.6773865896605892 0.6773865896605891 0.2868707309852179 
0.4055760844600093 0.4055760844600092 0.8191557113444152 
0.3107443376386203 0.31074433763862025 0.898262719504194 
0.6769242499325018 0.6769242499325017 0.2890451862713507 
0.6571801172352577 0.6571801172352576 0.3690915699678143 
0.4300539757527759 0.4300539757527758 0.7937928923078499 
0.35709849425212764 0.3570984942521276 0.863111424328126 
0.35639390344675376 0.3563939034467537 0.8636936790158719 
0.6051712172257084 0.6051712172257083 0.5172384321404482 
0.6656745147012291 0.665674514701229 0.33727567501165345 
0.4475910952650183 0.4475910952650182 0.7741604632625737 
0.3907431789863816 0.39074317898638156 0.8334503801374339 
0.07364847292294985 0.07364847292294985 0.9945611116830554 
0.2408740429325439 0.24087404293254389 0.940191145928668 
0.6858653238706202 0.68586532387062 0.24326429048197465 
0.5941208285649816 0.5941208285649815 0.5422553661611101 
0.6345274844910854 0.6345274844910853 0.44130459192130655 
0.58967321202949 0.5896732120294899 0.5518795212993941 
0.700410783369273 0.7004107833692729 0.1372933686675464 
0.638596678408258 0.6385966784082578 0.42940489593375614 
0.5282347593323641 0.5282347593323641 0.6647827299698442 
0.0013078190334241619 0.0013078190334241617 0.999998289607913 
0.338057148177288 0.33805714817728794 0.8783135710738382 
0.5919225698062532 0.5919225698062531 0.5470423591532217 
0.5328389578470614 0.5328389578470613 0.6573927973448715 
0.2099659801015325 0.20996598010153245 0.9548971538338596 
0.21695925141021252 0.21695925141021247 0.9517653946509299 
0.6913282036098006 0.6913282036098005 0.21007291540627562 
0.10753039966175032 0.1075303996617503 0.9883695798117061 
0.6860090424197751 0.686009042419775 0.24245244365979604 
9.024478865697974E-4 9.024478865697973E-4 0.9999991855874804 
0.5928167163178648 0.5928167163178647 0.5451024506532773 
0.5573080361005619 0.5573080361005618 0.6154798987745008 
0.09459405958230775 0.09459405958230774 0.9910115679362566 
0.3660582414428564 0.36605824144285637 0.8555715795557534 
0.06049052560756108 0.06049052560756107 0.9963341771832591 
0.5453107811955642 0.5453107811955641 0.6366100092079664 
0.29947038966699024 0.2994703896669902 0.9058890502845269 
0.47157229284894747 0.47157229284894736 0.7451437077734557 
0.5962469335157856 0.5962469335157855 0.5375678455283992 
0.17112830170200258 0.17112830170200255 0.9702732649687802 
0.11124169211984761 0.11124169211984758 0.9875477567533765 
0.6268091830491047 0.6268091830491046 0.46283960082368497 
0.05797678898386746 0.057976788983867454 0.9966330236743313 
0.5552323987181744 0.5552323987181744 0.6192204509117284 
0.637584785543874 0.6375847855438739 0.4324017605028274 
0.42211405422289966 0.4221140542228996 0.8022714319075644 
0.3518789701791668 0.35187897017916675 0.8673882525670371 
0.7058617136249588 0.7058617136249586 0.05931679759455616 
0.06855647720978354 0.06855647720978353 0.9952889122587315 
0.4928684543901996 0.4928684543901995 0.717050467773386 
0.24699460378447102 0.24699460378447097 0.9370097819140975 
0.5553173557525172 0.5553173557525171 0.6190680647554555 
0.6340554346036565 0.6340554346036564 0.4426594760073893 
0.12964984398833893 0.1296498439883389 0.9830472195716738 
8.825635722486453E-4 8.825635722486452E-4 0.9999992210812376 
0.21938064208880995 0.21938064208880992 0.9506546522020513 
0.5591770927523972 0.5591770927523971 0.6120800257171883 
0.5080596365225603 0.5080596365225603 0.6955219705179183 
0.6126138932455035 0.6126138932455034 0.4994080852420931 
0.4836838815418899 0.48368388154188985 0.7294517156557672 
0.35599572074579194 0.3559957207457919 0.8640220446385429 
0.40999197010269345 0.4099919701026934 0.8147473037099444 
0.5291910347577234 0.5291910347577233 0.6632599018967601 
0.4843156010471235 0.4843156010471234 0.7286129268443754 
0.6317373002340896 0.6317373002340895 0.4492393203915788 
0.47157229284894747 0.47157229284894736 0.7451437077734557 
0.1476651540551824 0.14766515405518238 0.9779519438887161 
0.3004848981731759 0.30048489817317586 0.9052169087791678 
0.4518150382094529 0.4518150382094528 0.7692375072080023 
0.4624253875688642 0.46242538756886414 0.7565219903370763 
0.6422843456768655 0.6422843456768654 0.4182602522316477 
0.4630630821040826 0.4630630821040825 0.7557414663656715 
0.6612150939165552 0.6612150939165551 0.3543856644304934 
0.45007708043002786 0.4500770804300278 0.7712724832010828 
0.38370370325847997 0.3837037032584799 0.8399660327724311 
0.2829772671986753 0.2829772671986752 0.9164320664934958 
0.1461089713444677 0.14610897134446768 0.9784193053008118 
0.6965403329453537 0.6965403329453536 0.1722298730207735 
0.04194187986244549 0.041941879862445484 0.9982393287319471 
0.6621871654709423 0.6621871654709421 0.35073681838540705 
0.6611399974802117 0.6611399974802116 0.3546657686664043 
0.4386328997749557 0.4386328997749556 0.7843483655047847 
0.4830675050271082 0.48306750502710816 0.7302681501844166 
0.4836965540993401 0.48369655409934 0.7294349094366462 
0.27591263560634655 0.2759126356063465 0.9207303812873338 
0.30066998703783326 0.3006699870378332 0.9050939828489296 
0.16917933717296846 0.16917933717296843 0.9709565921025667 
0.6770734682180806 0.6770734682180805 0.28834534376382714 
0.5619168606840533 0.5619168606840532 0.6070410886900133 
0.43225796490168267 0.4322579649016826 0.7913950363491746 
0.592232998748762 0.592232998748762 0.5463699757363116 
0.6435345365904821 0.643534536590482 0.4143990835300522 
0.6345214523514161 0.634521452351416 0.44132193805848713 
0.5434616587947385 0.5434616587947384 0.6397646839582054 
0.35639390344675376 0.3563939034467537 0.8636936790158719 
0.056286872702652126 0.05628687270265212 0.9968267532137722 
0.5035035936213272 0.5035035936213271 0.702116986278511 
0.1427639490046927 0.14276394900469266 0.9794064068246496 
0.0030654832379088674 0.003065483237908867 0.9999906027683642 
0.17289456450499555 0.17289456450499552 0.969646811539777 
0.6003694136809309 0.6003694136809308 0.52831158820608 
0.3742664530232147 0.37426645302321465 0.8484392991150538 
0.5008426270472124 0.5008426270472123 0.7059131149545913 
0.04974389655186278 0.049743896551862773 0.9975224756924904 
0.6292199148853412 0.6292199148853411 0.45625058621701303 
0.002227425212043388 0.002227425212043388 0.9999950385646168 
0.2034888249307116 0.20348882493071158 0.9576975494678037 
0.20454597427158724 0.20454597427158722 0.9572470364637199 
0.3391462394073516 0.33914623940735156 0.877473450647769 
0.7037285444009717 0.7037285444009715 0.0976333528594588 
0.6837700175923983 0.6837700175923982 0.2547883947187995 
0.5380504658436762 0.5380504658436761 0.6488477420865437 
0.4304430301652685 0.43044303016526847 0.7933710327232042 
0.609630750459302 0.6096307504593019 0.5066563886786158 
0.5631149279747444 0.5631149279747443 0.6048166298837995 
0.254267543924323 0.25426754392432294 0.933110943143089 
0.7055510090149436 0.7055510090149435 0.06629892424459198 
0.04190618626767808 0.04190618626767807 0.9982423268450389 
0.5379482160435157 0.5379482160435157 0.6490172830604728 
0.4204552898286691 0.420455289828669 0.8040116283426377 
0.7016662462733041 0.701666246273304 0.12381016792437645 
0.5342336968103489 0.5342336968103488 0.6551249608927265 
0.06758617183240974 0.06758617183240974 0.9954216286348614 
0.6550908503440346 0.6550908503440345 0.3764464843653867 
0.3668974383347885 0.36689743833478844 0.8548523495240217 
0.6937330418818185 0.6937330418818185 0.19356893656472374 
0.680299457931415 0.6802994579314149 0.27273667717497396 
0.2642311502850105 0.26423115028501043 0.927557975782711 
0.5559106299838139 0.5559106299838138 0.6180022192047521 
0.3846146817297954 0.38461468172979535 0.8391323454591513 
0.21904519355487162 0.21904519355487156 0.9508093428027606 
0.611596687682886 0.6115966876828859 0.5018953907246457 
0.5955252956717444 0.5955252956717443 0.5391653219840487 
0.6071712962575938 0.6071712962575937 0.5125290567389781 
0.24414700364830913 0.24414700364830907 0.9385011887148066 
0.6819945692468059 0.6819945692468058 0.26413408533494404 
0.5411818432557477 0.5411818432557476 0.6436182292793009 
0.28296519541673576 0.28296519541673576 0.9164395213900026 
0.7006010349996925 0.7006010349996924 0.13533801947242838 
0.6248644774532289 0.6248644774532288 0.46806919321207885 
0.18341977190949818 0.18341977190949815 0.9657713883447445 
0.494994957447603 0.49499495744760297 0.7141148256428314 
0.6706870226156953 0.6706870226156952 0.3167930482030622 
0.5411818432557477 0.5411818432557476 0.6436182292793009 
0.6476813608734674 0.6476813608734673 0.4012701204353332 
0.048689222294454944 0.04868922229445494 0.997626542983256 
0.6479410640015627 0.6479410640015626 0.4004307120602085 
0.3280295755064202 0.32802957550642015 0.8858855429377746 
0.003476696236044529 0.0034766962360445286 0.9999879125102286 
0.26460579423651526 0.2646057942365152 0.9273443520682735 
0.08461795740704367 0.08461795740704366 0.9928139818558759 
0.30143903009460044 0.3014390300946004 0.9045822363230737 
0.685447426366435 0.685447426366435 0.24560873635777183 
0.1481895235555258 0.14818952355552578 0.9777932962629537 
