1.0 0.9882332681451221 0.0 0.0 0.0 0.0 0.0 0.0 0.0 0.0 0.0 0.0 
0.0 0.0 0.0 0.0 0.0 0.0 0.0 0.0 0.0 0.0 0.0 0.0 
0.9999937495170328 0.7811046527332131 0.0 0.0 0.0 0.0 0.0 0.0 0.0 0.0 0.0 0.0 
0.3928285850029608 0.7538013263070115 0.0 0.0 0.0 0.0 0.0 0.0 0.0 0.0 0.0 0.0 
0.21820923154370098 0.8769528645317 0.0 0.0 0.0 0.0 0.0 0.0 0.0 0.0 0.0 0.0 
1.0 0.6886666742393669 0.0 0.0 0.0 0.0 0.0 0.0 0.0 0.0 0.0 0.0 
0.9985997670974338 1.0 0.0 0.0 0.0 0.0 0.0 0.0 0.0 0.0 0.0 0.0 
0.21906363489640268 0.19991643826818006 0.0 0.0 0.0 0.0 0.0 0.0 0.0 0.0 0.0 0.0 
0.6112880309547721 0.34181118173448694 0.0 0.0 0.0 0.0 0.0 0.0 0.0 0.0 0.0 0.0 
0.6084447089303479 0.8720026933489442 0.0 0.0 0.0 0.0 0.0 0.0 0.0 0.0 0.0 0.0 
0.06626884170092183 0.0 0.0 0.0 0.0 0.0 0.0 0.0 0.0 0.0 0.0 0.0 
0.877105447000576 0.6785638154099218 0.0 0.0 0.0 0.0 0.0 0.0 0.0 0.0 0.0 0.0 
0.7863596532228203 0.4088725473093702 0.0 0.0 0.0 0.0 0.0 0.0 0.0 0.0 0.0 0.0 
0.3955513367076645 0.21036398525028563 0.0 0.0 0.0 0.0 0.0 0.0 0.0 0.0 0.0 0.0 
0.6740006934811149 1.0 0.0 0.0 0.0 0.0 0.0 0.0 0.0 0.0 0.0 0.0 
0.8720651693910066 0.020965566506835343 0.0 0.0 0.0 0.0 0.0 0.0 0.0 0.0 0.0 0.0 
0.39167232934167207 1.0 0.0 0.0 0.0 0.0 0.0 0.0 0.0 0.0 0.0 0.0 
0.1781355259190633 0.5848898546459916 0.0 0.0 0.0 0.0 0.0 0.0 0.0 0.0 0.0 0.0 
0.6729759067626795 0.8440898092389171 0.0 0.0 0.0 0.0 0.0 0.0 0.0 0.0 0.0 0.0 
0.05904648616445231 0.15409547627568926 0.0 0.0 0.0 0.0 0.0 0.0 0.0 0.0 0.0 0.0 
0.723539769608692 0.8610752320525225 0.0 0.0 0.0 0.0 0.0 0.0 0.0 0.0 0.0 0.0 
0.3348098315812573 0.9245045448937016 0.0 0.0 0.0 0.0 0.0 0.0 0.0 0.0 0.0 0.0 
0.4593095597931065 0.34811326759262995 0.0 0.0 0.0 0.0 0.0 0.0 0.0 0.0 0.0 0.0 
0.8901927444333669 0.7448400455033528 0.0 0.0 0.0 0.0 0.0 0.0 0.0 0.0 0.0 0.0 
0.6086231438440358 0.0 0.0 0.0 0.0 0.0 0.0 0.0 0.0 0.0 0.0 0.0 
0.48239440789497623 0.4110836429646587 0.0 0.0 0.0 0.0 0.0 0.0 0.0 0.0 0.0 0.0 
0.2582898106323044 0.3275241366511817 0.0 0.0 0.0 0.0 0.0 0.0 0.0 0.0 0.0 0.0 
0.05442974613051639 0.0 0.0 0.0 0.0 0.0 0.0 0.0 0.0 0.0 0.0 0.0 
0.7537502598297491 0.7502599051572875 0.0 0.0 0.0 0.0 0.0 0.0 0.0 0.0 0.0 0.0 
0.8514314341769249 0.36686320493014324 0.0 0.0 0.0 0.0 0.0 0.0 0.0 0.0 0.0 0.0 
0.12690117470048243 0.4876445045611095 0.0 0.0 0.0 0.0 0.0 0.0 0.0 0.0 0.0 0.0 
0.25500947666272356 0.2392093909052481 0.0 0.0 0.0 0.0 0.0 0.0 0.0 0.0 0.0 0.0 
0.4817853269739116 0.0 0.0 0.0 0.0 0.0 0.0 0.0 0.0 0.0 0.0 0.0 
0.3133574814961081 0.30271433486960236 0.0 0.0 0.0 0.0 0.0 0.0 0.0 0.0 0.0 0.0 
0.6112880309547721 0.34181118173448694 0.0 0.0 0.0 0.0 0.0 0.0 0.0 0.0 0.0 0.0 
0.8241315727639748 0.9449264280834582 0.0 0.0 0.0 0.0 0.0 0.0 0.0 0.0 0.0 0.0 
0.9979682056602508 1.0 0.0 0.0 0.0 0.0 0.0 0.0 0.0 0.0 0.0 0.0 
0.760827007963382 0.8142076916491436 0.0 0.0 0.0 0.0 0.0 0.0 0.0 0.0 0.0 0.0 
0.9995502028156285 0.9932753956626633 0.0 0.0 0.0 0.0 0.0 0.0 0.0 0.0 0.0 0.0 
0.9980654675049314 0.6886666742393669 0.0 0.0 0.0 0.0 0.0 0.0 0.0 0.0 0.0 0.0 
0.8543406700353866 0.7490573727712111 0.0 0.0 0.0 0.0 0.0 0.0 0.0 0.0 0.0 0.0 
0.31129222807141643 0.41698298624492125 0.0 0.0 0.0 0.0 0.0 0.0 0.0 0.0 0.0 0.0 
0.7191115189366803 0.9054943325889091 0.0 0.0 0.0 0.0 0.0 0.0 0.0 0.0 0.0 0.0 
0.553863543559788 0.0 0.0 0.0 0.0 0.0 0.0 0.0 0.0 0.0 0.0 0.0 
0.14994236707623046 0.07125554220301267 0.0 0.0 0.0 0.0 0.0 0.0 0.0 0.0 0.0 0.0 
0.8222983786784768 0.7008904595204666 0.0 0.0 0.0 0.0 0.0 0.0 0.0 0.0 0.0 0.0 
0.3290629530675338 0.25117515983168737 0.0 0.0 0.0 0.0 0.0 0.0 0.0 0.0 0.0 0.0 
0.14874768004778524 0.2667672916486911 0.0 0.0 0.0 0.0 0.0 0.0 0.0 0.0 0.0 0.0 
0.4657195769745657 0.6994324290293201 0.0 0.0 0.0 0.0 0.0 0.0 0.0 0.0 0.0 0.0 
0.5491217088693877 0.3002272396151647 0.0 0.0 0.0 0.0 0.0 0.0 0.0 0.0 0.0 0.0 
0.9991246948383962 0.816243185776317 0.0 0.0 0.0 0.0 0.0 0.0 0.0 0.0 0.0 0.0 
0.12837058067362495 0.11647995346683748 0.0 0.0 0.0 0.0 0.0 0.0 0.0 0.0 0.0 0.0 
0.8907400329542892 0.7976460434930643 0.0 0.0 0.0 0.0 0.0 0.0 0.0 0.0 0.0 0.0 
0.9992648173912632 0.4709660627790522 0.0 0.0 0.0 0.0 0.0 0.0 0.0 0.0 0.0 0.0 
0.9967094312154838 0.7530178049159735 0.0 0.0 0.0 0.0 0.0 0.0 0.0 0.0 0.0 0.0 
0.2701772613990854 0.41079262100435754 0.0 0.0 0.0 0.0 0.0 0.0 0.0 0.0 0.0 0.0 
0.16429410988422952 0.5354738751733935 0.0 0.0 0.0 0.0 0.0 0.0 0.0 0.0 0.0 0.0 
0.4936254613213627 1.0 0.0 0.0 0.0 0.0 0.0 0.0 0.0 0.0 0.0 0.0 
0.020564285159724263 0.0 0.0 0.0 0.0 0.0 0.0 0.0 0.0 0.0 0.0 0.0 
0.6445419521118589 0.079357609397115 0.0 0.0 0.0 0.0 0.0 0.0 0.0 0.0 0.0 0.0 
0.2665403327108545 0.38965961785106684 0.0 0.0 0.0 0.0 0.0 0.0 0.0 0.0 0.0 0.0 
0.839540736859765 0.27354148748536244 0.0 0.0 0.0 0.0 0.0 0.0 0.0 0.0 0.0 0.0 
0.6389989334691656 0.49215967908454117 0.0 0.0 0.0 0.0 0.0 0.0 0.0 0.0 0.0 0.0 
0.504274919951085 0.0 0.0 0.0 0.0 0.0 0.0 0.0 0.0 0.0 0.0 0.0 
0.6955579076223934 0.9263499940060582 0.0 0.0 0.0 0.0 0.0 0.0 0.0 0.0 0.0 0.0 
0.9418367625325503 1.0 0.0 0.0 0.0 0.0 0.0 0.0 0.0 0.0 0.0 0.0 
0.08148246984611761 0.0 0.0 0.0 0.0 0.0 0.0 0.0 0.0 0.0 0.0 0.0 
0.9618513616511948 0.46674992620056044 0.0 0.0 0.0 0.0 0.0 0.0 0.0 0.0 0.0 0.0 
0.6297454001168221 0.1735657183152853 0.0 0.0 0.0 0.0 0.0 0.0 0.0 0.0 0.0 0.0 
0.24552515833513633 0.18564110919537713 0.0 0.0 0.0 0.0 0.0 0.0 0.0 0.0 0.0 0.0 
0.8213313601537622 0.7292344669353461 0.0 0.0 0.0 0.0 0.0 0.0 0.0 0.0 0.0 0.0 
0.326659304160659 0.524362185402458 0.0 0.0 0.0 0.0 0.0 0.0 0.0 0.0 0.0 0.0 
0.8713460844685333 0.33111644481869584 0.0 0.0 0.0 0.0 0.0 0.0 0.0 0.0 0.0 0.0 
0.32003218950359363 0.15739818125378272 0.0 0.0 0.0 0.0 0.0 0.0 0.0 0.0 0.0 0.0 
0.4921973435787561 0.1954594157978145 0.0 0.0 0.0 0.0 0.0 0.0 0.0 0.0 0.0 0.0 
0.3182360459943633 0.09315436029865046 0.0 0.0 0.0 0.0 0.0 0.0 0.0 0.0 0.0 0.0 
0.6957208117681072 0.1320971121747091 0.0 0.0 0.0 0.0 0.0 0.0 0.0 0.0 0.0 0.0 
0.5693644215513523 0.4049715979654083 0.0 0.0 0.0 0.0 0.0 0.0 0.0 0.0 0.0 0.0 
0.2468854162779353 0.0 0.0 0.0 0.0 0.0 0.0 0.0 0.0 0.0 0.0 0.0 
0.19061782832724194 0.17407506516527416 0.0 0.0 0.0 0.0 0.0 0.0 0.0 0.0 0.0 0.0 
0.9323148139473403 1.0 0.0 0.0 0.0 0.0 0.0 0.0 0.0 0.0 0.0 0.0 
0.7401983341286364 1.0 0.0 0.0 0.0 0.0 0.0 0.0 0.0 0.0 0.0 0.0 
0.7037289901198945 0.6862868176459553 0.0 0.0 0.0 0.0 0.0 0.0 0.0 0.0 0.0 0.0 
0.39323879826837804 0.7779201147451944 0.0 0.0 0.0 0.0 0.0 0.0 0.0 0.0 0.0 0.0 
0.3918644574278654 0.8604421025567328 0.0 0.0 0.0 0.0 0.0 0.0 0.0 0.0 0.0 0.0 
0.4659036071707697 0.08958151780986293 0.0 0.0 0.0 0.0 0.0 0.0 0.0 0.0 0.0 0.0 
0.9448317394190466 1.0 0.0 0.0 0.0 0.0 0.0 0.0 0.0 0.0 0.0 0.0 
0.20867467181770044 0.6073776686589203 0.0 0.0 0.0 0.0 0.0 0.0 0.0 0.0 0.0 0.0 
0.5440314554193428 0.9949073867030371 0.0 0.0 0.0 0.0 0.0 0.0 0.0 0.0 0.0 0.0 
0.11391441955270315 0.0 0.0 0.0 0.0 0.0 0.0 0.0 0.0 0.0 0.0 0.0 
0.39479119899116843 0.20795173577473522 0.0 0.0 0.0 0.0 0.0 0.0 0.0 0.0 0.0 0.0 
0.7517099095595685 0.7088952975468743 0.0 0.0 0.0 0.0 0.0 0.0 0.0 0.0 0.0 0.0 
0.7835384460439637 0.03403440835826077 0.0 0.0 0.0 0.0 0.0 0.0 0.0 0.0 0.0 0.0 
0.8736855970020246 0.9465149691314465 0.0 0.0 0.0 0.0 0.0 0.0 0.0 0.0 0.0 0.0 
0.5857502279846342 1.0 0.0 0.0 0.0 0.0 0.0 0.0 0.0 0.0 0.0 0.0 
0.5865692578761768 0.7757451058595928 0.0 0.0 0.0 0.0 0.0 0.0 0.0 0.0 0.0 0.0 
0.9505276890653566 0.8871156171229384 0.0 0.0 0.0 0.0 0.0 0.0 0.0 0.0 0.0 0.0 
0.3946304403134574 0.19505739249641585 0.0 0.0 0.0 0.0 0.0 0.0 0.0 0.0 0.0 0.0 
0.7839864620082476 1.0 0.0 0.0 0.0 0.0 0.0 0.0 0.0 0.0 0.0 0.0 
0.9214259875684908 0.8392231230551528 0.0 0.0 0.0 0.0 0.0 0.0 0.0 0.0 0.0 0.0 
0.8931527133352061 0.8759550082642313 0.0 0.0 0.0 0.0 0.0 0.0 0.0 0.0 0.0 0.0 
0.7026200149249838 0.7008904595204666 0.0 0.0 0.0 0.0 0.0 0.0 0.0 0.0 0.0 0.0 
0.7390602031200061 0.9580973781148909 0.0 0.0 0.0 0.0 0.0 0.0 0.0 0.0 0.0 0.0 
0.6524937439694487 0.0 0.0 0.0 0.0 0.0 0.0 0.0 0.0 0.0 0.0 0.0 
0.46938017821626826 0.7682313491609108 0.0 0.0 0.0 0.0 0.0 0.0 0.0 0.0 0.0 0.0 
0.2369501564871921 0.6639487855780019 0.0 0.0 0.0 0.0 0.0 0.0 0.0 0.0 0.0 0.0 
0.3233644642151196 0.3423555744458164 0.0 0.0 0.0 0.0 0.0 0.0 0.0 0.0 0.0 0.0 
0.7850254992804262 0.5294522959863279 0.0 0.0 0.0 0.0 0.0 0.0 0.0 0.0 0.0 0.0 
0.13187455964327932 0.035627771101506334 0.0 0.0 0.0 0.0 0.0 0.0 0.0 0.0 0.0 0.0 
0.20425839887824465 0.5354487865769673 0.0 0.0 0.0 0.0 0.0 0.0 0.0 0.0 0.0 0.0 
0.9654100968724751 0.9266351273329045 0.0 0.0 0.0 0.0 0.0 0.0 0.0 0.0 0.0 0.0 
0.47508746173887084 0.5196159376728151 0.0 0.0 0.0 0.0 0.0 0.0 0.0 0.0 0.0 0.0 
0.0838349466793584 1.0 0.0 0.0 0.0 0.0 0.0 0.0 0.0 0.0 0.0 0.0 
0.9516076918945954 1.0 0.0 0.0 0.0 0.0 0.0 0.0 0.0 0.0 0.0 0.0 
0.3910395016934267 0.5053146266431083 0.0 0.0 0.0 0.0 0.0 0.0 0.0 0.0 0.0 0.0 
0.5649311988196979 0.6708075978675516 0.0 0.0 0.0 0.0 0.0 0.0 0.0 0.0 0.0 0.0 
0.9095540135835257 1.0 0.0 0.0 0.0 0.0 0.0 0.0 0.0 0.0 0.0 0.0 
0.4731635194056783 0.4338217148461512 0.0 0.0 0.0 0.0 0.0 0.0 0.0 0.0 0.0 0.0 
0.7850254992804262 0.5294522959863279 0.0 0.0 0.0 0.0 0.0 0.0 0.0 0.0 0.0 0.0 
0.19268186063867737 0.735937085057455 0.0 0.0 0.0 0.0 0.0 0.0 0.0 0.0 0.0 0.0 
0.7515601984381948 1.0 0.0 0.0 0.0 0.0 0.0 0.0 0.0 0.0 0.0 0.0 
0.39790872001394617 0.20844305685350767 0.0 0.0 0.0 0.0 0.0 0.0 0.0 0.0 0.0 0.0 
0.5411642563563939 0.7861667905321985 0.0 0.0 0.0 0.0 0.0 0.0 0.0 0.0 0.0 0.0 
0.30553672897440515 0.21388341799555155 0.0 0.0 0.0 0.0 0.0 0.0 0.0 0.0 0.0 0.0 
0.04315198027902826 0.024660998328963707 0.0 0.0 0.0 0.0 0.0 0.0 0.0 0.0 0.0 0.0 
0.8933737522152219 0.8163237781761776 0.0 0.0 0.0 0.0 0.0 0.0 0.0 0.0 0.0 0.0 
0.16235739374262076 0.6035606059924032 0.0 0.0 0.0 0.0 0.0 0.0 0.0 0.0 0.0 0.0 
0.9141684735701174 0.7332636738960083 0.0 0.0 0.0 0.0 0.0 0.0 0.0 0.0 0.0 0.0 
0.8445159456768756 0.949849209200845 0.0 0.0 0.0 0.0 0.0 0.0 0.0 0.0 0.0 0.0 
0.9622604606862089 0.44381976139441515 0.0 0.0 0.0 0.0 0.0 0.0 0.0 0.0 0.0 0.0 
0.6256895576188193 0.6964690652395965 0.0 0.0 0.0 0.0 0.0 0.0 0.0 0.0 0.0 0.0 
0.09870237837433318 0.06529093061098958 0.0 0.0 0.0 0.0 0.0 0.0 0.0 0.0 0.0 0.0 
0.8189432262505532 1.0 0.0 0.0 0.0 0.0 0.0 0.0 0.0 0.0 0.0 0.0 
0.11216025170767052 0.30864008651844954 0.0 0.0 0.0 0.0 0.0 0.0 0.0 0.0 0.0 0.0 
0.9219667351046505 0.7805839526127731 0.0 0.0 0.0 0.0 0.0 0.0 0.0 0.0 0.0 0.0 
0.9591179853766744 0.6792852216709765 0.0 0.0 0.0 0.0 0.0 0.0 0.0 0.0 0.0 0.0 
0.0197363125867275 0.009091803334088022 0.0 0.0 0.0 0.0 0.0 0.0 0.0 0.0 0.0 0.0 
0.5100357064406806 0.3660088011472617 0.0 0.0 0.0 0.0 0.0 0.0 0.0 0.0 0.0 0.0 
0.08273376943618489 0.018183606668176044 0.0 0.0 0.0 0.0 0.0 0.0 0.0 0.0 0.0 0.0 
0.7915562645879909 0.7779143553405855 0.0 0.0 0.0 0.0 0.0 0.0 0.0 0.0 0.0 0.0 
0.7059783572293011 1.0 0.0 0.0 0.0 0.0 0.0 0.0 0.0 0.0 0.0 0.0 
0.6903978190971841 0.8163263936400467 0.0 0.0 0.0 0.0 0.0 0.0 0.0 0.0 0.0 0.0 
0.8092721077733711 0.8161734100108702 0.0 0.0 0.0 0.0 0.0 0.0 0.0 0.0 0.0 0.0 
0.1830361735883888 0.22179847600779173 0.0 0.0 0.0 0.0 0.0 0.0 0.0 0.0 0.0 0.0 
0.2543396472852498 0.0 0.0 0.0 0.0 0.0 0.0 0.0 0.0 0.0 0.0 0.0 
0.18508907228324062 0.0 0.0 0.0 0.0 0.0 0.0 0.0 0.0 0.0 0.0 0.0 
0.6109549988856761 1.0 0.0 0.0 0.0 0.0 0.0 0.0 0.0 0.0 0.0 0.0 
0.7105636442878513 0.44744253574338294 0.0 0.0 0.0 0.0 0.0 0.0 0.0 0.0 0.0 0.0 
0.18651189509425115 0.0 0.0 0.0 0.0 0.0 0.0 0.0 0.0 0.0 0.0 0.0 
0.24056705173931342 0.0 0.0 0.0 0.0 0.0 0.0 0.0 0.0 0.0 0.0 0.0 
0.5838558339188 0.28377002058037204 0.0 0.0 0.0 0.0 0.0 0.0 0.0 0.0 0.0 0.0 
0.6630585757934571 0.7976460434930643 0.0 0.0 0.0 0.0 0.0 0.0 0.0 0.0 0.0 0.0 
0.6638606112970982 0.19943208785610225 0.0 0.0 0.0 0.0 0.0 0.0 0.0 0.0 0.0 0.0 
0.34617638984838073 1.0 0.0 0.0 0.0 0.0 0.0 0.0 0.0 0.0 0.0 0.0 
0.21907306835411375 0.208057615307811 0.0 0.0 0.0 0.0 0.0 0.0 0.0 0.0 0.0 0.0 
0.5641381271505218 0.4446479945641074 0.0 0.0 0.0 0.0 0.0 0.0 0.0 0.0 0.0 0.0 
0.6274171181005297 0.4082385938855837 0.0 0.0 0.0 0.0 0.0 0.0 0.0 0.0 0.0 0.0 
0.9335762821211987 1.0 0.0 0.0 0.0 0.0 0.0 0.0 0.0 0.0 0.0 0.0 
0.778336891663362 0.8341144340296979 0.0 0.0 0.0 0.0 0.0 0.0 0.0 0.0 0.0 0.0 
0.15626834021361177 0.09565874122456791 0.0 0.0 0.0 0.0 0.0 0.0 0.0 0.0 0.0 0.0 
0.3647708328880837 0.0 0.0 0.0 0.0 0.0 0.0 0.0 0.0 0.0 0.0 0.0 
0.2911466909011272 0.0 0.0 0.0 0.0 0.0 0.0 0.0 0.0 0.0 0.0 0.0 
0.37219358960572096 0.8359287012869165 0.0 0.0 0.0 0.0 0.0 0.0 0.0 0.0 0.0 0.0 
0.08748308345677161 0.0 0.0 0.0 0.0 0.0 0.0 0.0 0.0 0.0 0.0 0.0 
0.28292355131595226 0.3337026068970981 0.0 0.0 0.0 0.0 0.0 0.0 0.0 0.0 0.0 0.0 
0.46289985713982684 0.6496592333206079 0.0 0.0 0.0 0.0 0.0 0.0 0.0 0.0 0.0 0.0 
0.9986215773833031 0.2916764223253265 0.0 0.0 0.0 0.0 0.0 0.0 0.0 0.0 0.0 0.0 
0.682946983863971 0.8334368145394977 0.0 0.0 0.0 0.0 0.0 0.0 0.0 0.0 0.0 0.0 
0.36855768755380736 0.2379134771070301 0.0 0.0 0.0 0.0 0.0 0.0 0.0 0.0 0.0 0.0 
0.4568490422636129 0.01683440637271061 0.0 0.0 0.0 0.0 0.0 0.0 0.0 0.0 0.0 0.0 
0.8083823275068923 0.6188826946395961 0.0 0.0 0.0 0.0 0.0 0.0 0.0 0.0 0.0 0.0 
0.8007356790250533 1.0 0.0 0.0 0.0 0.0 0.0 0.0 0.0 0.0 0.0 0.0 
0.13509137988315745 0.047829370612283956 0.0 0.0 0.0 0.0 0.0 0.0 0.0 0.0 0.0 0.0 
0.9027914486506041 0.08787207295053473 0.0 0.0 0.0 0.0 0.0 0.0 0.0 0.0 0.0 0.0 
0.155943929938492 0.2396123615585449 0.0 0.0 0.0 0.0 0.0 0.0 0.0 0.0 0.0 0.0 
0.9989356047147586 0.790483691679802 0.0 0.0 0.0 0.0 0.0 0.0 0.0 0.0 0.0 0.0 
0.3671366007539509 0.08730171949895596 0.0 0.0 0.0 0.0 0.0 0.0 0.0 0.0 0.0 0.0 
0.4220300019540359 0.2737164229026186 0.0 0.0 0.0 0.0 0.0 0.0 0.0 0.0 0.0 0.0 
0.9145345093231599 0.4072812284064431 0.0 0.0 0.0 0.0 0.0 0.0 0.0 0.0 0.0 0.0 
0.6537290686277417 0.686393552025427 0.0 0.0 0.0 0.0 0.0 0.0 0.0 0.0 0.0 0.0 
0.9454926776451973 0.7519100165284626 0.0 0.0 0.0 0.0 0.0 0.0 0.0 0.0 0.0 0.0 
0.4393301152007104 0.32302785680286816 0.0 0.0 0.0 0.0 0.0 0.0 0.0 0.0 0.0 0.0 
0.7218450002232579 1.0 0.0 0.0 0.0 0.0 0.0 0.0 0.0 0.0 0.0 0.0 
0.5352067956794326 0.6130574923434424 0.0 0.0 0.0 0.0 0.0 0.0 0.0 0.0 0.0 0.0 
0.3617176341858647 0.566210499814738 0.0 0.0 0.0 0.0 0.0 0.0 0.0 0.0 0.0 0.0 
0.8443139626600433 0.8772913220995626 0.0 0.0 0.0 0.0 0.0 0.0 0.0 0.0 0.0 0.0 
0.899401191198385 0.40503315928143224 0.0 0.0 0.0 0.0 0.0 0.0 0.0 0.0 0.0 0.0 
0.3066132945134026 0.6031915881065884 0.0 0.0 0.0 0.0 0.0 0.0 0.0 0.0 0.0 0.0 
0.9476337075581653 0.6346605867889406 0.0 0.0 0.0 0.0 0.0 0.0 0.0 0.0 0.0 0.0 
0.4247969611826669 0.35699740116885514 0.0 0.0 0.0 0.0 0.0 0.0 0.0 0.0 0.0 0.0 
0.28488442377021256 1.0 0.0 0.0 0.0 0.0 0.0 0.0 0.0 0.0 0.0 0.0 
0.5928293959181958 0.26321151993431396 0.0 0.0 0.0 0.0 0.0 0.0 0.0 0.0 0.0 0.0 
0.6679957910387009 0.0 0.0 0.0 0.0 0.0 0.0 0.0 0.0 0.0 0.0 0.0 
0.03752008294812536 0.14690346664225853 0.0 0.0 0.0 0.0 0.0 0.0 0.0 0.0 0.0 0.0 
0.937967697542413 1.0 0.0 0.0 0.0 0.0 0.0 0.0 0.0 0.0 0.0 0.0 
0.509008029057902 0.6670109793446725 0.0 0.0 0.0 0.0 0.0 0.0 0.0 0.0 0.0 0.0 
0.7728854487396766 0.5176214783823446 0.0 0.0 0.0 0.0 0.0 0.0 0.0 0.0 0.0 0.0 
0.4249827748453412 0.5884226804094165 0.0 0.0 0.0 0.0 0.0 0.0 0.0 0.0 0.0 0.0 
0.29199267596270495 0.20849149312246062 0.0 0.0 0.0 0.0 0.0 0.0 0.0 0.0 0.0 0.0 
0.882339288097447 0.9632842853889722 0.0 0.0 0.0 0.0 0.0 0.0 0.0 0.0 0.0 0.0 
0.9991715270398732 0.9386043994123499 0.0 0.0 0.0 0.0 0.0 0.0 0.0 0.0 0.0 0.0 
0.7991878394871321 0.33111644481869584 0.0 0.0 0.0 0.0 0.0 0.0 0.0 0.0 0.0 0.0 
0.42005198007241873 0.0 0.0 0.0 0.0 0.0 0.0 0.0 0.0 0.0 0.0 0.0 
0.489519752937842 0.4537396819012183 0.0 0.0 0.0 0.0 0.0 0.0 0.0 0.0 0.0 0.0 
0.3327920900980308 0.7848139035853465 0.0 0.0 0.0 0.0 0.0 0.0 0.0 0.0 0.0 0.0 
0.5201227727603828 0.02551667626123799 0.0 0.0 0.0 0.0 0.0 0.0 0.0 0.0 0.0 0.0 
0.6646553059977891 0.3366474741031924 0.0 0.0 0.0 0.0 0.0 0.0 0.0 0.0 0.0 0.0 
0.606357353059953 0.0 0.0 0.0 0.0 0.0 0.0 0.0 0.0 0.0 0.0 0.0 
0.4614358166965057 0.8736389287371793 0.0 0.0 0.0 0.0 0.0 0.0 0.0 0.0 0.0 0.0 
0.5196611351089022 0.3026655829547227 0.0 0.0 0.0 0.0 0.0 0.0 0.0 0.0 0.0 0.0 
0.2966001826739582 0.20504201198275768 0.0 0.0 0.0 0.0 0.0 0.0 0.0 0.0 0.0 0.0 
0.5348844554087508 0.19837651851873694 0.0 0.0 0.0 0.0 0.0 0.0 0.0 0.0 0.0 0.0 
0.8658029922048895 0.7531700876828785 0.0 0.0 0.0 0.0 0.0 0.0 0.0 0.0 0.0 0.0 
0.7205541007693902 0.4901064501160798 0.0 0.0 0.0 0.0 0.0 0.0 0.0 0.0 0.0 0.0 
0.5587750438103573 0.23422292263771094 0.0 0.0 0.0 0.0 0.0 0.0 0.0 0.0 0.0 0.0 
0.5459733124657812 1.0 0.0 0.0 0.0 0.0 0.0 0.0 0.0 0.0 0.0 0.0 
0.27456686261996105 0.6996379202214417 0.0 0.0 0.0 0.0 0.0 0.0 0.0 0.0 0.0 0.0 
0.5455306990620815 0.5257201369388075 0.0 0.0 0.0 0.0 0.0 0.0 0.0 0.0 0.0 0.0 
0.23085839734505323 1.0 0.0 0.0 0.0 0.0 0.0 0.0 0.0 0.0 0.0 0.0 
0.5610966515016957 0.36801881334414366 0.0 0.0 0.0 0.0 0.0 0.0 0.0 0.0 0.0 0.0 
0.6345324358404529 0.06693421556673229 0.0 0.0 0.0 0.0 0.0 0.0 0.0 0.0 0.0 0.0 
0.7378279583112144 0.8277821590103992 0.0 0.0 0.0 0.0 0.0 0.0 0.0 0.0 0.0 0.0 
0.8675973103473323 0.6400006070751597 0.0 0.0 0.0 0.0 0.0 0.0 0.0 0.0 0.0 0.0 
0.11008098556942604 0.0 0.0 0.0 0.0 0.0 0.0 0.0 0.0 0.0 0.0 0.0 
0.9622604606862089 0.44381976139441515 0.0 0.0 0.0 0.0 0.0 0.0 0.0 0.0 0.0 0.0 
0.22793029728914696 0.0 0.0 0.0 0.0 0.0 0.0 0.0 0.0 0.0 0.0 0.0 
0.23051836738917128 0.3238077303356366 0.0 0.0 0.0 0.0 0.0 0.0 0.0 0.0 0.0 0.0 
0.5739815356433967 0.3113831447087677 0.0 0.0 0.0 0.0 0.0 0.0 0.0 0.0 0.0 0.0 
0.5211008749189232 0.5298713307963394 0.0 0.0 0.0 0.0 0.0 0.0 0.0 0.0 0.0 0.0 
0.5202184198850655 0.5654861420348865 0.0 0.0 0.0 0.0 0.0 0.0 0.0 0.0 0.0 0.0 
0.745303253130746 1.0 0.0 0.0 0.0 0.0 0.0 0.0 0.0 0.0 0.0 0.0 
0.7197190629742195 0.722295586563169 0.0 0.0 0.0 0.0 0.0 0.0 0.0 0.0 0.0 0.0 
0.8462019840019149 0.3907839032226262 0.0 0.0 0.0 0.0 0.0 0.0 0.0 0.0 0.0 0.0 
0.18631633590432048 0.4606883685481924 0.0 0.0 0.0 0.0 0.0 0.0 0.0 0.0 0.0 0.0 
0.4155168665750104 0.49519527483883297 0.0 0.0 0.0 0.0 0.0 0.0 0.0 0.0 0.0 0.0 
0.5816633524676725 0.4023330567555121 0.0 0.0 0.0 0.0 0.0 0.0 0.0 0.0 0.0 0.0 
0.36801990342966784 0.27276342202370485 0.0 0.0 0.0 0.0 0.0 0.0 0.0 0.0 0.0 0.0 
0.2718830155526532 0.10251792080675684 0.0 0.0 0.0 0.0 0.0 0.0 0.0 0.0 0.0 0.0 
0.29086654197321915 0.5882666132192924 0.0 0.0 0.0 0.0 0.0 0.0 0.0 0.0 0.0 0.0 
0.44224601839722083 0.2516025955242132 0.0 0.0 0.0 0.0 0.0 0.0 0.0 0.0 0.0 0.0 
0.663838154447375 0.7603783910723796 0.0 0.0 0.0 0.0 0.0 0.0 0.0 0.0 0.0 0.0 
0.9494756970070067 0.6991542774720478 0.0 0.0 0.0 0.0 0.0 0.0 0.0 0.0 0.0 0.0 
0.4956707158675273 0.6195569615529875 0.0 0.0 0.0 0.0 0.0 0.0 0.0 0.0 0.0 0.0 
0.8705243094315437 0.1845994252418688 0.0 0.0 0.0 0.0 0.0 0.0 0.0 0.0 0.0 0.0 
0.9972344432388845 1.0 0.0 0.0 0.0 0.0 0.0 0.0 0.0 0.0 0.0 0.0 
0.84271375022831 0.13328099706138363 0.0 0.0 0.0 0.0 0.0 0.0 0.0 0.0 0.0 0.0 
0.3545205914486997 0.3117941452611786 0.0 0.0 0.0 0.0 0.0 0.0 0.0 0.0 0.0 0.0 
0.644716828866462 0.891305398685772 0.0 0.0 0.0 0.0 0.0 0.0 0.0 0.0 0.0 0.0 
0.4988487014246442 0.6529417325935274 0.0 0.0 0.0 0.0 0.0 0.0 0.0 0.0 0.0 0.0 
0.9552014008969438 0.2683229048982923 0.0 0.0 0.0 0.0 0.0 0.0 0.0 0.0 0.0 0.0 
0.30173184010840487 0.6510594052777455 0.0 0.0 0.0 0.0 0.0 0.0 0.0 0.0 0.0 0.0 
0.9982493896767923 0.6324863715526341 0.0 0.0 0.0 0.0 0.0 0.0 0.0 0.0 0.0 0.0 
0.8143507881250722 0.33059828181322004 0.0 0.0 0.0 0.0 0.0 0.0 0.0 0.0 0.0 0.0 
0.8129902341563799 0.8180471248411114 0.0 0.0 0.0 0.0 0.0 0.0 0.0 0.0 0.0 0.0 
0.681396018330293 0.8661447658203072 0.0 0.0 0.0 0.0 0.0 0.0 0.0 0.0 0.0 0.0 
0.0628533718672705 0.0 0.0 0.0 0.0 0.0 0.0 0.0 0.0 0.0 0.0 0.0 
0.16378419736951627 0.3949756888219653 0.0 0.0 0.0 0.0 0.0 0.0 0.0 0.0 0.0 0.0 
0.44913792758999893 0.01206577795778499 0.0 0.0 0.0 0.0 0.0 0.0 0.0 0.0 0.0 0.0 
0.5835503488934145 0.6334468975735869 0.0 0.0 0.0 0.0 0.0 0.0 0.0 0.0 0.0 0.0 
0.339000381028153 0.07014212357424704 0.0 0.0 0.0 0.0 0.0 0.0 0.0 0.0 0.0 0.0 
0.4136361133627706 0.45309357797371524 0.0 0.0 0.0 0.0 0.0 0.0 0.0 0.0 0.0 0.0 
0.7657341946001819 0.8644997527582319 0.0 0.0 0.0 0.0 0.0 0.0 0.0 0.0 0.0 0.0 
0.04219923469094409 0.04005396957335234 0.0 0.0 0.0 0.0 0.0 0.0 0.0 0.0 0.0 0.0 
0.9624853592783946 0.23885848588840997 0.0 0.0 0.0 0.0 0.0 0.0 0.0 0.0 0.0 0.0 
0.44943610970265213 0.41199628497141216 0.0 0.0 0.0 0.0 0.0 0.0 0.0 0.0 0.0 0.0 
0.5947754055448597 1.0 0.0 0.0 0.0 0.0 0.0 0.0 0.0 0.0 0.0 0.0 
0.07906934672056326 0.0 0.0 0.0 0.0 0.0 0.0 0.0 0.0 0.0 0.0 0.0 
0.4552807324808361 0.6477600346897572 0.0 0.0 0.0 0.0 0.0 0.0 0.0 0.0 0.0 0.0 
0.9374607505439894 1.0 0.0 0.0 0.0 0.0 0.0 0.0 0.0 0.0 0.0 0.0 
0.2457316632798009 0.6001671234636399 0.0 0.0 0.0 0.0 0.0 0.0 0.0 0.0 0.0 0.0 
0.6526440856582825 0.7825926230638274 0.0 0.0 0.0 0.0 0.0 0.0 0.0 0.0 0.0 0.0 
0.12406008647742855 0.38279487976298027 0.0 0.0 0.0 0.0 0.0 0.0 0.0 0.0 0.0 0.0 
0.17517963850210663 1.0 0.0 0.0 0.0 0.0 0.0 0.0 0.0 0.0 0.0 0.0 
0.7564257307849764 1.0 0.0 0.0 0.0 0.0 0.0 0.0 0.0 0.0 0.0 0.0 
0.4243238529866051 0.1564618299694329 0.0 0.0 0.0 0.0 0.0 0.0 0.0 0.0 0.0 0.0 
0.6341351020768105 0.5347135115968698 0.0 0.0 0.0 0.0 0.0 0.0 0.0 0.0 0.0 0.0 
0.7992204261824296 0.8472018764519389 0.0 0.0 0.0 0.0 0.0 0.0 0.0 0.0 0.0 0.0 
0.3346146490039981 0.0 0.0 0.0 0.0 0.0 0.0 0.0 0.0 0.0 0.0 0.0 
0.36253806071669914 0.6144480766911039 0.0 0.0 0.0 0.0 0.0 0.0 0.0 0.0 0.0 0.0 
0.34275463229512376 0.01787414596090145 0.0 0.0 0.0 0.0 0.0 0.0 0.0 0.0 0.0 0.0 
0.7758651929287008 0.6784462461103056 0.0 0.0 0.0 0.0 0.0 0.0 0.0 0.0 0.0 0.0 
0.16983038903903752 0.590065103297063 0.0 0.0 0.0 0.0 0.0 0.0 0.0 0.0 0.0 0.0 
0.4449073074055202 0.3337026068970981 0.0 0.0 0.0 0.0 0.0 0.0 0.0 0.0 0.0 0.0 
0.7377772781339313 0.7192309013283751 0.0 0.0 0.0 0.0 0.0 0.0 0.0 0.0 0.0 0.0 
0.08677035620536072 0.5409357546689803 0.0 0.0 0.0 0.0 0.0 0.0 0.0 0.0 0.0 0.0 
0.3099787935980972 0.5590991537571444 0.0 0.0 0.0 0.0 0.0 0.0 0.0 0.0 0.0 0.0 
0.8327066577646773 0.8299040001456458 0.0 0.0 0.0 0.0 0.0 0.0 0.0 0.0 0.0 0.0 
0.5059790307945513 0.1834717393127629 0.0 0.0 0.0 0.0 0.0 0.0 0.0 0.0 0.0 0.0 
0.20572419458374364 0.7036314731638404 0.0 0.0 0.0 0.0 0.0 0.0 0.0 0.0 0.0 0.0 
0.4449073074055202 0.3337026068970981 0.0 0.0 0.0 0.0 0.0 0.0 0.0 0.0 0.0 0.0 
0.2630855850296585 0.009697366209068276 0.0 0.0 0.0 0.0 0.0 0.0 0.0 0.0 0.0 0.0 
0.9571465326598099 0.4850212050626402 0.0 0.0 0.0 0.0 0.0 0.0 0.0 0.0 0.0 0.0 
0.262372864747675 0.0 0.0 0.0 0.0 0.0 0.0 0.0 0.0 0.0 0.0 0.0 
0.6929494448520905 0.5829895637446056 0.0 0.0 0.0 0.0 0.0 0.0 0.0 0.0 0.0 0.0 
0.9970184270972142 1.0 0.0 0.0 0.0 0.0 0.0 0.0 0.0 0.0 0.0 0.0 
0.7558354932936433 0.7161662160935811 0.0 0.0 0.0 0.0 0.0 0.0 0.0 0.0 0.0 0.0 
0.9240292965736177 0.045144241465952806 0.0 0.0 0.0 0.0 0.0 0.0 0.0 0.0 0.0 0.0 
0.7197190629742195 0.722295586563169 0.0 0.0 0.0 0.0 0.0 0.0 0.0 0.0 0.0 0.0 
0.15817923241696605 0.0 0.0 0.0 0.0 0.0 0.0 0.0 0.0 0.0 0.0 0.0 
0.8651527234781526 0.8212068814856761 0.0 0.0 0.0 0.0 0.0 0.0 0.0 0.0 0.0 0.0 
