3.0330838060968768 8.307103532577564 16.106024676454282 0.0 
36.06253761990672 36.06253761990672 0.0 0.0 
36.062460795450406 36.0624607954504 0.0 0.0 
36.062478717629006 36.062478717629006 0.0 0.0 
36.062460795450406 36.0624607954504 0.0 0.0 
36.062460795450406 36.0624607954504 0.0 0.0 
36.06247666008778 36.062476660087775 0.0 0.0 
36.062460795450406 36.0624607954504 0.0 0.0 
35.87395440343412 35.87395440343411 0.0 14.883015401474085 
7.979669005760883E-7 1.8768229318698186E-6 21.35411733447167 0.0 
74.43029682752444 0.0 0.0 0.0 
74.43029682752444 0.0 0.0 0.0 
72.74521286078956 0.0 0.0 0.0 
72.74521286078956 0.0 0.0 0.0 
73.77465865736534 0.0 0.0 0.0 
74.04363804232104 0.0 0.0 0.0 
1.787785150128911E-15 1.2494092838542263E-15 1.206366937350109E-15 40.7054969323527 
1.2578140016364374E-6 3.4106287928851776E-6 21.458174101929718 0.0 
74.75954394074675 0.0 0.0 0.0 
74.07704631637293 0.0 0.0 0.0 
73.7203724081404 0.0 0.0 0.0 
73.02931016500429 0.0 0.0 0.0 
73.77465865736534 0.0 0.0 0.0 
2.277768906366335E-15 8.305043117361221E-16 1.2441258519750688E-15 44.50320478476597 
7.16039096587065E-7 1.6753486669341683E-6 21.65484000664518 0.0 
74.17103549273547 0.0 0.0 0.0 
73.7203724081404 0.0 0.0 0.0 
73.7203724081404 0.0 0.0 0.0 
73.87841817414548 0.0 0.0 0.0 
1.9816079512013356E-15 9.196888535156365E-16 1.2083177765948962E-15 40.77132257663687 
7.979669005760883E-7 1.8768229318698186E-6 21.35411733447167 0.0 
74.21920217215609 0.0 0.0 0.0 
73.87841817414548 0.0 0.0 0.0 
73.7203724081404 0.0 0.0 0.0 
1.6671856472201173E-15 1.5047723680760215E-15 1.2393906020781648E-15 41.89189528173449 
4.319170624451344E-7 1.4254982583578532E-6 21.594558941105085 0.0 
74.17049099955142 0.0 0.0 0.0 
74.17103549273547 0.0 0.0 0.0 
1.4479505150298029E-15 1.760876059086342E-15 1.2648265990519536E-15 42.577365502760166 
1.8062443215997752E-7 6.099413751537596E-7 21.798543178975482 0.0 
75.5437812292284 0.0 0.0 0.0 
2.088357582125506E-15 1.209817893950896E-15 1.2453961547997403E-15 44.353398104980734 
1.5198296174476512E-6 4.018848577486871E-6 21.59459520090165 0.0 
2.088357582125506E-15 1.209817893950896E-15 1.2453961547997403E-15 44.353398104980734 
8.788139535729012E-7 2.7293362463145802E-6 22.517236666416455 0.08115878264078534 
1.2578140016364374E-6 3.4106287928851776E-6 21.458174101929718 0.0 
9.418899315072324E-15 153.82229915809404 0.0 0.0 
9.4402095472689E-15 154.17032166076848 0.0 0.0 
9.418899315072324E-15 153.82229915809404 0.0 0.0 
9.419453664208704E-15 153.8313523665255 0.0 0.0 
9.419453664208704E-15 153.8313523665255 0.0 0.0 
9.623958171975928E-15 157.17116443167944 0.0 0.0 
2.0244480703163454E-15 1.356585517763159E-15 1.2733030660710544E-15 44.903528728970365 
8.207123844693417E-7 2.5934539720339336E-6 21.361929935151228 0.0 
1.930203581641782 8.178797250251417 15.349824178996963 0.0 
14.13653642133271 19.52678877668868 14.898741497720984 0.22004470587958996 
35.12071799048915 35.12071799048914 0.0 11.753211899663988 
34.60939337460648 34.609393374606476 0.0 14.358387392626978 
34.60939337460648 34.609393374606476 0.0 14.358387392626978 
1.7906762119809374E-15 1.251429727707817E-15 1.2083177765948962E-15 40.77132257663687 
8.207123844693417E-7 2.5934539720339336E-6 21.361929935151228 0.0 
1.6775242597806446 8.091948401895822 15.1293501645599 0.0 
1.7227466328272671 7.770216851610709 14.570837779058747 0.0 
8.240024468146403 18.154662503687604 13.341636162051833 2.279537067223154 
1.9816079512013356E-15 9.196888535156365E-16 1.2083177765948962E-15 40.77132257663687 
1.7906712498133174E-15 1.2514262598535884E-15 1.2083144282087916E-15 40.77120959466092 
1.1030658270817888E-6 3.45493766061229E-6 21.360755197417337 0.0 
9.584800961763692E-7 3.025577695276307E-6 21.36316472325369 0.0 
2.2038914724235683 7.827180138558207 14.84806052511549 0.0 
1.384808089380069E-15 1.7494978840748089E-15 1.247304759500141E-15 41.746064217198885 
1.384808089380069E-15 1.7494978840748089E-15 1.247304759500141E-15 41.746064217198885 
7.16039096587065E-7 1.6753486669341683E-6 21.65484000664518 0.0 
0.6983016309917479 2.18668499318054 21.39571107076774 2.9626689608154866 
1.7227466328272671 7.770216851610709 14.570837779058747 0.0 
1.5131988193562347E-15 1.6666604570253843E-15 1.2598222530202567E-15 42.1291529744787 
1.1030658270817888E-6 3.45493766061229E-6 21.360755197417337 0.0 
0.6983016309917479 2.18668499318054 21.39571107076774 2.9626689608154866 
1.584769647754144E-15 1.0704180129266214E-15 1.6117036027840085E-15 40.844028235163265 
1.5198296174476512E-6 4.018848577486871E-6 21.59459520090165 0.0 
2.130813303485867E-15 1.1622201054138983E-15 1.2603127324678707E-15 44.66380216205137 
8.788139535729012E-7 2.7293362463145802E-6 22.517236666416455 0.08115878264078534 
1.0984771771464298E-6 3.463811938373524E-6 21.40236711300705 0.0 
9.3895640570791E-15 153.34321803831898 0.0 0.0 
9.418899315072324E-15 153.82229915809404 0.0 0.0 
9.423205253164984E-15 153.8926204637253 0.0 0.0 
9.389472432166574E-15 153.34172168994178 0.0 0.0 
9.617220907117486E-15 157.06113654669036 0.0 0.0 
1.9465800896233013E-15 1.315489178618817E-15 1.2994538132700544E-15 43.84646116951123 
3.9975823516240756E-16 1.2469667241592185E-15 21.38539880323782 0.0 
1.6775242597806446 8.091948401895822 15.1293501645599 0.0 
4.978683498644096 19.239786994508965 13.299097511377058 2.272264195623341 
8.240024468146403 18.154662503687604 13.341636162051833 2.279537067223154 
1.787785150128911E-15 1.2494092838542263E-15 1.206366937350109E-15 40.7054969323527 
1.4479505150298029E-15 1.760876059086342E-15 1.2648265990519536E-15 42.577365502760166 
9.584800961763692E-7 3.025577695276307E-6 21.36316472325369 0.0 
1.7835626560036122 8.04451933993266 15.085214293390237 0.0 
3.0563140149911843 8.468151985437101 13.759316661047919 0.7773459158807579 
8.240024468146403 18.154662503687604 13.341636162051833 2.279537067223154 
1.5131988193562347E-15 1.6666604570253843E-15 1.2598222530202567E-15 42.1291529744787 
5.3767425259576645E-6 1.7387356288816583E-5 21.40528725523182 0.0 
3.9975823516240756E-16 1.2469667241592185E-15 21.38539880323782 0.0 
2.987560541808688 8.236593043674986 14.995252217757383 0.0 
1.8078708361728285E-15 1.234230223915658E-15 1.2107361891113473E-15 40.85292518047299 
1.2355147090755498E-6 2.82657211972912E-6 21.533370873388847 0.0 
0.10306157984287544 0.32542228191600164 21.41769604181099 0.0 
1.8078708361728285E-15 1.234230223915658E-15 1.2107361891113473E-15 40.85292518047299 
3.8750168357430152E-16 1.265547599303457E-15 21.615111149697718 0.0 
1.584769647754144E-15 1.0704180129266214E-15 1.6117036027840085E-15 40.844028235163265 
5.650258199000382E-7 1.7818998808544278E-6 22.01993696584642 0.0 
8.940748720369162E-4 0.003047345932013211 21.43589622143187 0.0 
9.380050586287358E-15 153.18785126973938 0.0 0.0 
9.376269924883033E-15 153.12610838343198 0.0 0.0 
9.3895640570791E-15 153.34321803831898 0.0 0.0 
9.439673505017427E-15 154.1615674264563 0.0 0.0 
1.9465800896233013E-15 1.315489178618817E-15 1.2994538132700544E-15 43.84646116951123 
4.042946426177956E-16 1.2612405045696043E-15 21.629996065107292 0.0 
1.6775242597806446 8.091948401895822 15.1293501645599 0.0 
4.978683498644096 19.239786994508965 13.299097511377058 2.272264195623341 
5.966751636349074 19.1342447531355 13.465680346480525 1.7201475697764539 
1.7906712498133174E-15 1.2514262598535884E-15 1.2083144282087916E-15 40.77120959466092 
4.042946426177953E-16 1.2612405045696045E-15 21.629996065107292 0.0 
2.6390999889810978 7.686185804619881 14.800471947088143 0.0 
4.092293917804438 8.59209099898561 14.661831016910153 0.0 
1.664459154607925E-15 1.2608148455575422E-15 1.1930557846785694E-15 39.274713824515416 
1.2355147090755498E-6 2.82657211972912E-6 21.533370873388847 0.0 
2.0255258288664737 3.6642715284393006 21.520980708818733 0.8451816087942566 
1.9264754488578818E-15 1.2422119348896584E-15 1.2486797221241865E-15 42.629224819157784 
9.015584421408819E-7 2.4190618277223577E-6 22.116428156662465 0.0 
1.8049368399533987E-15 1.2656209893570575E-15 1.219280645212377E-15 41.14123724349208 
9.95720995300568E-4 0.0030079039574439203 21.552892479892044 0.0 
4.042946426177956E-16 1.2612405045696043E-15 21.629996065107292 0.0 
9.440599241289306E-15 154.17668584709025 0.0 0.0 
9.427867195377144E-15 153.96875575784287 0.0 0.0 
9.380050586287358E-15 153.18785126973938 0.0 0.0 
1.7887105186767443E-15 1.2500559857549365E-15 1.2069913602685394E-15 40.72656634697582 
0.0020140806651360523 0.006141269694018113 21.988623955414372 0.0 
3.0563140149911843 8.468151985437101 13.759316661047919 0.7773459158807579 
5.966751636349074 19.1342447531355 13.465680346480525 1.7201475697764539 
1.916206393396509E-15 1.3487404809641791E-15 1.2666097970817831E-15 43.50137056815113 
9.548061386237453E-4 0.0030074737438091806 21.41479785029646 0.0 
3.4466602638207067 8.056695792616477 14.959696145827808 0.0 
1.664459154607925E-15 1.2608148455575422E-15 1.1930557846785694E-15 39.274713824515416 
4.4055068618074127E-16 1.2774909829650033E-15 22.06874472172553 0.0 
2.0529209291080386E-15 1.3310357389669437E-15 1.2586416150692896E-15 44.93411988498812 
2.8065525469114285E-7 8.998816167134939E-7 22.20753812879277 0.0 
8.940748720369162E-4 0.003047345932013211 21.43589622143187 0.0 
9.439673505017427E-15 154.1615674264563 0.0 0.0 
9.65140843174647E-15 157.61946119429953 0.0 0.0 
2.044450439666543E-15 1.391717699032242E-15 1.2718275015241746E-15 45.41788117426242 
0.0020140806651360523 0.006141269694018113 21.988623955414372 0.0 
2.6390999889810978 7.686185804619881 14.800471947088143 0.0 
1.8049368399533987E-15 1.2656209893570575E-15 1.219280645212377E-15 41.14123724349208 
0.0018305096109629208 0.006160267298129385 21.78851019414992 0.0 
2.0827986852660245E-15 1.2920917252666836E-15 1.2604432586154955E-15 45.01106618451589 
2.8887952810639545E-7 8.77444658700733E-7 21.763297657907547 0.0 
0.0018280883734393657 0.006260183344868973 22.092067505468606 0.0 
9.376269924883033E-15 153.12610838343198 0.0 0.0 
2.2666629331840784E-15 9.211084872643345E-16 1.2586480509217463E-15 44.93434964806158 
0.0018860759036769298 0.005989361612017987 21.324830069850716 0.0 
2.130813303485867E-15 1.1622201054138983E-15 1.2603127324678707E-15 44.66380216205137 
9.548061386237453E-4 0.0030074737438091806 21.41479785029646 0.0 
0.001803298736877284 0.006175292662237843 21.792489907184788 0.0 
2.124549665007259E-15 1.1627396443933682E-15 1.2573618759452195E-15 44.565536395017546 
0.0018860759036769298 0.005989361612017987 21.324830069850716 0.0 
2.2295346260074844E-6 7.14665197279775E-6 22.046449601985955 0.0 
