18.42250699782686 18.443448024122304 0.0 0.0 
18.42014628975858 18.434591965636923 0.0 0.0 
18.42014628975858 18.434591965636923 0.0 0.0 
18.41870155994123 18.42665623259482 0.0 0.0 
18.426408131117455 18.434366132086602 0.0 0.0 
18.41870155994123 18.42665623259482 0.0 0.0 
18.426408131117455 18.434366132086602 0.0 0.0 
18.426408131117455 18.434366132086602 0.0 0.0 
0.6837975221256892 0.7609533206176412 0.0 0.02219242682890598 
29.888918655358697 0.0 0.4015965801632139 0.0 
31.90441709442988 0.0 0.0 0.0 
31.90441709442988 0.0 0.0 0.0 
31.779965426185672 0.0055954672370253705 0.0 0.0 
30.64180740782254 0.0 0.0 0.0 
32.22035514221519 0.005673006220926709 0.0 0.0 
32.22035514221519 0.005673006220926709 0.0 0.0 
2.9636427223672287E-16 1.8105519263681393E-17 1.8859145829413715E-15 31.17869871469472 
29.64880938440423 0.0 0.39837039914299466 0.0 
31.90441709442988 0.0 0.0 0.0 
31.785938261259993 0.0 0.0 0.0 
31.90441709442988 0.0 0.0 0.0 
31.779965426185672 0.0055954672370253705 0.0 0.0 
31.982638671339657 0.0 0.0 0.0 
2.1855922485285105E-16 0.0 1.8970646753247315E-15 31.186349999705087 
29.64880938440423 0.0 0.39837039914299466 0.0 
31.885486963604514 0.0 0.0 0.0 
30.64180740782254 0.0 0.0 0.0 
30.60099328145631 0.0 0.0 0.0 
31.989858277306936 0.0 0.0 0.0 
1.6260040001831834E-17 3.960082220885234E-18 1.9089606384578283E-15 31.176891089767466 
29.888918655358697 0.0 0.4015965801632139 0.0 
31.697024693143327 0.0 0.0 0.0 
31.730303185126395 0.0 0.0 0.0 
30.60099328145631 0.0 0.0 0.0 
5.139612423604069E-16 3.139897769765281E-17 1.8382284628617734E-15 31.176100392318794 
31.420146478975695 0.0 6.261387269468912 0.0 
30.60099328145631 0.0 0.0 0.0 
31.69256295505909 0.0 0.0 0.0 
30.60099328145631 0.0 0.0 0.0 
31.69256295505909 0.0 0.0 0.0 
31.730303185126395 0.0 0.0 0.0 
4.1411326497050305E-16 1.2318511449924844E-17 1.862659909083327E-15 31.16291249881 
31.420146478975695 0.0 6.261387269468912 0.0 
2.7146121021778197E-16 9.181968905974284E-18 1.8893585388784156E-15 31.17278624780264 
0.3299082342434877 0.0 1.010192028636103 0.21709633223809266 
5.08313228558631E-15 83.01385001986506 0.0 0.0 
5.0987554100401515E-15 83.26899500476551 0.0 0.0 
5.0987554100401515E-15 83.26899500476551 0.0 0.0 
5.0829584126862185E-15 83.01101045991663 0.0 0.0 
5.071097957081881E-15 82.81731452060426 0.0 0.0 
5.071097957081881E-15 82.81731452060426 0.0 0.0 
5.068274501471891E-15 82.77120399123439 0.0 0.0 
5.0867592203147164E-17 0.8307308235903309 0.0 0.7399246949772241 
5.514141656992874E-15 3.487973750545786E-15 106.55644868109724 0.0 
0.6905564497241786 0.654385887691751 0.31975892941668116 0.11677878684726584 
0.6905564497241786 0.654385887691751 0.31975892941668116 0.11677878684726584 
0.6666175111955661 0.7060272272573301 0.23713035016139586 0.17169989096739996 
0.6890649952579158 0.6932202424991382 0.0013197720007731126 0.27098550257386544 
0.5649238994932337 0.5134805223653786 0.12304988308366362 0.6369017333077214 
6.52086823712199E-16 0.0 1.7940623455302173E-15 31.174607474899418 
5.514141656992874E-15 3.487973750545786E-15 106.55644868109724 0.0 
0.6991625095328209 0.34234391412033993 0.6523723314170677 0.11878476330513257 
0.8511491350805358 0.40548145928000967 0.3398600967517104 0.2508724437074657 
0.8663368435371843 0.46937142379108815 0.2825873232550319 0.1309264187822447 
0.49129977893540067 0.38013794728025124 0.19485781241216285 0.7644335303281065 
1.6260040001831834E-17 3.960082220885234E-18 1.9089606384578283E-15 31.176891089767466 
6.5406801781622045E-15 0.0 106.8174135222675 0.0 
0.7370371930597632 0.23877133646358503 0.6590417432662957 0.1896706985239144 
0.767218134992582 0.2980742220751587 0.42054943898679703 0.4456173008362687 
0.4738122053837482 0.23005915611628566 0.2659526511133899 0.8109940520495461 
3.7199379249977484E-16 4.5622045449898385E-17 1.8718051878363317E-15 31.1756276337505 
6.53175946027219E-15 5.321408765999959E-17 106.6752671573741 0.0 
0.62854988136588 0.12327426282373377 0.7637075709134739 0.25690686215946984 
0.444489759464846 0.21088843165478668 0.3780655728233566 0.8535472704021198 
2.7147063014864574E-16 9.182287527969E-18 1.889424101198715E-15 31.173867969537582 
3.9018319432602945E-15 5.259248695726332E-15 106.9465388048804 0.0 
0.291967941951754 0.08062731221037964 0.6381570349792344 0.7381030282534038 
4.1411326497050305E-16 1.2318511449924844E-17 1.862659909083327E-15 31.16291249881 
5.2285902539968056E-15 3.99173246552502E-15 107.42937529212313 0.0 
1.1685664549808149E-31 0.0 1.9084138476406688E-15 31.166763330772284 
5.780014421747329E-17 5.249721645704777E-16 8.625254511055124 8.625254511055122 
5.089937585811232E-15 83.12498900670862 2.7467027072509853 0.0 
5.0987554100401515E-15 83.26899500476551 0.0 0.0 
5.08313228558631E-15 83.01385001986506 0.0 0.0 
5.071097957081881E-15 82.81731452060426 0.0 0.0 
5.0867937267260585E-15 83.07364589149594 0.0 0.0 
5.068274501471891E-15 82.77120399123439 0.0 0.0 
5.0867592203147164E-17 0.8307308235903309 0.0 0.7399246949772241 
6.054782011768836E-15 2.416713246794739E-15 106.46776728830123 0.0 
0.46588391023588677 0.0 0.9225384159869009 0.15458280450072068 
0.41683429602408756 0.8625721159498774 0.2239028512802391 0.2575612026855578 
0.40221430424893206 0.8329010244665723 0.19299357338085524 0.3887457205367655 
0.2712978439590181 0.6932397651711711 0.05963308003764862 0.7087531311093798 
4.68677721536481E-16 1.7924820204489955E-17 1.850649674736586E-15 31.178916498371322 
6.4702916323649034E-15 9.695267872467157E-16 106.84756998517958 0.0 
0.46588391023588677 0.0 0.9225384159869009 0.15458280450072068 
0.5306982631004767 0.49057991212794877 0.4120865803453376 0.5598258884341569 
0.3947952375382545 0.3636479651380564 0.24490956251253387 0.8109099354744786 
5.050079059823134E-16 5.607211966072688E-17 1.8396673191579524E-15 31.16894327184101 
6.5406801781622045E-15 0.0 106.8174135222675 0.0 
0.407295260817544 0.0025032268599085618 0.8888677478615881 0.3687506699918156 
0.3666124803344917 0.254195784431658 0.38412701241211383 0.8104451319674177 
5.050079059823134E-16 5.607211966072688E-17 1.8396673191579524E-15 31.16894327184101 
6.534367459250512E-15 0.0 106.7143189987512 0.0 
0.3513997318845443 0.17379149775771768 0.5593761083687971 0.7351649918009394 
1.1685664549808149E-31 0.0 1.9084138476406688E-15 31.166763330772284 
5.2285902539968056E-15 3.99173246552502E-15 107.42937529212313 0.0 
4.1411326497050305E-16 1.2318511449924844E-17 1.862659909083327E-15 31.16291249881 
5.780014421747329E-17 5.249721645704777E-16 8.625254511055124 8.625254511055122 
5.089937585811232E-15 83.12498900670862 2.7467027072509853 0.0 
5.0987554100401515E-15 83.26899500476551 0.0 0.0 
5.096334294077246E-15 83.22945518047347 0.0 0.0 
5.0987554100401515E-15 83.26899500476551 0.0 0.0 
5.071097957081881E-15 82.81731452060426 0.0 0.0 
5.064584622035593E-17 0.8271094368697577 0.0 0.7366991574282092 
5.514141656992874E-15 3.487973750545786E-15 106.55644868109724 0.0 
0.26671685260053757 0.9373139287655284 0.127132705272656 0.24538156063121028 
0.2748190595990914 0.8987601059570419 0.20296089154305066 0.3686821474463253 
0.2333527692017477 0.7095411839061251 0.0 0.7088561886330681 
2.8077961415723078E-16 1.7126666805653934E-17 1.8886084761979965E-15 31.18357032456329 
6.540507234024555E-15 0.0 106.81458913016081 0.0 
0.19964639812143653 0.0 0.9296136412430738 0.4578824639503534 
0.27548724301546135 0.3191505088451522 0.23351534813724645 0.8862916087575742 
3.6818099028406247E-16 0.0 1.873197120874547E-15 31.176950566040972 
6.540507234024555E-15 0.0 106.81458913016081 0.0 
0.07931362694361094 0.015890019608802302 0.7108533099265115 0.7384758554800565 
2.9116535966258566E-16 6.745304508400195E-17 1.885461235697507E-15 31.176379774368023 
6.53175946027219E-15 5.321408765999959E-17 106.6752671573741 0.0 
2.9116535966258566E-16 6.745304508400195E-17 1.885461235697507E-15 31.176379774368023 
5.780014421747329E-17 5.249721645704777E-16 8.625254511055124 8.625254511055122 
5.136415636398989E-15 83.88403317552721 0.444929541166133 0.0 
5.127555634778502E-15 83.73933836839333 0.0 0.0 
5.100037827696753E-15 83.28993847446624 0.0 0.0 
5.100037827696753E-15 83.28993847446624 0.0 0.0 
5.0867592203147164E-17 0.8307308235903309 0.0 0.7399246949772241 
6.054782011768836E-15 2.416713246794739E-15 106.46776728830123 0.0 
0.14469165241682655 0.9171634928448746 0.024955898806056226 0.44757534368461654 
0.18090406776561074 0.6784915751939876 0.0 0.7596991387548566 
2.0884300073239045E-16 0.0 1.8976883666838975E-15 31.178712102749117 
3.900099709728586E-15 5.256913831725316E-15 106.89905947124637 0.0 
0.06953866247726696 0.00752718624556901 0.7543817389688741 0.7222525517327053 
2.0884300073239045E-16 0.0 1.8976883666838975E-15 31.178712102749117 
5.0017139254531334E-15 4.2452792197116204E-15 107.14032108907966 0.0 
2.2250114621122424E-16 0.0 1.8962153382197152E-15 31.180007324846514 
5.780014421747329E-17 5.249721645704777E-16 8.625254511055124 8.625254511055122 
5.162206857318407E-15 84.30523577757336 0.44716364309676176 0.0 
5.155643732718173E-15 84.1980518188221 0.0 0.0 
5.150843303679706E-15 84.11965486319686 0.0 0.0 
5.064584622035593E-17 0.8271094368697577 0.0 0.7366991574282092 
3.963912145712131E-15 5.215764106899413E-15 106.98743692482842 0.0 
0.07931362694361094 0.015890019608802302 0.7108533099265115 0.7384758554800565 
2.3678727037682263E-16 1.0934111428674675E-17 1.8949828199457447E-15 31.188595435782517 
3.898324055809757E-15 5.254520441724807E-15 106.85039001456664 0.0 
2.2250114621122424E-16 0.0 1.8962153382197152E-15 31.180007324846514 
9.57454256478594E-17 5.42456513215318E-16 8.995922857386027 8.995922857386025 
5.1679870941109075E-15 84.39963420814983 0.4476643420833652 0.0 
5.150843303679706E-15 84.11965486319686 0.0 0.0 
4.713226411051903E-17 0.7697282864469062 0.0 0.7906268233938133 
3.963912145712131E-15 5.215764106899413E-15 106.98743692482842 0.0 
2.3678727037682263E-16 1.0934111428674675E-17 1.8949828199457447E-15 31.188595435782517 
9.57454256478594E-17 5.42456513215318E-16 8.995922857386027 8.995922857386025 
5.3118572471379E-15 86.7492121130145 27.495255105660394 0.0 
5.4003546950930085E-17 0.8819448511771633 0.0 0.6587322319067975 
9.968420755767965E-17 5.647721265896311E-16 9.365997751022503 9.365997751022501 
4.931380440029328E-16 8.053555430778486 0.0 3.4548927413493096 
