1.0 0.5 0.5279770012132321 0.5005378467268125 0.6015779703998099 0.4970900724450338 0.4006332959945013 
1.0 1.0 0.49986134694818185 0.5993738400312647 0.40121904303917905 0.4954001287935324 0.5000225005406012 
1.0 1.0 0.49986134694818185 0.5996391642318207 0.40121402064895767 0.4954001287935324 0.5000202523536609 
1.0 1.0 0.49986134694818185 0.5996391642318207 0.40121402064895767 0.4954001287935324 0.5000202523536609 
1.0 1.0 0.49986134694818185 0.5993738400312647 0.40121904303917905 0.4954001287935324 0.5000225005406012 
1.0 1.0 0.49986134694818185 0.5996391642318207 0.40121402064895767 0.4954001287935324 0.5000202523536609 
1.0 1.0 0.49986134694818185 0.5996391642318207 0.40121402064895767 0.4954001287935324 0.5000202523536609 
1.0 1.0 0.49986134694818185 0.5993738400312647 0.40121904303917905 0.4954001287935324 0.5000225005406012 
0.9805059551046181 1.0 0.49986134694818185 0.5993738400312647 0.40121904303917905 0.4954001287935324 0.5000225005406012 
1.0 0.5 1.0 0.400884278477222 0.3027388106022636 0.6968359899983589 0.2029028300778698 
1.0 1.0 1.0 0.29972976634320825 0.09731665082909062 0.6980543473000644 0.5035930576867026 
1.0 1.0 1.0 0.2991127691068486 0.09705578219519895 0.49595140544136596 0.5035784142643525 
1.0 1.0 1.0 0.2992470301368626 0.09722991865664868 0.5969587945844987 0.5036049051493233 
1.0 1.0 1.0 0.3000117207389194 0.09729515205911196 0.6985275164420782 0.5035835914676321 
1.0 1.0 1.0 0.29897567855865126 0.09662773368292905 0.6985808873431969 0.5036283725443744 
1.0 1.0 1.0 0.4994739309628449 0.10285191016361706 0.7961220692521571 0.3023692050582589 
0.0 0.7579522928837117 0.2662575711516937 0.7996733540612067 0.2996262062494872 0.29971411253944774 0.5009735495285057 
1.0 0.0 0.5630373683119458 0.40119629897543907 0.8017621940914892 0.49858074950882775 0.3012313647763283 
1.0 1.0 1.0 0.4023689493253687 0.09609152994077029 0.5979208188439316 0.5035869458464208 
1.0 1.0 1.0 0.2991127691068486 0.09705578219519895 0.49595140544136596 0.5035784142643525 
1.0 1.0 1.0 0.40213378306924374 0.09611332414270005 0.5978607977402104 0.5035849541786582 
1.0 1.0 1.0 0.2992470301368626 0.09722991865664868 0.5969587945844987 0.5036049051493233 
1.0 1.0 1.0 0.3014811882034425 0.09717621483490338 0.5972796005849377 0.5035874737063681 
0.0 0.7260275409702074 0.2608222935810735 0.7996116160916703 0.2994371112482625 0.2996490435070277 0.5009588626909405 
1.0 0.6196509906210582 1.0 0.20071058099646627 0.2999304775471455 0.5010155861102974 0.20101780346143258 
1.0 1.0 1.0 0.4021171528740886 0.09612980052245733 0.5979570491326056 0.5035921722107886 
1.0 1.0 1.0 0.4021171528740886 0.09612980052245733 0.5979570491326056 0.5035921722107886 
1.0 1.0 1.0 0.4021171528740886 0.09612980052245733 0.5979570491326056 0.5035921722107886 
1.0 1.0 1.0 0.40213378306924374 0.09611332414270005 0.5978607977402104 0.5035849541786582 
0.0 0.6747967433654036 0.25783301881753096 0.7996046125935412 0.30018971336142225 0.29948998259325654 0.50097923098588 
1.0 0.6196509906210582 1.0 0.20071058099646627 0.2999304775471455 0.5010155861102974 0.20101780346143258 
1.0 1.0 1.0 0.4021171528740886 0.09612980052245733 0.5979570491326056 0.5035921722107886 
1.0 1.0 1.0 0.2991127691068486 0.09705578219519895 0.49595140544136596 0.5035784142643525 
1.0 1.0 1.0 0.2991127691068486 0.09705578219519895 0.49595140544136596 0.5035784142643525 
0.0 0.7167691622497877 0.324217807262026 0.8010854773363637 0.4019789269391377 0.2997814464574595 0.5009497935157481 
1.0 0.6795222547054396 1.0 0.20088374068494155 0.30027622349607885 0.6020029650123961 0.20090365983398367 
1.0 1.0 1.0 0.2991127691068486 0.09705578219519895 0.49595140544136596 0.5035784142643525 
1.0 1.0 1.0 0.2991127691068486 0.09705578219519895 0.49595140544136596 0.5035784142643525 
0.0 0.6416362120744794 0.23880915801583982 0.7999073522368186 0.29995065371155927 0.2994074984509501 0.5009808151990198 
1.0 0.5 1.0 0.400884278477222 0.3027388106022636 0.6968359899983589 0.2029028300778698 
1.0 1.0 1.0 0.2991127691068486 0.09705578219519895 0.49595140544136596 0.5035784142643525 
0.0 0.6416362120744794 0.23880915801583982 0.7999073522368186 0.29995065371155927 0.2994074984509501 0.5009808151990198 
1.0 0.6774517716143207 1.0 0.20135360306291583 0.29963397594220975 0.6021554981986086 0.20066306441222698 
0.0 0.6967330575559753 0.30099900121585965 0.8007466010905477 0.2992118568272536 0.2996778543693148 0.5009588782142074 
0.7937866118457033 0.0 0.5089333067383672 0.40155083535457686 0.6991222180538412 0.5017074058182577 0.4022182387558307 
1.0 0.0 0.5733716248763177 0.4013283072275968 0.8016759346189366 0.4984901737871425 0.30122251421592194 
1.0 1.0 6.932652590907473E-5 0.600283232741195 0.5965333701422689 0.1999292176277515 0.8988186591325714 
1.0 1.0 0.0 0.6001512244890372 0.5966196296148215 0.20001979334943676 0.8988275096929778 
1.0 1.0 6.932652590907473E-5 0.600283232741195 0.5965333701422689 0.1999292176277515 0.8988186591325714 
1.0 1.0 6.932652590907473E-5 0.600283232741195 0.5965333701422689 0.1999292176277515 0.8988186591325714 
1.0 1.0 6.932652590907473E-5 0.600283232741195 0.5965333701422689 0.1999292176277515 0.8988186591325714 
1.0 1.0 6.932652590907473E-5 0.600283232741195 0.5965333701422689 0.1999292176277515 0.8988186591325714 
0.0 0.6747967433654036 0.25783301881753096 0.7996046125935412 0.30018971336142225 0.29948998259325654 0.50097923098588 
1.0 0.0 0.5854006533060435 0.40138111052845993 0.8016414308299156 0.4984539434984684 0.3012189739917594 
0.901076067084543 0.44302446680233765 0.4952870742850953 0.49981013416026676 0.49855270726441236 0.49955705156019725 0.5015587279643825 
0.8093198466298961 0.4677821332562053 0.19969540294986876 0.4997267606560981 0.499294800780809 0.4994363404410936 0.5015621522435516 
0.8759315801557974 0.7498317930168392 0.4402987432126107 0.4994755471342591 0.500546475271612 0.49873306331976996 0.5015687726849146 
0.8138756644702639 0.5872785773432714 0.5478360825301563 0.5000867173506476 0.4997287882412168 0.4991497950518077 0.5015691990182547 
0.5429036940485452 0.8819963853715317 0.5290037503478848 0.601437755825692 0.49918894975398936 0.40039378770719736 0.49820510517842165 
0.0 0.6505821160913846 0.2633331384941852 0.8000243188657288 0.30062337641609105 0.29931262763494143 0.5009831109046347 
1.0 0.0 0.5630373683119458 0.4014616231759951 0.8017571717012678 0.49858074950882775 0.301229116589388 
0.901076067084543 0.44302446680233765 0.4952870742850953 0.49981013416026676 0.49855270726441236 0.49955705156019725 0.5015587279643825 
0.756457965777653 0.5491631721422828 0.4411005280715652 0.4998045063120883 0.4996383657769477 0.49921316293644413 0.501560552749816 
0.9798954895121035 0.7391247309204808 0.6461180742509024 0.4998765042048199 0.5004438467364113 0.4989548618833017 0.5014388239081502 
0.5429036940485452 0.8365065839786305 0.521876611940324 0.6016792893334029 0.49933194888111576 0.4002345641951791 0.4982087477413034 
0.0 0.7163980947564402 0.3348605188731117 0.8009115929605946 0.40196881873244356 0.29964777625724487 0.5009443290271001 
1.0 0.0 0.5690518825268088 0.4013553627261487 0.8017424310018679 0.49856263436449066 0.3012284705707769 
0.8413438532517175 0.3683375650583628 0.5209487001152711 0.5006006618220021 0.49907509538046824 0.5002085955117254 0.501625470693864 
0.7175636261752489 0.49253979971007295 0.18323075385748216 0.4998017970545188 0.4999333829301426 0.49920693845596764 0.5015549558502331 
0.7175636261752489 0.49253979971007295 0.18323075385748216 0.4998017970545188 0.4999333829301426 0.49920693845596764 0.5015549558502331 
0.0 0.6730860650690352 0.26076256182232393 0.7996733540612067 0.2996262062494872 0.2998591286331512 0.5009735495285057 
1.0 0.0 0.5585224448559981 0.4012531299174568 0.8006990317354228 0.30031831258023944 0.3011279807273429 
0.7714906098846854 0.30542870172639613 0.47747321739375603 0.5000588523028381 0.4990876090800443 0.5000928343386764 0.5016017813062029 
0.6884388000105137 0.32070180573250556 0.4818563941583759 0.5006227257896609 0.499161616714528 0.49971813963330514 0.5015723282039055 
0.0 0.695278709548641 0.3804535749795917 0.801698021113606 0.3004762381253666 0.4022403397256644 0.5009499153365654 
1.0 0.0 0.6244035712201226 0.40230763916644985 0.8014977837298185 0.3986246310893744 0.30112046915546564 
0.7749309114884233 0.2965614582819094 0.4799832135188065 0.5004208995424213 0.49905052094474844 0.500176873915066 0.5016012325617598 
0.0 0.6101982903620249 0.23385706794572386 0.799808206720562 0.2997238976222232 0.2994702179076019 0.5009816627417434 
1.0 0.0 0.5116364711901147 0.40179214586040557 0.8014548415113023 0.3982232691340075 0.3012218889594752 
0.0 0.597101979135527 0.2904647542057322 0.7989605834192283 0.299355861548424 0.29977358631436407 0.5009555056438388 
0.8782404482083251 0.0 0.6356250877834229 0.4004294649211684 0.6988812562611172 0.501244906855921 0.4021860259291903 
1.0 0.0 0.5630373683119458 0.40119629897543907 0.8017621940914892 0.49858074950882775 0.3012313647763283 
1.0 1.0 6.932652590907473E-5 0.600283232741195 0.5965333701422689 0.1999292176277515 0.8988186591325714 
1.0 1.0 6.932652590907473E-5 0.600283232741195 0.5965333701422689 0.1999292176277515 0.8988186591325714 
1.0 1.0 0.0 0.6001512244890372 0.5966196296148215 0.20001979334943676 0.8988275096929778 
1.0 1.0 6.932652590907473E-5 0.600283232741195 0.5965333701422689 0.1999292176277515 0.8988186591325714 
1.0 1.0 6.932652590907473E-5 0.600283232741195 0.5965333701422689 0.1999292176277515 0.8988186591325714 
0.0 0.7469400936197036 0.26076256182232393 0.7996733540612067 0.2996262062494872 0.29971411253944774 0.5009735495285057 
1.0 0.0 0.5647321401773 0.4011170940241444 0.8018139497750207 0.4986350949418389 0.3012366751125721 
0.901076067084543 0.44302446680233765 0.48880746076083204 0.49965172425767745 0.49865621863147547 0.49966574242621953 0.5015693486368702 
0.7175636261752489 0.49253979971007295 0.18323075385748216 0.4998017970545188 0.4999333829301426 0.49920693845596764 0.5015549558502331 
0.9798954895121035 0.7391247309204808 0.6461180742509024 0.4998765042048199 0.5004438467364113 0.4989548618833017 0.5014388239081502 
0.5429036940485452 0.8819963853715317 0.5290037503478848 0.601437755825692 0.49918894975398936 0.40039378770719736 0.49820510517842165 
0.0 0.7469400936197036 0.26076256182232393 0.7996733540612067 0.2996262062494872 0.29971411253944774 0.5009735495285057 
1.0 6.430467801016582E-4 0.4758305601943743 0.4015395112969702 0.8012906237452971 0.498397749406597 0.30120578847759427 
0.9001206175249885 0.38148687509550866 0.5526690633402219 0.5001363440091813 0.4991781696880359 0.5000440400954616 0.5016285534415889 
0.8396505199311217 0.651525705005732 0.42299807054268135 0.4996394029507253 0.5001629944896857 0.4990087887069493 0.5015658475275999 
0.7038295317845222 0.6063499151483938 0.19667444506492476 0.49954482481884155 0.500260229360517 0.4986775382260088 0.5015268200124285 
0.0 0.6559604908339013 0.24650828500720226 0.8001564210766284 0.29991220450374 0.2993956655154113 0.5009808346542692 
1.0 0.0 0.5647321401773 0.4011170940241444 0.8018139497750207 0.4986350949418389 0.3012366751125721 
0.8062942741455147 0.39596358935455567 0.5311562158129413 0.5002915893462533 0.4994372676252269 0.49958727568705597 0.5015855531615265 
0.5854747977657235 0.3486577724334872 0.1445484834969861 0.4992950411891594 0.4992903582044499 0.49938445470946224 0.5015469439964235 
0.0 0.7166454730853385 0.32776537779905457 0.801027515877774 0.40197555753690634 0.29973688972405466 0.5009479720195321 
1.0 0.0 0.5409711435258489 0.401965626645267 0.8013921210182965 0.3985010440212021 0.30119633272998053 
0.7714906098846854 0.30542870172639613 0.47747321739375603 0.5000588523028381 0.4990876090800443 0.5000928343386764 0.5016017813062029 
0.0 0.7167691622497877 0.324217807262026 0.8010854773363637 0.4019789269391377 0.2997814464574595 0.5009497935157481 
1.0 0.0 0.512948956432192 0.40195088268705503 0.8013932042829601 0.39815986612882787 0.3012151315204557 
0.0 0.7166454730853385 0.32776537779905457 0.801027515877774 0.40197555753690634 0.29973688972405466 0.5009479720195321 
0.8782404482083251 0.0 0.6356250877834229 0.4004294649211684 0.6988812562611172 0.501244906855921 0.4021860259291903 
1.0 0.0 0.5733716248763177 0.4013283072275968 0.8016759346189366 0.4984901737871425 0.30122251421592194 
1.0 1.0 6.932652590907473E-5 0.600283232741195 0.5965333701422689 0.1999292176277515 0.8988186591325714 
1.0 1.0 6.932652590907473E-5 0.600283232741195 0.5965333701422689 0.1999292176277515 0.8988186591325714 
1.0 1.0 6.932652590907473E-5 0.600283232741195 0.5965333701422689 0.1999292176277515 0.8988186591325714 
1.0 1.0 6.932652590907473E-5 0.600283232741195 0.5965333701422689 0.1999292176277515 0.8988186591325714 
0.0 0.7579522928837117 0.2662575711516937 0.7996733540612067 0.2996262062494872 0.29971411253944774 0.5009735495285057 
1.0 0.0 0.5733716248763177 0.4013283072275968 0.8016759346189366 0.4984901737871425 0.30122251421592194 
0.834554360700358 0.5544859154486503 0.3826387421938604 0.500054905328922 0.4999526030082283 0.49925220618077354 0.50157693713302 
0.7959878808463454 0.735248157452295 0.28192314671688684 0.49998736686021505 0.5007618259412432 0.49850104377461446 0.5015390313022292 
0.7959878808463454 0.735248157452295 0.28192314671688684 0.49998736686021505 0.5007618259412432 0.49850104377461446 0.5015390313022292 
0.0 0.597101979135527 0.2904647542057322 0.7989605834192283 0.299355861548424 0.29977358631436407 0.5009555056438388 
1.0 0.0 0.5854006533060435 0.40138111052845993 0.8016414308299156 0.4984539434984684 0.3012189739917594 
0.7934026164783357 0.38873547839276706 0.5106097667061429 0.500096955330281 0.49908510113404836 0.4998280518365257 0.5015768635816643 
0.8396505199311217 0.651525705005732 0.42299807054268135 0.4996394029507253 0.5001629944896857 0.4990087887069493 0.5015658475275999 
0.0 0.7163980947564402 0.3348605188731117 0.8009115929605946 0.40196881873244356 0.29964777625724487 0.5009443290271001 
1.0 0.0 0.5880256237901982 0.4016985841817588 0.8015181563732313 0.4983271374881091 0.3012054591137203 
0.773076434394331 0.38744938483256375 0.506827307951569 0.5004151010998582 0.4995401663899167 0.49968682799954994 0.5015762048539164 
0.0 0.7179183970967316 0.2863834145053401 0.8015896335285255 0.3002880509859581 0.4023711248821858 0.500942649236501 
1.0 0.0 0.5116364711901147 0.40179214586040557 0.8014548415113023 0.3982232691340075 0.3012218889594752 
0.0 0.7007451092722856 0.25361058472944453 0.7997078000721085 0.29952235261599747 0.2994790088948344 0.5009590164692764 
0.8782404482083251 0.0 0.6356250877834229 0.4004294649211684 0.6988812562611172 0.501244906855921 0.4021860259291903 
1.0 0.0 0.5733716248763177 0.4013283072275968 0.8016759346189366 0.4984901737871425 0.30122251421592194 
1.0 1.0 3.33332898454497E-5 0.600283232741195 0.5965333701422689 0.1999292176277515 0.8988186591325714 
1.0 1.0 6.932652590907473E-5 0.600283232741195 0.5965333701422689 0.1999292176277515 0.8988186591325714 
1.0 1.0 0.0 0.7970195303435084 0.696421650741209 0.2017729957053498 0.8009793361018559 
0.0 0.7194276744621138 0.2818733367178203 0.7984301343355178 0.29948325201527703 0.299918674188997 0.5009775605363751 
1.0 0.0 0.5776913672258265 0.40143391382932303 0.8016069270408945 0.49841771320979433 0.30121543376759685 
0.7387625091191912 0.3540583701421254 0.42663147673206786 0.5000610488235223 0.49899247695975213 0.499773359931878 0.5015478666005142 
0.834554360700358 0.5544859154486503 0.3826387421938604 0.500054905328922 0.4999526030082283 0.49925220618077354 0.50157693713302 
0.0 0.7173316442974415 0.293930933246053 0.7998235879548998 0.2991216270471153 0.2998307167779549 0.500988062196892 
1.0 0.0 0.5880256237901982 0.4016985841817588 0.8015181563732313 0.4983271374881091 0.3012054591137203 
0.6667944053865312 0.3815227298598143 0.23904159762958088 0.49934079486564314 0.49940624951724305 0.4994931436788439 0.5015888634425547 
0.0 0.7188244725088888 0.2811260024260802 0.801584709943663 0.3002764174167097 0.4023441263498188 0.5009361880040104 
1.0 0.0 0.5906505942743528 0.40201605783505767 0.8013948819165471 0.4982003314777498 0.3011919442356813 
0.0 0.695278709548641 0.3804535749795917 0.801698021113606 0.3004762381253666 0.4022403397256644 0.5009499153365654 
0.5 0.0 0.4375157448649174 0.3999564844587573 0.6011590809670507 0.39935570775234 0.0 
1.0 0.0 0.5906505942743528 0.40201605783505767 0.8013948819165471 0.4982003314777498 0.3011919442356813 
1.0 1.0 0.0 0.7966541581680058 0.6961973023158124 0.20210744269385236 0.800870100849782 
1.0 1.0 0.0 0.7969531175823559 0.6963363880546415 0.20201296249411416 0.8008764331023897 
0.0 0.6696884318075533 0.25628842828614523 0.7958260514222119 0.30063462611459274 0.29999820213190587 0.5009496389249581 
1.0 0.0 0.5906505942743528 0.40201605783505767 0.8013948819165471 0.4982003314777498 0.3011919442356813 
0.7387625091191912 0.3540583701421254 0.4434022214949365 0.5000610488235223 0.49899247695975213 0.499773359931878 0.5015478666005142 
0.0 0.7188244725088888 0.2811260024260802 0.801584709943663 0.3002764174167097 0.4023441263498188 0.5009361880040104 
1.0 0.0 0.5906505942743528 0.40201605783505767 0.8013948819165471 0.4982003314777498 0.3011919442356813 
0.0 0.7179183970967316 0.2863834145053401 0.8015896335285255 0.3002880509859581 0.2992045559888133 0.500942649236501 
0.5 0.0 0.4375157448649174 0.3999564844587573 0.6011590809670507 0.39935570775234 0.0 
1.0 0.0 0.5906505942743528 0.40201605783505767 0.8013948819165471 0.4982003314777498 0.3011919442356813 
1.0 1.0 0.0 0.7969531175823559 0.6963363880546415 0.20201296249411416 0.8008764331023897 
0.0 0.6913684876388866 0.3248297441964177 0.7958522827214112 0.2989832814653606 0.3003759909276831 0.5009890416973054 
1.0 0.0 0.5906505942743528 0.40201605783505767 0.8013948819165471 0.4982003314777498 0.3011919442356813 
0.0 0.6913684876388866 0.3248297441964177 0.7958522827214112 0.2989832814653606 0.3003759909276831 0.5009890416973054 
0.5 0.0 0.46342501199877395 0.3997963993372844 0.6013595143152584 0.39940767395157206 0.0 
1.0 0.5 0.0 0.6006684482378292 1.0 0.0 0.6008594144307702 
0.0 0.6913684876388866 0.3334692288954353 0.7959308338245856 0.2988477775043872 0.30023106977298675 0.5009760048941254 
0.7937866118457033 0.0 0.5089333067383672 0.40155083535457686 0.6991222180538412 0.5017074058182577 0.4022182387558307 
0.5 0.0 0.46342501199877395 0.3997963993372844 0.6013595143152584 0.39940767395157206 0.0 
