0.6666362609150216 0.6611820373779875 0.42393517902333977 7.021783249068301E-54 
0.7084479049063319 0.7088369544894573 4.649104806705577E-31 4.111878499982192E-39 
0.7087415379560852 0.7091307487900447 1.2915426978682812E-28 2.0168459453855165E-38 
0.7091651746044316 0.7095546180816953 3.9947460330271264E-26 9.922577242388794E-45 
0.7087415379560852 0.7091307487900447 1.2915426978682812E-28 2.0168459453855165E-38 
0.7084574639904345 0.708846518823004 4.649167537053908E-31 2.9435485545299376E-39 
0.7083371061988138 0.7087260949359818 2.699253297354527E-29 7.517570503350567E-41 
0.7088020041056027 0.7091912481450104 4.744710017551024E-22 2.897803805876739E-49 
0.7083371061988138 0.7087260949359818 2.699253297354527E-29 7.517570503350567E-41 
0.7111428042715835 2.1038734764126013E-4 0.7055081909062109 4.2140526531852726E-114 
1.000027767864757 4.777219064458205E-10 1.430245022442264E-7 8.340231090687431E-72 
1.0000213237882394 1.1314690647261781E-7 1.424789062625035E-20 7.291539841869201E-44 
1.000023412256673 3.483599592112132E-8 3.2647128980162405E-22 1.591886218284129E-38 
1.0000256938575132 1.4875063281410484E-9 5.254933134810344E-19 3.998762882057047E-27 
1.0000256938575132 1.4875063281410484E-9 5.254933134810344E-19 3.998762882057047E-27 
1.0000320160240788 2.6102083994238652E-8 1.1337174385808134E-4 2.982535946706699E-74 
0.7095115962222855 1.1877078421119634E-54 1.3151098190938077E-106 0.70677632157925 
0.7111428042715835 2.1038734764126013E-4 0.7055081909062109 4.2140526531852726E-114 
1.000027767864757 4.777219064458205E-10 1.430245022442264E-7 8.340231090687431E-72 
1.0000221923429644 3.659605239563352E-7 2.165712568984299E-21 5.795253411349335E-53 
1.0000315695375497 1.0902936668620014E-9 6.424519821516148E-25 9.792985339663109E-23 
1.0000325746118097 7.279296554870161E-6 1.3805801577035256E-23 6.406498247959153E-47 
1.0000315695375497 1.0902936668620014E-9 6.424519821516148E-25 9.792985339663109E-23 
0.7098534267262572 1.2358575577854774E-84 2.6669600828175846E-152 0.7070612623847838 
0.7120931842442565 1.458603058571308E-5 0.7064510099450236 4.21968418110117E-114 
1.0000213237882394 1.1314690647261781E-7 1.424789062625035E-20 7.291539841869201E-44 
1.0000315199434402 7.140133463592886E-11 8.818099945114166E-21 1.0613857222410053E-40 
1.0000217346622264 6.343069449422135E-8 1.0799703993247593E-11 1.393338810958244E-52 
1.0000286244924979 3.4836177490296315E-8 6.352350169753628E-22 1.5918945153762516E-38 
0.7093898146008903 1.1463784484054206E-60 4.621999531644319E-120 0.7066735228886857 
0.7140303804394031 1.835054806184383E-6 0.7083728568811389 7.185810076725817E-118 
1.0000217201557413 9.859101283784524E-8 6.372924792529994E-14 1.119756195368195E-52 
1.0000217201557413 9.859101283784524E-8 6.372924792529994E-14 1.119756195368195E-52 
1.0000217201557413 9.859101283784524E-8 6.372924792529994E-14 1.119756195368195E-52 
0.709533285786215 3.2193904501516527E-55 3.1838949656821104E-95 0.7068534814615224 
0.7140547175408631 1.8108886696583358E-6 0.7083970011507917 4.125889258279389E-122 
1.0000217201557413 9.859101283784524E-8 6.372924792529994E-14 1.119756195368195E-52 
1.000022021528547 2.6101823125428782E-8 1.4967751600471473E-7 2.1542846003408794E-52 
0.7095975297641135 2.9807509908330477E-55 5.93936994585532E-95 0.706917482799233 
0.7140303804394031 1.835054806184383E-6 0.7083728568811389 7.185810076725817E-118 
1.0000248897131219 2.6900187742685532E-8 3.803539602926899E-14 4.1662766827720954E-51 
0.7096432806736829 2.5265178316379887E-51 4.46805036127108E-103 0.7070001065622679 
0.717081502101398 1.5883239694517234E-6 0.7026765195278868 8.202236248497042E-221 
0.709937598450262 4.0437990683768344E-53 8.862598439374942E-126 0.7072933281076154 
0.709937598450262 4.0437990683768344E-53 8.862598439374942E-126 0.7072933281076154 
4.3368468237903074E-17 0.7082608351746461 0.7074275678940742 1.928279182253515E-105 
6.124000194327948E-17 1.0001251297258469 1.6493356686215609E-7 1.3377606392735815E-60 
6.123622701260302E-17 1.0000634804294277 3.022248414418231E-8 3.5632099807411355E-61 
6.123622701260302E-17 1.0000634804294277 3.022248414418231E-8 3.5632099807411355E-61 
6.123622701260302E-17 1.0000634804294277 3.022248414418231E-8 3.5632099807411355E-61 
6.123723034739381E-17 1.0000798661300476 8.031563432270857E-11 1.2677240651318599E-45 
6.124268878863832E-17 1.000169009240507 6.464241516822808E-6 3.107261055488514E-59 
4.4586644031732E-17 0.7281551556379351 1.8048935553035738E-93 0.727501079286461 
5.716724816391938E-17 2.1954137282990024E-17 1.000090537044006 0.0 
0.5884125890337579 0.5583915970888964 0.5877438617563404 9.418368202429774E-191 
0.7084479049063319 0.7088369544894573 4.649104806705577E-31 4.111878499982192E-39 
0.7085593084672044 0.7089484192284469 4.331844337244498E-33 1.4633534543598232E-36 
0.7085593084672044 0.7089484192284469 4.331844337244498E-33 1.4633534543598232E-36 
0.7088020041056027 0.7091912481450104 4.744710017551024E-22 2.897803805876739E-49 
6.124153078420144E-17 8.348588533835584E-84 1.5950012724670406E-150 1.0001500975928763 
4.5834037600389025E-17 4.060974910309354E-17 1.0000681777033085 5.142108602742E-192 
0.6838903109294964 0.3416083673842197 0.6618364166173593 8.431094744235275E-131 
0.8240199326449841 0.411604170119508 0.41250897727365077 4.632372347805841E-134 
0.8965182966931784 5.485069405536034E-61 8.432033066766807E-147 0.44776403857542235 
0.7095115962222855 1.1877078421119634E-54 1.3151098190938077E-106 0.70677632157925 
6.124809813406449E-17 5.905784579946605E-91 3.1931810201550293E-130 1.0002573505554058 
4.6091988527856147E-17 4.03165593628383E-17 1.0000662629039168 4.4652592991133995E-161 
0.7051972574100873 0.14591572194560706 0.7017494257206535 1.312499701968281E-85 
0.8767219435143732 0.27476988757069504 0.42243224092662146 4.6110356500603505E-136 
0.7095298290067569 1.7473609816221383E-50 4.959964596292393E-99 0.7068315190599245 
6.124723410056668E-17 9.292338694312516E-86 1.8559651566466964E-149 1.000243239817544 
4.512924342157044E-17 4.139220816845187E-17 1.0000752161784254 2.360829657740222E-161 
0.7051972574100873 0.14591572194560706 0.7017494257206535 1.312499701968281E-85 
0.7095975297641135 2.9807509908330477E-55 5.93936994585532E-95 0.706917482799233 
6.124389389926667E-17 7.491482304997124E-86 3.608664447518448E-148 1.0001886901906256 
3.749704469985721E-33 6.12373212030834E-17 1.0000813499160608 0.0 
0.7077325342321538 0.1346569205637591 0.7020357374577544 8.823718610386266E-101 
6.124694381723898E-17 6.239283447980131E-106 1.479336725061519E-160 1.0002384991310391 
3.749704469985721E-33 6.12373212030834E-17 1.0000813499160608 0.0 
6.124627163681977E-17 9.007753468053596E-76 1.6224845469049216E-141 1.0002275215917245 
3.749587971855465E-33 6.123541864423399E-17 1.0000502787721075 7.54587537543031E-190 
4.336571120205813E-17 0.708215809362357 0.707382595054552 3.0519619533694946E-104 
6.123894462652034E-17 1.000107862432781 1.5550527529730614E-11 4.669115419583308E-44 
6.124000194327948E-17 1.0001251297258469 1.6493356686215609E-7 1.3377606392735815E-60 
6.123622701260302E-17 1.0000634804294277 3.022248414418231E-8 3.5632099807411355E-61 
6.123661721150135E-17 1.000069852861032 7.001897571504487E-10 4.101938433957154E-57 
6.124268878863832E-17 1.000169009240507 6.464241516822808E-6 3.107261055488514E-59 
4.435168845906401E-17 0.7243180399433271 2.4960210163623568E-85 0.7245800541973592 
5.716724816391938E-17 2.1954137282990024E-17 1.000090537044006 0.0 
0.340344745781678 0.6808335690249553 0.6604911792125951 8.739945149285311E-215 
0.42854009440656676 0.8633536275067849 0.30165990633014356 4.214707559401155E-81 
0.42633107559300454 0.8655213989053205 0.26718314393254206 1.0597075588626864E-89 
4.4586644031732E-17 0.7281551556379351 1.8048935553035738E-93 0.727501079286461 
6.124505277914251E-17 4.051907609302673E-92 1.9342145154922457E-100 1.0002076161352595 
5.716724816391938E-17 2.1954137282990024E-17 1.000090537044006 0.0 
0.431280575491728 0.37909375450629046 0.8552629549059658 1.9023928899121388E-126 
0.6169972711890684 0.6200194391381783 0.4942569088728147 3.3037164871766366E-176 
0.44489934146931187 1.5716661483337216E-59 7.880687323336795E-81 0.8962766223985524 
6.124432075668253E-17 2.89343010820552E-87 4.7724182598612633E-172 1.0001956613012537 
4.5834037600389025E-17 4.060974910309354E-17 1.0000681777033085 5.142108602742E-192 
0.4159530986514704 0.26074091707994823 0.876780948429054 4.188680061523578E-146 
0.44480298397992 6.276455606776717E-91 4.165811871260275E-158 0.8961449281829252 
6.124389389926667E-17 7.491482304997124E-86 3.608664447518448E-148 1.0001886901906256 
3.749587971855465E-33 6.123541864423399E-17 1.0000502787721075 7.54587537543031E-190 
0.4420656089978691 0.1868134789862989 0.8823712972480171 1.0813600802483261E-178 
6.124626161254803E-17 1.8453001072194467E-68 5.845634676329358E-129 1.0002273578829433 
2.9509130384261087E-17 5.365670961716311E-17 1.0000575817400241 5.9784508411185326E-173 
6.124627163681977E-17 9.007753468053596E-76 1.6224845469049216E-141 1.0002275215917245 
3.7495908669993624E-33 6.123546592552194E-17 1.000051050934138 9.565540834682031E-160 
4.3368468237903074E-17 0.7082608351746461 0.7074275678940742 1.928279182253515E-105 
6.12400652918323E-17 1.0001261642862256 5.739603247395016E-7 1.0451180916540962E-51 
6.12361087985792E-17 1.0000615498479097 4.674662204711672E-9 7.097331700017334E-52 
6.124078989604845E-17 1.0001379979711158 4.488112927831815E-7 1.477738837710717E-51 
6.123723034739381E-17 1.0000798661300476 8.031563432270857E-11 1.2677240651318599E-45 
4.456781237954618E-17 0.7278476114186724 1.9123808772024363E-102 0.7281109024571916 
2.1412951306179954E-17 5.737318095749941E-17 1.0001062673951269 5.603827780885545E-116 
0.1959563490598285 0.6835814393349591 0.7102769222555099 5.337730988436242E-150 
0.25352253614133086 0.8759459880097904 0.42895764690645305 7.425652299621752E-82 
4.435168845906401E-17 0.7243180399433271 2.4960210163623568E-85 0.7245800541973592 
6.124432075668253E-17 2.89343010820552E-87 4.7724182598612633E-172 1.0001956613012537 
4.506540906043475E-17 4.146160626672683E-17 1.0000741999766034 7.54605587278308E-190 
0.2748179847775237 0.4068298808943443 0.8768403751513988 1.003293512833911E-145 
0.19266012535050356 0.4117830920285923 1.855487789933184E-99 0.9227891335836563 
6.12428973620811E-17 6.9424987564123575E-87 1.4721916082500926E-108 1.0001724155033238 
4.5064151715559684E-17 4.146044946954606E-17 1.0000462974634288 1.1301991440723692E-156 
0.30799749797646414 0.2749206392687613 0.9202437846426867 0.0 
6.124426158417811E-17 1.4556375768348333E-98 9.59657661936881E-128 1.000194694940921 
3.7495908669993624E-33 6.123546592552194E-17 1.000051050934138 9.565540834682031E-160 
6.124432075668253E-17 2.89343010820552E-87 4.7724182598612633E-172 1.0001956613012537 
7.435518182783776E-18 6.078350559882357E-17 1.0000696123087176 1.948964218025552E-308 
4.3551221270329946E-17 0.7112454186897317 0.7104086400533629 1.7160496956494078E-118 
6.123894462652034E-17 1.000107862432781 1.5550527529730614E-11 4.669115419583308E-44 
6.12361087985792E-17 1.0000615498479097 4.674662204711672E-9 7.097331700017334E-52 
6.124154937977368E-17 1.0001504012816174 3.3883531760761984E-5 1.5853846151492301E-66 
4.477287910162181E-17 0.7311966051402646 1.9211801800380403E-102 0.7314611076412123 
6.013686724120453E-17 1.1557500592241881E-17 1.000082565130601 6.834805342116257E-135 
0.10370415437213125 0.7035733127102833 0.7103383585409632 1.894993934208455E-131 
4.477287910162181E-17 0.7311966051402646 1.9211801800380403E-102 0.7314611076412123 
6.12428973620811E-17 6.9424987564123575E-87 1.4721916082500926E-108 1.0001724155033238 
3.7496489087495324E-33 6.123641381923644E-17 1.0000665312132708 3.0044939718805356E-172 
0.16447125647005498 0.43863950854998657 0.8921314465079357 4.430818795193942E-210 
6.124505277914251E-17 4.051907609302673E-92 1.9342145154922457E-100 1.0002076161352595 
3.7496489087495324E-33 6.123641381923644E-17 1.0000665312132708 3.0044939718805356E-172 
6.124153078420144E-17 8.348588533835584E-84 1.5950012724670406E-150 1.0001500975928763 
2.9509130384261087E-17 5.365670961716311E-17 1.0000575817400241 5.9784508411185326E-173 
4.303498349327308E-17 0.7028146159894544 0.7132648621093438 1.8897171496174467E-117 
6.124078989604845E-17 1.0001379979711158 4.488112927831815E-7 1.477738837710717E-51 
6.124132960481999E-17 1.0001468120842447 1.4207704402329356E-5 4.090240975500197E-57 
4.477287910162181E-17 0.7311966051402646 1.9211801800380403E-102 0.7314611076412123 
4.5064151715559684E-17 4.146044946954606E-17 1.0000462974634288 1.1301991440723692E-156 
4.3039247543027986E-17 0.7028842532066157 0.7133355347717589 2.4685623237188418E-118 
6.124680424526543E-17 2.535205620991737E-88 3.1243667705719106E-166 1.0002362197477321 
3.749671317312448E-33 6.123677977884097E-17 1.0000725077871662 4.169264195168753E-187 
6.124426158417811E-17 1.4556375768348333E-98 9.59657661936881E-128 1.000194694940921 
2.1029229010561284E-17 5.751254655073179E-17 1.0000696123087176 1.948964218025552E-308 
4.303498349327308E-17 0.7028146159894544 0.7132648621093438 1.8897171496174467E-117 
6.124187361525364E-17 1.0001556964488474 1.2613502917004444E-5 4.9774074074451364E-57 
4.514889301752057E-17 0.7373373784009395 2.392184133454141E-103 0.7279432531076468 
3.575356542761778E-17 4.971606520722907E-17 1.0000806928436345 0.0 
6.125165964337025E-17 3.8445284500405025E-86 1.5548531351963788E-143 1.000315514416337 
3.749671317312448E-33 6.123677977884097E-17 1.0000725077871662 4.169264195168753E-187 
4.304711948330676E-17 0.7030128117474825 0.713466004867056 5.775477158005832E-132 
4.448602005007136E-17 0.7265118413087637 2.3240831250514196E-117 0.745125458458199 
6.10738394941057E-17 4.473712847788433E-18 1.0000838126493314 0.0 
4.304711948330676E-17 0.7030128117474825 0.713466004867056 5.775477158005832E-132 
