0.20217803278957452 0.7917146410992999 0.9930749754976759 0.49629287528156907 0.4831547470928401 0.46212764137433837 0.4889442806333662 0.48526873899471645 0.5045700169636267 0.4878567416051191 0.5224400424415743 0.5054809051504706 
0.2314425319838033 0.6060325543095622 0.9930749754976759 0.49631966069593525 0.4835247500916222 0.47756530784842216 0.4937217114642378 0.48066569197253994 0.5037170555775469 0.4878346034753852 0.5263994879133772 0.5051789162575802 
0.2314425319838033 0.6060325543095622 0.9930749754976759 0.49631966069593525 0.4835247500916222 0.47756530784842216 0.4937217114642378 0.48066569197253994 0.5037170555775469 0.4878346034753852 0.5263994879133772 0.5051789162575802 
0.24964353916991813 0.47411335052228654 0.9930749754976759 0.4915570987691661 0.48376478126901595 0.47679388443383114 0.49082958880028055 0.4798540888872093 0.5049593956774834 0.4907102942087912 0.5266094840554516 0.504731525548531 
0.21909028140623937 0.533704582038655 0.9930749754976759 0.5055584793998668 0.4836854108988235 0.4999841437868763 0.4885317856594646 0.4818696707575095 0.5064115198705871 0.49266250861794264 0.5421330627364805 0.5044360053838938 
0.24964353916991813 0.47411335052228654 0.9930749754976759 0.4915570987691661 0.48376478126901595 0.47679388443383114 0.49082958880028055 0.4798540888872093 0.5049593956774834 0.4907102942087912 0.5266094840554516 0.504731525548531 
0.1804242111173654 0.593116661971026 0.9930749754976759 0.5047558956159653 0.5115630989268889 0.47784584212280756 0.4928030427132837 0.4981068754278297 0.5085045102643333 0.4948989575347752 0.5434597379123053 0.49687098890913695 
0.2689688267056586 0.6603066659204098 0.9930749754976759 0.4927068630194519 0.4817420586720135 0.477455789465831 0.4917484335896457 0.48275351854445975 0.5029447486418102 0.48841176722050295 0.5281842028525959 0.5044688007409253 
0.9930943136302717 0.8689283511581771 0.8158217667757031 0.5485783400853177 0.5015707448767485 0.4988650916563274 0.4810653739901889 0.4972785579048348 0.5066286300319299 0.5206367500782848 0.4822035691483835 0.4803812132638237 
0.8380951030458202 0.9930958262607936 0.3461606078921571 0.47098815901781205 0.536473827322933 0.4892667662033287 0.5108804541054505 0.4911771374662609 0.48205547478990873 0.5371832273747927 0.5100072677263581 0.466776436634455 
0.6337803670598172 0.8447693847673811 0.88894038277114 0.4997839459505413 0.49926405435379556 0.4989022949156261 0.5017935272067209 0.5017565686149794 0.5000508387655356 0.4991346983680318 0.4999097114506791 0.4975341492518142 
0.6337803670598172 0.8447693847673811 0.88894038277114 0.4997839459505413 0.49926405435379556 0.4989022949156261 0.5017935272067209 0.5017565686149794 0.5000508387655356 0.4991346983680318 0.4999097114506791 0.4975341492518142 
0.6985295644816176 0.8151778550849547 0.8218439905298724 0.5004013034459833 0.5000848029404237 0.49941990216943777 0.5013087134179508 0.5023783897712113 0.5004203643454245 0.4993947777693887 0.49966003198958076 0.49781125007520277 
0.6277515825288572 0.8082370082431998 0.8734114944866327 0.4998915928055488 0.49982542796517704 0.49912146000553803 0.501583306728481 0.5019004636840093 0.500488568462449 0.4991663355487256 0.49983161044659774 0.4973905100735033 
0.809555289303799 0.7750176007173561 0.7264243810397375 0.4996899484752997 0.5011823111137135 0.4998629322147662 0.5007884615946412 0.5028662848247472 0.5003266004121598 0.5003595828244431 0.4998855928222407 0.4989132089089151 
0.6932570266391398 0.7307238070940298 0.822620844914737 0.4976636497154269 0.5012418228418214 0.4990992179357103 0.5005155132666971 0.5000479788361705 0.5005837033213796 0.5013075745380793 0.5001464550699108 0.4982679167179107 
0.9930943136302717 0.8624645677996834 0.8630880008390861 0.5486682426779081 0.5015263441944895 0.498255323415282 0.48111168858779174 0.5076842527104168 0.505951444530099 0.5072061016511671 0.48276996742265976 0.5283112826366517 
0.6936535962109414 0.9931088066109994 0.39951741998763635 0.47082960245543903 0.520922508229503 0.4926791992250091 0.5056948403223547 0.5033655963595111 0.4835152246250899 0.5047590930441874 0.5040546427189359 0.46675026756232785 
0.629324993194184 0.8445246081629341 0.8881960190121574 0.499801347117246 0.49926672811201517 0.49885274165811044 0.5017775338754699 0.5017734993618176 0.5000642478091685 0.49912602912778603 0.4999028009313193 0.4975415650245879 
0.6382357409254504 0.845014161371828 0.8896847465301225 0.4997665447838367 0.49926138059557595 0.4989518481731418 0.501809520537972 0.5017396378681412 0.5000374297219026 0.4991433676082776 0.49991662197003883 0.49752673347904053 
0.629324993194184 0.8445246081629341 0.8881960190121574 0.499801347117246 0.49926672811201517 0.49885274165811044 0.5017775338754699 0.5017734993618176 0.5000642478091685 0.49912602912778603 0.4999028009313193 0.4975415650245879 
0.8911240713292677 0.7220782395515548 0.6535161071833386 0.5018377119859957 0.5006371639434763 0.5002085409098378 0.5009465899922443 0.5028729282956168 0.5005346750223532 0.5012005436992463 0.5008914801720283 0.49955531025479966 
0.6932570266391398 0.7307238070940298 0.822620844914737 0.4976636497154269 0.5012418228418214 0.4990992179357103 0.5005155132666971 0.5000479788361705 0.5005837033213796 0.5013075745380793 0.5001464550699108 0.4982679167179107 
0.9930943136302717 0.8689283511581771 0.8158217667757031 0.5485783400853177 0.5015707448767485 0.4988650916563274 0.4810653739901889 0.4972785579048348 0.5066286300319299 0.5360867727096662 0.4822035691483835 0.4803812132638237 
0.8380951030458202 0.9930958262607936 0.3461606078921571 0.47098815901781205 0.536473827322933 0.4892667662033287 0.5108804541054505 0.4911771374662609 0.48205547478990873 0.5371832273747927 0.5100072677263581 0.466776436634455 
0.7031363111985561 0.8244517761830161 0.7409754161193927 0.4992656664108607 0.49989815356342915 0.49923545065046665 0.5015057194010977 0.5020324533522411 0.4998952609617574 0.49978563273498783 0.5000834679521722 0.4982816046781804 
0.6927483851664533 0.8242497550648883 0.7995116134827174 0.5003787420239076 0.49994512797713325 0.49935272258258084 0.501357270204698 0.5023466486906634 0.5003142841821043 0.4993847011641538 0.4996778296107611 0.4978490138129739 
0.6985295644816176 0.8151778550849547 0.8218439905298724 0.5004013034459833 0.5000848029404237 0.49941990216943777 0.5013087134179508 0.5023783897712113 0.5004203643454245 0.4993947777693887 0.49966003198958076 0.49781125007520277 
0.7822508510010524 0.7671122378655758 0.7341062228600328 0.4988898360595968 0.5010989739008833 0.4996886649601877 0.5009757044547325 0.502486094652209 0.5002042309421587 0.500450865802146 0.5001653024108645 0.49890025247178305 
0.9930944103567901 0.8396392361102628 0.8086638517268199 0.5276657520778083 0.5043653578475574 0.49830159466568813 0.48108192745828793 0.5054080863299379 0.4867623198854052 0.5147797918707099 0.4825494256802123 0.49260553125305406 
0.817927276617159 0.9930958262607936 0.34790581410819343 0.4706070441489382 0.5363015558615976 0.48906561682525546 0.511352610081119 0.4908510024723133 0.4820004720940951 0.5374367002541234 0.5099770051829688 0.4667960821361442 
0.6621558625534223 0.8168586791990734 0.8938088861746113 0.5013206864505693 0.4997567803804128 0.4996292645708018 0.5016491704293 0.5025336879342931 0.5004096866180132 0.4990445942218025 0.4996587567421579 0.49726993784291623 
0.6266733822951219 0.8631579613316952 0.8450199924358123 0.4997214219396853 0.49898203066899505 0.498817488999428 0.5019066341114664 0.5016761557070454 0.4998252693952623 0.4991232143978078 0.4999522172123996 0.4976022609545828 
0.7031363111985561 0.8244517761830161 0.7409754161193927 0.4992656664108607 0.49989815356342915 0.49923545065046665 0.5015057194010977 0.5020324533522411 0.4998952609617574 0.49978563273498783 0.5000834679521722 0.4982816046781804 
0.9930950874424194 0.8802886954908931 0.8136291001442253 0.5288761622327117 0.5047093301676979 0.49808534766062684 0.48402032163097386 0.5055422586382063 0.5066124656045888 0.5138318878324704 0.481627355431002 0.49228908330103305 
0.7360990125124044 0.9931023164358965 0.3852893859282665 0.4702706069073761 0.5478865411224392 0.49066774832972826 0.5099856208375078 0.4973102540236856 0.4817414168059694 0.51708240883537 0.5107279454948541 0.4671460363438471 
0.6823604591343505 0.8240477339467605 0.8580478108460422 0.5014918176369546 0.49999210239083736 0.49946999451469504 0.5012088210082983 0.5026608440290856 0.5007333074024513 0.4989837695933198 0.4992721912693501 0.49741642294776744 
0.6927483851664533 0.8242497550648883 0.7995116134827174 0.5003787420239076 0.49994512797713325 0.49935272258258084 0.501357270204698 0.5023466486906634 0.5003142841821043 0.4993847011641538 0.4996778296107611 0.4978490138129739 
0.9930946521730863 0.6477879600173446 0.6360870464580677 0.4280951266868772 0.49038859660611345 0.4975549883428907 0.4766039129108372 0.5062149439086532 0.5075324245705998 0.5165925932887283 0.48324273427642017 0.4941137768245786 
0.7442467616503166 0.9931023164358965 0.3901966874578699 0.4705565596949557 0.5487442734463421 0.49200926922680416 0.4987036951560981 0.49816687336613713 0.48092764391111975 0.5164392199570267 0.5069580018373367 0.4672855372457122 
0.6823604591343505 0.8240477339467605 0.8580478108460422 0.5014918176369546 0.49999210239083736 0.49946999451469504 0.5012088210082983 0.5026608440290856 0.5007333074024513 0.4989837695933198 0.4992721912693501 0.49741642294776744 
0.9930890011648144 0.789722151463865 0.8161928838128054 0.5519258589392635 0.4828312111078048 0.4795894764209947 0.47571787341606536 0.5306878082907102 0.5344411589219653 0.5163953214880097 0.47304275191755213 0.49006266307379354 
0.7442467616503166 0.9931023164358965 0.3901966874578699 0.4705565596949557 0.5487442734463421 0.49200926922680416 0.4987036951560981 0.49816687336613713 0.48092764391111975 0.5164392199570267 0.5069580018373367 0.4672855372457122 
0.9930983335392842 0.8455144804675683 0.8646545236030552 0.5485496541234232 0.47606352467071067 0.4677912947333118 0.48596789825144404 0.5141076272966453 0.5361901481857396 0.5260487550719037 0.4669174579682679 0.508435464511283 
0.9911506801905126 0.9929713304424628 0.6144890367371676 0.5202701367345308 0.4533714502577447 0.6398827788943522 0.4519177622093534 0.4788307620588356 0.574028032791909 0.47334146988193493 0.3539058904846835 0.6263593712307116 
0.39371181416886314 0.993272407371782 1.0 0.5197711282466677 0.5082968963870533 0.5109950101781932 0.45300148671713525 0.49746797347015365 0.4482626203567039 0.43210976711698385 0.48666268424403547 0.46029950757760907 
0.3417261510159513 0.6978392963482154 1.0 0.4952486486321369 0.49934207179518403 0.49582994131647595 0.49969651205349713 0.49858018587124997 0.502303096599702 0.5022337079150987 0.4970747536929463 0.49676440253987275 
0.3417261510159513 0.6978392963482154 1.0 0.4952486486321369 0.49934207179518403 0.49582994131647595 0.49969651205349713 0.49858018587124997 0.502303096599702 0.5022337079150987 0.4970747536929463 0.49676440253987275 
0.5244144577473888 0.8347089509075536 1.0 0.49741627251591775 0.4945678906508564 0.4981503675769082 0.5031696696140302 0.5011190043587023 0.49993877591499736 0.5018505196212647 0.49779954059143694 0.49745469991745256 
0.38651637471472267 0.732339350705455 1.0 0.49668315401442764 0.49928764784848007 0.49656171950074984 0.5000866132114793 0.4967743749167409 0.501792570123766 0.5012805663418947 0.4978797839166995 0.4969832359557623 
0.3928594809046323 0.7047401531107629 1.0 0.49591326922522305 0.49774396104421237 0.49633539990169095 0.5005808380518069 0.49916732386221674 0.501808212356093 0.5033641893469802 0.4968882967815845 0.497559596619946 
0.38651637471472267 0.732339350705455 1.0 0.49668315401442764 0.49928764784848007 0.49656171950074984 0.5000866132114793 0.4967743749167409 0.501792570123766 0.5012805663418947 0.4978797839166995 0.4969832359557623 
0.9931632255405762 0.6649149617181622 1.0 0.5736214640102747 0.498634000021884 0.5076567846374377 0.4576357117030473 0.5122132409315875 0.4851760043357711 0.48064273861140816 0.49855566627131065 0.5012384293156442 
0.5307609219349159 1.0 1.0 0.503881835346867 0.4949054380457383 0.4995176798317699 0.5059700995292898 0.5024124718256366 0.49855349936934945 0.49811914835509025 0.49690353294483214 0.4986420474635114 
0.24964353916991813 0.47411335052228654 0.9930749754976759 0.4915570987691661 0.48376478126901595 0.47679388443383114 0.49082958880028055 0.4798540888872093 0.5049593956774834 0.4907102942087912 0.5266094840554516 0.504731525548531 
0.23436691028807877 0.5039089662804708 0.9930749754976759 0.4985577890845164 0.4837250960839197 0.48838901411035374 0.48968068722987257 0.4808618798223594 0.5056854577740353 0.49168640141336695 0.534371273395966 0.5045837654662124 
0.23436691028807877 0.5039089662804708 0.9930749754976759 0.4985577890845164 0.4837250960839197 0.48838901411035374 0.48968068722987257 0.4808618798223594 0.5056854577740353 0.49168640141336695 0.534371273395966 0.5045837654662124 
0.26860111218802135 0.44252850838341845 0.9930749754976759 0.5060064903728841 0.48442289215687223 0.5001860981090842 0.491188458502795 0.4795990813114721 0.5063866245900264 0.49490008333617 0.5425775981655255 0.505270456693939 
0.9930613085728963 0.9792842167890755 0.7204436502163379 0.506896211296546 0.5075688028594114 0.49312047195697417 0.497879505101937 0.5024472823297077 0.49932913989673783 0.5302059098878629 0.46049229609627246 0.48785746202352004 
0.9999970982044462 0.7258954056984894 0.6923165575939783 0.4978587455111947 0.5035523825975498 0.5019950308011654 0.4996106563079151 0.5028405530792163 0.49907696021316933 0.5017756878445412 0.5029405644084266 0.4994664940204739 
0.6549491253513519 1.0 0.9782972705470447 0.5050318435762962 0.4959017717633695 0.5007333142593009 0.5034481060029503 0.503765116120638 0.49916973897939904 0.5028521690117954 0.49739324651535655 0.498445368995031 
0.7822863593252677 0.9931152967861023 0.4137454540470062 0.47138859800350197 0.4939584753365668 0.4946906501202899 0.5014040598072017 0.5094209386953364 0.4852890324442104 0.49243577725300475 0.4973813399430177 0.46635449878080865 
0.6066680475258334 0.9877984179316572 0.886701132264488 0.5189214927917346 0.5091717038483254 0.5056969877168621 0.5067270630975934 0.4747670577640378 0.4962110790180455 0.5177779306491104 0.48263747073991337 0.499146183517561 
0.9867205243545375 0.9797912505166606 0.9786244909257742 0.5434615641366068 0.5061719870426302 0.43291363821934226 0.4936491847649962 0.48532248679556006 0.4664965986401958 0.5483238785783384 0.46444240825203026 0.48806395667908953 
0.9930613085728963 0.9792842167890755 0.7204436502163379 0.506896211296546 0.5075688028594114 0.49312047195697417 0.497879505101937 0.5024472823297077 0.49932913989673783 0.5302059098878629 0.46049229609627246 0.48785746202352004 
0.9999976785635569 0.7291082634826047 0.6452416898294738 0.4986441454164262 0.5031959978351628 0.5016367163706709 0.5009444133219149 0.5033215827556001 0.49937483651899317 0.501334582734264 0.5024131262231223 0.4995525974800591 
0.6544512483978062 1.0 1.0 0.4999861516959422 0.49513262313244877 0.5019457837024988 0.5022590858254123 0.5038967896691491 0.5004914143378886 0.4967565794500209 0.4964747891203407 0.4972182759312754 
0.6936535962109414 0.9931088066109994 0.39951741998763635 0.47082960245543903 0.520922508229503 0.4926791992250091 0.5056948403223547 0.5033655963595111 0.4835152246250899 0.5047590930441874 0.5040546427189359 0.46675026756232785 
0.9867205243545375 0.9797912505166606 0.9786244909257742 0.5434615641366068 0.5061719870426302 0.43291363821934226 0.4936491847649962 0.48532248679556006 0.4664965986401958 0.5483238785783384 0.46444240825203026 0.48806395667908953 
0.9930943136302717 0.8640805136393068 0.8512714423232404 0.527254258617218 0.494222658343598 0.49840776547554333 0.48110010993839103 0.5050828290090214 0.5061207409055567 0.5144262694157918 0.4826283678540907 0.49227996851590494 
0.9999992261878523 0.6442001239559372 0.41921211642949885 0.498439730196303 0.5016625293826311 0.5011744452145199 0.4999336226635814 0.5053321016499309 0.49979094816945546 0.5001832681853328 0.5021976704330431 0.5002049660162282 
0.7112733027263534 1.0 1.0 0.5005263534772474 0.4956254424748252 0.5026527074312956 0.5010300757247448 0.5045392503229734 0.5007727160556474 0.4969639883540641 0.49673346694432247 0.4971051051514878 
0.7360990125124044 0.9931023164358965 0.3852893859282665 0.4702706069073761 0.5478865411224392 0.49066774832972826 0.5099856208375078 0.4973102540236856 0.4817414168059694 0.51708240883537 0.5107279454948541 0.4671460363438471 
0.9930943136302717 0.8640805136393068 0.8512714423232404 0.527254258617218 0.494222658343598 0.49840776547554333 0.48110010993839103 0.5050828290090214 0.5061207409055567 0.5144262694157918 0.4826283678540907 0.49227996851590494 
0.9999965178453354 0.598989570857521 0.4817452420128365 0.4992840434933219 0.49710074543548416 0.4997483241171492 0.497717628380431 0.5032411412168469 0.5019677048996855 0.5028724134045177 0.5017693381188306 0.5010221159444875 
0.8122174928604059 1.0 0.9256516481074322 0.5063927658938319 0.49689881846778927 0.5013809313830384 0.5006185512372229 0.5052935087306122 0.4999556856892274 0.4987652525877316 0.4976487355560993 0.49842273088532374 
0.9911506801905126 0.9929713304424628 0.6144890367371676 0.5202701367345308 0.4533714502577447 0.6398827788943522 0.4519177622093534 0.4788307620588356 0.574028032791909 0.47334146988193493 0.3539058904846835 0.6263593712307116 
0.9999965178453354 0.598989570857521 0.4817452420128365 0.4992840434933219 0.49710074543548416 0.4997483241171492 0.497717628380431 0.5032411412168469 0.5019677048996855 0.5028724134045177 0.5017693381188306 0.5010221159444875 
0.6654932201106935 1.0 0.8955703198954245 0.5051014482431149 0.49591246679624795 0.5005351012292382 0.503384132677946 0.5038328391079907 0.4992233751539308 0.4984646122412104 0.49736560443791744 0.49847503208612576 
1.0 0.39848435628628154 0.27483270307154256 0.4963753411184254 0.49769488475510226 0.4993549355611047 0.4948843762316735 0.502945292271275 0.5033398697725628 0.5050763139861714 0.5039712049592873 0.5022956578736684 
0.9931098641205698 1.0 0.8509934521466149 0.5423626326842008 0.5402763603188026 0.55143533708479 0.4974774615087421 0.45990344996623833 0.4366378879718882 0.5394348270520151 0.5127619698008132 0.4604246489245708 
0.39371181416886314 0.993272407371782 1.0 0.5197711282466677 0.5082968963870533 0.5109950101781932 0.45300148671713525 0.49746797347015365 0.4482626203567039 0.43210976711698385 0.48666268424403547 0.46029950757760907 
0.5158419684875772 0.8931997052894943 1.0 0.5005250284128916 0.49414317600152147 0.49893595469323415 0.5033401443469605 0.5013807640069383 0.5005097521558333 0.5002237316404028 0.4966890278069057 0.4973282889901103 
0.3928594809046323 0.7047401531107629 1.0 0.49591326922522305 0.49774396104421237 0.49633539990169095 0.5005808380518069 0.49916732386221674 0.501808212356093 0.5033641893469802 0.4968882967815845 0.497559596619946 
0.4221477979700268 0.8209072373824586 1.0 0.49608703132974546 0.4977641121527997 0.4971394504064783 0.5014010176174107 0.4999447283767688 0.5009285444022152 0.4995895567575017 0.49817245441416047 0.4958643117573061 
0.3212199414536877 0.7766189470627336 1.0 0.4957639352290439 0.49980279157746715 0.49632342165073157 0.4992794546886382 0.49729671168047535 0.5016940767202924 0.49913297572833265 0.49892056393933637 0.49582938110881225 
0.38651637471472267 0.732339350705455 1.0 0.49668315401442764 0.49928764784848007 0.49656171950074984 0.5000866132114793 0.4967743749167409 0.501792570123766 0.5012805663418947 0.4978797839166995 0.4969832359557623 
0.9931632255405762 0.6649149617181622 1.0 0.5736214640102747 0.498634000021884 0.5076567846374377 0.4576357117030473 0.5122132409315875 0.4851760043357711 0.48064273861140816 0.49855566627131065 0.5012384293156442 
0.6955474391499354 1.0 0.9551058135761242 0.5055983981220776 0.4972177715267555 0.5018943942905052 0.5012670241089825 0.5051954010180792 0.49923119691280604 0.5012925412886464 0.4982649559452086 0.49857728711091037 
0.501752733513311 0.993272407371782 1.0 0.5191083021928793 0.5081909465707598 0.5122545849589195 0.44986325040020275 0.5212545957561376 0.5343011949588246 0.43110528954802757 0.485911548725545 0.45911873049861945 
0.3651922803354483 0.624784682620899 0.996537487748838 0.4969491104204231 0.49349391985078206 0.510657441475709 0.49687883388792464 0.4902423970239304 0.5050570107254444 0.5000773400582125 0.5119667184358716 0.5009018822680623 
0.3651922803354483 0.624784682620899 0.996537487748838 0.4969491104204231 0.49349391985078206 0.510657441475709 0.49687883388792464 0.4902423970239304 0.5050570107254444 0.5000773400582125 0.5119667184358716 0.5009018822680623 
0.9931626451814655 0.6822976528945282 1.0 0.5728360641050432 0.498990384784271 0.5080150990679322 0.4563019546890476 0.5117322112552036 0.5211791170202908 0.48108384372168533 0.5238974741004611 0.5011523258560591 
0.9999992261878523 0.6442001239559372 0.41921211642949885 0.498439730196303 0.5016625293826311 0.5011744452145199 0.4999336226635814 0.5053321016499309 0.49979094816945546 0.5001832681853328 0.5021976704330431 0.5002049660162282 
0.7791373287677879 1.0 0.9565945410940894 0.5061818518057253 0.4968981054810008 0.5019489486868319 0.5009261124766108 0.5051177604156394 0.4997859785894486 0.4988794300492968 0.49788296008588095 0.49824869052655063 
0.5949274920165918 0.9965544033054997 0.7001725254307918 0.49907856515398846 0.501900017908005 0.4932051384500975 0.5006055806127567 0.5026044319369237 0.4923218929781104 0.49455980586406334 0.5034955022653463 0.4815982826929463 
0.990530713920451 0.9926662128215424 0.74396880825037 0.5494528093060039 0.471717546559654 0.6515546700253924 0.5011098278734445 0.5083960284360929 0.5694532258028523 0.32257140312157706 0.46483781919865347 0.6249542486913127 
0.9965186689624072 0.5308497402180317 0.49592831542656923 0.5238136121006485 0.49005162798457613 0.5121286259573443 0.4908466879461806 0.5021934688828926 0.5064554650843159 0.5240872239810122 0.5111629737439863 0.4996853410669609 
0.99999748511052 0.7030762523600692 0.6090838406680592 0.5017148666644105 0.5016856759106161 0.5011825666150794 0.5009309444258354 0.5032906723473124 0.5001199778107703 0.4992196170369503 0.5020153920781572 0.4998814827589377 
0.6544512483978062 1.0 1.0 0.4999861516959422 0.49513262313244877 0.5019457837024988 0.5022590858254123 0.5038967896691491 0.5004914143378886 0.4967565794500209 0.4964747891203407 0.4972182759312754 
0.9872537140049764 0.997165211199418 0.9216497912564128 0.48675260939280246 0.560542518010713 0.5567464802436455 0.535534347510175 0.45635932709753757 0.41757803891122197 0.540630765129543 0.4955882370895035 0.4790036252425497 
0.9949589144911504 0.9928850060370991 0.9479644510367682 0.4602855198414434 0.5060857135177735 0.607049392054963 0.5153546305316403 0.5614300403383324 0.5820171728742463 0.4773591413181459 0.47367721906121146 0.5749128996176823 
0.99999748511052 0.7030762523600692 0.6090838406680592 0.5017148666644105 0.5016856759106161 0.5011825666150794 0.5009309444258354 0.5032906723473124 0.5001199778107703 0.4992196170369503 0.5001157935872478 0.4998814827589377 
0.6654932201106935 1.0 0.8955703198954245 0.5051014482431149 0.49591246679624795 0.5005351012292382 0.503384132677946 0.5038328391079907 0.4992233751539308 0.4984646122412104 0.49736560443791744 0.49847503208612576 
0.9931094772144959 0.9979683804309069 0.9512751488083226 0.5396535833427747 0.5441686123088803 0.5506213756388023 0.4993140314156925 0.4571666618380106 0.4362448845619953 0.5374112122624783 0.5134503125726392 0.46052500286822345 
0.99999748511052 0.7030762523600692 0.6090838406680592 0.5017148666644105 0.5016856759106161 0.5011825666150794 0.5009309444258354 0.5032906723473124 0.5001199778107703 0.4992196170369503 0.5001157935872478 0.4998814827589377 
0.5448122213907443 1.0 1.0 0.5050309975299037 0.49688719060901143 0.5010521917409844 0.5021056708781325 0.502891606044213 0.4995816262315329 0.5010880442947847 0.49752923843918617 0.49490192073193223 
1.0 0.39848435628628154 0.27483270307154256 0.4963753411184254 0.49769488475510226 0.4993549355611047 0.4948843762316735 0.502945292271275 0.5033398697725628 0.5050763139861714 0.5039712049592873 0.5022956578736684 
0.9931098641205698 1.0 0.8509934521466149 0.5423626326842008 0.5402763603188026 0.55143533708479 0.4974774615087421 0.45990344996623833 0.4366378879718882 0.5394348270520151 0.5127619698008132 0.4604246489245708 
0.501752733513311 0.993272407371782 1.0 0.5191083021928793 0.5081909465707598 0.5122545849589195 0.44986325040020275 0.5212545957561376 0.5343011949588246 0.43110528954802757 0.485911548725545 0.45911873049861945 
0.526297774728352 0.8830184912361185 1.0 0.4998589289538726 0.4944548130956324 0.4985611492445504 0.5043934501839511 0.5014429441446997 0.4995234012451847 0.5004953929005853 0.49765185923146243 0.49752115679856745 
0.526297774728352 0.8830184912361185 1.0 0.4998589289538726 0.4944548130956324 0.4985611492445504 0.5043934501839511 0.5014429441446997 0.4995234012451847 0.5004953929005853 0.49765185923146243 0.49752115679856745 
0.38651637471472267 0.732339350705455 1.0 0.49668315401442764 0.49928764784848007 0.49656171950074984 0.5000866132114793 0.4967743749167409 0.501792570123766 0.5012805663418947 0.4978797839166995 0.4969832359557623 
0.5527406644920967 0.7323480446679014 1.0 0.497925468900513 0.4967338246948255 0.49761604610651483 0.5030153346630929 0.49890005484929995 0.5011255312091623 0.5038847379846257 0.4960908943688867 0.49817202145120626 
0.9931626451814655 0.6822976528945282 1.0 0.5728360641050432 0.498990384784271 0.5080150990679322 0.4563019546890476 0.5117322112552036 0.5211791170202908 0.48108384372168533 0.5238974741004611 0.5011523258560591 
0.6955474391499354 1.0 0.9551058135761242 0.5055983981220776 0.4972177715267555 0.5018943942905052 0.5012670241089825 0.5051954010180792 0.49923119691280604 0.5012925412886464 0.4982649559452086 0.49857728711091037 
0.45139266246665094 0.9932771426594297 1.0 0.5255852704244621 0.5018006052415808 0.5046895521774086 0.44907837081302887 0.5206654930605861 0.45608262952059503 0.4315577917983382 0.49111686268037047 0.47577734645306025 
0.5616739895630614 0.9878737317056411 1.0 0.517556743490705 0.4987935572444501 0.504973624889919 0.47769589182062 0.5139939908131264 0.4743894508378304 0.46668727743337396 0.4869873986541593 0.4792480668430156 
0.9931366415570915 0.829921832670905 1.0 0.5527809445561136 0.515385310556946 0.5312864518093154 0.4703354199781463 0.47956599084399565 0.4617225919482069 0.5188392333019688 0.47973363991299034 0.46135097752825316 
0.9999988392817785 0.6736560999252765 0.4793511160174809 0.5002014284378077 0.5011094964960798 0.5006718492743935 0.5019891077111249 0.5049557567973999 0.5001548200345907 0.5013126938965901 0.5016739397425415 0.5004529185479849 
0.7332154162042093 1.0 0.983204572076648 0.5000831591710624 0.4959508125304134 0.5022150378680408 0.5011852200749204 0.504738626576576 0.5003296060161602 0.4971262324773386 0.4969845295000397 0.4975355534607815 
0.5904704122108426 0.9966409389735387 1.0 0.5117645555437427 0.49562539463194044 0.4990583551977557 0.47385913873338703 0.5128213697933902 0.4815155364178162 0.4635704404150969 0.49642229536252264 0.4945094484199804 
0.9964817299393893 0.9989841902154535 0.9756375744041613 0.5768504422341512 0.5141510030517684 0.5368235621547071 0.44557736174228174 0.49375641296682504 0.5150430670517634 0.505605200468412 0.47440583954040294 0.4545549765030077 
0.9999992261878523 0.6442001239559372 0.41921211642949885 0.498439730196303 0.5016625293826311 0.5000598721863811 0.4999336226635814 0.5053321016499309 0.49979094816945546 0.5001832681853328 0.5021976704330431 0.5002049660162282 
0.7112733027263534 1.0 1.0 0.5005263534772474 0.4956254424748252 0.5026527074312956 0.5010300757247448 0.5045392503229734 0.5007727160556474 0.4969639883540641 0.49673346694432247 0.4971051051514878 
0.9931098641205698 1.0 0.8149300002231957 0.5439798349021445 0.5417237547775642 0.5510590203849568 0.5006737416678438 0.4605073119371409 0.43679086444905585 0.5380071597515158 0.5119339946887991 0.46146032390648634 
0.9999988392817785 0.6736560999252765 0.4793511160174809 0.5002014284378077 0.5011094964960798 0.5006718492743935 0.5019891077111249 0.5049557567973999 0.5001548200345907 0.5013126938965901 0.5016739397425415 0.5004529185479849 
0.6947869012551287 1.0 0.9965095875679273 0.5007483814336898 0.4954771660551197 0.5023480824586453 0.5013147738740752 0.5045490596570443 0.5006014197295159 0.49624963369135955 0.49653531420711905 0.4971789849278969 
1.0 0.7214390908238866 0.42212688062074144 0.5015361046303314 0.5007459647759118 0.5011043072684794 0.49963141987965076 0.5069859797189439 0.4997195057079708 0.4998037717571122 0.5011314670016256 0.505161982833159 
0.9931098641205698 1.0 0.8149300002231957 0.5439798349021445 0.5417237547775642 0.5510590203849568 0.5006737416678438 0.4605073119371409 0.43679086444905585 0.5380071597515158 0.5119339946887991 0.46146032390648634 
0.5306520312380836 0.993272407371782 1.0 0.5200662901258697 0.5080108920725317 0.5124838919079928 0.44892416840608707 0.5305434863383677 0.5351116353626183 0.43088344133159656 0.4855400395774811 0.4586969441401296 
0.38651637471472267 0.732339350705455 1.0 0.49668315401442764 0.49928764784848007 0.49656171950074984 0.5000866132114793 0.4967743749167409 0.501792570123766 0.5012805663418947 0.4978797839166995 0.4969832359557623 
0.5244144577473888 0.8347089509075536 1.0 0.49741627251591775 0.4945678906508564 0.4981503675769082 0.5031696696140302 0.5011190043587023 0.49993877591499736 0.5018505196212647 0.49779954059143694 0.49745469991745256 
0.38651637471472267 0.732339350705455 1.0 0.49668315401442764 0.49928764784848007 0.49656171950074984 0.5000866132114793 0.4967743749167409 0.501792570123766 0.5012805663418947 0.4978797839166995 0.4969832359557623 
0.9931468281855648 0.7650352004083416 1.0 0.5574470297676541 0.5051878340568688 0.5461554853818718 0.46010448813549065 0.47866432203080206 0.47069002415466704 0.5108470066933943 0.4673625052740056 0.4620736091084091 
0.7022802988696264 1.0 0.983204572076648 0.50751229633098 0.4959508125304134 0.5022150378680408 0.5011852200749204 0.504738626576576 0.5003296060161602 0.4971262324773386 0.4969845295000397 0.4975355534607815 
0.6533200532601389 0.9931760692085683 0.9982716889907985 0.4876926203747394 0.47238688239112203 0.47761976642040627 0.5030041350745162 0.5285047791449504 0.5322436437710786 0.47799428543063976 0.4891145900781114 0.5120453579609373 
0.9931230593857937 0.9164373423543228 1.0 0.5465594976073929 0.5289819458903823 0.5421233530619709 0.4839766624350206 0.4678917518948317 0.44976601567292673 0.5294955354467348 0.4962284860983034 0.46038746875471187 
0.9999992261878523 0.6544604258535269 0.43661978550485614 0.4985645503998134 0.5021747763874826 0.4996094478764879 0.5032576334127128 0.5044619625210267 0.5002143661866143 0.5000664634533544 0.501783623673183 0.4975724802588486 
0.8164522946479481 1.0 0.9664060047867727 0.5005971592568518 0.49631719038620653 0.5019915820246552 0.5007497553423483 0.5049880523972743 0.5007069891382857 0.5002370280829386 0.49702938978441114 0.49754698454073826 
0.9931100575736067 1.0 0.9487848524055119 0.5417297062253361 0.5013333976859866 0.5519432970343701 0.4962288553680699 0.4589816461532288 0.4362259352921411 0.5378946041593984 0.512738767661091 0.468600474124393 
0.9999992261878523 0.6544604258535269 0.43661978550485614 0.4985645503998134 0.5021747763874826 0.4996094478764879 0.5032576334127128 0.5044619625210267 0.5002143661866143 0.5000664634533544 0.501783623673183 0.4975724802588486 
0.5448122213907443 1.0 1.0 0.5050309975299037 0.49688719060901143 0.5010521917409844 0.5021056708781325 0.502891606044213 0.4995816262315329 0.5010880442947847 0.49752923843918617 0.49490192073193223 
0.9999996130939262 0.6771479940197882 0.4458994017558323 0.5018152508530558 0.5007373718211635 0.5010492016363828 0.5010001433877724 0.5066739675167143 0.49996178516169726 0.4999358083090706 0.5008567038461431 0.49933672184068 
0.9931097673940513 1.0 0.9833705064012085 0.5415585892679321 0.521692139168737 0.551962762427986 0.4965983159261055 0.4585663834445097 0.43635769170765637 0.5384146638827285 0.5128235810146557 0.4640414444677576 
0.7416486445434127 0.9929221167624316 1.0 0.5078710407806084 0.49551844398093653 0.5024449827960297 0.5014064275118565 0.504963255951986 0.5001043028183745 0.49715269427425224 0.49712183214556843 0.4975220912099184 
0.4221477979700268 0.8209072373824586 1.0 0.49608703132974546 0.4977641121527997 0.4971394504064783 0.5014010176174107 0.4999447283767688 0.5009285444022152 0.4995895567575017 0.49817245441416047 0.4958643117573061 
0.3212199414536877 0.7766189470627336 1.0 0.4957639352290439 0.49980279157746715 0.49632342165073157 0.4992794546886382 0.49729671168047535 0.5016940767202924 0.49913297572833265 0.49892056393933637 0.49582938110881225 
0.9931366415570915 0.829921832670905 1.0 0.5527809445561136 0.515385310556946 0.5312864518093154 0.4703354199781463 0.47956599084399565 0.4617225919482069 0.5188392333019688 0.47973363991299034 0.46135097752825316 
0.8538541197002159 1.0 0.9496090071801591 0.49696021849497346 0.49671656358884153 0.5017648816389679 0.5004214192575942 0.5050004506199184 0.5010083322982413 0.5017791949872817 0.4969831686038325 0.4975594312061482 
0.9931434326427404 0.7866640778291961 1.0 0.555891668030474 0.5085869928902279 0.5258680011829877 0.4635147987497092 0.5047178063687108 0.467700880085847 0.5135110822295859 0.4714862168203338 0.46183273191502383 
1.0 0.5865528468309585 0.0973612628880372 0.4978886639298071 0.5026327436570438 0.4991955658285715 0.5016601179797673 0.5066730608699297 0.5001235001655588 0.4991489010780279 0.5030478151026934 0.5037995511718101 
0.8538541197002159 1.0 0.9496090071801591 0.49696021849497346 0.49671656358884153 0.5017648816389679 0.5004214192575942 0.5050004506199184 0.5010083322982413 0.5017791949872817 0.4969831686038325 0.4975594312061482 
1.0 0.7604395029270661 0.4461872926124811 0.5034093960287993 0.49989060778679106 0.5018816845938036 0.4990403956880195 0.5079975047967842 0.499729640144949 0.4998996819199233 0.5004967556225883 0.5008769640709406 
0.9931100575736067 1.0 0.9487848524055119 0.5417297062253361 0.5013333976859866 0.5519432970343701 0.4962288553680699 0.4589816461532288 0.4362259352921411 0.5378946041593984 0.512738767661091 0.468600474124393 
0.4659600584807947 0.993272407371782 1.0 0.5221660980791438 0.5078467601414831 0.5115682775508763 0.450653781731846 0.5206901999257287 0.45028872136618825 0.4315551465759063 0.4857339113738758 0.45924504168138447 
0.5367535809691268 0.8728372771827426 1.0 0.4991928294948536 0.4947664501897433 0.4981863437958667 0.5054467560209416 0.5015051242824612 0.49853705033453616 0.5007670541607677 0.49861469065601915 0.4977140246070247 
0.9931434326427404 0.7866640778291961 1.0 0.555891668030474 0.5085869928902279 0.5258680011829877 0.4635147987497092 0.5047178063687108 0.467700880085847 0.5135110822295859 0.4714862168203338 0.46183273191502383 
0.8164522946479481 1.0 0.9664060047867727 0.5005971592568518 0.49631719038620653 0.5019915820246552 0.5007497553423483 0.5049880523972743 0.5007069891382857 0.5002370280829386 0.49702938978441114 0.49754698454073826 
0.9999996130939262 0.6771479940197882 0.4458994017558323 0.5018152508530558 0.5007373718211635 0.5010492016363828 0.5010001433877724 0.5066739675167143 0.49996178516169726 0.4999358083090706 0.5008567038461431 0.49933672184068 
0.9931094772144959 1.0 1.0 0.5413874723105281 0.5420508806514873 0.551982227821602 0.49696777648414103 0.45815112073579056 0.4364894481231716 0.5389347236060587 0.5129083943682204 0.4594824148111222 
0.23478578084100465 0.993272407371782 1.0 0.5031966931963885 0.484182103974791 0.48509620980147494 0.453784448457183 0.542162258567835 0.48691427619295313 0.41454503918679364 0.47814691696254596 0.47806944070671076 
0.993163805899687 0.65984366534181 1.0 0.5641744168016991 0.4887197404624048 0.5105906757970288 0.44370306347215166 0.5009808609522007 0.48695573577324225 0.49874374299787894 0.4465588854577603 0.46321954024538414 
0.9931097673940513 1.0 0.9833705064012085 0.5415585892679321 0.521692139168737 0.551962762427986 0.4965983159261055 0.4585663834445097 0.43635769170765637 0.5384146638827285 0.5128235810146557 0.4640414444677576 
0.993163805899687 0.6561372176910364 1.0 0.5681643524084786 0.49503140955964475 0.5045826650254184 0.4534560187384423 0.5114209584245661 0.5007669683450089 0.4901404428106728 0.4579214234996428 0.4653688603026885 
