8.070296900100204E-10 7.409773055119763E-4 5.0576531952493215E-5 12.865521749552443 
0.8127822906339074 0.857759126545041 0.7856374060453329 5.73168786118777 
0.003798681395917207 2.642617936001914E-8 0.0016847415261678233 14.716495792791527 
3.593080411385752E-6 0.8761802128433898 5.9801809552299936E-9 13.451726983302159 
0.0014034466334264008 1.646402945434592E-4 0.0011976654702705914 18.931316616803702 
0.7578817348946864 0.9330555047870577 0.9512022490513701 5.738667405601527 
0.7555239731581463 0.0025458154054867066 0.9544561182014613 7.856348603686088 
0.929978111006645 9.202237834107512E-4 0.9244601244753881 7.773988785343155 
0.8442645025850791 0.027361127073038893 0.6760128973433424 8.214781001457766 
0.7668018476744975 1.4423438743189844E-6 0.16425212747691545 9.313495600357259 
0.7704069814500643 0.19500318015645934 0.7326201332716502 7.933486254376562 
0.002899672196858827 0.6746337319526655 0.7345134492651252 10.46942232042106 
0.665682457229357 0.11746938828372698 1.7183648013944283E-4 9.699660601495449 
0.2762941148237863 0.8438777910552928 6.75867426052566E-7 9.851365214275711 
0.21499201367912252 8.982449804212763E-5 0.031960034525580175 10.277426298591424 
0.07614014810827896 0.7998478944687866 0.7948226123077775 8.2023392016784 
0.0038724154888440062 3.9846299836556365E-8 0.0010210866697338754 17.176122676715874 
0.009110102022003186 0.8727937119450985 0.8918872748737214 7.524009557720295 
0.8750588738120828 0.11746938828372698 1.7183648013944283E-4 8.710879891535933 
0.008080744009203111 1.4922752484171223E-6 0.09218911504544143 13.75282546682547 
0.013902990583143149 0.8258553629310044 0.8154642299086594 7.455395830938691 
0.7704069814500643 0.18990720629188848 0.7326201332716502 7.969578183450385 
0.7668018476744975 1.4423438743189844E-6 0.16425212747691545 9.313495600357259 
0.7441965731087614 0.019202202049752315 0.9244601244753881 7.662958730107706 
0.6803988358119542 1.5416193653234374E-6 2.9412547882380006E-4 10.305303772772678 
0.256178458817499 0.006071209355314897 3.7831824031378964E-7 12.177031793205334 
0.003492999776251603 0.017198156260231134 8.248475706691683E-6 16.23220393050706 
0.7575898841324774 6.747409937592902E-4 6.454861780053109E-6 15.340534468107366 
0.8993933926206114 0.7367316816377029 0.7370593740115454 6.261357640251379 
0.2756807759625106 0.7763382046152947 6.75867426052566E-7 11.814518248666166 
2.9961395666408225E-6 4.34304144988595E-4 6.454861780053109E-6 17.118409586676112 
0.0029912421335877805 0.08741305944076785 0.7502200549354834 10.759358183262316 
0.010695849048997397 0.7323376179544587 5.02719624695001E-8 16.395935873233984 
0.060018738405757 0.001608536060118293 0.007398689576333951 11.51278106725359 
0.8192223421577683 0.8903074088178339 0.6825933192269278 6.811389495533172 
0.8236826578801171 0.04816599343570955 0.9495344838077528 7.637413709116911 
0.005181600919695457 0.013719628144184481 2.1494359493427263E-5 13.791094070277941 
0.004498561432908967 1.2725486089619247E-6 0.019907977729982818 14.406180522400273 
0.9180144875103253 0.007559146446501689 0.8154172416110703 7.394345967478493 
0.81332118515673 0.7477804069563813 4.6125644656630493E-4 7.506054647156738 
6.675221440367949E-5 0.7188991474516071 5.037531597016502E-8 14.968422442392303 
0.8998315659039346 0.8733354833117789 0.755664835244847 5.876874988196145 
0.7831480948054856 0.9080732135646246 0.6806657380468283 7.735144257156319 
0.8017397999929405 0.6956054255486555 0.02035278800763196 8.471376081893006 
0.01704036866809494 0.8016201413133582 0.7768114043484904 7.924842345966498 
0.004498561432908967 1.1972196561086984E-6 0.7109359253760846 12.609698965378518 
0.0034035617222644143 0.8453298866708413 6.977511371228776E-7 13.120133625909796 
6.675221440367949E-5 0.7188991474516071 5.037531597016502E-8 14.968422442392303 
0.6803988358119542 0.8562924780701107 2.9412547882380006E-4 8.365506161443317 
0.2223870451722282 0.8104567885209333 0.9512022490513701 6.807898559942945 
0.003954977078359091 0.7754363795332089 0.693408503610351 10.211966476134005 
0.05085455808098864 1.2989021271432144E-4 2.363514290256363E-5 12.898056498730083 
0.9028508622976651 0.07190506998281677 0.8154172416110703 7.207681527769729 
0.7922142965833352 0.8675574329671278 0.924445768836276 6.929569687579989 
0.8442645025850791 0.027361127073038893 0.6760128973433424 8.214781001457766 
0.7617483129276612 0.9067123742019051 0.9185569138760741 5.817646824339961 
0.035857002116849 0.19227597439539978 0.017453695146747977 9.788831668121311 
1.0234470274640478E-4 0.9273478119441737 0.0155356731539865 11.140382715772343 
0.7630083967260634 0.8103719308687495 0.9322258612496664 6.275062839079879 
0.002899672196858827 0.6746543482957714 0.7338009177491187 9.49916557763707 
0.009703715017872816 0.8354064287900822 0.7977212477721103 8.532775572547958 
0.8139925493773889 0.030972500167725625 0.7194462127694292 8.889690333738743 
0.8127325480915613 0.796153157215097 4.6125644656630493E-4 8.634359933715048 
0.7814253343001293 0.9052917596462537 0.6838539549629171 6.664465903600631 
0.006731370193791497 0.87713391368622 0.0035104644889010217 9.146437986728131 
0.7575898841324774 6.747409937592902E-4 6.454861780053109E-6 15.340534468107366 
0.7578817348946864 0.9255057026519653 0.9512022490513701 6.00711806977887 
0.6720578873394377 3.5769178693235206E-4 0.012981654488485206 9.978558543203253 
0.7938946243984466 0.19239841791308393 0.9385759637473936 7.3039693152773815 
1.9668603294640402E-4 0.8197158458838616 5.0576531952493215E-5 10.41947358348193 
0.010695849048997397 0.7323376179544587 5.02719624695001E-8 16.395935873233984 
0.02645408799578275 0.0016461752834407428 0.08621061316713707 10.088369237872431 
0.7571478255039716 0.8715033948365698 0.7820847242199085 6.609170307293804 
0.8650814079823445 0.015551570743138711 0.6903723757184785 8.72021905646277 
0.8998315659039346 0.07978763814448647 0.04790656535714394 8.602669659838108 
0.7744579744214909 0.732596086476933 0.025915210750656836 8.035625956325525 
0.799786578070655 0.7011502032494619 0.7410998081260475 7.65699629428753 
0.003952348533313742 3.467365040331072E-4 0.012981654488485206 11.372200701833497 
6.069003448300626E-5 0.8761926531731056 0.06811236606241416 9.568102324781652 
0.002899672196858827 0.6746337319526655 0.7345134492651252 10.46942232042106 
0.8298868977471197 0.8578854100446857 0.0033419805723299244 7.364093143482059 
0.7578817348946864 0.9255057026519653 0.9512022490513701 6.00711806977887 
1.24732414716821E-7 0.0358818217175067 0.04008445666586814 11.992767153034903 
0.004499328894215893 1.4922752484171223E-6 0.0016847415261678233 14.607092398630142 
0.7571975689402127 0.8047498243277009 0.7236240071714748 7.727731564606734 
0.05170488926244443 7.509753248425926E-6 0.0012064292586219452 13.23355662681685 
0.8998315659039346 0.8109163055851816 0.9262782089025372 5.740844179509747 
0.015868884287527474 6.005652795902194E-6 0.7109359253760846 10.750202665763384 
0.8223449999452883 0.02498216952270671 0.6886101984076356 8.190745840196103 
0.745829769084274 7.409773055119763E-4 5.030676536452917E-5 11.38541712687272 
0.8329829723371012 0.8420493212441942 0.019294972187502882 7.110323171915382 
0.7990801376544001 7.423328899521955E-4 0.9035341475877144 8.122942932935862 
0.7619958759635888 0.9067123742019051 0.7270173716841184 6.51222905377883 
0.2757312020750859 0.7849240848984314 6.75867426052566E-7 10.277426964797394 
6.069003448300626E-5 0.9265962352529381 0.06802925910825919 9.692191652119288 
0.8236826578801171 0.01731767827181374 0.7925187754336274 8.059929777026138 
0.003954977078359091 0.7754363795332089 0.693408503610351 10.211966476134005 
0.7980024338793041 6.342616203381833E-6 0.02590408422009277 9.202383111030066 
1.24732414716821E-7 0.0358818217175067 0.04008445666586814 11.992767153034903 
0.004100865557636485 0.04160935967537844 0.0028413955356547532 10.938112870101008 
0.011122030631297242 0.03392945237735734 0.053568986348064784 10.121431752296749 
0.02645408799578275 0.0016461752834407428 0.08621061316713707 10.088369237872431 
0.003798681395917207 2.642617936001914E-8 0.0016847415261678233 14.716495792791527 
0.021822125687646077 0.7413581067000437 0.007648591758631713 9.953751541246385 
0.8650814079823445 0.015551570743138711 0.6903723757184785 8.72021905646277 
0.8087335444337233 6.410121172093892E-7 0.022048415229332374 12.120266325654983 
0.7612369357465395 0.8103719308687495 0.9306763881700252 6.726071207007097 
0.004576335209447113 0.004494433575658818 0.9454787933517474 9.52490859442191 
0.0023193172137030427 0.007133618443896546 0.003705997485493606 12.483784860421421 
0.9129457769763307 0.015654628655146108 0.7153958272617108 8.271455828333112 
6.069003448300626E-5 0.004574240077570235 0.05424816819312546 11.094665967835002 
0.8274130743045178 0.022698400453586176 0.7281354082290263 8.054044589758316 
0.7990801376544001 7.423328899521955E-4 0.9035341475877144 8.122942932935862 
0.021822125687646077 0.7413581067000437 0.007648591758631713 9.953751541246385 
0.014317502814251759 0.0050012575677978455 0.7446086828115832 8.832298141764815 
0.012775287447515184 4.740958827085646E-7 0.03505947012400834 13.53363240031888 
0.07614014810827896 0.7998478944687866 0.7948226123077775 8.2023392016784 
0.9129457769763307 0.015654628655146108 0.7153958272617108 8.271455828333112 
0.8750588738120828 0.11746938828372698 1.7183648013944283E-4 8.710879891535933 
0.009703715017872816 0.8354064287900822 0.7977212477721103 8.532775572547958 
0.929978111006645 9.202237834107512E-4 0.9244601244753881 7.773988785343155 
0.005181600919695457 0.013719628144184481 4.765881454571637E-5 13.289485974259069 
0.004498561432908967 1.2725486089619247E-6 0.019907977729982818 14.406180522400273 
0.7997598144747802 0.007740851674248206 0.007400262099389154 9.426537341161936 
0.014317502814251759 0.006225924427345549 0.7341668527899909 9.03125834200757 
0.8329829723371012 0.8420493212441942 0.019294972187502882 7.110323171915382 
0.2223870451722282 0.8104567885209333 0.9512022490513701 6.807898559942945 
0.9056850864578144 3.9846299836556365E-8 0.00215204042300984 12.315572416900343 
0.06717786638392723 8.366572829107081E-5 0.0016876583488352613 12.836930383724482 
0.7552058952674185 7.233092302563488E-5 5.1231448107171484E-5 9.56298480629443 
0.7734217364373218 0.6956438511996855 0.02035278800763196 9.040677882295862 
0.0013314117187556013 0.8253206950392461 0.007531107827061956 8.57395930311447 
0.003492999776251603 0.017198156260231134 8.248475706691683E-6 16.23220393050706 
0.9028508622976651 0.07190506998281677 0.8154172416110703 7.207681527769729 
0.004499328894215893 0.07416227544069276 0.0016847415261678233 12.354313635268772 
0.004100865557636485 0.00790289963679991 0.0028413955356547532 12.763393161660874 
0.7922142965833352 0.8675574329671278 0.924445768836276 6.929569687579989 
0.0358214053513774 0.022756453141946797 2.3712128089052353E-6 10.963541848379462 
0.0261913472784156 0.775972965514081 0.7194462127694292 9.045149563949696 
0.7555239731581463 0.003186339189725204 0.03573454615848759 9.066556347149765 
0.004100865557636485 0.00790289963679991 0.0028413955356547532 12.763393161660874 
0.799786578070655 0.7011502032494619 0.7410998081260475 7.65699629428753 
0.002874107472387753 0.030518151833951068 0.7503952969639491 9.618130784414115 
0.035857002116849 0.19239841791308393 0.938312719522401 8.502993779408028 
0.9056850864578144 3.9846299836556365E-8 0.00215204042300984 12.315572416900343 
0.06559812263229958 2.3667819359542266E-5 0.0017501897743564601 12.832757608064867 
0.012775287447515184 4.740958827085646E-7 0.03505947012400834 13.53363240031888 
0.7814253343001293 0.9052917596462537 0.6838539549629171 6.664465903600631 
0.005181600919695457 0.013719628144184481 4.765881454571637E-5 13.289485974259069 
0.7619958759635888 0.9067123742019051 0.7270173716841184 6.51222905377883 
0.7663075150921512 0.8741747562361628 0.7490169343277893 6.75071077131401 
6.069003448300626E-5 0.004574240077570235 0.05424816819312546 11.094665967835002 
0.7704069814500643 0.18990720629188848 0.7326201332716502 7.969578183450385 
0.8998315659039346 0.8733354833117789 0.04790656535714394 7.060573669825744 
0.665682457229357 1.5524330408818454E-4 1.7183648013944283E-4 10.25472764685592 
0.8012910032378073 0.7787939817960192 0.0011095414769719328 8.789057859862945 
0.0358214053513774 0.022756453141946797 2.3712128089052353E-6 10.963541848379462 
0.8087335444337233 6.410121172093892E-7 0.022048415229332374 12.120266325654983 
0.8998315659039346 0.8733354833117789 0.04790656535714394 7.060573669825744 
0.004498561432908967 0.0019887714903077947 0.77683355605861 10.231460500601745 
0.013088722803903607 4.740958827085646E-7 0.03505947012400834 12.43070245825807 
0.004100865557636485 0.04160935967537844 0.0028413955356547532 10.938112870101008 
0.7814434004907886 7.409773055119763E-4 5.030676536452917E-5 10.156698050829444 
0.8127822906339074 0.857759126545041 0.7856374060453329 5.73168786118777 
0.7663075150921512 0.8741747562361628 0.7490169343277893 6.75071077131401 
