0.0011597525973067796 1.386164276333886E-8 0.001550994593496946 13.005825210727744 
0.7920526308512262 0.8893427640630652 0.8879366358671729 5.487967411135081 
2.343004248268961E-7 0.02717805744000392 0.25774373777954906 13.526841552828653 
0.017326778168128498 0.8040227926464631 8.826867226298375E-9 12.163265235731764 
0.9682083733302919 0.6961737236442082 0.7701810138772337 7.44028172314206 
4.3401966554111474E-5 6.652404302796948E-4 1.0826576947405671E-6 19.18922646978527 
3.508171918900063E-6 1.510538390234878E-6 0.932383761387846 12.522582523133869 
0.7920526308512262 0.8893427640630652 0.8879366358671729 5.487967411135081 
0.8864654463017632 0.6580690200522804 0.8745328854013596 7.949110950831313 
0.8445966906151002 0.06757535481037563 0.8271238503145648 8.141037809048555 
0.17111574784150946 0.8085488417065644 0.7956972839366792 8.129507373537185 
0.662302823839253 0.01566307596288352 0.048894747053956626 10.496574070113631 
0.8495676779332207 0.009552197537656404 0.6608888842802307 9.526590081736915 
2.3492680050388355E-4 3.136626162158543E-6 0.3219203305706573 11.534593114643936 
0.0026531275890485833 3.5515110573213686E-5 1.6800423041654621E-6 19.07879949813949 
6.109050548584304E-4 0.017339608542698073 4.5952691770279226E-7 17.278178831600577 
0.015287756412977527 0.7207548028022517 0.2291328844273295 10.084089282227609 
0.12292611148211173 0.04453195350495166 0.1611786197420032 10.647906098950086 
3.061425635572713E-7 0.05519155584904226 0.10962373941205841 11.224184725908179 
5.9282501276381704E-5 1.1816661383323346E-4 1.6800423041654621E-6 15.737484288834485 
1.5842093732220487E-5 1.4138942137881163E-4 0.7241963219871101 12.2723888309859 
0.0011851050564114464 0.6837649597909239 0.12077729361352746 10.441087259951644 
0.016796338398241517 0.7696505177961184 0.053786433743230534 9.677580057795605 
0.10033971539764092 0.7789115147252681 0.014159199889462848 9.997896313647416 
0.14738128014679727 0.8127521654786143 0.15990602956905392 8.078009384673608 
0.7857760965104736 0.8847591687035264 0.26127373395205516 6.885824315377191 
0.8178317406838856 0.016797661818957185 0.2863326547895612 9.249539141313903 
2.4424379529832487E-7 0.7207537941811762 0.2564107285694894 12.363680122238144 
0.6655979068435731 0.7458868258407669 0.8417431057935225 8.09539679386285 
0.8534638690405337 0.05713909585889038 0.6632408017364102 9.140939352184844 
0.08417721712428913 6.664089366713275E-4 2.392342854439689E-7 16.772262459337664 
0.8672380904473932 0.8581683428849124 0.8111138808925293 5.7089768859608085 
2.4424379529832487E-7 0.7313748728107217 0.2320558975714096 12.296478496535022 
1.120607727534762E-4 8.893867336965885E-5 1.6207094643603386E-6 16.447041773471266 
0.08333427649340568 0.7476977413909129 2.403982051161966E-6 10.819345731437727 
0.705238531224784 0.04549299540872783 0.7956972839366792 8.954703106320332 
0.8801440840871158 0.7434750369053579 0.9103217893005202 6.2459364342243235 
0.7307883399699883 0.6694929432407233 0.7012445666119984 8.781517604543684 
0.007389333828195968 0.7886831134504453 0.30499954496705856 9.040534972585982 
0.9106709904518524 0.036959462368235496 1.0824073072376414E-6 10.945122216403455 
6.458119601563772E-5 3.305398471232549E-5 0.7806875308095635 11.714924085256914 
5.069453451266396E-7 2.627733796059864E-5 0.009004090882582375 12.895935393246056 
0.024759096710473938 0.7656547450500648 0.05283629260689837 9.129712818197591 
0.8311079508307067 0.6962000329588514 0.8535049656789925 6.996488113770323 
5.092650174148818E-7 4.255148451925407E-8 8.929307169935428E-4 13.918428521046978 
0.16126649197540757 0.027363209570596125 0.0031249107275982194 10.41192968161857 
6.109050548584304E-4 0.017339608542698073 4.5952691770279226E-7 17.278178831600577 
0.8435957638134115 0.6961737236442082 0.8275550004195082 6.625511431166804 
0.8672380904473932 0.8581683428849124 0.8111138808925293 5.7089768859608085 
0.03327340786676977 9.807774126402652E-7 3.719054843222814E-6 14.89865369910935 
0.021521024736828764 4.476549222176551E-5 1.6800423041654621E-6 15.319401524332891 
0.7210088233248442 0.02700138149803516 0.7046899848730683 8.891377201523069 
0.6980842619264198 0.7281299271449386 1.0824073072376414E-6 11.423959333828591 
3.508171918900063E-6 1.510538390234878E-6 0.932383761387846 12.522582523133869 
0.8544606224280302 0.8573711463628864 4.252489260675376E-5 7.559578857476973 
0.7857760965104736 0.8848250000734043 0.8862558041836939 6.300148103378353 
0.9490635429068104 0.6940156976208027 0.8689436721645276 6.686565757449106 
2.4424379529832487E-7 0.7741898147152142 5.245206879629207E-4 13.244757823173117 
2.4424379529832487E-7 3.361921096234048E-5 0.01680095771639957 14.657972192101063 
0.12292611148211173 0.04453195350495166 0.1611786197420032 10.647906098950086 
0.8243620227552846 0.7108509481224808 0.822357856094882 6.688683004837595 
0.9289782430039629 0.8889681271787413 0.8548219652811141 5.615719039407967 
7.57283849428296E-7 4.258962796233837E-4 1.6800423041654621E-6 14.235132516503642 
0.8801440840871158 0.7434750369053579 0.9103217893005202 6.2459364342243235 
1.120607727534762E-4 7.537944842348626E-6 2.6240872607047674E-4 15.337728284729081 
2.4424379529832487E-7 3.361921096234048E-5 0.01680095771639957 14.657972192101063 
0.7650221104600011 0.837733175869429 8.935369494873953E-5 7.858589177943948 
0.060413560878163075 1.7844853799440152E-5 0.8462197705783374 11.068165105685619 
0.047979280151706494 0.8863351730464799 0.8880143681455305 7.334580362103175 
0.06122498301836194 0.017606619330029882 0.8683950386242261 9.184873162532163 
0.8808519938427675 8.894953738093113E-6 0.909431040941502 7.852020858031052 
0.7447776235163206 0.788500366664957 0.7066278782061248 7.410762748562063 
2.4424379529832487E-7 3.5448595062547664E-4 0.2625009312032577 13.318208447632804 
0.8311079508307067 0.6962000329588514 0.858587369605682 6.9951507001802575 
0.7274367391483265 0.6695690649504691 0.0018936562501178922 10.420389745512487 
0.8210669397509645 0.7099369683434287 0.030769948104014677 8.330260191750975 
3.061425635572713E-7 0.0011148670859022838 0.04642178841801242 11.403772370987578 
0.0033145590768786093 0.7953976626900577 0.8950361970840721 8.794017056494775 
0.14164160112494228 0.7019935842789132 0.8872506149101315 8.262931419250767 
0.8010274135845599 0.8176199855220685 8.385683422670126E-7 10.014592546213866 
0.007389333828195968 0.8268965586027246 0.30499954496705856 8.729415362330295 
0.7727495055540683 1.7836526745851062E-6 0.3125635790156333 9.750101964814807 
0.045814955974505245 0.8689210643365379 9.091842339991945E-5 8.977953715402567 
0.014810447534701121 0.0017425116955844134 0.8140853164202813 10.396208872583435 
0.07152587699121163 0.6865845996371162 0.870494889536661 8.81588341827597 
3.561378218438875E-4 0.8343090408043581 0.8485215706096437 8.544429699799936 
0.9490635429068104 0.6940156976208027 0.8689436721645276 6.686565757449106 
5.092650174148818E-7 2.5989718551101132E-5 8.49764562044622E-4 14.052197786418473 
0.7274566983624268 0.04549299540872783 0.03202809430702325 9.643345121611047 
0.016915968678862456 0.8597058089102959 0.28072342022637414 8.525461040431088 
0.17050618809584697 0.8058831349450067 1.0597351713885483E-4 9.443462643909815 
0.7751109502892302 0.00951901642600933 9.492445037326136E-4 10.46951457320228 
0.06436677281689103 4.593223106162866E-7 0.2734363318396671 11.32059492374949 
0.010684426463662133 0.011549339525282754 0.003513736005403705 11.738287810295429 
0.03327340786676977 9.807774126402652E-7 3.719054843222814E-6 14.89865369910935 
0.8990147098785931 0.8466452360922352 1.0824073072376414E-6 8.595428270648767 
0.03054387036883093 0.8467474637267908 0.005048952206455737 8.827021015420376 
0.8990147098785931 0.8466452360922352 1.0824073072376414E-6 8.595428270648767 
0.8243620227552846 0.0017485215335049098 0.822357856094882 8.379600286096162 
0.14164160112494228 0.7019935842789132 0.8872506149101315 8.262931419250767 
0.06436677281689103 4.593223106162866E-7 0.2734363318396671 11.32059492374949 
3.561378218438875E-4 3.511117223342115E-5 0.3171159399377267 11.058167748678809 
0.051402653449978575 0.6957324096959822 0.874794681630406 8.74613194864058 
0.9087677076682956 0.8246630610990126 1.0824073072376414E-6 9.15208789102553 
0.7434032195950593 3.511117223342115E-5 0.7032658594282861 9.506391653176179 
0.7617611320194733 7.856402231095384E-4 0.05269045799295202 10.274724187077648 
0.9211897675525511 0.02286846253521907 0.8548219652811141 7.76250748794564 
0.8037955026839126 0.6992241155959085 0.822357856094882 7.7467294515582665 
0.7920526308512262 0.8623113505939778 0.028227937166580588 7.757591354351278 
0.8234103360313587 0.7099369683434287 0.822357856094882 7.619338684732386 
6.196189513631781E-4 0.7431829341445898 0.05283629260689837 9.934338966254174 
0.7307883399699883 0.6694929432407233 0.0014563423417109922 10.509159336700606 
0.14738128014679727 0.8127521654786143 0.15990602956905392 8.078009384673608 
0.744105522250109 0.0065546864041179705 0.8374523367413478 8.826697294613362 
0.7274566983624268 0.04549299540872783 0.7066278782061248 8.466520998457106 
0.7447776235163206 0.788500366664957 0.7066278782061248 7.410762748562063 
0.02404831565213062 3.1359198265237353E-6 9.567277286385081E-6 16.643433623403013 
0.6980842619264198 0.7281299271449386 1.0824073072376414E-6 11.423959333828591 
0.047979280151706494 0.8863351730464799 0.8880143681455305 7.334580362103175 
0.0028314407437862454 0.04437288450411009 0.029299223862908404 10.74525963240852 
0.9262029718662459 0.8235971322996364 0.0057066738107683715 8.884440857418943 
0.9211897675525511 0.02286846253521907 0.8548219652811141 7.76250748794564 
0.08392030487103086 0.7272970747065164 0.8872506149101315 8.379732593960716 
0.8435957638134115 0.6961737236442082 0.8275550004195082 6.625511431166804 
0.7920526308512262 0.8623113505939778 0.028227937166580588 7.757591354351278 
0.8926735019454296 4.593223106162866E-7 0.8832560823852268 9.33838312019359 
0.8037955026839126 0.6992241155959085 0.822357856094882 7.7467294515582665 
0.14164160112494228 0.8269629204109937 0.8924507137063442 7.55967761191982 
0.7620910438828087 7.062787592555103E-5 0.05269045799295202 10.232780510227832 
0.017326778168128498 0.8055385478066953 8.826867226298375E-9 11.546774191511703 
0.08333427649340568 0.002083427474588506 2.403982051161966E-6 11.881725858056742 
0.7307883399699883 0.6694929432407233 0.7012445666119984 8.781517604543684 
0.9289782430039629 0.8889681271787413 0.8548219652811141 5.615719039407967 
0.01955728189876499 0.0012148022126641234 0.7023091240958718 10.532075100900988 
1.120607727534762E-4 8.893867336965885E-5 1.6207094643603386E-6 16.447041773471266 
0.8495676779332207 0.009552197537656404 0.6608888842802307 9.526590081736915 
0.8806220103502195 8.726641390044534E-6 0.8965515605706923 8.976506729735025 
0.045814955974505245 0.8689210643365379 9.091842339991945E-5 8.977953715402567 
0.8762036792115723 0.016301189529042935 3.1717350765398614E-4 9.731830997156012 
0.7505094092125648 9.807774126402652E-7 3.719054843222814E-6 11.504875025946113 
0.030429539648998583 0.8466481225179424 9.205005281203403E-6 9.38711953951152 
0.016796338398241517 0.7696505177961184 0.05283629260689837 9.874065164969496 
7.57283849428296E-7 4.258962796233837E-4 1.6800423041654621E-6 14.235132516503642 
0.0639650942803604 0.685332948800516 0.8730934024866253 8.748796187131825 
0.017326778168128498 0.8176199855220685 1.309962771764569E-5 10.928597978994384 
0.8924435184528817 4.593223106162866E-7 0.8832839750472958 8.234997572732711 
0.17050618809584697 0.8012476580095542 1.0597351713885483E-4 9.675903345828992 
0.001138770742163231 0.8365715276631394 5.74586439029013E-5 9.600706710174787 
0.0012763057599603708 2.9981633515538094E-5 2.7153969010679235E-4 12.012508030810089 
0.7883941413367282 4.289696073122313E-4 7.190603036359364E-6 9.818870512118327 
0.07152587699121163 0.6865845996371162 0.870494889536661 8.81588341827597 
0.8311079508307067 0.6962000329588514 0.858587369605682 6.9951507001802575 
0.7505094092125648 9.807774126402652E-7 3.719054843222814E-6 11.504875025946113 
7.692927601627773E-7 0.027024846474517916 5.7299999698836104E-5 11.218911838080931 
2.343004248268961E-7 0.8130876103139002 0.25774373777954906 10.520658558886577 
0.019735065313111477 0.8176199855220685 8.385683422670126E-7 10.319365209328868 
0.08333427649340568 0.002083427474588506 2.403982051161966E-6 11.881725858056742 
0.02404831565213062 3.1359198265237353E-6 9.567277286385081E-6 16.643433623403013 
0.8926735019454296 4.593223106162866E-7 0.8832560823852268 9.33838312019359 
0.08417721712428913 6.664089366713275E-4 2.392342854439689E-7 16.772262459337664 
0.017326778168128498 0.8040227926464631 8.826867226298375E-9 12.163265235731764 
0.0012763057599603708 2.9981633515538094E-5 2.7153969010679235E-4 12.012508030810089 
0.14738128014679727 0.8127521654786143 0.00980554416484486 9.844221813819496 
0.8534638690405337 0.05713909585889038 0.6632408017364102 9.140939352184844 
0.03957032820060774 0.8573721258876302 0.005317040023571799 8.504207396565265 
