1.9318475353807796E-5 7.926823438471304E-7 0.8092443930858694 0.00905820449738555 0.03585513454676286 0.1200989448830718 0.09772699168624373 0.16536918981050236 0.05219604048564078 0.03358211326541627 0.2670439923199404 0.005034365042123415 0.20813533101057569 0.013353117349373174 0.13689040575717437 0.1121418150931727 0.3184814226475218 0.01393808095301059 0.003983842469889545 0.09442427724049002 0.8085519928811618 0.19910491341108041 
0.8488350258317455 0.9281322880955769 0.8277119978532275 0.0074720273953688965 0.014415604913225452 0.016998066211933498 0.11132681938229239 0.0051423060097703956 0.05197000541264529 0.11501047023801161 0.2423970589966522 0.04229550750606374 0.04648506529164716 0.012511545415034457 0.07359372887897357 0.005804161121315085 0.0825100695271982 0.028459102469752456 0.014946984161122369 0.019753307939516008 0.030262459148462435 0.0502134778699143 
3.2647620266850766E-7 0.011249785828474468 8.180625350889482E-4 0.1400585653598866 0.1399123967731773 0.9567024447912598 0.14858789958667595 0.022162625982263116 0.13935042127021285 0.10531162190251651 0.2402334875166729 0.24489906964911118 0.0502553879632151 0.019570394075803188 0.017934606951715615 0.04327649211047458 0.10166798541832243 0.0957926053998798 0.036938583609895666 0.12196915690147406 0.10981881734376228 0.015263388745160908 
8.287541098227699E-4 0.8353023383014271 8.647396601189038E-9 0.1406319482093059 0.013997041333323273 0.03580598716229587 0.06277263997624435 0.0027964495850575375 0.050463116082428774 0.18425844112760664 0.2631479828900215 0.20023731772562833 0.2971389710292483 0.7416114405571423 0.012215432612287469 0.0928738248260223 0.0040335541161496255 0.08334950694083104 0.033965423406240286 0.1271054509064678 0.0018718135434293813 0.060671629550208134 
0.0017317264305591212 1.313619007414341E-4 2.1735322444874913E-7 0.03134403984297124 0.17008502803887254 0.9635671916017334 0.08696773719920667 0.15921890164461605 0.46455532114565035 0.038694319752343664 0.34612754731914147 0.23479189526367963 0.19879079341692585 0.07493950289569112 0.1892994308807558 0.159696086299421 5.545203300693358E-4 0.04260948440563367 0.05240593060935256 0.6700765047189243 0.10920006661226822 0.19796041788936394 
0.26076461230010006 0.6412538004507076 0.74216709621012 0.03225071470803567 0.025116061564693242 0.022001036069138384 0.09027844094349662 0.01218100111970222 0.006439738537118041 0.10435197393351132 0.2520329536361562 0.004091434509943072 0.2211295507193632 0.046898600939221546 0.04456613266044944 0.10446838094106252 0.037730459454837405 0.03152515395364116 0.016714788803597516 0.03319245843880077 0.0198904038162607 0.07537984171198828 
0.8219403236552552 0.9247173888561753 0.7776347284761733 0.004535821745323465 0.016098615266244218 0.011615677149825147 0.19287445797019476 0.124576908332923 0.05167923615200456 0.034898871066125575 0.2423970589966522 0.04208725029253735 0.21862297416014015 0.012511389513978094 0.0840704055453165 0.005806295508575714 0.061396164418588466 0.02839888561646932 0.014549555634480547 0.019739461795960454 0.030639114432011567 0.009967966321774394 
0.010412406677113444 0.8215561873344384 0.0603848341361495 0.023938301313258997 0.036327024654590444 0.034749193553450096 0.08765374168231935 0.005191484149940103 0.0014293362475655536 0.18649970834811502 0.18134868895512665 0.0016288545753791843 0.004120350986194513 0.05224337347231872 0.07347274237790127 0.10953776870577168 0.0816132266115217 0.03167478657436785 0.007382338361473824 0.12346873053534214 0.0027317553522531006 0.061485603842023076 
0.8122219166637008 0.20826488475682428 0.11302553273324611 0.122402468587226 0.02421812417167559 0.12017951973426197 0.13216589125577566 0.0012833007329379224 0.006652756403694291 0.10204661738271309 0.2659051015367916 0.004187602097445538 0.01867310529976962 0.04108749203755052 0.03593227645540244 0.09175133148918928 0.050018297426661 0.09363879489250232 0.023062491748126142 0.057141642906459504 0.12181195540190412 0.06891210815076587 
0.9256630627582176 0.002826939154463585 0.6707522027344744 0.20380453638642554 0.019715915070034493 0.06492365853800093 0.08381999656855683 0.00819626150782908 0.09136270567394136 0.10374542213725581 0.20155353572134493 0.0105928660700365 0.05159041615813796 0.07436336857297646 0.02592569894461812 0.08882539390715566 0.06577937479821903 0.014691775774468164 0.025868111451174833 0.07933798360806864 0.045647999389754515 0.0019215807231768925 
0.3030978381248221 0.05234541074463195 0.002950377039413348 0.1360014035556726 0.03570088770833488 0.002617510464226796 0.12906234626346125 0.015393732691202998 0.03815614265655315 0.19267196296079536 0.09710038195030554 0.20146248050092147 0.05104538129442569 0.04974247389924061 0.06366596405452835 0.13408504499537718 0.006004443452998717 0.08757932793775712 0.010655922804939651 0.024708862824890016 0.031096041894230916 0.015486444561614784 
0.7369824308465078 1.497593916996616E-5 3.1817150352181616E-5 0.02671728576610309 0.11859542437388362 0.07746616178169786 0.125193638122604 0.009447877881928718 0.05086879395391629 0.10827243513937639 0.3106683890151977 0.23226365989720618 0.024275460871584546 0.10808302324644317 0.04366270809036987 0.08801947712496966 0.11167898971220878 0.030917486567567112 0.032003957877180925 0.05685528191196713 0.7864106538582238 0.0624814100409813 
0.0012981958823793938 0.24907705931560903 0.8703471060700096 0.020597456432035127 0.03607923971226995 0.00555457180464608 0.05097166397739618 0.03502635943369624 0.07281740117792536 0.023725144289606953 0.15268725287837806 0.0025371330769295712 0.17487258353299504 0.10736321492236467 0.0474723746891913 0.16087825390799 0.08266778097214504 0.0346753001197047 0.05158777517979807 0.05726596574903159 0.11116501946339806 0.027332675847796202 
0.04770096629027246 0.46134290926777555 0.018683270431801624 0.001606830841429693 0.01594807463226518 0.0061621916689611304 0.10984347565948066 0.0047069808802214655 0.0592220269625466 0.041650946221130324 0.17282621018364677 0.04244827771018762 0.22407994949974694 0.0532427832730333 0.16637280491008 0.017953943346183096 0.023343076883106773 0.03826955285657681 0.0604203729099652 5.72922521248076E-4 0.07858688679751683 0.17563480045801466 
0.7815030538330542 0.6233977390546247 0.9120983319458221 0.02339570588874837 0.013814619909022108 0.021209996415380912 0.09075046298325361 0.019189549508031593 0.01693183625589595 0.03905484084812934 0.2729124043532898 0.004127185146931781 0.08807714100854269 0.012504471016684816 0.036509801634133865 0.005013396134873803 0.08634351030237492 0.004026205392350497 0.0049951030308260785 0.12676448798992168 0.01966024037948372 0.1532006593925918 
0.05387962986164334 0.12316041087727342 0.029363109490723793 0.0022641452794499514 0.025790999434600146 0.016723166106729522 0.11041413556879087 0.004724802747735802 0.0034208426483889054 0.10556903653551447 0.1783100470633185 0.04605313817434233 0.230348434882455 0.12180986228032786 0.04725033048130357 0.167774871530753 0.08158171405201614 0.07678281281816807 0.06079884483243259 0.0321033779118335 0.031276756301186474 0.17927491117577182 
0.9295246128573184 0.8358736087101521 0.8521156372740831 0.010751191234396053 0.019779163120911304 0.009708537605078504 0.11279938951436859 0.001297136026294124 0.07218824685718588 0.10190016216302719 0.10381070381589387 0.010652333807175063 0.05709566281656414 0.042927623254616465 0.10376502225272512 0.09109924800168699 6.557943396941213E-5 0.006198451091628691 0.004066702473254132 0.0855628081916571 0.10975249359881956 0.00168158478275076 
5.524611885256506E-5 0.6648834620423477 0.9023012235992752 0.2120994892226536 0.01715937293310065 0.1200477153331261 0.1089586602649817 0.16443935290578088 0.059712035203071986 0.11823082920918038 0.17964412017997194 0.0036130883079979366 0.20641577207569994 0.10512327533439605 0.02256968561962682 0.014067474510836828 0.010775652216322429 0.11031238264086424 0.13237340675082557 0.12766952808717158 0.04590585298333899 0.06602651206744965 
0.01638554095894485 1.381272807121233E-4 2.1735322444874913E-7 0.005728963230312375 0.17008502803887254 0.9635671916017334 0.08696773719920667 0.1597666787187254 0.46455532114565035 0.10222045642807262 0.26218908308307437 0.1221384073679286 0.2532549147584716 0.07493950289569112 0.1892994308807558 0.159696086299421 4.847714645998093E-4 0.04260948440563367 0.05240593060935256 0.6700765047189243 0.10969216899801747 0.21114518481300124 
0.27591910873368486 0.11616819741515755 0.8631762129159117 0.023056084194603033 0.03607923971226995 0.0058933962933557515 0.045327816249836145 0.0012416301177296538 0.004817253710276561 0.10632124196656276 0.2494025723647498 0.002526411138951335 0.1797662155335078 0.006573770529035884 0.04665547842582185 0.07213745214307501 0.0963922623342385 0.09530001536201899 0.012103401269064307 0.02873038947348784 0.030085907554605724 0.04218572340302607 
0.0017054824489578055 0.21852736726801286 0.7170242747592528 0.02349318375962576 0.02023537946881242 0.12074558362634447 0.13216589125577566 0.001265462878575591 0.006652756403694291 0.10215146484976462 0.33841045257443936 0.004194189035870474 0.01867310529976962 0.04108749203755052 0.035446001005043144 0.09175133148918928 0.05172812357967024 0.09363879489250232 0.023062491748126142 0.02023489777688479 0.12120413109574685 0.06686242565623812 
0.8575734274434345 0.011990136437971533 0.723356309765624 0.15016880729445584 0.03638893956297297 0.009391934176500511 0.0647716405209295 8.181370770260297E-4 0.10389040891852597 0.057821167923689784 0.15264107294549462 0.24466658592103055 0.04599110048705882 0.07461402554287454 0.05984518471019024 0.07516492207014794 0.08696574364391547 0.10548324260543777 0.0076970235896755765 0.1258585620109719 0.07907986100081721 0.03850999628889751 
0.9146417429386678 0.02456086227044319 0.018637724487306995 0.002738903283919009 0.019779163120911304 0.009269324061240865 0.1422887129704522 0.001331947424959381 0.04969330494970882 0.014308693331035724 0.33382689928098697 0.010651765990093503 0.05798300560102969 0.04326617186941994 0.10274748263886592 0.14628107081915054 0.05572329189274772 0.02679322413755645 0.006951398511615954 0.1436316512010265 0.07911206121820137 0.04247253324946783 
0.0026816202443409876 0.15277269909971425 0.6727338616386462 0.027243212684116586 0.03585598229755465 0.016297598899198188 0.06377373812175588 0.0015281545001864134 0.09160835229943626 0.19391491685349008 0.36693280290703645 0.04175108271879069 0.04652736609340853 0.06743107002111785 0.026096026047210195 0.018201207735206636 0.005202555730710809 0.016162438775713554 0.0618196596221743 0.06794373092122107 0.045635358953943266 0.0010847935679083945 
0.005770371905747251 0.05834617780732676 0.7007941844532247 0.22604833654903284 0.06899388146960508 0.03671485215440667 0.14132968311398617 0.039087392579451236 0.08542487689695406 0.040623021129637955 0.24618961381133464 0.12255631868459235 0.049626632506891526 0.1125996535724978 0.0359672090984191 0.12342716990204686 0.039207933639189986 0.030549873135811305 0.03141535834293736 0.19107977166843282 0.0597227335523123 0.033582158832533696 
0.0026691615688655412 1.3796735608624444E-4 1.0889747051451045E-6 0.09456601872475665 0.16702472928341602 0.10213878502997753 0.08303089098434048 0.0108358598083792 0.475870250612637 0.0680015329660969 0.2622078663324953 0.20640273769200224 0.25339825412463335 0.006692502374849085 0.7819162219176985 0.11236830985810733 0.03665755151989633 0.003286795452439404 0.05246980061922328 0.1111701710832344 0.12172123249361537 0.4924462675342507 
0.7778899364422038 0.855737223686252 0.805673632410925 0.023668795986145928 0.03036839857391116 0.0024083302253766967 0.11295034788641062 0.004347319577365165 0.05160556242106681 0.0370094564195534 0.17516592634195136 0.13882920744103225 0.21720431200148252 0.10894363141500223 0.17753332910088832 0.16608395673186152 0.019499627280197537 0.03785111646882693 0.05789899109318372 0.038910889042757385 0.0012360986215792218 0.033222762980532616 
0.08830882250472956 0.665257285271218 0.8955499420417808 0.023056084194603033 0.03584732315119055 0.0373072666228566 0.19653599299706043 6.892587271375488E-4 0.0013005813646282463 0.04405043626648935 0.27994996032146824 0.003991876293877052 0.015273721515886407 0.0779422189898697 0.035265525579581763 0.08831676256933879 0.0761926356828545 0.09403653006040022 0.012278482246808256 0.05811415638325485 0.07635595160620279 0.044134142452887576 
0.0017855752820105097 0.6891537066338471 0.0908260736669883 0.023861314428103655 0.020323394207019008 0.0341375982020101 0.07224293645790093 0.012095150897917371 0.07416065816703876 0.06573132970842246 0.17821061876204877 0.2000992043276349 0.04539981800352576 8.715043066553907E-4 0.035436568359366316 0.09658092809954481 0.007303473729758088 0.15162038063991595 0.0048568485875306626 0.02087947630660926 0.01871328777984272 0.22506191579787965 
0.15994263443677503 0.005220999272304432 0.02646986326587821 0.1351708693901608 0.0651874929124391 0.006145976454160339 0.11771099700191705 0.008269540522009948 0.007703581550843969 0.03993647596134358 0.15262107483082415 9.77998840099789E-4 0.286796158039677 0.050310844196218896 0.04524019024984534 0.003038548502433555 0.013718957779815782 0.08349205516634886 0.005870295512351952 0.05864887609909521 0.034210414558671354 0.0017725820893609778 
0.9294639195516055 0.8841004507550053 0.8331005838206257 0.2187741411646261 0.022930809025599623 0.01989752511051624 0.058100923069321575 0.001337753789679479 0.05402163895382517 0.014477268542656567 0.2709924261940849 0.010651765990093503 0.020703168323557175 0.11622293143559285 0.05133223012939883 0.0101998380760214 0.09179486853841498 0.07632430647574819 0.004405676422532827 0.09175225630724383 0.047871544396868554 0.005018803425300956 
0.0011430978982679106 0.024315133021566904 3.8303034162619296E-5 0.14285063821302293 0.11737479954009036 0.9464373618307943 0.0868441179230545 0.1096470150019456 0.47005381217556275 0.043659981739194366 0.38451070206451965 0.23689228613047641 0.14218058036587472 0.07865563680337456 0.17229406427445584 0.22074521486998974 0.0010075901145097455 0.13132858887254067 0.05522075892632927 0.052532195549297174 0.10942109438504596 0.19811374206714882 
0.8474216880525476 0.008779105098915323 0.7684671695648618 0.0052724757927144275 0.033940698775602796 0.07685862259524177 0.12459843174297922 0.016756409790545775 0.00578294378550543 0.10233820321267594 0.2729152137400653 0.059895087938705696 0.002358642416629364 0.012776222237314647 0.006208243462256187 0.09585703784263987 0.010975346888067061 0.10713024471281946 0.015002882373600708 0.09451284933419066 0.022343591184465033 0.05013128921345626 
1.8561437085802285E-4 0.02350337930834829 0.03936259517007634 0.2618115982900142 0.03556842954621639 0.14828158179928744 0.08400065521649237 0.016541491887526225 0.05882541549457082 0.043955064122098056 0.19206417618801072 0.043133584321090546 0.3003575846984253 0.39505441443294376 0.06139996243068316 0.043498473163553555 0.4603800150163209 0.011677505709506195 0.04697484862537567 0.09703826125926387 0.03663528263389992 0.05620287993586576 
0.04766560118746299 0.6872545534509412 0.0764332111072154 0.0062112417528077946 0.03935965914907669 0.03413193049354304 0.0715678811789428 0.004669751069571328 0.05922241670685721 0.03663159733726832 0.171056562779981 0.04244827771018762 0.048335807450503754 0.0018177030112148107 0.051307889896577696 0.01792482958414851 0.05388093668612527 0.14611082352509455 0.06072866924814711 0.0013352356012998196 0.018014332378326513 0.1837041594524687 
0.7973598189710847 0.7698459187726606 0.935705850726924 0.023041389277209834 0.035513231410426824 0.034844790791589815 0.0841203031864671 0.00910040451814565 0.0015610858422110685 0.04405043626648935 0.2788981441454993 0.0039851728914624615 0.06862252586992493 0.046268160625265786 0.03888047898627703 0.08823808297182505 0.07738736051430495 0.09403653006040022 0.012242782013871042 0.05726596574903159 0.10779549912201716 0.03961328941344558 
0.7658953663720818 0.8615184402024221 0.05162301092613336 6.186817170769927E-4 0.020127598255676532 0.002396228788555819 0.15204875611103624 0.012114061228468736 0.06506877782593938 0.11772994860276134 0.15311530938003426 0.04295593841152593 0.3330126097448484 0.003913513353826438 0.06515929248043219 0.09554025595715548 0.2543949452167297 0.15037647369424634 0.013493015383280375 0.034779918677127764 0.13748376588336297 0.06642774143034351 
0.022285252948609613 0.7536407307129601 0.7419295722840233 0.010970189655445453 0.023032634512073748 0.11794676624156074 0.12633658764224487 0.05148429833649647 0.03506409190798394 0.08435772173157566 0.35227277852205563 0.04225220763427191 0.18095293888068503 0.004522676383549818 0.11720009454563324 0.140789722930971 0.09838595787119496 9.520236978992347E-4 7.756218269634706E-4 0.05893568555951312 0.07036756264482541 0.05073160157858362 
0.29968553157806627 0.8487070492417307 0.002950377039413348 0.018811951104653918 0.019802568837426086 0.11881743514248111 0.13036052693445396 0.0013277410990844723 0.006481771413064531 0.10196830194283754 0.09710038195030554 0.007501588844671198 0.05104538129442569 0.10404087370216485 0.09093840219683588 0.09173199929482212 0.08063026679101853 0.1265358434415626 6.2891616417848E-4 0.05906626762399571 0.041397290836574396 0.01990746731563095 
0.0840558341445623 0.015779846197357394 0.8565913580705722 0.1400585653598866 0.12286990320962371 0.013632261853185487 0.12396494844373883 0.014478879080700995 0.004110927131804221 0.025917980467339955 0.18436885794669733 0.0010232874302555338 0.051824346573347835 0.04862401700349657 0.004075789058834468 0.08992715227846308 0.013984187144757486 0.09080523488521455 0.006487618843474298 0.05429308192745676 0.10903964991910864 0.03181088337324854 
3.7832507292531563E-6 0.11101099070155537 9.060519144103536E-4 0.0029960106512713636 0.11720536466327774 0.18208297654558786 0.12454968935222319 8.28629584428666E-4 0.11132385413841839 0.1614108046317241 0.15960036936633437 0.0015402057417397974 0.04636234234341956 0.30033579274981903 0.06726555872468273 0.10643882938542631 0.3047312728219822 0.186561426154924 0.38883720874591154 0.022637158516972226 0.02048346656959381 0.043826576788178855 
0.7813323782502496 0.8298968683123421 0.8369475407317781 0.01564405321015194 0.017425507756034284 0.00970307645199859 0.21941768611882922 0.019442707162374104 0.09147003659759645 0.1040227233086368 0.3565307835402278 0.03306992774068563 0.0571186511742374 0.022728144659913463 0.10376502225272512 0.09109896617082702 6.557943396941213E-5 0.07702931519099375 0.005219457545589145 0.14121906354340968 0.10975249359881956 0.00168158478275076 
0.7788785838194017 0.6692111868130887 0.9094378399210548 0.01563079165607946 0.14570420703761303 0.02138659214523495 0.2193114011621175 0.019189549508031593 0.039125353734258336 0.038530104858273184 0.2729124043532898 0.004127185146931781 0.04745232812268947 0.022850558115790752 0.03653820542827529 0.09089965274442433 0.0034981433150903865 0.07699213614762976 0.021682449703449833 0.14294521084767953 0.02005424530882868 0.1555668063967086 
0.0021927335425492266 0.0103850886207087 1.2804032771193685E-7 0.12448532085896646 0.03423724958445417 0.034409486523629955 0.1413584168107342 0.15969038296436028 0.4932077742981281 0.058932756918456036 0.3519677901185646 0.04082011458985131 0.007662079304941074 0.6246740748394934 0.03490227390953604 0.04381273195993528 0.026184347127752167 0.07763171261708486 0.008009302282499325 0.6673180183153427 0.09313911524807078 0.4699205644329093 
0.002845661622013801 0.9161540053859416 0.026053795882976575 0.020625858110782214 0.01407292256880465 0.034489646843513244 0.1078663601676629 0.016536047926464015 0.034500591071211416 0.18432609091107321 0.32247257522112993 0.040819230890133756 0.04161997320186053 0.059019095124543085 0.114645693201637 0.044846310967990716 0.2657156107199717 0.03164225756580942 0.01740706444637638 0.057697748161965046 0.027422437457093093 0.0017446226503121491 
0.8546476680202211 0.8270958293178271 0.7088840037136231 0.13848429974360374 0.17986408945642815 0.035164456681162554 0.04785036825056878 8.294563366581034E-4 0.09302478511635003 0.10733101312359332 0.15055239118304564 0.24466658592103055 0.003939610684087463 0.07508876626761116 0.05984518471019024 0.07516492207014794 0.0865323150634543 0.10548324260543777 0.01428102953499518 0.05030946926489038 0.04790669577298273 0.005521946177189874 
0.19451473576942385 0.002880856443865855 0.026104210300368608 0.13586875953809088 0.06268439550498935 0.0647708030377397 0.0846816555520073 0.11112439037884972 0.4569988297009279 0.10242494432074098 0.18878642581080357 0.04451188719691507 0.048596744723515245 0.04878610354533243 0.18468097411644963 0.2193297073107697 0.013873060804721855 0.08339877904890491 0.005870295512351952 0.05419818332777122 0.045647999389754515 0.0026043065651039123 
0.003118936305243812 0.1509510771518483 0.9213122374927885 0.02686129374582251 0.038792968397526946 0.13707725932245043 0.0650858021800162 0.08818115611731692 0.2644216360130246 0.07771536558561373 0.15159215550470823 0.041394076567943486 0.2085097255077824 0.06006667133104665 0.02198847995422661 0.018627817648410483 0.05971471167988694 0.013598867641824372 0.04662960352988611 0.06805134303456518 0.045238300360926256 0.005097044240909052 
0.8219403236552552 0.9247173888561753 0.7776347284761733 0.004535821745323465 0.016098615266244218 0.0170059703094444 0.19287445797019476 0.003578787553809573 0.05167923615200456 0.034898871066125575 0.2423970589966522 0.04208725029253735 0.21862297416014015 0.012511389513978094 0.0840704055453165 0.005806295508575714 0.061396164418588466 0.02839888561646932 0.014549555634480547 0.019739461795960454 0.030639114432011567 0.009967966321774394 
0.8602954945793779 0.14837260138623698 0.8149346472797878 0.001126653376899621 0.012371731466613023 0.03741333944224674 0.10978115987380384 0.0047068187067368875 0.05922241670685721 0.03839626580916067 0.2995539455424465 0.04244827771018762 0.06667682634492543 0.0532427832730333 0.06725905285122047 0.007181368936319876 0.053272116881687585 0.03826955285657681 0.060349611239127035 5.72922521248076E-4 0.07849560446373491 0.06745372104523818 
0.009749531962601032 0.910973378849923 0.7500517162446706 0.004714418127014519 0.02266131001314283 0.001469883441677311 0.11611043891409574 0.018999730644367194 0.04866140998056228 0.10434397690715366 0.18026660238115397 0.04639858099253428 0.0130647785375312 0.0291796341465397 0.037458755230533186 0.09145913372112242 0.08116359892051261 0.007098870052821785 0.013635728238456546 0.09373720218878095 0.1121866473226949 0.058454669208411386 
0.8086658875333561 0.8750206339294784 0.10814178078627451 0.02309529318021866 0.036733194644094504 0.034844790791589815 0.09894521662436033 0.0018472290253588974 0.005594899423002866 0.10823917046390316 0.26615112477619585 0.005519152648187575 0.29351633654444487 0.10703109903384807 0.045491545982700415 0.07195831801608725 0.0711600197466769 0.09369874967478592 0.002525090214360221 0.05726596574903159 0.029800856953597576 0.04046392781077739 
0.0024677856496562733 0.23841306481443453 0.8671895816876272 0.018288181549211233 0.020314568182824753 0.108117807031337 0.11332080193536112 0.0028189421614731995 0.03631136721810877 0.1035368660552548 0.34296469894778586 0.007233570419885746 0.05669437604562576 0.08447150011109118 0.0846654969769464 0.09215691395578673 0.07404222277357636 0.03315962945139359 0.00612475762671843 0.07654113854957648 0.05809152213788936 0.0076548163226467965 
0.027566856737426593 0.805933636352931 0.9639636370345613 0.2736263591808964 0.03584520655643164 0.005009927016247251 0.08321792977172444 0.01646256027434202 0.057975267363663846 0.11642742077830072 0.18355428315308442 0.04060396675028388 0.05092301119229756 0.5017128660383737 0.1634450448476611 0.047569534023527635 0.005154961112061606 0.07654452700697362 0.01653588223931888 0.03763346235191459 0.10783248894576289 0.03589764835724596 
0.8314819008336811 0.8830603886188957 0.878203610625139 0.023056084194603033 0.03607923971226995 0.034844790791589815 0.09040113072948971 0.0018332637567142268 0.0013005813646282463 0.10823917046390316 0.2662542911199157 0.0039851728914624615 0.29272077638175736 0.10703109903384807 0.04740961439684499 0.07213745214307501 0.0711600197466769 0.09369874967478592 0.014260738600565221 0.05726596574903159 0.029784807197603465 0.040363621437963154 
0.24496008480879833 0.8522668189148324 0.8412710042845034 0.0227166313476998 0.013897982870068916 0.21622744412385375 0.11768352198552398 0.09700783994905497 0.05840581691195598 0.10547300948540328 0.18103627715960732 5.618538728079077E-4 0.043063276851400545 0.11198551203244281 0.042749578763560184 0.07288670469019645 0.033587822692967464 0.030036606350030425 0.040442425488497316 0.05819467596970873 0.0014127398653567408 0.15320054862454696 
5.524611885256506E-5 0.007074297809779669 0.8875971670699683 0.21209446066322532 0.038647870224126385 0.13707725932245043 0.10888692241704721 0.009700931134242363 0.020937724417327802 0.07780314717332555 0.15543144605100875 0.041394076567943486 0.015806675311561796 0.39242225088149124 0.021924401631098867 0.08879783306509792 0.05971471167988694 0.013598867641824372 0.04662960352988611 0.09456125369313166 0.15625804111536895 0.19435839282088258 
0.8297097880055242 0.9281322880955769 0.8277119978532275 0.0074720273953688965 0.014415604913225452 0.016998066211933498 0.11162309391296338 0.005171375245047538 0.05197000541264529 0.21536315819852406 0.24211392067289303 0.04229550750606374 0.04648506529164716 0.012511545415034457 0.0603901223973665 0.005926672714917653 0.08215941032405111 0.02739087613455302 0.022119608332117048 0.019753307939516008 0.09419076055770262 0.0502134778699143 
0.0016108675357526248 0.23494825948747716 1.909006256917801E-5 0.007936772775985257 0.48939030920966065 0.036968470373682755 0.11269333323038347 0.009457785155422857 0.08290867316041436 0.10410601313599786 0.34255262109729123 0.005463934964186019 0.030687190760175065 0.3514642499997752 0.08337716795031504 0.012528864189022063 0.05724619614056217 0.07700320473279963 0.030544165959094566 0.0598305885544883 0.03668444450752901 0.1279926956258126 
0.09695464471012961 0.001899761569726266 2.2973462878820693E-5 0.12448532085896646 0.03423724958445417 0.11816722773598576 0.14181094500178973 0.15941863236646678 0.4932077742981281 0.06172477015608246 0.2722699493598979 0.04082011458985131 0.007522525765022839 0.6246740748394934 0.035597626587765954 0.06478996497930543 0.031951226719440506 0.0768610988774934 0.00803942396716776 0.6192659522848001 0.11238041996942351 0.4687290717082446 
0.2966354967027421 0.8487070492417307 0.002950377039413348 0.018811951104653918 0.03594838242080979 0.11881743514248111 0.12909488038660646 0.0013116053410424915 0.0067175170289919435 0.19267196296079536 0.09710038195030554 0.007501588844671198 0.05104538129442569 0.10404087370216485 0.09110872929252739 0.09173199929482212 0.004786883769130217 0.1265358434415626 6.2891616417848E-4 0.05906626762399571 0.041397290836574396 0.06757192826052283 
0.023263221513708077 1.497593916996616E-5 3.1817150352181616E-5 0.03040457864055155 0.02924542208564019 0.07746616178169786 0.09781461229569205 0.009447877881928718 0.053409174576995504 0.10829332787686004 0.3106683890151977 0.23176967058350081 0.024275460871584546 0.10625096740055788 0.13786994089975266 0.09174885123612478 0.11167898971220878 0.014994756510348345 0.004104735265275654 0.09429595509799626 0.7864106538582238 0.0624814100409813 
0.010667576846733418 0.9733201912498564 0.8218153037438333 0.0074720273953688965 0.014415604913225452 0.017029934042597263 0.08638264393901407 0.0051091145376285264 0.05197000541264529 0.17436147615705283 0.1837133442191474 0.04341505988060164 0.04665371666588905 0.008233550409784289 0.07359372887897357 0.005804161121315085 0.08233551194682615 0.031773368126538436 0.007484594369168545 0.09527197532925832 0.04397931649178587 0.009982242617804015 
0.0031908157790602187 0.16402015458569522 4.74499120597327E-4 0.030717417798495482 0.024241897171430812 0.12074558362634447 0.13216589125577566 0.001265462878575591 0.006652756403694291 0.10215146484976462 0.33841045257443936 0.003961843027369967 0.25179467291577134 0.040710950846009925 0.11279050049122036 0.09175133148918928 0.050018297426661 0.028553943597304884 0.023062491748126142 0.07177702974847425 0.12147602822831302 0.06834131296904139 
0.0011430978982679106 0.024315133021566904 2.4747672266489315E-4 0.14286950038724952 0.11737479954009036 0.9464373618307943 0.08683217541363797 0.003157786160427431 0.05246658689949987 0.043659981739194366 0.3838074499332798 0.23689228613047641 0.14218058036587472 0.07865563680337456 0.03316074887036301 0.0904509178429929 9.962494309968591E-4 0.13132858887254067 0.05522075892632927 0.052532195549297174 0.10942109438504596 0.19811374206714882 
0.2421243233143947 0.7127547765247729 0.015820796044063598 0.20378459022739442 0.013603124105212222 0.003589379767164738 0.13362668736188416 0.020952586268775664 0.007411305648091164 0.11736361811168988 0.20963785018622966 0.0423009731381868 0.15164725077891134 0.0014384965592971755 0.02171474140156484 0.07275600047836235 0.08597052112700931 0.250516808547831 0.03590324137152609 2.2275981779295434E-4 0.09740630913604034 0.05497178341540086 
0.11060258230227882 0.8811554644150941 0.026053795882976575 0.012307853519897917 0.013838402992466947 0.11824738805010628 0.13013992585896894 0.01445945561506866 0.051208164546475 0.10392515667128559 0.15262107483082415 0.011609690196694535 0.2726279893700546 0.059019095124543085 0.06561349885580292 0.051241465145345486 0.0012171608975977688 0.03067786922941979 0.004964672082068831 0.05798088976762805 0.10846558629219077 0.00175754079304892 
0.8448198997113809 0.7632268523967537 0.8175110573066888 0.011854308594623032 0.017804226224638914 0.017001324213107936 0.1100697953832139 0.00536030560741845 0.05197000541264529 0.033826476737181914 0.2423970589966522 0.7873066561836668 0.04648506529164716 0.012600037404031855 0.03681782028543636 0.005804161121315085 0.05936913160897861 0.03119178413133425 0.02089371471955981 0.019753307939516008 0.03078802054589485 0.06412701185639395 
5.582435517828034E-7 0.750972983774272 8.195787447960957E-4 0.1400585653598866 0.12319960919175922 0.9567024447912598 0.11197944673657567 0.010194117472582984 0.13935042127021285 0.10531162190251651 0.184120305906383 0.24489906964911118 0.0502553879632151 0.019464256792229247 0.017934606951715615 0.02579860502224579 0.10166798541832243 0.0957926053998798 0.0029741540557954686 0.12196915690147406 0.10981881734376228 0.015263388745160908 
0.1509066469266022 0.7436712307800248 6.583588390224673E-6 0.14936178158192936 0.013441101355988055 0.035267626374498214 0.12437123202820621 0.0034483442736624303 0.04987719570648173 0.1040224858307509 0.25947680045938853 0.22445302320789268 0.26839441857987145 0.03327244471109109 0.05973581221057824 0.011203131457202517 0.004986719094260392 0.08823627915813052 0.021976475532449267 0.05571616334427954 0.0947690069080997 0.0426476047135617 
0.17702259490929267 0.7681751205775974 0.01029695249663748 0.0062112417528077946 0.03239198198657961 0.019148564075284688 0.0902678460001641 0.004530584173056916 0.007833691487396328 0.036684421731638696 0.26815046383712465 0.04433978749295159 0.011746789609827678 0.4516862773710655 0.06434105378103228 0.0857140647819028 0.0036591584423330114 0.04113879409357139 0.015262059773578092 0.05824542918153929 0.021963151676245615 0.03281878896017199 
0.8723622906508002 0.9171237299251475 0.008405188102968031 0.01501301707379142 0.014415604913225452 0.017029934042597263 0.08638264393901407 0.0051091145376285264 0.05197000541264529 0.11595140715822372 0.1837133442191474 0.04341505988060164 0.04665371666588905 0.022486874766459247 0.07304701658602424 0.005804161121315085 0.08233551194682615 0.030430156518115148 0.007484594369168545 0.0948843670564884 0.04397931649178587 0.19411320379361935 
5.524611885256506E-5 0.6439409566906572 0.9023012235992752 0.2120994892226536 0.01715937293310065 0.1200477153331261 0.1089586602649817 0.16443935290578088 0.05267231876258746 0.07771536558561373 0.07569708032592443 0.04143124079109643 0.20838276533677347 0.10512327533439605 0.022349103052578697 0.08643765862357325 0.059747282432400295 0.013591914508953662 0.04203601257185786 0.12766952808717158 0.04590585298333899 0.07918773495462887 
0.18243027349535898 0.8448700039035103 0.8635822769085657 0.023040997561296246 0.014101790472835156 0.041391292150602665 0.1264723194582286 0.09707485162691494 0.05156982956068691 0.10591402519754678 0.2779265037828834 0.003933300467596137 0.05137808002877079 0.11247145264401771 0.042749578763560184 0.072606599941199 0.033587822692967464 0.0310626715503336 0.01243720389434035 0.05819467596970873 0.10847701233499517 0.019249226445795575 
0.7639059340264323 1.497593916996616E-5 5.439508738294772E-5 0.0054770733348675354 0.035326715186517144 0.07469662814795382 0.12520932275716773 0.009447877881928718 0.053433157608435505 0.10829332787686004 0.31187738169203366 0.07333182648750335 0.024275460871584546 0.06821301398533657 0.04459549020695419 0.09124458224543577 0.03468601030547015 0.07714940408379733 0.032003957877180925 0.09413427753052883 0.7864106538582238 0.062278287749419764 
0.0016441497215917839 0.7943278910506185 0.7719608174480654 0.12664922079284902 0.16245131521967532 0.12186668264644213 0.11482048336840489 0.001263932406117185 0.030129890435273383 0.18649970834811502 0.260463598122395 0.13362980333941904 0.010708623980181317 0.006819559786599871 0.035113967268876695 0.09175133148918928 0.0022851685346029216 0.09337974427351833 0.010494449732843053 0.15988962094661333 0.08393211706758885 0.06800165792783623 
0.00145682114025685 0.016429133248900885 0.0063260797989837525 0.1442370147033253 0.039277268628399024 0.18290259710613888 0.12454968935222319 0.0018559633762639392 0.05905838759436366 0.10966095618313473 0.17258272063542712 0.21671954536528815 0.04114603789540042 0.005548455629233423 0.051233303550532516 0.01790429104518738 0.061249909621240634 0.1456109829193112 0.03912505924542367 0.05842016227777 0.09755673085219842 0.07435320844173729 
0.743358947065174 0.018049159523301495 6.583588390224673E-6 0.14702246302399147 0.11788160646349546 0.035267626374498214 0.12436428786832911 0.009345046207167553 0.04987719570648173 0.1040224858307509 0.31126392829449906 0.22445302320789268 0.022483684965158734 0.03327244471109109 0.043642374061652604 0.013102896332744723 0.005280933635735917 0.08823627915813052 0.021976475532449267 0.055687140786899014 0.7848142984873597 0.04245411215651183 
0.005770371905747251 0.06573018208261411 0.768011906368447 0.005046738004655757 0.07028895079989028 0.013778911721618138 0.142007524617483 0.039087392579451236 0.08542487689695406 0.040623021129637955 0.24618961381133464 0.011107778867269762 0.04688374948920222 0.027450088823416298 0.0359672090984191 0.12342716990204686 0.039207933639189986 0.030549873135811305 0.03141535834293736 0.19381915066745087 0.0597227335523123 0.05324532429592588 
0.8455340985235114 0.6410109698034308 0.8019341950168188 0.00547193695379577 0.03602238304690305 0.0038750421850166847 0.19298249455749128 0.018910420971119855 0.0517675686789615 0.04294653935414993 0.27105419568074224 0.04456209426025882 0.28898300962754825 0.013532466702523727 0.11738933652724662 0.044057094522793556 0.0019034297510698434 0.10147265787391219 0.013659132442612675 0.09475374614874196 0.10870224565481079 0.052932627542680126 
4.210069433990271E-4 0.9733201912498564 0.8160532039439985 0.0074720273953688965 0.01441198026132863 0.017029934042597263 0.0869084368192956 0.0051091145376285264 0.05197000541264529 0.17436147615705283 0.1837133442191474 0.04341505988060164 0.27679748531840287 0.00863342509179759 0.07359372887897357 0.05245948028160839 0.006198634510823323 0.031773368126538436 0.012327214254364952 0.0959630367276226 0.04397931649178587 0.0052650410166876875 
0.9506927515582156 0.7231094952869498 0.7670266997682011 0.005266450155208999 0.02266131001314283 0.013805824702455512 0.19336388390954537 0.018999730644367194 0.04866140998056228 0.105556156131175 0.18027732865543722 0.009900540496548059 0.2230028791742205 0.0291796341465397 0.037458755230533186 0.09145641661360171 0.08116359892051261 0.03489047862767844 0.013635728238456546 0.0949372717450525 0.1121866473226949 0.05287237965921869 
0.9294639195516055 0.8358736087101521 0.8369475407317781 0.012190178465697166 0.019779163120911304 0.00970307645199859 0.11279692383051583 0.001331947424959381 0.09147003659759645 0.1040227233086368 0.3512806098750179 0.010652333807175063 0.05709566281656414 0.04316671771636284 0.10376502225272512 0.09109924800168699 6.557943396941213E-5 0.03066918245194899 0.005067006089731352 0.0855628081916571 0.10975249359881956 0.00168158478275076 
0.792976424613181 0.1261157050923069 0.8301723777036148 0.12438851578893001 0.1649726043276449 0.14940679611252777 0.16684736223370047 0.004663005098690266 0.05197000541264529 0.11501047023801161 0.24087639725955687 0.04229550750606374 0.31186229021514267 0.0655975127258671 0.07359372887897357 0.006889407148537797 0.30048373117981475 0.028055199912331658 0.01028450593022541 0.021463845977235385 0.016457221861125488 0.0641153405747537 
0.04171447000659631 0.03419198078940844 0.006873932276105166 0.02374610581183467 0.014515258569734492 0.0244111450459464 0.1291141232697445 0.0035023721146394565 0.021993368586722208 0.1022513044402206 0.18228492316020617 0.0039851728914624615 0.29029284230617175 0.03157108655774604 0.07405636622505919 1.6189259934640265E-4 0.1075926407997136 0.09530001536201899 0.014463739459120701 0.01736155857912037 0.030958121154876807 0.34521458707100044 
2.4024996006014737E-4 0.6586498170087902 0.8211747023260229 0.12275762528834559 0.03794662702392165 0.030165162966209635 0.1590310419553367 0.010109272233296876 0.11296970782693351 0.10734808912767516 0.2423970589966522 0.0014893698445774747 0.046899269354373 0.011223201555952265 0.00546593423380147 0.07006116027963638 0.08706082871832664 0.028502836628291704 0.00493465229212417 0.052870095007600405 0.03138146274456378 0.052702983476598006 
0.00786295436729573 1.497593916996616E-5 3.1817150352181616E-5 0.0304723818726926 0.11874462375554942 0.07746616178169786 0.1251841228814573 0.009373998212877571 0.05241508080339477 0.10798828933406326 0.3106683890151977 0.2315783353944263 0.011133023264638324 0.10536857865890359 0.1388438351287083 0.09158854570287969 0.11167898971220878 0.08738757649936799 0.03177735749471819 0.007823333107182234 0.808616206459974 0.06318210264141846 
0.7915630868339829 0.12801400265376078 0.7623693213632781 0.12206717532259423 0.16348300235819072 0.03471972503435247 0.09071025264152478 0.0046892637924460506 0.00578294378550543 0.10233820321267594 0.2729346762643633 0.059895087938705696 0.010540655150837852 0.06586218672046482 0.0485580297650035 0.09514460326275684 0.3039768718168705 0.09376406754150628 0.010388768186802013 0.09451284933419066 0.022344804573955036 0.038593815676551124 
0.8204411003534637 0.9206491077666799 0.016324356279980856 0.0106831655059614 0.035663531763598835 0.01664064932723821 0.1723575440841065 0.004725236868549321 0.021224390581472026 0.03494611707623567 0.09872963932949641 0.04229550750606374 0.01162708071736494 0.013288781911708798 0.08377774855431774 0.005806295508575714 0.05948353499391023 0.08713819269359348 0.010597360358548545 0.024652163599734583 0.036960771428739395 0.009967966321774394 
0.001641322743338784 0.7800068599755636 0.003639051580702147 0.024789066832765577 0.036327024654590444 0.03040387701454622 0.13237463576143949 0.001937028582425969 0.0014293362475655536 0.18641977188369716 0.27268190881628956 0.002075919991615119 0.3183610012723145 0.11735268444608928 0.11854904098568318 0.10258024565044996 0.0036056487152171107 0.029187809486350576 0.008434755662450649 0.12346873053534214 0.0021133113080518545 0.10545397669742157 
0.7563339299658409 0.8486384602524036 0.8142243008273717 0.21513333159547454 0.14244909575172646 0.019342563651867255 0.08934252256483843 0.004265126461133806 0.0041795404727702715 0.040522545789852024 0.15071890178941955 0.00568424677483978 0.15038360317970761 0.09270318626371488 0.05282945674952273 0.0072520253543900265 0.09192850813111489 0.07721023734830407 0.014202304053663663 0.03742082999493686 0.02021002425333415 0.020188007576229516 
0.2418167176619211 0.8011280752285777 0.10979247295579947 0.007873692361852563 0.01867728300765271 0.15269884287640187 0.0856155545044269 0.016425733522040003 0.09409764444214311 0.1869540045687345 0.19474453290462562 0.09560147119012599 0.014568267180748658 0.06008573105036385 0.06493676976436678 0.010497951965447873 0.09677379557042305 0.031672651833008075 0.014145113840554918 0.07124743151267024 0.11148353935829972 0.030886145731748024 
0.001641322743338784 0.8215561873344384 0.0603848341361495 0.023470864279371846 0.036327024654590444 0.034749193553450096 0.12388673038043692 0.001153071215866358 0.0014293362475655536 0.18649970834811502 0.27268190881628956 0.002075919991615119 0.004120350986194513 0.04913314036658084 0.11489105086912846 0.10921657611222504 0.0036056487152171107 0.029187809486350576 0.010494449732843053 0.12346873053534214 0.0021133113080518545 0.061485603842023076 
0.00786295436729573 1.497593916996616E-5 3.1817150352181616E-5 0.0304723818726926 0.11874462375554942 0.07746616178169786 0.1251841228814573 0.009691249787230526 0.05241508080339477 0.10798828933406326 0.16077610181949115 0.2315783353944263 0.012439128348116127 0.10536857865890359 0.1388438351287083 0.10633305610287491 0.10803835232824448 0.08738757649936799 0.3875253821408043 0.007823333107182234 0.808616206459974 0.06318210264141846 
0.8455340985235114 0.6410109698034308 0.8019341950168188 0.00547193695379577 0.03602238304690305 0.0038750421850166847 0.19298249455749128 0.018910420971119855 0.0517675686789615 0.04294653935414993 0.27105419568074224 0.04456209426025882 0.28898300962754825 0.013532466702523727 0.11738933652724662 0.044057094522793556 0.0019034297510698434 0.10147265787391219 0.013659132442612675 0.09475374614874196 0.10870224565481079 0.026645774476207855 
0.3030978381248221 0.8374300403436533 0.002950377039413348 0.1360014035556726 0.03594838242080979 0.11881743514248111 0.12915079315867775 0.015570475240485097 0.0014906345838379444 0.19267196296079536 0.09710038195030554 0.20434068315234447 0.05104538129442569 0.10403494040410617 0.09110872929252739 0.13408504499537718 0.005970443470756924 0.12658763866178258 6.2891616417848E-4 0.024708862824890016 0.031096041894230916 0.015486444561614784 
0.0018964974917906226 0.9733201912498564 0.8218153037438333 0.007004590363392679 0.012728031676910265 0.017029934042597263 0.12220366203184321 0.001070701736101634 0.05197000541264529 0.17436147615705283 0.27504656408031025 0.043916138030520004 0.04665371666588905 0.005125009835750743 0.11501203737020074 0.005526518763219447 0.004369794336427708 0.029286391038521164 0.010596705740537777 0.09527197532925832 0.04337771053026414 0.009982242617804015 
0.13233185382966378 0.002880856443865855 0.026053795882976575 0.13588762171231744 0.06268439550498935 0.0647708030377397 0.08466971304259077 0.008196336233698049 0.039393730673625504 0.10242494432074098 0.1880831736795637 0.14813667443268858 0.048596744723515245 0.04878610354533243 0.04554762713043835 0.08903541028376968 0.01386044523109561 0.08339877904890491 0.005870295512351952 0.05419818332777122 0.045647999389754515 0.0026043065651039123 
0.1783725707813149 0.017949991672529208 0.006051594747731592 0.017064550179542393 0.17421046590758432 0.982310777944745 0.11128350993136135 0.03745230266349142 0.049594488808859444 0.035019224393684545 0.2727461016121557 0.1392987299330034 0.05907427533499373 0.0016619430644346789 0.03731092462256087 0.09151338656146171 0.0024736195896617394 0.01600975352680084 0.010497825034082238 0.05906717469763938 0.029926314807779263 0.06848146381229019 
0.8726205097149681 0.8633656636679369 0.7639323669806134 0.014743795497376649 0.013849724669712828 0.003908849840140943 0.03776514751100988 0.00466994853364942 0.007610615184027888 0.11725892845484832 0.2974070259808828 0.20110831938434648 0.0657555769426865 0.0747473277977055 0.05226634343427794 0.07172328129233026 0.0718393096064437 0.18129904009026473 0.055878691611780065 0.09045919423550741 0.10039848239973288 0.06658352078865634 
0.8137408474576088 0.9456026565101574 0.8713522192670271 0.14299823075108328 0.014503796655066934 0.21439497970538474 0.10975627701248304 2.9888659294552596E-4 0.0013265412549321232 0.1068731279262943 0.1586658644600553 0.04474995903596694 0.03982101008090928 0.10953326873415459 0.022404233963260786 0.0724707089434195 0.019556978718889034 0.09619101302175265 0.00741331385846237 0.02249871826237596 0.04649671187004057 0.037235580418960565 
0.027566856737426593 0.6386735712349886 0.02487315321293207 0.006273473261535838 0.01579432770398131 0.005009927016247251 0.11372781367884591 0.01645056287830879 0.058111163628459195 0.1165850157750686 0.2656397934829135 0.04259486592425422 0.2240887496609555 0.05369669918506998 0.1664040980994303 0.04508267830224037 0.004036589819704013 0.02857388933337235 0.017054354881218342 0.03773542163838896 0.001726704625793234 0.039614169450849376 
0.9774365053037404 0.017794764832998217 0.010414391634314598 0.1433757080137874 0.5056081328092923 0.1706415468865006 0.13254092237837398 0.003538240798491181 0.09459731446688548 0.11686295487590305 0.1812788660033296 0.04410634250043495 3.832294455057006E-4 0.033868279147757925 0.11865993773624792 0.10275374617992818 0.05264305658829709 0.15982962707844367 0.008394738845128626 0.09429448777668548 0.12190161922092513 0.10419103728537704 
0.26076461230010006 0.80851386556865 0.7462837238195728 0.27129133437100883 0.025146307945417154 0.022001036069138384 0.09027317819222665 0.012249472227507127 0.006439738537118041 0.10435197393351132 0.2520329536361562 0.004178392807517963 0.050923745736853765 0.49490326020526754 0.04456613266044944 0.1069552366623494 0.03793669442086639 0.07678281281816807 0.016714788803597516 0.03319245843880077 0.02005812485063961 0.0359428563617985 
0.012897574845614157 0.05855541147781166 0.002950377039413348 0.1360014035556726 0.06886928329630826 0.03640441676474371 0.13230210188111394 0.016289953469922763 0.03815614265655315 0.19267196296079536 0.09710038195030554 0.20146248050092147 0.05104538129442569 0.04747538607216545 0.06366596405452835 0.13408504499537718 0.006004443452998717 0.0794595774249157 0.010655922804939651 0.014163701905582124 0.059445141845216154 0.015486444561614784 
0.8488350258317455 0.006846248064436122 0.8277119978532275 0.0074720273953688965 0.035430296916909486 0.14940679611252777 0.1673563354353631 0.01673015109457834 0.05197000541264529 0.11501047023801161 0.24087639725955687 0.04229550750606374 0.29869422710229576 0.012511545415034457 0.07359372887897357 0.006889407148537797 0.0825100695271982 0.028055199912331658 0.014946984161122369 0.021463845977235385 0.030262459148462435 0.0502134778699143 
0.018966064880422906 0.7964969793244707 0.826225819247999 0.007504922344896222 0.017960078028508474 0.03442903032165581 0.11444468454454267 0.022371631585742194 0.08005618855326133 0.24029488343554606 0.11084528113184308 0.034359387112574635 0.039728318748698525 0.008003033776880285 0.03700385498991862 0.0964457989305255 0.30759579139080084 0.0814283684807137 0.04966688220487114 0.02456842378702427 0.09996583524155493 0.01260334358326931 
0.032720221631491166 0.6301045109038406 0.8149346472797878 0.0062112417528077946 0.07061728844891821 0.02077042742650767 0.12500328525187188 0.0012632459426083283 0.03884069278086254 0.18284540273935332 0.1709932665551084 0.17111709046057094 0.010185930701351209 0.01672298630254 0.03610640384139674 0.01792482958414851 0.05319214346455453 0.09341064199574839 0.01782566225906968 0.07320749629603328 0.08104201414514378 0.06830666891922427 
0.030281510360986974 0.0017615629101682129 0.8067101817527116 0.017482225470744073 0.25126786864338935 0.005160247405906211 0.12636419782907174 0.012349788885635093 0.0067680686077441175 0.11727738169751822 0.18035794909464448 0.002232847182075365 0.3914737881882451 0.10622523843046969 0.04726118980251334 0.013317426763853446 0.06067872371444651 0.11351679038039969 0.028542111097207522 0.056076124287390436 0.0018447829725556641 0.06595940248674159 
0.0060833565216192285 0.030701017841186617 0.7541489801509582 0.12672242924579952 0.03133648034156244 0.035105679197184894 0.10807611889817897 0.11250205052499404 0.048118712936762266 0.07926828501424898 0.26735538746307486 0.04194610073811372 0.012588343907709909 0.018749515344244988 0.04490078682314063 0.10332542674159154 0.06769735559865 0.0772470265501721 0.006119192265178625 0.06794040849484241 0.09531262030115137 0.032161749667704215 
0.002058519671217231 0.75083330463663 8.773491308549861E-4 0.0034743985484576786 0.12250674468210673 0.0822443623890717 0.05685473304387015 0.010285792809484409 0.05288280571546059 0.023964323849064537 0.18258175589789552 0.0013950625303368325 0.29016779475342364 0.1100340136291183 0.10265052342682704 0.02561878636202354 0.06008622132600133 0.030677517113398382 0.002339040656417761 5.065283139667476E-4 0.08315318451258387 0.020884526540264806 
0.04766560118746299 0.6874366851266364 0.0764332111072154 0.006270296830839475 0.036443263868546565 0.03492649561888328 0.0715678811789428 0.0012370082702151466 0.11230451617240636 0.03663159733726832 0.27273207733008636 0.1276449286887022 0.048335807450503754 0.0017123884858302684 0.06748617907073978 0.009739416716345161 0.29707642841895643 0.028659242979237637 0.4084730824817059 0.0026733535715856988 0.017206206003288184 0.18412367304095137 
0.24484560958406584 0.002370484730336464 0.012275178317907885 0.1797469379042688 0.0304947432100323 0.055730994154340505 0.11764000973326838 1.6318654814354017E-4 0.5053703696510807 0.03938202311138366 0.1036749540841377 5.843674137079738E-4 0.04295845720513719 0.0038380235766030824 0.06368799630588472 0.1926125640044153 0.4823675949257937 0.09080523488521455 0.04005937643578848 0.05742429708942441 0.013512713089092729 0.15166588063224282 
0.05387962986164334 0.12316041087727342 0.7854693700778765 0.1217266120414462 0.025146307945417154 0.01672690813663897 0.08995438886937701 0.005005276620314084 0.0034208426483889054 0.10438304871101743 0.25206391288585267 0.04615336531954938 0.049733969946867976 0.006528507963426744 0.04456613266044944 0.10290774347557648 0.08158171405201614 0.07678281281816807 0.01071781273368212 0.0321033779118335 0.031276756301186474 0.035591129298605056 
0.010667576846733418 0.9733201912498564 0.8218153037438333 0.0074720273953688965 0.014415604913225452 0.03455697047097734 0.08638264393901407 0.0051091145376285264 0.05197000541264529 0.18638108869701578 0.18275837971727252 0.0019596740049794455 0.04258057307466518 0.008233550409784289 0.07309201366720527 0.1076478642383932 0.0011071087873799762 0.031773368126538436 0.0023279922550249518 0.09527197532925832 0.04406996198501886 0.009982242617804015 
0.05063111092763218 0.7681751205775974 0.01029695249663748 0.0062112417528077946 0.03239198198657961 0.019148564075284688 0.09064174166433459 0.004670558844080627 0.007833691487396328 0.01818856756471402 0.26815046383712465 0.04433978749295159 0.22785002015670666 0.009460792385771022 0.06434105378103228 0.08781781812823444 0.11544683880289808 0.04113879409357139 0.06435337393830481 0.05824542918153929 0.08046223705683413 0.03281878896017199 
0.24531940676387215 0.04016594740897589 0.012297475526991966 0.1797469379042688 0.0304947432100323 0.9667636270888389 0.1180089700879106 1.0636014499290636E-4 0.5053703696510807 0.03938202311138366 0.27258251950608703 5.843674137079738E-4 0.04295845720513719 0.003208756759934178 0.06368799630588472 0.1926125640044153 0.4823675949257937 0.09080523488521455 0.04005937643578848 0.1223800265162384 0.10046140477624917 0.15166588063224282 
0.020324310183025343 0.6594260662480451 0.11118148511253526 0.1214856810072548 0.06636628339321671 0.053639828410767455 0.14169372293350208 0.008269875027531562 0.07348933756170495 0.10793134818040351 0.2423988249313317 0.1616861321336177 0.12475251512463675 0.05028011233380934 0.02097521698963397 0.008124041180340439 0.09843267370175277 0.02931241945524683 0.08503314324029385 0.060257834020774184 0.10452851978515462 0.0016831240926933645 
0.005900957438105696 0.023156482381560248 1.2804032771193685E-7 0.12157419510806092 0.09603856457990395 0.037473109101537616 0.11769004885223834 0.11270634295327386 0.048516600745488 0.03839227934525018 0.16595645399597644 0.13369378700649542 0.007662079304941074 0.7572258906494084 0.03584650966252842 0.09118228861043426 0.4934026987929955 0.09275265854052335 0.0623334011287939 0.12285689996757393 0.09522874124987085 0.2100025330045346 
0.0020014338925546937 3.368068485750386E-4 0.0027245524469105 0.20281875945304859 0.4497335563600017 0.166289597563219 0.13254092237837398 0.08611073510647617 0.09459731446688548 0.11686295487590305 0.2994420470641993 0.04410634250043495 0.29911349423494565 0.1168189995198004 0.11865993773624792 0.10275374617992818 0.052564191402342475 0.15982962707844367 0.008394738845128626 4.2724714662869395E-4 0.12190161922092513 0.10620160150312813 
0.027566856737426593 0.6431528967276328 0.02487315321293207 0.006273473261535838 0.015845369988497483 0.005009927016247251 0.03285340841059246 0.01645056287830879 5.443218429686744E-4 0.11642742077830072 0.2667325463673275 0.040202201548316344 0.22474758097981296 0.05369669918506998 0.16574126071574904 0.04508267830224037 0.004036589819704013 0.02857852595460945 0.005473589103886372 0.03773542163838896 0.10767454436306398 0.03945819192164998 
0.0029146326811482475 0.03118494399440292 1.2804032771193685E-7 0.1629502467611127 0.20592486610743918 0.017452251839481125 0.11753289694941313 0.16798003929220878 0.05146668736152879 0.0579962882437255 0.16136303528219315 0.011058416222639575 0.026486243061215192 0.7572699911456816 0.053752203954025225 0.09154290342435559 0.48010841595388326 0.14558936196440567 0.0643141151707015 0.07650239031964734 0.09536732057194092 0.20639947576700676 
0.7915630868339829 0.12801400265376078 0.7709275494152491 0.12206717532259423 0.16348300235819072 0.07685862259524177 0.12408945854131656 0.0046892637924460506 0.00578294378550543 0.10233820321267594 0.2729152137400653 0.059895087938705696 0.010943606984174074 0.06586218672046482 0.006208243462256187 0.09585703784263987 0.3039768718168705 0.0951118538907379 0.010340404142703749 0.09451284933419066 0.022344804573955036 0.043983392600615394 
0.005900957438105696 0.023156482381560248 1.2804032771193685E-7 0.12157419510806092 0.10179577810720403 0.03122155211911609 0.11769004885223834 0.11270634295327386 0.048516600745488 0.03839227934525018 0.16595645399597644 0.13369378700649542 0.007662079304941074 0.7572258906494084 0.03584650966252842 0.09118228861043426 0.4934026987929955 0.09275265854052335 0.0623334011287939 0.12285689996757393 0.09522874124987085 0.2100025330045346 
0.9227161576878355 0.039262878100745795 0.009739568098882934 0.01079884927974957 0.040730856011228236 0.009442253907417628 0.065111295213956 0.014478879080700995 0.07198434478072724 0.03852335895480622 0.1033179380806934 0.003599193293595482 0.042891952898049285 0.022484321722818487 0.024505182905468298 0.008642620542553298 0.0848783337198977 0.03490317349248805 0.053576871056380246 0.05793448179245601 0.2449444831157441 0.15399433376376834 
0.8726205097149681 0.8633656636679369 0.7639323669806134 0.014743795497376649 0.013849724669712828 0.003908849840140943 0.03776514751100988 0.00466994853364942 0.007610615184027888 0.11725892845484832 0.2974070259808828 0.20110831938434648 0.0657555769426865 0.0747473277977055 0.05226634343427794 0.07172328129233026 0.052918601663192635 0.18129904009026473 0.055878691611780065 0.09045919423550741 0.10039848239973288 0.06658352078865634 
1.9318475353807796E-5 0.73462555004688 0.8073729985222989 0.00905820449738555 0.03585513454676286 0.13712848887239615 0.09771722122886133 0.16536918981050236 0.007412681837804899 0.03358211326541627 0.2670439923199404 0.005034365042123415 0.20813533101057569 0.013353117349373174 0.13689040575717437 0.1121418150931727 0.3230556690930357 0.013945034085881302 0.003031596023985568 0.09442427724049002 0.8085519928811618 0.19910491341108041 
0.015945777825986017 0.005232299347658058 4.608369401012946E-8 0.005638104542337347 0.062471930880578765 0.11441118596900793 0.07085183231031975 0.022242257933677893 0.08861258103895071 0.1043293331780804 0.26237665029860724 0.12117458450592763 0.25285332149079226 0.01727626509473392 0.17165839821236303 0.0032047707580212526 0.015184645427891802 0.08086176105085977 0.027644120828470765 0.14966946398292927 0.07505225796826727 0.4939413085085752 
1.4769078330883773E-4 0.023291902333028747 1.2804032771193685E-7 0.12448532085896646 0.03423724958445417 0.034409486523629955 0.1413584168107342 0.017327102652560072 0.4932077742981281 0.058932756918456036 0.3519677901185646 0.04082011458985131 0.007662079304941074 0.6246740748394934 0.03630097850205365 0.043820910989040174 0.47019272488572184 0.07763171261708486 0.008009302282499325 0.6673180183153427 0.09313911524807078 0.4757834225565104 
0.8347724970800108 0.8830603886188957 0.10195424344230877 3.364255543187398E-4 0.03695746194073585 0.034844790791589815 0.09040113072948971 0.0018472290253588974 0.006853792161706722 0.1084140957037109 0.26813133286155943 0.0039851728914624615 0.29276416712196235 0.10763092821089189 0.04740961439684499 0.07057999981221469 0.0711600197466769 0.09369874967478592 0.01387911657621026 0.11948281417462966 0.029784807197603465 0.038487868437645595 
0.7973598189710847 0.7772427337839826 0.935705850726924 0.022937503997050752 0.035513231410426824 0.21730578054841698 0.08281961054070333 0.00910040451814565 0.0015610858422110685 0.04405043626648935 0.1833733797166508 0.005753888598116457 0.0692814909440488 0.046268160625265786 0.03888047898627703 0.08823808297182505 0.07738736051430495 0.09215879103968898 0.012242782013871042 0.05726596574903159 0.0013570859681180797 0.03961328941344558 
0.015945777825986017 0.7496422929455047 0.013308279680989375 0.020388322065840157 0.03376369539283538 0.11549954564598404 0.07085183231031975 0.007404378257333394 0.0781831028011024 0.1043293331780804 0.15249207957370348 0.12209637367887749 0.18511732183803437 0.016299897499963314 0.0013295670831747347 0.002783411144049487 0.015184645427891802 0.08094340746971447 0.027996146540284813 0.15565032297185677 0.07598102812100149 0.4939413085085752 
0.02730161635450795 0.0017627951030164029 0.053792734394898234 0.028254839655601258 0.11821545099837288 0.0822443623890717 0.12636419782907174 0.00943128734866314 0.006675364896477035 0.10918675386177974 0.18035794909464448 0.002232847182075365 0.014746781532424535 0.10444849087419714 0.042798689860964426 0.013317426763853446 0.05903105287677435 0.11353676329065478 0.023342229402158375 0.055988447538779997 9.397349792426568E-4 0.06348213318930133 
0.027242313546193053 0.1284854576112709 0.7724523307149633 0.04697428951143068 0.16152544604389507 0.07685862259524177 0.12408945854131656 0.0046892637924460506 0.005939109738789965 0.10246633002717902 0.27279594372798677 0.059895087938705696 0.010943606984174074 0.05285605095021133 0.0672252246174347 0.09585703784263987 0.003460203177875182 0.029910997629205995 0.010340404142703749 0.09451284933419066 0.002710854775999874 0.043983392600615394 
0.7431520861289242 0.0017615629101682129 0.8070899657156503 0.21802646667606845 0.11824102178572779 0.0822443623890717 0.12637371307021844 0.012349788885635093 0.004107990704532778 0.10916586112429609 0.18035794909464448 6.400688541666382E-4 0.2910993995417902 0.10805729427635496 0.10265052342682704 0.009587148691892339 0.06067872371444651 0.030655912945974657 0.028542111097207522 0.05596335437814191 0.0018447829725556641 0.06347676381712229 
0.0016441497215917839 0.7943278910506185 0.8445879665989136 0.12664922079284902 0.16245131521967532 0.12186668264644213 0.11482048336840489 0.001052313065164609 0.006652134833955898 0.18649970834811502 0.27273870208781814 0.13362980333941904 0.010708623980181317 0.006819559786599871 0.035113967268876695 0.09175133148918928 0.0022851685346029216 0.09370966474421277 0.010494449732843053 0.15988962094661333 0.03086866930490528 0.06800134044890241 
0.9294639195516055 0.0017170738665407133 0.8550129825207903 0.002738903283919009 0.019779163120911304 0.009527838493889149 0.1127119043594804 0.001331947424959381 0.09095476707056947 0.014308693331035724 0.3512806098750179 0.010651765990093503 0.05568531301121036 0.04326617186941994 0.10479903497886113 0.09109924800168699 0.08447167844221079 0.02679322413755645 0.006974816043403196 0.09186917371208628 0.07888498986448716 0.04247253324946783 
8.287541098227699E-4 0.1750443338738923 0.014604711223870859 0.13992408093670217 0.013997041333323273 0.0358217287791699 0.061646628122532215 0.015374048999777956 0.050463116082428774 0.07339159310152357 0.2631479828900215 0.19797927118572073 0.29857348712082354 0.7416114405571423 0.012215432612287469 0.0928710358758536 0.015461563461960075 0.08334950694083104 0.034013896893378706 0.12710751765198902 0.05867377033320767 0.009114902313608689 
2.977567404993022E-4 0.0259065099318454 1.4508461089294178E-5 0.15019672671473072 0.035334105566533214 0.03835099664866197 0.29836916056664864 0.0015011159420032574 0.47565462815233195 0.05809079402863552 0.24264232432123312 0.2358698517232299 0.04571717673687642 0.7501894815570673 0.14830347041102948 0.06001991002953598 0.045644265272180774 0.08807436359562563 0.014416380335183731 0.12452755033070703 0.09647004422513261 0.19692570550752142 
0.007849773026439244 0.04755433227930589 0.750362495836614 0.009510805448026398 0.23765960121614443 0.05526036534963185 0.1727471881446536 0.08564961934231138 0.021298111601360806 0.03726112958614115 0.09957214193316871 0.0473444187510093 0.012922954124964709 0.00959814653730838 0.04623761581549686 0.0918754011109963 0.06057858209096477 0.13264957231471344 0.007375510388328038 0.026587495125561952 0.00616647238819955 0.03254985154246774 
0.931879910335583 0.8358736087101521 0.9219611732705234 0.012190178465697166 0.020066549523704173 0.00970307645199859 0.11279692383051583 0.00379429387580954 0.09147003659759645 0.1182655880077004 0.3580555094330562 0.0036344259864458384 0.05709566281656414 0.04317353902829522 0.02488779410268757 0.09109924800168699 0.059756224384625606 0.03066918245194899 9.896044720710045E-4 0.0855628081916571 0.09335707510677375 0.05226822255750805 
0.002058519671217231 0.15056338461187152 8.773491308549861E-4 0.003370323341018222 0.12487025317241716 0.08271979398091786 0.12657229153663008 0.002613753655734287 0.005777968695743402 0.08181277496258 0.26477333989019697 6.488631506769628E-4 0.29807077810376037 0.1306089303686021 0.10265052342682704 0.09244548342200706 0.015054410977520229 0.03131612904814529 0.002339040656417761 5.065283139667476E-4 0.08314148583035741 0.020884526540264806 
1.9318475353807796E-5 0.73462555004688 0.8073729985222989 0.00905820449738555 0.01806251229524967 0.016601717422242465 0.11002743068041106 0.16536918981050236 0.007412681837804899 0.03358171534557039 0.266526017543582 0.005034365042123415 0.04856711799471887 0.013353117349373174 0.13689040575717437 0.005110334997570305 0.32221646520030256 0.04796419232972466 0.02087400603406267 0.01694411969300498 0.038236607484953666 0.1996804362984026 
0.04079697579680593 0.03419198078940844 0.0100553728911279 0.02374610581183467 0.014515258569734492 0.043323593030880986 0.12900610950357813 0.009169564469960948 0.022882126499854764 0.1022513044402206 0.18352010103778701 0.0039851728914624615 0.29029284230617175 0.03157108655774604 0.07451292603574447 1.6189259934640265E-4 0.10661891516121855 0.09530001536201899 0.014463739459120701 0.017034321401525065 0.030958107249882384 0.13327143793084273 
0.9294639195516055 0.9544021107022924 0.8663112230798874 0.002738903283919009 0.014448423642140041 0.010180072118072314 0.1127885301006161 3.2474395292161093E-4 0.0012448074937494655 0.10643337048312704 0.3546450146907329 0.01018883046254606 0.05568531301121036 0.04326617186941994 0.021144086782944306 0.09151175407377345 0.018705293744560016 0.030223644548244978 0.006974816043403196 0.09373394526988235 0.07888498986448716 0.04247253324946783 
8.287541098227699E-4 0.17349359707072104 1.0428930888003226E-7 0.13992408093670217 0.013997041333323273 0.0358217287791699 0.06277263997624435 0.0027964495850575375 0.050463116082428774 0.1040693649837145 0.2631479828900215 0.20023731772562833 0.29857348712082354 0.7416114405571423 0.012215432612287469 0.09287074405469226 0.014623915347376781 0.08334950694083104 0.034119042226940455 0.12710751765198902 0.05867377033320767 0.009114902313608689 
0.0029146326811482475 0.03118494399440292 1.2804032771193685E-7 0.1629502467611127 0.20592486610743918 0.017452251839481125 0.2681785421888747 0.16798003929220878 0.05146668736152879 0.0579962882437255 0.16136303528219315 0.011058416222639575 0.028524702340473246 0.7572699911456816 0.053752203954025225 0.09154290342435559 0.48010841595388326 0.14558936196440567 0.0643141151707015 0.07650239031964734 0.09536732057194092 0.20639947576700676 
0.9628352819773807 0.7231094952869498 0.7670266997682011 0.004972508722002639 0.022711425170538414 0.013805824702455512 0.19336388390954537 0.018999730644367194 0.04866140998056228 0.10798746069844038 0.18027732865543722 0.009900540496548059 0.2230028791742205 0.05026037292632122 0.021043736540732907 0.09190311575034532 0.08116359892051261 1.9020520045062717E-4 0.0141930553265864 0.0949372717450525 0.1121866473226949 0.0017370752851680257 
0.9227161576878355 0.03939275128263081 0.009739568098882934 0.01079884927974957 0.040730856011228236 0.05487518580510049 0.13026065083229452 0.014478879080700995 0.07198434478072724 0.03852335895480622 0.1033179380806934 0.003202007080124968 0.042891952898049285 0.022484321722818487 0.04701123498494883 0.008599471721374666 0.0060742028659681105 0.03490317349248805 0.053576871056380246 0.05792937301614574 0.10903964991910864 0.15399433376376834 
0.006682507496672048 0.07705388016972335 0.750362495836614 0.009510805448026398 0.24311625840247422 0.05526036534963185 0.11577928600500902 0.08564961934231138 0.004921260751525606 0.1867152185904422 0.18221986330769208 0.0473444187510093 0.012922954124964709 0.11748522640309397 0.04667935645122087 0.0918754011109963 0.005534125190617998 0.13259862449355087 0.007375510388328038 0.14328122895950576 0.006539230829486601 0.031875328334166425 
0.002178046407192601 0.013576139988547342 8.758329211478386E-4 0.0034743985484576786 0.1392195322635248 0.0822443623890717 0.05685473304387015 0.022254301319164546 0.05288280571546059 0.023964323849064537 0.23869493750818543 2.715045061026933E-4 0.29016779475342364 0.11014016306127976 0.10265052342682704 0.04309667345025234 0.06008622132600133 0.030677517113398382 0.03630877041128272 5.065283139667476E-4 0.08315318451258387 0.020884526540264806 
0.8272919101833123 0.017815343556896845 0.8632805520741085 0.16956773464418576 0.014577907024738733 0.21439497970538474 0.1094785854398548 3.7894454889302043E-4 8.625373154347964E-4 0.10254427877350233 0.23837067936322617 0.04329436215829969 0.31044531497981587 0.07349315506032578 0.10231912536745702 0.16011523008634504 9.247944657750536E-5 0.09619101302175265 0.054688893247365686 0.023634113988499676 0.024162226948696734 0.037235580418960565 
5.524611885256506E-5 0.01310375942628389 0.9023012235992752 0.2120994892226536 0.058956268910156616 0.1200477153331261 0.1089586602649817 0.16218327431241442 0.05251046272195953 0.07771536558561373 0.17415718097025606 0.041394076567943486 0.20838276533677347 0.01749908338157094 0.022196116686235112 0.08812366390403671 0.059747282432400295 0.013591914508953662 0.046930834513937286 0.09588977386607006 0.0459375258681649 0.08016202873149757 
0.001512289194076033 0.002880856443865855 0.026053795882976575 0.13588762171231744 0.06268439550498935 0.06438563731856967 0.08466971304259077 0.16830529763616822 0.039393730673625504 0.1016622663079204 0.18782329326548494 0.14813667443268858 0.04847828192750774 0.007088588227931816 0.053464309332911464 0.08903541028376968 0.006499533928505632 0.08843528473820216 0.11138567450299701 0.05419818332777122 0.04530866747188861 0.02195578388647304 
0.0026691615688655412 1.3796735608624444E-4 1.0889747051451045E-6 0.09456601872475665 0.16247560569226938 0.13716602637661335 0.08316581000885373 0.00818574391005767 0.475870250612637 0.0680015329660969 0.2622078663324953 0.16825846992341248 0.12471088902755899 0.05061611661755357 0.7819162219176985 0.11236830985810733 0.03665755151989633 0.003286795452439404 0.05246980061922328 0.1111701710832344 0.12172123249361537 0.0048270763234292136 
0.02753149163461712 0.868940800418296 0.8237381705345015 0.045770571982630154 0.01579416446049611 0.03626113203499703 0.15629531762967536 0.01645056287830879 0.058111553372769804 0.11194352597428606 0.2656397934829135 0.04259486592425422 0.218873034715277 0.05369669918506998 0.0675919071784189 0.045101902066205214 0.004036589819704013 0.02857388933337235 0.01698359321678135 0.03773542163838896 0.001726704625793234 0.04006056129852008 
0.001720944655934576 0.010885891201929038 4.7323373133698575E-8 0.14105057536505802 0.013997041333323273 0.035497865753186066 0.06277263997624435 0.002789932665800497 0.050463116082428774 0.1040693649837145 0.2631479828900215 0.20023731772562833 0.29857348712082354 0.7451666074304097 0.051934731959151575 0.09287074405469226 0.01621095562329993 0.0839333628090571 0.033815803142569476 0.12705813555355722 0.05867377033320767 2.1089557388366542E-4 
0.018131345502891118 0.05834617780732676 0.00886285761035327 0.22525811512189825 0.06899388146960508 0.03663781683139193 0.14106337674622993 0.037869940005881564 0.001052464966318556 0.04351320644959514 0.2783447408068826 0.010936876649871488 0.05002014067400156 0.1125996535724978 0.020787040396088162 0.12342716990204686 0.03950062624039109 0.017352055827977244 0.025506426366177032 0.1915771906925977 0.0597227335523123 0.03275971326161834 
0.17396335538812857 0.017827993670919307 0.0764332111072154 0.005137882263991308 0.21089659664948007 0.017795415565632834 0.07084697445196961 0.004529776398547618 0.05909359517978671 0.03663159733726832 0.2446497256476287 0.04244827771018762 0.023083322586507637 0.4475309251805906 0.05138562876103057 0.02386668599987532 0.00232137016045849 0.14611082352509455 0.015277279048178292 0.0737107178189445 0.022071610505653524 0.12766286455867246 
0.051699318091826 0.6635201697863082 0.7659394984825 0.12275762528834559 0.03366229496963869 0.016998066211933498 0.11130136058059759 0.010113938888996681 0.05182457040135345 0.10734808912767516 0.2423970589966522 0.04599586657982084 0.060403357222635595 0.011223201555952265 0.00546593423380147 0.07031850658802515 0.08706082871832664 0.028502836628291704 0.0040608033034448595 0.05224311595061428 0.030776346721872162 0.051752060728962754 
6.00349911374698E-4 0.009940449248561271 0.0027031736216204813 0.20432799855949413 0.03515249830758574 0.033604781743202056 0.11361672315991082 0.08431580980702649 0.4839338733188957 0.015231003917443739 0.29762959327129834 0.24030592614794427 0.31380013171053195 0.11699101100216713 0.14867446829295589 0.09128531180213788 0.046179433751533695 0.027020441629846098 0.05294332411530384 3.010826366230124E-4 0.0959851841738059 0.20077617888956234 
0.0031190068187935682 0.15277269909971425 0.6727338616386462 0.027243212684116586 0.01971016871417094 0.016297598899198188 0.06503938466960336 0.00812360477587529 0.09136270567394136 0.10321125583553223 0.36693280290703645 0.04175108271879069 0.04652736609340853 0.06743107002111785 0.02592569894461812 0.018201207735206636 0.08103029397721945 0.016162438775713554 0.0618196596221743 0.06794373092122107 0.045635358953943266 0.0020620528186627587 
0.006682507496672048 0.07705388016972335 0.750362495836614 0.009510805448026398 0.24311625840247422 0.05526036534963185 0.11577928600500902 0.08564961934231138 0.004921260751525606 0.1867152185904422 0.18221986330769208 0.0473444187510093 0.012922954124964709 0.11748522640309397 0.04667935645122087 0.0918754011109963 0.06858553250238195 0.13259862449355087 0.007375510388328038 0.14328122895950576 0.006539230829486601 0.031875328334166425 
0.9385102768760469 0.009940449248561271 0.010393012803955881 0.14488494712023298 0.03515249830758574 0.03795672231169647 0.11361672315991082 0.0015011159420032574 0.4839338733188957 0.015231003917443739 0.17946641221042864 0.24030592614794427 0.003442846715728032 0.03404029062302322 0.14867446829295589 0.09128531180213788 0.04625829893748831 0.027020441629846098 0.05682958359850671 0.09230604406674234 0.0959851841738059 0.19876561467181122 
0.007489567461671454 7.926823438471304E-7 0.808337948829645 0.02240833214173967 0.035514738670380096 0.1200989448830718 0.09772699168624373 0.16536918981050236 0.05219604048564078 0.03358211326541627 0.2670439923199404 0.005034365042123415 0.06797069107768834 0.002388008103590418 0.13689040575717437 0.088745329754544 0.3184814226475218 0.09570914021330676 0.003950661090365617 0.09460787146194147 0.7961318133193118 0.03851271213506091 
