4.189000985848311E-5 0.49088360921345786 0.07443721752706897 0.11405389636068378 0.025686168326090233 2.3382398953492034E-4 3.105134905365787E-9 3.92844712550372E-5 4.4054862718649303E-4 0.032314715560189666 0.5328425610574503 3.12328172558057E-5 
0.0075799236476719045 1.0691550225269057E-6 0.5707442975227186 7.31713669069442E-7 1.5215849758252606E-7 1.2765877178079127E-7 3.4323335142194226E-6 1.4505579228731933E-7 7.42993922954015E-7 1.4003522987807762E-4 2.768595638407935E-6 5.6687892505726384E-8 
0.03123067527095111 1.257385662302752E-5 0.06453264476388768 9.732293475662486E-7 3.250765103489873E-6 1.1893022128416598E-6 6.788360171831874E-9 1.670597605127154E-7 8.11087944531505E-7 2.0084748969813218E-5 1.5146601447839445E-4 2.646413705301231E-8 
0.0804029725532372 2.1533503743798802E-5 0.07091841387556391 9.822646127293355E-7 3.04349744108265E-7 9.901612384860463E-8 7.293708485150361E-8 1.4490971694450224E-7 2.9347286428464135E-8 4.4967016453105566E-7 4.939299648289391E-6 1.326362331075428E-8 
0.13954926845027593 3.1369928266958306E-5 0.47462889063364266 7.06625841259704E-7 3.2343071798416886E-6 1.276227960679485E-7 1.492360755689985E-8 1.2024832777727237E-7 3.486558716515901E-8 4.488393093750541E-5 2.7823041786743692E-6 6.585277767322493E-10 
0.27987630374108546 3.397082044643509E-5 0.06057124510365112 2.952251299266885E-8 3.7909463627319244E-6 2.207724660665115E-8 2.4855540343539383E-9 9.694622422051504E-9 2.5405281836681035E-8 1.1067057388348757E-6 5.527437025432537E-6 1.2869557202384719E-10 
0.4437873645500645 8.318186353495263E-5 0.06473113360068572 2.5983470069586482E-8 3.555844458925804E-8 7.34463603412031E-8 6.465443780467468E-9 3.15661682170269E-8 9.311327679640546E-8 1.0681231840880084E-6 6.805935317504579E-8 3.6214126671478936E-10 
0.9828058472553253 0.002528891777722638 0.05225893273247059 2.826709224236891E-9 1.4244022610895546E-7 1.0141184088443703E-8 6.881011828892895E-9 1.559483003888798E-7 4.5794500313713356E-8 1.1033352690328285E-6 5.483839788899548E-6 5.78516242350274E-10 
0.9999865547060892 0.9476545907177456 0.8488286991903833 1.3646636137105252E-6 3.853388960782719E-6 5.297607910934044E-8 6.828491168161204E-9 1.3005214894348153E-7 2.5415090108489752E-8 2.5296000903314637E-5 4.137770081813089E-6 5.7609424294801555E-9 
2.950370482685855E-4 0.9999353577804593 3.5996289569976666E-8 0.49899036622705684 0.43225893298928636 0.5311627101436769 0.9699549289588112 0.6619176884028916 0.6651626236885707 0.7706602558119123 0.6194678550631082 0.17269350122463023 
0.00272240710820848 1.5423053172157865E-4 2.7618017909768894E-4 5.605909287140165E-7 3.7951379002841102E-6 5.024392439125485E-6 2.4834794652832053E-9 1.5967906745280903E-6 2.959019131561397E-8 2.9872705863974965E-5 5.55748920831073E-6 3.7275300511629583E-10 
0.0661437707252659 6.161518374361574E-4 0.06455148475723184 6.811246782173797E-7 3.243794850074518E-6 1.1816610786572727E-6 4.289911434266741E-9 1.475302068951685E-7 6.952534258956855E-8 1.4170198718910466E-6 1.5203771115380253E-7 4.258179109046332E-10 
0.11765803534687974 3.1369928266958306E-5 0.07688461738213512 7.065307159710991E-7 3.2500181736111957E-6 1.276227960679485E-7 1.4954256667382773E-8 1.476613060629602E-7 3.486558716515901E-8 7.250461919462238E-6 2.7823041786743692E-6 4.2663261427025994E-10 
0.21199065187028315 5.6375479073693965E-5 0.004400834366845796 7.884220290954353E-7 3.7913005481175706E-6 1.3540423088468637E-8 1.0425937006392875E-11 9.546713116332645E-9 3.0537377209840046E-8 1.140292920136928E-6 2.8032278334883016E-5 4.0879200991338287E-10 
0.39244965500766604 1.5253205341101978E-4 0.06469140352486281 3.167584061143251E-8 3.249604612831022E-6 8.92795777085425E-8 6.788360171831874E-9 1.1645021028099511E-7 8.729334069211441E-8 4.432536985637426E-6 2.6749609278631783E-7 3.604820992189279E-10 
0.9872250203037989 5.382881286081151E-4 0.05150185443622072 2.1841722109349084E-8 1.3280345971899987E-7 9.104319125652055E-8 6.870844940580658E-9 1.4307744200922315E-7 3.786827786958728E-8 1.23798233643442E-6 2.9168704829607838E-8 3.450954072983454E-10 
0.9999864124730332 0.09487133072202485 0.8631950852084471 1.1473521820774114E-6 1.3573917692547908E-7 3.085765265285933E-8 1.009694590714034E-8 1.4302905611280964E-7 5.2331262900338304E-8 3.6121193062278765E-5 4.256142296141848E-6 4.723744291601305E-8 
2.950370482685855E-4 0.9999353577804593 3.5996289569976666E-8 0.49899036622705684 0.4337107896134312 0.5311627101436769 0.9699549289588112 0.6619176884028916 0.6580543178836548 0.7706602558119123 0.6194678550631082 0.17269350122463023 
0.0024811571070671758 0.0799692336798068 2.265717354446923E-4 1.2846633632554905E-6 8.52888787517156E-7 2.714254881256272E-4 3.790874898568587E-7 9.163652321081241E-7 3.727284659869143E-5 9.87740460808275E-7 7.943516577348252E-4 3.3312041392223557E-7 
0.00272240710820848 1.5423053172157865E-4 2.7618017909768894E-4 1.0870228072131338E-8 3.3815632059206314E-6 5.024392439125485E-6 2.4834794652832053E-9 1.568447526240352E-6 2.959167195049848E-8 2.9872705863974965E-5 5.55748920831073E-6 3.7275300511629583E-10 
0.13954926845027593 1.0935282102728426E-4 0.06448710006003004 7.06625841259704E-7 1.6209511773291873E-5 1.276227960679485E-7 1.7271922321766038E-8 1.2024832777727237E-7 2.838548484092121E-6 4.7017711019383806E-5 2.7687794668818794E-6 5.432293095574323E-10 
0.2848453585524956 3.3975478884876455E-5 0.060541576425855115 8.236663198829707E-7 3.353965872372846E-6 1.9430767841783552E-9 2.4855553450192234E-9 7.182879677917565E-7 2.5879904154034738E-8 1.1186082836547101E-6 5.439503903595862E-6 3.730763257669446E-10 
0.5970654829050789 3.249247782197053E-5 0.0515554936473369 2.2003493281416404E-8 3.7909463627319244E-6 2.207724660665115E-8 4.137164893855123E-10 9.694622422051504E-9 5.141304306040388E-8 9.106904597824748E-7 5.475282585007095E-6 1.0027586648293184E-10 
0.9999865547060892 0.9476545907177456 0.8488286991903833 1.3559629622234879E-6 5.778521563700563E-7 5.297607910934044E-8 6.828491168161204E-9 1.3005214894348153E-7 4.7540077634610745E-8 2.5296000903314637E-5 4.137770081813089E-6 5.7609424294801555E-9 
2.950370482685855E-4 0.9999353577804593 3.5996289569976666E-8 0.49899036622705684 0.43225893298928636 0.5311627101436769 0.9699549289588112 0.6619176884028916 0.6651626236885707 0.7706602558119123 0.6194678550631082 0.17269350122463023 
0.08052564449609007 0.46979791921494773 0.0016252575077505757 1.8574189290168794E-6 3.249604612831022E-6 5.072025979434962E-6 4.329806076127641E-9 1.5854857519343089E-6 4.8336985518902564E-8 7.909177675002066E-6 1.5209265467403748E-7 3.0473908791012434E-9 
0.13341398629738963 3.9158701503072546E-4 2.910655316014617E-4 9.863355012116737E-8 3.808637424769783E-5 1.1383723239839829E-7 1.5832652512954694E-8 1.5080369393570456E-5 8.355762096946106E-9 2.4553406474882765E-5 3.95285202131267E-4 3.04281116681511E-8 
0.21199065187028315 5.6375479073693965E-5 0.004400834366845796 7.884220290954353E-7 3.7913005481175706E-6 1.3540423088468637E-8 1.0425937006392875E-11 9.546713116332645E-9 3.0537377209840046E-8 1.140292920136928E-6 2.8032278334883016E-5 4.0879200991338287E-10 
0.5614921941800117 1.8134361521993016E-4 0.06473113360068572 3.167584061143251E-8 3.4718309406004375E-8 8.931645993470703E-8 6.465443780467468E-9 3.15661682170269E-8 2.6943740717083174E-6 3.7642151312100432E-6 6.805935317504579E-8 3.604820992189279E-10 
0.9999865161423861 0.19486020130614906 0.0056513555105972 3.507638796746732E-7 3.171570138918405E-6 3.1126489792390876E-8 4.4767188138004215E-10 3.2318961332590905E-8 3.8549593144965484E-8 1.681699752883545E-5 9.891902351518619E-6 2.0329751357782774E-9 
2.950370482685855E-4 0.9999620756929183 3.5996289569976666E-8 0.49899036622705684 0.4337107896134312 0.5311627101436769 0.9523512582135252 0.6619176884028916 0.6580543178836548 0.7706602558119123 0.6194678550631082 0.17269350122463023 
0.0858401771613296 0.4824495993424376 2.897406733411746E-4 7.884220290954353E-7 0.001987219178095939 1.144607953342986E-7 1.5832652512954694E-8 8.913988086895853E-6 7.418076624328032E-9 2.4553406474882765E-5 2.803862150753405E-6 3.027253572164442E-8 
0.21905168476160647 0.1833363043795661 3.188997679682958E-4 1.6403288481011703E-7 3.7802705420710603E-6 0.034102510835045424 1.221946912354528E-8 1.164246164269403E-6 3.312144671998629E-7 8.079177023644109E-7 1.7013629346365704E-6 5.756644153576404E-9 
0.5614921941800117 0.008505579905268817 0.029238042763950145 1.146191792999094E-6 1.0002978316248848E-7 9.070847895066161E-8 5.139550871917708E-9 3.42344348027291E-8 5.77541264588057E-8 3.7642151312100432E-6 6.805935317504579E-8 3.604820992189279E-10 
0.9999865161423861 0.19486020130614906 0.0056513555105972 3.507638796746732E-7 3.171570138918405E-6 3.1126489792390876E-8 4.4767188138004215E-10 3.2318961332590905E-8 3.8549593144965484E-8 1.681699752883545E-5 9.891902351518619E-6 2.0329751357782774E-9 
2.950370482685855E-4 0.9999353577804593 3.5996289569976666E-8 0.5108263504338164 0.44253225105161115 0.5651114780428279 0.9627114177217455 0.6619176884028916 0.662830045314182 0.7829956860663961 0.6194678550631082 0.22932244173244765 
0.28119150865102754 0.46979791921494773 0.0016252575077505757 8.985592159538926E-7 3.249604612831022E-6 4.888637360090872E-6 4.329806076127641E-9 7.224858874375465E-7 2.592405108722232E-8 8.990982438612534E-7 1.5945905723282855E-7 3.734990563137254E-10 
0.5594972954759386 0.18625634172828454 0.021368538412354268 1.6403288481011703E-7 3.7802705420710603E-6 3.2740145481117424E-8 9.96779279967473E-9 3.340809953949901E-6 3.312144671998629E-7 9.394473845878E-7 1.7013629346365704E-6 5.756644153576404E-9 
0.9999865161423861 0.19486020130614906 0.011169843589423245 3.507638796746732E-7 8.437533866725306E-8 3.1126489792390876E-8 4.4767188138004215E-10 3.2318961332590905E-8 3.8549593144965484E-8 3.583689825389455E-5 4.285082884649481E-6 2.0329751357782774E-9 
2.950370482685855E-4 0.9999353577804593 3.5996289569976666E-8 0.5108263504338164 0.44253225105161115 0.5644144516453081 0.9627114177217455 0.6619176884028916 0.7116696655842626 0.7667710424611549 0.6194678550631082 0.22932244173244765 
0.48430166734814906 0.5749067472005094 4.679918233073601E-4 9.012216022799577E-9 3.3725894534252972E-6 1.0423901628824184E-6 6.4509093600455694E-9 2.051706283173289E-7 7.753779617652493E-6 2.3332611079790106E-6 1.4802689527152022E-5 5.81949758021561E-8 
0.9999865222679553 0.09549915509633426 0.9407188633057415 3.5831271683885367E-7 1.4657959931850494E-8 5.185467294196121E-8 3.126283096407481E-10 2.2192166210588776E-7 3.69027396497873E-8 2.6642588744109224E-5 8.506816115444248E-6 5.766953756771622E-9 
2.950370482685855E-4 0.9999353577804593 3.5996289569976666E-8 0.5108263504338164 0.44253225105161115 0.5644144516453081 0.9627114177217455 0.6619176884028916 0.7116696655842626 0.7667710424611549 0.6194678550631082 0.22932244173244765 
0.9999865222679553 0.10403554835311907 0.9404468857285682 1.1432987695505134E-6 1.1162894539553515E-7 6.609689962988253E-8 3.126283096407481E-10 2.2192166210588776E-7 3.69027396497873E-8 2.8880803508250612E-5 4.342617965354354E-6 5.766953756771622E-9 
0.9999865222703586 0.06648479205647334 0.9407187098832257 3.275664760520836E-7 2.061271508894102E-6 5.171163225652936E-8 3.126283096407481E-10 1.349672294623532E-7 4.993429579933262E-8 3.5469817193581334E-5 9.897523671518514E-6 4.832874252814533E-9 
5.294514242985236E-4 0.9998174058528517 0.9999385143077222 0.3771458744100855 0.4041461746952539 0.5314359633961055 0.970290730094984 0.5315226030088929 0.6401457593366805 0.7652811229750813 0.4661785568335638 0.16688682906456154 
0.0075799236476719045 2.1533503743798802E-5 0.9979382227754604 9.822646127293355E-7 1.5215849758252606E-7 9.901612384860463E-8 1.9034622693021872E-5 1.4505579228731933E-7 7.42993922954015E-7 1.4000157215318104E-4 4.939299648289391E-6 1.3065164386449893E-7 
0.008756828686938882 3.347036401555757E-5 0.9390518397317671 1.0208327541556817E-8 3.2497771691262167E-6 5.445162058409643E-6 3.925415865609174E-10 1.4650929824247623E-7 1.5560403448977616E-6 4.972088312614838E-5 2.7701422188244536E-6 5.432027173898733E-10 
0.11417008303234132 3.458884937739069E-5 0.4921973865698256 8.02673345753274E-6 3.2261101166949933E-6 8.98343454917081E-8 2.3998270442454252E-8 5.845021822432693E-8 2.2164433247259357E-6 3.199868924639443E-7 8.560226325882079E-7 1.279315306367417E-8 
0.20410925101947958 1.5268687927860177E-4 0.9461010903760612 7.786113727156946E-7 1.8325464648063028E-6 6.633704671524553E-8 6.33024122495841E-9 3.039671725089022E-8 4.9774031030788615E-8 4.429132696462067E-6 2.893445858632445E-7 1.2505181696223151E-8 
0.39244965500766604 1.896083909824894E-4 0.06473113360068572 3.167584061143251E-8 3.249604612831022E-6 8.931645993470703E-8 6.788360171831874E-9 1.1645021028099511E-7 8.729334069211441E-8 3.7642151312100432E-6 6.805935317504579E-8 3.604820992189279E-10 
0.6671114560060043 0.002528891777722638 0.08569589714347914 2.826709224236891E-9 3.250628186830537E-6 1.1309939260124523E-8 2.343588075051181E-9 1.559483003888798E-7 4.5664414028030594E-8 1.1033352690328285E-6 5.483839788899548E-6 5.78516242350274E-10 
0.9999864124671182 0.9716053287937478 0.9220067054867778 1.1425197948877156E-6 1.1592105257337201E-7 1.113373340226266E-6 6.793359091994616E-9 1.350354720586258E-7 5.223938994413248E-8 2.894222492796759E-5 2.074086911520005E-6 5.103526810050331E-9 
0.006593562172653555 0.9999735691809647 0.49971843617067335 0.002009161553417969 0.006121995230748384 0.003475657882120541 4.0019402305627116E-5 2.9091334923690666E-5 1.4636001727117364E-6 0.4147246123856475 0.47163772499348955 2.7132814675137607E-7 
0.08052564449609007 0.46979791921494773 0.07805221704720688 6.764513126982412E-7 3.243808422671613E-6 2.197671932562606E-7 4.329829416796056E-9 1.4753069829528163E-7 4.8336985518902564E-8 7.901722040082869E-6 1.5203651046133916E-7 4.2624519245046686E-10 
0.06804274653517228 3.9199032023946634E-5 0.49684892675457737 6.778047851112122E-7 1.862802692872004E-6 1.862884017290462E-7 1.3852103820330752E-9 3.4404845194178115E-6 7.457089582235541E-7 8.104372625326674E-7 4.848120023018421E-6 1.2289446115437392E-8 
0.13954926845027593 3.1369928266958306E-5 0.47462889063364266 7.06625841259704E-7 3.2343071798416886E-6 1.276227960679485E-7 1.492360755689985E-8 1.2024832777727237E-7 3.486558716515901E-8 4.488393093750541E-5 2.7823041786743692E-6 6.585277767322493E-10 
0.2848453585524956 3.3975478884876455E-5 0.060541576425855115 8.236663198829707E-7 3.353965872372846E-6 1.9430767841783552E-9 2.4855553450192234E-9 7.182879677917565E-7 2.5879904154034738E-8 1.1186082836547101E-6 5.439503903595862E-6 3.730763257669446E-10 
0.5970654829050789 5.62889778426824E-5 0.0515554936473369 2.2003493281416404E-8 3.7909463627319244E-6 2.207724660665115E-8 3.07061077025278E-11 9.694622422051504E-9 3.035621768916156E-8 9.106904597824748E-7 5.475282585007095E-6 1.2869557202384719E-10 
0.9997210861511049 1.8138834343031787E-4 0.8291477754494485 1.6138252284892303E-6 3.3782719079877973E-6 8.768633896740601E-8 6.7634002437161365E-9 1.1659889783284269E-7 4.846228989232988E-8 1.4170198718910466E-6 6.805935317504579E-8 3.6650229501721607E-10 
3.9051767220780933E-4 0.9999816637726102 0.26733399874499364 0.5161450485855659 0.0010575419213049268 0.5336119938229085 0.18511747829284486 0.0037330782304051957 0.14173295502054617 0.8126237221162892 0.4642317011053438 0.16705403609655103 
0.08052564449609007 0.46979791921494773 0.07805221704720688 6.764513126982412E-7 3.243808422671613E-6 2.197671932562606E-7 4.329829416796056E-9 1.4753069829528163E-7 4.8336985518902564E-8 7.901722040082869E-6 1.5203651046133916E-7 4.2624519245046686E-10 
0.0661437707252659 6.161518374361574E-4 0.06455148475723184 6.811246782173797E-7 3.243794850074518E-6 1.1816610786572727E-6 4.289911434266741E-9 1.475302068951685E-7 6.952534258956855E-8 1.4170198718910466E-6 1.5203771115380253E-7 4.258179109046332E-10 
0.2561073986113613 5.382881286081151E-4 0.03591120541821472 2.966956193100321E-8 1.3280345971899987E-7 8.470388003830723E-8 6.870844940580658E-9 1.4307744200922315E-7 3.7399395256344244E-8 1.1046918894322433E-6 3.493323231415831E-8 6.839755025968711E-11 
0.5614921941800117 0.0017052535914722777 0.06473113360068572 1.146191792999094E-6 3.4718309406004375E-8 8.931645993470703E-8 4.909940720776036E-9 3.421931457442701E-8 5.77541264588057E-8 3.7642151312100432E-6 6.805935317504579E-8 3.604820992189279E-10 
0.9997210861511049 1.8138834343031787E-4 0.07412821665588887 6.6013053480522324E-9 3.3782719079877973E-6 8.768633896740601E-8 6.7634002437161365E-9 1.1659889783284269E-7 4.9010731521165984E-8 1.3228088448314126E-6 6.805935317504579E-8 3.6650229501721607E-10 
0.0023723194796510805 0.9999700674647566 0.11844906960360525 8.87507153529861E-7 0.0020056083199889137 0.007123548632875178 0.018410561355866058 7.329091485921226E-6 0.04666502017702927 2.099845020924546E-6 1.7546335273066482E-5 2.545692843603016E-8 
0.08004538397127868 0.48030747375305216 0.07664565567312148 6.756342937366154E-7 6.232771904312694E-7 1.4999054679281183E-7 1.5926483838577532E-8 2.0297109600580967E-7 4.8258831134303424E-8 7.900392781255622E-6 1.6798556788651312E-6 4.513000197745123E-10 
0.2810069269473258 1.5423053172157865E-4 0.0542132822812259 9.067934771371925E-10 1.771168261541397E-6 3.2544195971051443E-6 2.4834794652832053E-9 7.127107214667662E-9 5.791132111064028E-8 3.770761696539214E-6 5.55748920831073E-6 3.7275300511629583E-10 
0.4564556055543505 5.6375479073693965E-5 0.004400834366845796 2.849317279166884E-7 3.7913005481175706E-6 2.128271057268435E-8 1.0425937006392875E-11 1.3187273217739595E-7 1.043808028853242E-9 1.2009360854645245E-6 2.738450393841529E-5 4.0287728341729295E-10 
0.9997210861511049 1.8138834343031787E-4 0.07412821665588887 6.6013053480522324E-9 3.3782719079877973E-6 8.768633896740601E-8 6.7634002437161365E-9 1.1659889783284269E-7 4.9010731521165984E-8 1.3228088448314126E-6 6.805935317504579E-8 3.6650229501721607E-10 
0.0020974255341197857 0.999827481367028 0.11146936849220776 0.4907871637024568 0.4347511295174588 0.012265727509792337 0.9817537297295076 0.07633194612927274 0.059868844270753466 0.8680330259985576 0.35023290741173646 0.1614100636324465 
0.0858401771613296 0.4824495993424376 2.897406733411746E-4 7.884220290954353E-7 0.001987219178095939 1.144607953342986E-7 1.5832652512954694E-8 8.913988086895853E-6 7.418076624328032E-9 2.4553406474882765E-5 2.803862150753405E-6 3.027253572164442E-8 
0.5614921941800117 0.008505579905268817 0.029238042763950145 1.146191792999094E-6 1.0002978316248848E-7 9.070847895066161E-8 5.139550871917708E-9 3.42344348027291E-8 5.77541264588057E-8 3.7642151312100432E-6 6.805935317504579E-8 3.604820992189279E-10 
0.9997210861511049 1.8138834343031787E-4 0.07412821665588887 6.6013053480522324E-9 3.3782719079877973E-6 8.768633896740601E-8 6.7634002437161365E-9 1.1659889783284269E-7 4.9010731521165984E-8 1.3228088448314126E-6 6.805935317504579E-8 3.6650229501721607E-10 
0.013139540223769008 0.9999951360545067 0.03379026828469678 0.0026268196147257706 3.277873033989947E-5 6.90619441344859E-5 0.11046037660734394 7.954554948175845E-6 2.371233201423702E-5 8.407246740106225E-5 0.352994643250651 7.508172976411702E-4 
0.46299443289792774 0.5773439226690489 4.6785084494209493E-4 1.5533031139305254E-6 8.684764391813743E-9 1.0423901628824184E-6 3.1497293435572447E-10 2.05179394860491E-7 6.915727995643594E-9 2.280529803932813E-6 1.4802689527152022E-5 1.0116244303866033E-6 
0.9999865222679553 0.06793120107390986 0.01892763186079438 3.5831271683885367E-7 8.685412540093038E-9 1.0307416529076805E-6 3.126554773959576E-10 2.2192166210588776E-7 4.4651161033677126E-8 2.6642588744109224E-5 8.506816115444248E-6 4.984140254548861E-9 
0.013139540223769008 0.9999951360545067 0.020270989272023587 0.0026268196147257706 3.277873033989947E-5 5.718355443186168E-5 0.1075223870347477 7.954554948175845E-6 0.0024214170586411453 8.107553509566678E-5 0.3524763824924451 7.508172976411702E-4 
0.9999864124671182 0.9716053287937478 0.94044930507357 1.1425197948877156E-6 1.3589964885125693E-7 6.620699860363451E-8 6.793359091994616E-9 1.350354720586258E-7 5.2337093282529633E-8 2.894222492796759E-5 4.3197967506755155E-6 4.935290725470667E-9 
0.9999865222679553 0.06793120107390986 0.01892763186079438 3.5831271683885367E-7 8.685412540093038E-9 1.0307416529076805E-6 3.126554773959576E-10 2.2192166210588776E-7 4.4651161033677126E-8 2.6642588744109224E-5 8.506816115444248E-6 4.984140254548861E-9 
6.419716497163795E-4 0.9998174058528517 0.9999385143077222 0.36351611046379695 0.4402859483869832 0.5803796494309919 0.922932159854371 0.6360648050557324 0.712931133941906 0.7294478803037988 0.4661785568335638 0.16688682906456154 
0.007733252325190361 0.17372413664190878 0.9959004849371021 5.503451278479567E-7 2.9935268023146395E-7 9.301564151628083E-8 7.327068088508311E-9 2.440865037078631E-9 7.592645861491483E-7 3.5601544684489454E-5 0.09846390468676448 2.6142272243282187E-8 
0.07144546716196519 1.9595122963496023E-4 0.998852142065636 9.686829239532773E-7 3.8147553534627453E-7 1.182271649924933E-6 4.208557594311978E-10 3.373199425961025E-6 7.457089582235541E-7 1.5980516565066078E-7 0.020277905030344306 1.8220863499711E-10 
0.139841118846807 1.0917156472976417E-4 0.9978010753165445 2.1044090434131062E-8 6.55772199371652E-9 5.456096117422169E-6 1.6778596252859876E-8 1.1943735508652982E-7 3.6440693875717866E-5 4.891226012306053E-5 2.7701422188244536E-6 5.432293095574323E-10 
0.2561073986113613 5.382881286081151E-4 0.969964805512759 2.966956193100321E-8 0.09083144408499029 8.475145527083648E-8 6.895353566147174E-9 1.4308776989499365E-7 3.696548014635759E-8 3.520895478863274E-5 6.561390962366085E-6 1.0268794671732019E-8 
0.6671114560060043 0.06112074171851839 0.08569589714347914 2.826709224236891E-9 3.250628186830537E-6 1.27247261128053E-8 6.84430121056466E-9 1.559483003888798E-7 4.5664414028030594E-8 1.1033352690328285E-6 5.483839788899548E-6 1.3970324640280907E-9 
0.9999865219764712 0.09526311231256761 0.9399928715100034 3.279209730592464E-7 3.220202284462936E-6 5.1708186380346713E-8 4.646270772440965E-10 1.3505979104802934E-7 5.22566471569075E-8 1.6517127650430128E-5 6.354820885624836E-6 4.83463941892899E-9 
0.011209100455447249 0.9999732466656611 0.762858934566544 3.31080233793789E-6 2.753288620559321E-5 0.015258551134211755 4.056834148017242E-5 6.932661133387424E-6 3.870687973843959E-6 0.007443729140047944 0.007107204144930546 3.5782908176566524E-7 
0.06608087017703605 0.4804074343206353 0.9808132018903952 4.572204767281296E-8 3.2436843189450673E-6 2.6470632618360154E-7 4.338127877119094E-9 1.4377085071459255E-7 4.8635925829739994E-8 1.1054500744433E-6 1.506312563477439E-7 1.1694788699673147E-7 
0.139841118846807 0.12622101127590174 0.8554710134254934 2.1044090434131062E-8 5.865963319769788E-7 1.5001016184029327E-7 1.3157988922315142E-8 1.1943735508652982E-7 3.989285783696924E-7 3.596227441699802E-5 1.6700312272990488E-6 3.051215538229144E-10 
0.21282138584852556 0.02430509949781822 0.941970253264854 7.884220290954353E-7 1.8325464648063028E-6 8.96599912958023E-8 1.1759647925875076E-11 1.947488462646323E-8 2.4279245409299393E-8 1.449469304004047E-6 7.33018988994262E-7 1.2740917094815847E-8 
0.5614921941800117 1.8134361521993016E-4 0.8394241534234013 2.590240299455863E-8 1.8753601245333E-8 8.931645993470703E-8 6.465443780467468E-9 3.0611659473690997E-8 4.594146316674806E-8 9.091859963824406E-7 5.622939664267122E-6 1.4255833137134942E-10 
0.9997210861511049 1.896083909824894E-4 0.8291477754494485 1.6138252284892303E-6 3.3782719079877973E-6 1.5142578035205153E-7 6.767834921714793E-9 1.1659889783284269E-7 4.1281307843765974E-8 1.4170198718910466E-6 6.805935317504579E-8 1.2371210717255029E-9 
0.012149369566138851 0.9999732466656611 0.5001012125621896 0.0032734877042983465 2.1336414084185886E-5 0.015258551134211755 4.056834148017242E-5 2.908939546158962E-4 2.5690182462724894E-6 0.007443729140047944 0.005628697101296654 1.0318958911063659E-7 
0.1585179605607981 0.7620598048098277 0.827236906213817 1.6100209433410066E-8 3.5143394106029794E-6 1.1701066147657953E-7 1.6931697351265786E-8 1.208112598560794E-7 3.6440693875717866E-5 4.911355182700605E-5 2.7701422188244536E-6 5.432293095574323E-10 
0.4437873645500645 0.09619939498521696 0.23240708141044442 2.2056820127227928E-8 3.555844458925804E-8 7.34463603412031E-8 6.465443780467468E-9 3.15661682170269E-8 9.747751286460165E-8 2.9107468919618434E-5 6.805935317504579E-8 2.8730588605491593E-10 
0.6671114560060043 0.06112074171851839 0.08569589714347914 2.826709224236891E-9 3.250628186830537E-6 1.27247261128053E-8 6.84430121056466E-9 1.559483003888798E-7 4.5664414028030594E-8 1.1033352690328285E-6 5.483839788899548E-6 1.3970324640280907E-9 
0.9997210861511049 1.8138834343031787E-4 0.07412821665588887 6.6013053480522324E-9 3.3782719079877973E-6 8.768633896740601E-8 6.7634002437161365E-9 1.1659889783284269E-7 4.9010731521165984E-8 1.3228088448314126E-6 6.805935317504579E-8 3.6650229501721607E-10 
0.016194569964086553 0.9999906153715821 0.32744633329904715 5.5633096091888624E-5 3.1300588980658937E-6 4.3715724504298295E-5 0.1075223870347477 2.6304132264058945E-8 0.0024214170586411453 8.108750098577257E-5 0.3524763824924451 2.697704666089224E-6 
0.24574621300645544 0.7937603033148039 0.06887648510063449 9.085897924603555E-7 1.9162881633179687E-6 1.1676344155612174E-7 5.021655302409812E-9 1.2903504136236398E-7 3.8469575603752055E-8 2.0270990513360586E-5 2.103491604049228E-5 4.2404739512398554E-8 
0.6671114560060043 0.06714157040431186 0.08569589714347914 2.826709224236891E-9 3.3779458299417825E-6 1.27247261128053E-8 6.84430121056466E-9 1.559559614328588E-7 9.671755553085504E-8 1.0929802664481894E-6 5.436448781967598E-6 1.3970324640280907E-9 
0.9999865161423861 0.011504886096215972 0.05173272697164959 3.4911845784230423E-7 3.171570138918405E-6 9.106931173276063E-8 4.4767188138004215E-10 3.2318961332590905E-8 3.8549593144965484E-8 1.681699752883545E-5 9.891902351518619E-6 2.0329751357782774E-9 
3.9051767220780933E-4 0.9999816637726102 0.26733399874499364 0.5161450485855659 0.0010575419213049268 0.5336119938229085 0.18511747829284486 0.0037330782304051957 0.14173295502054617 0.8126237221162892 0.4642317011053438 0.16705403609655103 
0.5012402824995466 0.9904658424174438 0.8664034930102184 1.1456431622023982E-7 2.0486203683750793E-6 1.819865572957433E-8 6.8730853415336125E-9 1.3499206790019292E-7 5.2739227706552106E-8 9.836558474925609E-6 2.0717598927797574E-6 4.9627472574825E-9 
0.9999865222703586 0.06648479205647334 0.9407187098832257 3.590005978621887E-7 3.220202284462936E-6 5.185467294196121E-8 3.126283096407481E-10 1.349672294623532E-7 4.993429579933262E-8 3.5471322689689226E-5 9.891902351518619E-6 4.856267127038379E-9 
0.11654865357208816 0.9999415733359306 0.2038054799929097 0.12598697014577753 3.138056597351306E-4 0.01674582172017659 0.2057187942945164 0.6838155617429447 0.017669974746483186 0.039386521365866164 0.566369977682022 2.7476271359080944E-4 
0.9999865222679553 0.10403554835311907 0.9404468857285682 1.1432987695505134E-6 1.1162894539553515E-7 6.609689962988253E-8 3.126283096407481E-10 2.2192166210588776E-7 3.69027396497873E-8 2.8880803508250612E-5 4.342617965354354E-6 5.766953756771622E-9 
0.9999865222679553 0.09549915509633426 0.9407188633057415 3.5831271683885367E-7 1.4657959931850494E-8 5.185467294196121E-8 3.126283096407481E-10 2.2192166210588776E-7 3.69027396497873E-8 2.6642588744109224E-5 8.506816115444248E-6 5.766953756771622E-9 
6.419716497163795E-4 0.9998174058528517 0.9999385143077222 0.36351611046379695 0.4402859483869832 0.5803796494309919 0.922932159854371 0.6360648050557324 0.712931133941906 0.7294478803037988 0.4661785568335638 0.16688682906456154 
0.07139625325635687 0.42895718796830223 0.9679285074993008 2.4140734672491345E-8 3.309969337956555E-7 1.1485431157414964E-6 4.51338930895025E-9 1.6191508949908342E-6 5.7368652706244925E-9 1.1451490237668883E-6 2.8226239316826505E-6 1.0979821631908204E-7 
0.14599038340802467 0.056011324013799144 0.9978010753165445 1.8192248079913623E-8 1.3449586854575725E-6 7.74788193092111E-8 1.6778596252859876E-8 1.1943735508652982E-7 3.6440693875717866E-5 3.5070248925713695E-5 2.7701422188244536E-6 8.514154871501592E-10 
0.23779782172442454 5.849068774551468E-4 0.9869214092487741 6.728974078498586E-7 1.8335970703427733E-6 1.9485630401554763E-7 2.32003008528845E-9 1.7260306150814887E-8 2.784052449595126E-6 3.453406641533883E-5 1.7914437154594897E-6 1.2497324861468116E-8 
0.5539537839393837 5.849068774551468E-4 0.8989486833075819 2.8790004930083677E-7 1.8371657017949937E-6 1.9485630401554763E-7 6.358122516541982E-9 1.7260306150814887E-8 1.510653086053724E-8 1.3421286856351443E-6 5.615142403005803E-6 1.2497324861468116E-8 
0.9997232746436552 0.0041702113324189535 0.8723903266585419 1.618422823851219E-6 3.1937823140528547E-6 1.1860191298960509E-7 5.8147858991513E-9 1.1655885927636358E-7 5.261149200893883E-8 2.7981625896720657E-5 2.6994483377778255E-6 8.473911328751964E-10 
8.103684826337968E-4 0.9999973253635317 0.8401691974312363 0.5166306473313435 0.001273492890977157 0.10770601451212986 0.005682412073914234 0.054609368212613925 4.018697049340547E-4 0.3094949630055892 0.4596258667117775 0.047613192310849095 
0.08004538397127868 0.4804074343206353 0.9808132018903952 4.703133666802062E-8 6.232771904312694E-7 1.4999054679281183E-7 1.5926483838577532E-8 2.0297109600580967E-7 3.324604198806852E-8 7.900307258303804E-6 1.6798556788651312E-6 1.4408362588431044E-9 
0.22266914429729395 0.14785485493825978 0.9682259625173231 8.255987844934079E-7 3.790622257261121E-6 1.8030265769837754E-8 7.37305856208877E-11 5.1359938489010535E-11 2.5405281836681035E-8 1.1067057388348757E-6 2.8431314536181144E-5 5.860767865259151E-11 
0.4937482590386361 8.137067392816472E-4 0.9983416024769731 7.899203097786974E-7 4.354423274446957E-8 2.9080134681417256E-8 9.135256658900644E-10 1.417417279446562E-7 7.341197583109055E-8 1.7232370038555333E-6 6.674849234338363E-6 1.0526791442788323E-8 
0.9997210861511049 1.896083909824894E-4 0.8291477754494485 1.6138252284892303E-6 3.791498879190194E-6 1.5142578035205153E-7 6.767834921714793E-9 1.1659889783284269E-7 4.1281307843765974E-8 1.4170198718910466E-6 8.46684271596053E-8 1.2371210717255029E-9 
0.05516805395730687 0.9995630200735559 0.6788701836828921 0.05117039780262837 2.92724271629311E-5 3.244312082887717E-7 2.3232019451878912E-7 6.875940455522109E-6 5.335055490118243E-5 1.675737822111502E-5 0.0025436675419242185 6.116792760950861E-9 
0.11736740657162631 0.7520556425470224 0.8323204437918889 3.3515225402188654E-7 1.3918891691848955E-7 4.724041748749792E-8 2.7187516772050477E-10 1.4467316702095812E-7 3.841740845897568E-8 2.2468007163413545E-5 2.873495398378157E-6 4.240890649547354E-8 
0.668873605617689 0.1936447777643175 0.979665100635246 1.5012990998788769E-6 1.7237401569293066E-7 6.642750332753095E-8 2.207753064545022E-10 9.472195763405045E-7 3.089241003379971E-8 3.5486732090291016E-5 9.897481548228061E-6 4.3939109068488264E-8 
0.9999865222703586 0.0014009988122843792 0.9407187098832257 3.257866036703117E-7 2.061271508894102E-6 5.171163225652936E-8 3.126283096407481E-10 1.349672294623532E-7 7.100176425999928E-8 5.009476927989495E-5 2.8555009421298513E-6 5.937070763167345E-10 
0.07045287552888205 0.9998960037307163 0.4994666612527717 0.0017819148432782345 0.0074188363850608285 4.046339685750619E-6 0.0038410757545224 1.5094935228924336E-6 0.013682733475836147 2.3580551596350495E-4 0.6400983943312393 8.57826336744556E-9 
0.49419791016830905 0.9904658424174438 0.8664034930102184 3.380731162306838E-7 3.228478048160098E-6 1.8128175355710363E-8 6.7932270891910635E-9 1.3499206790019292E-7 5.262591659856295E-8 9.836558474925609E-6 2.058760977717457E-6 1.9489817450652272E-10 
0.9999865222703586 0.0014009988122843792 0.9407187098832257 3.257866036703117E-7 2.061271508894102E-6 5.171163225652936E-8 3.126283096407481E-10 1.349672294623532E-7 7.100176425999928E-8 5.009476927989495E-5 2.8555009421298513E-6 5.937070763167345E-10 
0.04195831259729174 0.9998688569931481 0.38162263794374374 1.9312977587417545E-6 3.338711110109293E-6 7.2871819758474664E-6 1.1527998172883718E-6 5.622752455522095E-6 0.0060874536205689465 0.0071161475245477 0.004412582023352601 5.927642287774262E-7 
0.9999864132437615 0.09487133072202485 0.8631950852084471 3.4098152032280985E-7 1.6314987108672382E-7 3.085765265285933E-8 1.009694590714034E-8 1.4302905611280964E-7 5.222259739196162E-8 3.594567523969174E-5 5.281721498987815E-6 4.723744291601305E-8 
0.9999865222703586 0.06648479205647334 0.9407187098832257 3.590005978621887E-7 3.220202284462936E-6 5.185467294196121E-8 3.126283096407481E-10 1.349672294623532E-7 4.993429579933262E-8 3.5471322689689226E-5 9.891902351518619E-6 4.856267127038379E-9 
6.419716497163795E-4 0.999834979942949 0.9999385143077222 0.40114971553554846 0.40388530443590887 0.5803796494309919 0.922932159854371 0.6360648050557324 0.638110172149948 0.7294561673168757 0.4661785568335638 0.16688682906456154 
0.13930289826968711 0.509878579323108 0.9997363014118575 1.8043813017865657E-5 3.4495169682721897E-6 1.0317621045397305E-5 1.700143625257135E-8 3.7610454560904984E-7 2.0320262844803196E-8 2.783546187382516E-5 3.4816327354629362E-6 9.380248667101095E-9 
0.21092245498870682 0.15835903881422728 0.9994016203203211 6.952200673083071E-7 4.0880875482078734E-5 1.040159286754496E-5 1.6479267350856217E-7 1.1912195761523831E-6 2.544272026188657E-5 1.4843052977342734E-5 9.016440635324672E-4 5.647036205486255E-9 
0.4939338423957855 0.05563641141757199 0.9983416024769731 7.804620371468342E-7 1.3690971632184567E-6 2.9080134681417256E-8 9.135256658900644E-10 1.417417279446562E-7 7.341197583109055E-8 3.5165992639023116E-5 6.674849234338363E-6 1.0299125568012584E-8 
0.9999865219764712 0.09526311231256761 0.9399928715100034 3.279209730592464E-7 3.220202284462936E-6 5.1708186380346713E-8 4.646270772440965E-10 1.3505979104802934E-7 5.22566471569075E-8 1.6517127650430128E-5 6.354820885624836E-6 4.83463941892899E-9 
0.012565541978803614 0.999989626522826 0.9175916285345187 0.0031863940743947494 2.753288620559321E-5 0.01493712530672693 3.992126762973791E-5 1.3986850728565827E-4 4.362078646068224E-5 0.007443729140047944 0.5014277896812825 1.9894829756962517E-4 
0.2117564100296084 0.5108719598509464 0.9813623794541789 4.4948709736693985E-7 4.712766832110863E-6 1.323555292576348E-6 5.183104919890581E-11 1.947488462646323E-8 2.4835925319088274E-8 1.6477056717377084E-5 7.33018988994262E-7 4.910263222954024E-9 
0.4939338423957855 0.05563641141757199 0.9983416024769731 7.804620371468342E-7 1.3690971632184567E-6 2.9080134681417256E-8 9.135256658900644E-10 1.417417279446562E-7 7.341197583109055E-8 3.5165992639023116E-5 6.674849234338363E-6 1.0299125568012584E-8 
0.9997210861511049 1.896083909824894E-4 0.8291477754494485 1.6138252284892303E-6 3.791498879190194E-6 1.5142578035205153E-7 6.767834921714793E-9 1.1659889783284269E-7 4.1281307843765974E-8 1.4170198718910466E-6 8.46684271596053E-8 1.2371210717255029E-9 
0.08842829426343615 0.9998960037307163 0.7557489530238153 0.20499308020052198 2.92724271629311E-5 0.028315808133251116 2.3232019451878912E-7 6.882284998046043E-6 5.340396344842166E-5 2.3580551596350495E-4 0.006991507194915869 8.513534862147823E-9 
0.49419791016830905 0.7557868034458289 0.8665862875770494 3.3827480226594614E-7 1.8543309041888503E-7 1.7771436677946375E-8 6.7932270891910635E-9 1.4464040467078467E-7 5.26001704662195E-8 9.836558474925609E-6 2.069867916125297E-6 1.9489817450652272E-10 
0.9999864106632654 0.9964170982339818 0.84910164889782 1.3559629622234879E-6 5.894691791652762E-7 6.59357445485539E-8 6.793359091994616E-9 7.00516679917199E-7 4.2911469804120194E-8 1.1661247659320947E-5 4.137770081813089E-6 3.3604914114841615E-9 
0.1541286331468018 0.999863723311022 0.5978509912170333 0.001771235145928828 0.4192532441301088 6.529309317991914E-5 3.181803745409897E-6 0.015207797440180236 0.004130571842579593 0.7503448148421181 0.6283331646429988 4.4049877254008496E-4 
0.9999864132437615 0.03749941710689886 0.8492596844390311 3.4098152032280985E-7 2.0590816907960193E-7 3.0594454483694493E-8 1.0115595172192699E-8 1.4302905611280964E-7 4.296427344115183E-8 2.5751037983758125E-5 5.281721498987815E-6 1.5969407477645316E-8 
0.9999865222679553 0.09554522923529629 0.9407187098832257 3.5831271683885367E-7 1.1162894539553515E-7 5.185467294196121E-8 3.126283096407481E-10 2.2192166210588776E-7 3.69027396497873E-8 2.6642588744109224E-5 8.47803042875674E-6 5.766953756771622E-9 
6.419716497163795E-4 0.999834979942949 0.9999385143077222 0.36351611046379695 0.42044808731126837 0.5803796494309919 0.922932159854371 0.6360648050557324 0.638110172149948 0.7294561673168757 0.4661785568335638 0.16688682906456154 
0.20046527848815784 0.509878579323108 0.9997793943665926 5.645941974334812E-8 0.013216536470150522 1.3380948596460905E-6 4.715363540352777E-10 3.370300262619399E-6 2.0320262844803196E-8 2.743144941480635E-5 1.728443873642458E-6 8.530584908621519E-9 
0.5692331886764961 0.19787444331767687 0.9673353942501428 1.0484437445262119E-6 1.9101762089672553E-6 7.846432266454344E-8 2.4998265317172887E-9 1.4493357540718654E-7 1.9085853896632226E-6 2.8917475722106206E-5 9.476734433942534E-6 8.534934965198033E-9 
0.9999864124730332 0.09487133072202485 0.8631950852084471 1.1473521820774114E-6 1.3573917692547908E-7 3.085765265285933E-8 1.009694590714034E-8 1.4302905611280964E-7 5.2331262900338304E-8 3.6121193062278765E-5 4.256142296141848E-6 4.723744291601305E-8 
0.031930113551865036 0.9999984851742543 0.9664921737966657 0.011321552252346071 1.0456135667276229E-4 3.1895167862675466E-6 1.8567867061609206E-4 0.010796676037978035 1.144885228121918E-5 0.02825491591883985 3.2251499953783735E-5 0.002510796469164516 
0.4937753632689653 0.996680507905999 0.8707928070444975 3.4867394122719135E-7 3.2202789398328213E-6 3.1126489792390876E-8 8.977410443007664E-11 1.3474012448209018E-7 4.2954327606695154E-8 1.1758984868876053E-5 9.834845626640395E-6 4.651703631680839E-8 
0.9999864132437615 0.03749941710689886 0.8492596844390311 3.4098152032280985E-7 2.0590816907960193E-7 3.0594454483694493E-8 1.0115595172192699E-8 1.4302905611280964E-7 4.296427344115183E-8 2.5751037983758125E-5 5.281721498987815E-6 1.5969407477645316E-8 
0.13391456931197754 0.9999288324721097 0.8460567174946505 2.9692241829070115E-6 1.0614901283965508E-4 6.0682853066406075E-6 4.547204564041102E-9 2.780662080667677E-4 6.16618969031163E-9 2.2653428746193904E-5 3.027230950134674E-4 0.006798665089783615 
0.9999864132437615 0.03749941710689886 0.8503622545735012 2.227076440744006E-7 5.567939476298046E-7 3.0594454483694493E-8 1.02832331257208E-8 3.23377887271796E-8 4.318586028546161E-8 3.58308171157354E-5 5.281721498987815E-6 1.5969407477645316E-8 
0.9999865222679553 0.08333959457301943 0.9424910550742762 3.5831271683885367E-7 3.214178162104067E-6 5.185467294196121E-8 3.1186767799599654E-10 1.3685867115915057E-7 3.679296014671806E-8 2.6642588744109224E-5 6.442516649559545E-6 5.766953756771622E-9 
6.419716497163795E-4 0.999834979942949 0.9999385143077222 0.40114971553554846 0.40388530443590887 0.5803796494309919 0.922932159854371 0.6360648050557324 0.638110172149948 0.7294561673168757 0.4661785568335638 0.16688682906456154 
0.4937753632689653 0.996680507905999 0.8707928070444975 3.4867394122719135E-7 1.3382621876134925E-6 3.0859879044614884E-8 1.0169039294494755E-8 1.3474012448209018E-7 4.371447693707131E-8 3.551029773448236E-5 5.3630258315097965E-6 4.651703631680839E-8 
0.9999864132437615 0.03749941710689886 0.8503622545735012 2.227076440744006E-7 5.567939476298046E-7 3.0594454483694493E-8 1.02832331257208E-8 3.23377887271796E-8 4.318586028546161E-8 3.58308171157354E-5 5.281721498987815E-6 1.5969407477645316E-8 
0.03229748650486196 0.9999420037791772 0.9664921737966657 0.010509119585056848 1.0456135667276229E-4 0.001383376102369091 0.006767141520328774 0.010796676037978035 0.0029748278052618322 0.0268117637120528 0.47592309771206953 0.002510796469164516 
0.9999864124671182 0.9716053287937478 0.9220067054867778 1.1425197948877156E-6 1.1592105257337201E-7 1.113373340226266E-6 6.793359091994616E-9 1.350354720586258E-7 5.223938994413248E-8 2.894222492796759E-5 2.074086911520005E-6 5.103526810050331E-9 
0.9999865222679553 0.08333959457301943 0.9424910550742762 3.5831271683885367E-7 3.214178162104067E-6 5.185467294196121E-8 3.1186767799599654E-10 1.3685867115915057E-7 3.679296014671806E-8 2.6642588744109224E-5 6.442516649559545E-6 5.766953756771622E-9 
0.02018923624603212 0.9998174058528517 0.9999385143077222 0.37446580101947513 0.40389637960132385 0.586743556275314 0.9233665468438764 0.6363213656712856 0.638110172149948 0.6797218136300109 0.4661785568335638 0.1669051465250111 
0.9999864124671182 9.360550247524344E-4 0.9454659771996349 7.78979456456722E-7 1.8417990566475476E-7 1.9829084929930716E-7 6.800269349379223E-9 1.453660996825217E-7 5.2337093282529633E-8 2.9029743281144572E-5 4.137770081813089E-6 4.5683032654409466E-8 
0.9999865161423861 0.011504886096215972 0.05173272697164959 3.4911845784230423E-7 3.171570138918405E-6 9.106931173276063E-8 4.4767188138004215E-10 3.2318961332590905E-8 3.8549593144965484E-8 1.681699752883545E-5 9.891902351518619E-6 2.0329751357782774E-9 
0.9999864124730332 0.09487133072202485 0.8631950852084471 1.1473521820774114E-6 1.3573917692547908E-7 3.085765265285933E-8 1.009694590714034E-8 1.4302905611280964E-7 5.2331262900338304E-8 3.6121193062278765E-5 4.256142296141848E-6 4.723744291601305E-8 
