2.808245692943398E-5 0.019856922875334672 0.49844621253617516 7.01055316180199E-4 4.28729604045219E-4 9.001017080026701E-6 4.204202779739502E-6 2.211499167468164E-5 2.201965022622237E-6 2.094350150058178E-6 4.3266486253083346E-5 0.02606799298830154 
0.009515697710922706 1.2025367876577961E-6 0.0032812514981152008 6.420666184221455E-8 9.044396720888877E-6 1.5428447374505374E-4 1.5460914335580277E-7 1.7327049710304129E-7 1.5142934589691464E-8 1.848688998360615E-8 2.0281824222038346E-7 9.932213726252014E-6 
0.03299405872197119 6.366825872711984E-6 0.002342379937149225 1.6042068003369988E-9 8.9556886280543E-5 1.8642736382856927E-6 8.274094666536111E-9 6.077442433094825E-8 1.2858774202692348E-7 1.8477202423762777E-8 7.571223803796328E-8 2.7367077159567353E-6 
0.09260185411389672 2.539130657168052E-5 0.0031342605481248648 7.597442028169579E-7 1.1574983282040935E-5 2.064938307256461E-6 1.433778238873324E-7 1.7301482724399816E-7 7.909152037066007E-9 1.5295370703986178E-9 4.278574256422317E-7 2.7737511244120063E-6 
0.1460431714672325 6.443777197413823E-6 0.9350452832420035 1.1794868746852724E-8 8.965155069241424E-5 4.324247950047538E-6 1.42374390683096E-7 1.2404384143709845E-8 1.6172494309635494E-6 4.016167284288485E-7 7.373436390305916E-8 6.055782927739393E-6 
0.29035259520142315 0.0013328586606839578 0.06389368140660594 2.185651515401981E-9 2.6403865998582446E-7 7.787066056667582E-7 3.996709135949823E-9 1.6615344709751093E-7 1.0649193278139265E-7 2.217629692877773E-9 1.5100008040573393E-9 1.0576951569488572E-6 
0.48227097682281866 0.02307272903961481 0.05239503642816673 4.049913447515013E-9 1.0491358034313312E-6 2.4170461198791713E-8 7.123507289546139E-9 1.6458431207652716E-7 6.134282222179358E-8 4.903155690472649E-10 3.8435829848849875E-8 3.6246805609092653E-7 
0.9999726089685279 0.9547305628791616 0.6177301766291431 4.188618553432686E-9 9.87677642400478E-7 5.102893244559409E-8 6.875194402614833E-9 1.7289905706393806E-7 4.232601461532769E-8 8.285501811410371E-9 3.579541192220342E-9 2.3449074769801485E-7 
0.9999726089685279 0.9547305628791616 0.6177301766291431 4.188618553432686E-9 9.87677642400478E-7 5.102893244559409E-8 6.875194402614833E-9 1.7289905706393806E-7 4.232601461532769E-8 8.285501811410371E-9 3.579541192220342E-9 2.3449074769801485E-7 
6.169134466200189E-4 0.9999475374302532 4.5298846508102424E-5 0.45472784006736144 0.0032494841409883013 0.5560565276898289 0.964082871065236 3.5778574803160823E-4 0.8007126152499968 0.4160626446147801 0.4753722047289589 0.5437686757930782 
0.009515697710922706 1.2025367876577961E-6 0.0032812514981152008 6.420666184221455E-8 9.044396720888877E-6 1.5428447374505374E-4 1.5460914335580277E-7 1.7327049710304129E-7 1.5142934589691464E-8 1.848688998360615E-8 2.0281824222038346E-7 9.932213726252014E-6 
0.059779341452411996 2.539130657168052E-5 0.0031342605481248648 7.597442028169579E-7 1.1574983282040935E-5 2.064938307256461E-6 1.433778238873324E-7 1.7301405122051753E-7 7.750889778907406E-9 1.5295370703986178E-9 3.244723689746053E-8 2.773429288581833E-6 
0.10869940412677077 2.9763814079697415E-4 0.019220874081749884 2.2115615278367367E-8 1.1439438492789953E-5 2.12822986671577E-6 6.952835338081759E-9 8.611049880086693E-8 1.4309196342241503E-7 3.889316711226257E-8 2.5763639504208E-7 2.9397752687495268E-5 
0.22126984863111876 4.172008390767156E-4 0.005031554688584709 2.725001405735027E-9 3.367545443660476E-7 6.962911876349316E-9 2.4064654695526423E-9 1.4986596204744497E-8 1.0094096484774907E-8 1.390336643127943E-9 1.8871817332188544E-9 3.832426098979017E-6 
0.3256045004758318 1.2532619552545322E-6 0.004786060135761605 2.0981070149966267E-11 0.09950585937713119 5.616869037995452E-7 6.266695984671213E-9 1.4731644016298232E-8 1.4527267582079603E-8 1.9711348669320474E-8 9.67453784605039E-9 5.277069753568104E-6 
0.9999726089685279 0.9547305628791616 0.6177301766291431 4.188618553432686E-9 9.87677642400478E-7 5.102893244559409E-8 6.875194402614833E-9 1.7289905706393806E-7 4.232601461532769E-8 8.285501811410371E-9 3.579541192220342E-9 2.3449074769801485E-7 
0.9999726089685279 0.9547305628791616 0.6177301766291431 4.188618553432686E-9 9.87677642400478E-7 5.102893244559409E-8 6.875194402614833E-9 1.7289905706393806E-7 4.232601461532769E-8 8.285501811410371E-9 3.579541192220342E-9 2.3449074769801485E-7 
8.020219772948206E-4 0.9999475374302532 4.5298846508102424E-5 0.45472784006736144 0.9345210088666585 0.5483142290645693 0.964082871065236 0.06334121220991011 0.8007126152499968 0.4160626446147801 0.46527891324325005 0.5437686757930782 
0.009757791856379108 0.1292294698326213 7.763011376251371E-4 5.494241105655289E-7 4.7972973926205085E-4 3.940814884411488E-4 1.6717476593522513E-7 1.5731535422576148E-7 1.477237179437686E-7 1.0074046911095536E-6 2.0519917910499425E-5 1.7884094393565142E-6 
0.07250421394519346 2.857693100257883E-4 0.004325586551962491 2.2018595225777923E-8 1.17291255219498E-5 9.250061914992799E-8 1.5265918849294711E-7 1.6537079835947267E-7 1.616729204769614E-7 1.0065026010565505E-6 2.3427633745799286E-7 2.976525894293112E-5 
0.13582372191104092 6.228100137225408E-6 0.002342379937149225 1.9958339366520732E-9 5.327885720642092E-7 1.8637902692452868E-6 8.274094666536111E-9 6.077442433094825E-8 1.2857764951155766E-7 1.8477202423762777E-8 7.571223803796328E-8 2.7367077159567353E-6 
0.3082048081544041 1.0795693809042188E-6 0.005030491625929889 6.73927877840174E-10 3.923186439862827E-6 4.3116195275844033E-7 6.266695984671213E-9 1.4731644016298232E-8 1.0007797478460706E-8 2.0529065811112582E-8 9.67453784605039E-9 8.232358165375245E-4 
0.5686766070191289 6.8296029222582875E-6 0.014629578087845325 1.5211213798950442E-9 4.497110719294694E-6 4.491778994728864E-6 6.266863429989649E-9 1.472678319923689E-8 1.486237937137655E-7 2.738611538175912E-7 6.438534347157167E-8 5.286516955320404E-6 
0.9999726089685279 0.9547305628791616 0.6177301766291431 4.188618553432686E-9 9.87677642400478E-7 5.102893244559409E-8 6.875194402614833E-9 1.7289905706393806E-7 4.232601461532769E-8 8.285501811410371E-9 3.579541192220342E-9 2.3449074769801485E-7 
8.020219772948206E-4 0.9999952006229035 1.3193128945588521E-5 0.4652735195795192 0.9345210088666585 0.5483142290645693 0.9610887799016226 0.06334121220991011 0.8838337579037984 0.43054745863315624 0.46527891324325005 0.7474957568198946 
0.05934856045896049 0.34372400726458197 7.755113466824651E-4 8.707053490299231E-9 9.081692939222813E-6 2.064938307256461E-6 1.433778238873324E-7 1.7072685473723166E-7 1.4771060254508955E-7 1.5295370703986178E-9 2.0345656199391112E-7 7.221917495025236E-5 
0.09027879592086532 0.012109631461051845 5.99749897814011E-4 7.864872840799799E-7 7.387800264662623E-6 4.3523997069698955E-8 2.323560086343888E-8 8.200926960504688E-9 1.779200425390837E-8 1.0846313819740517E-8 9.606759494824927E-7 2.793031015186136E-6 
0.22037601918509184 2.3727592773896758E-4 6.657778712582502E-4 1.0470321534014681E-9 2.0587464497872704E-4 4.090460937424964E-8 1.4510997596641215E-7 1.6826982434856322E-7 1.1180204257852412E-7 1.3563381822970819E-9 3.010046271437383E-8 2.042094926388548E-5 
0.5186872659951915 2.425576767083249E-4 0.07180739272509976 5.191229298719208E-8 2.3578037949741248E-7 5.3842115527566855E-8 2.3699610328301284E-9 0.0022420661334328178 6.010596814772513E-8 5.472283222838253E-10 1.7166613359667308E-10 4.837732106163939E-7 
0.9999997115398527 0.04829890025708655 0.014450781362902787 2.9521681095850757E-9 9.371412899841473E-8 4.480778643311909E-7 3.509489137841696E-8 8.346958574418783E-8 1.8001581866453573E-8 4.467613173901227E-9 6.724725468011522E-11 1.168223599972254E-6 
8.020219772948206E-4 0.9999953252217478 1.3193128945588521E-5 0.4652735195795192 0.9345210088666585 0.5483142290645693 0.9610887799016226 0.06259036641551388 0.8732158621619148 0.4737121675256588 0.49113315252536394 0.7346094165539245 
0.07748264455081194 0.5069676637091025 0.004054534908498109 7.511545160512835E-10 1.1574983282040935E-5 3.1072253638241464E-6 1.435005348050951E-7 1.7301405122051753E-7 1.8153607935030423E-7 1.3798102281486292E-9 1.143832564519725E-6 2.773749832114526E-6 
0.297038746226591 0.04114677961472994 6.657778712582502E-4 1.0470321534014681E-9 5.585258801028962E-6 5.523130502911129E-9 1.367080649893298E-8 1.6616820894393619E-7 1.1165827169690562E-7 8.492984436310884E-7 2.997942575436134E-8 2.0351518709329628E-5 
0.4860492961995252 0.01923370306119103 6.657778712582502E-4 1.0470321534014681E-9 5.524438138629405E-6 6.3993696400282115E-9 1.4476734923972447E-7 1.0947894374033499E-7 1.1180204257852412E-7 1.0011637873606205E-9 3.0041423353172965E-8 2.042094926388548E-5 
0.9999997115398527 0.04829890025708655 0.014450781362902787 2.9521681095850757E-9 9.371412899841473E-8 4.480778643311909E-7 3.509489137841696E-8 8.346958574418783E-8 1.8001581866453573E-8 4.467613173901227E-9 6.724725468011522E-11 1.168223599972254E-6 
8.020219772948206E-4 0.9999953252217478 1.3193128945588521E-5 0.4652735195795192 0.9345210088666585 0.5483142290645693 0.9610887799016226 0.06259036641551388 0.8732158621619148 0.4737121675256588 0.49113315252536394 0.7346094165539245 
0.27007609553897294 0.9953004538447987 2.312057455810838E-4 5.578629934248506E-8 6.271351000402006E-6 1.7034020511375476E-7 2.4909587467964774E-9 8.160267017824891E-8 1.109355566831189E-7 9.439840316841474E-10 2.9917371213053756E-11 6.414142829416358E-7 
0.5698968633705912 0.019235754705365073 0.012371491894778375 5.432317558465007E-8 0.011289745717568798 1.77037694130667E-8 4.97338468223789E-9 3.315260395226561E-10 6.446926034581722E-10 1.0495864245177224E-6 8.398544969377468E-9 2.8118310659999555E-7 
0.9999995742688671 0.9709722164853543 0.6316325457144514 2.7387381218834914E-9 9.8894778673506E-7 1.8247074904982137E-6 3.509489137841696E-8 1.1934629091619214E-8 9.821234689300372E-10 3.2086038326755353E-9 7.400340587416915E-11 1.1127563397207144E-6 
0.008129949507666673 0.9999472051459292 4.5298846508102424E-5 0.4739546406102948 0.9345210088666585 0.9587737788720183 0.9623555978015075 0.06334121220991011 0.8007126152499968 0.4834843879520055 0.4753142934315459 0.5437686757930782 
0.48364863227815386 0.9954816941769407 2.312057455810838E-4 5.578629934248506E-8 5.04183325065666E-6 1.5841246400126223E-8 2.443067729153435E-9 8.160267017824891E-8 1.109355566831189E-7 9.014026242532873E-10 6.79672371809276E-10 7.074632787417921E-7 
0.9999970402175232 0.9615134684118067 0.6868564619739324 5.462723955055191E-8 5.375788527304685E-6 4.480778643311909E-7 4.968718971892534E-9 3.3280296401164097E-10 4.797018164234665E-9 4.467613173901227E-9 2.7115911986687224E-11 3.3749982730572534E-6 
0.008129949507666673 0.9999472051459292 4.5298846508102424E-5 0.4739546406102948 0.9345210088666585 0.9587737788720183 0.9623555978015075 0.06334121220991011 0.8007126152499968 0.4834843879520055 0.4753142934315459 0.5437686757930782 
0.9999970402175232 0.9750988719603605 0.6870082176363953 5.462723955055191E-8 6.3126583671626684E-6 4.4944386169820297E-7 1.6409652803105919E-9 3.3280296401164097E-10 2.0196579524547814E-8 4.467613173901227E-9 2.44403827709168E-11 9.102791639000796E-7 
0.9999970402175232 0.9750988719603605 0.6870082176363953 5.462723955055191E-8 6.3126583671626684E-6 4.495232522304404E-7 1.6409652803105919E-9 3.3280296401164097E-10 2.0211476379392755E-8 4.467613173901227E-9 2.4410520520280643E-11 9.102791639000796E-7 
6.371135660662962E-4 0.9994581284211207 0.9999891948112353 0.2191487239073469 0.8756815655661682 0.38623771334668183 0.09718300108615471 0.05378056963606905 0.811212765875972 0.004184878376897107 0.2205643360394495 0.44377101250150913 
0.008185312597412467 9.95517273280048E-8 0.9981605900463507 1.2604985449259005E-6 3.846114633429922E-5 1.8573166332278558E-6 1.7719317582861728E-7 2.132898522400275E-9 1.595842555119374E-5 1.1511691604904228E-6 0.057182043877433225 6.869375920242737E-5 
0.05239275574852528 2.5561326399600437E-5 0.9760856777319445 1.1038163250225505E-8 3.0224237851110783E-5 4.324247950047538E-6 5.3026087074486846E-8 1.4778169881282124E-7 7.71212614083637E-9 1.0820589183284172E-8 3.635361118232167E-8 5.094838713694458E-4 
0.09373680721742833 1.1807594650516942E-5 0.5424678844732956 1.7447787333973157E-6 2.1357965436612293E-6 4.101722578708772E-6 2.3046535681981663E-7 2.4140760948663154E-7 1.5636106279482765E-8 5.110452944687156E-6 3.045144324080464E-6 8.81646425927396E-6 
0.22183300899130845 4.172008390767156E-4 0.012026755723759105 2.7034774994017105E-9 2.6244395815933274E-7 6.962911876349316E-9 2.3827047575395485E-9 9.48622763249793E-9 1.3407843242239789E-8 1.390336643127943E-9 1.8871817332188544E-9 7.152895676090393E-7 
0.3256045004758318 1.2532619552545322E-6 0.004786060135761605 2.0981070149966267E-11 0.09950585937713119 5.616869037995452E-7 6.266695984671213E-9 1.4731644016298232E-8 1.4527267582079603E-8 1.9711348669320474E-8 9.67453784605039E-9 5.277069753568104E-6 
0.9999997120973884 0.9737538115640592 0.018686609751543067 5.8854160155131864E-8 3.74358132167856E-7 5.7799607430753475E-8 4.5083785990877245E-9 8.059969783145765E-8 4.152534518285612E-8 4.638562499351325E-9 7.714056988709081E-11 6.885071190229255E-7 
0.9999996301090692 0.974088519871988 0.9942823189923682 4.850629012417529E-10 1.8715089278702608E-6 9.567090434596126E-8 2.3722923048565893E-9 8.073417306893577E-10 1.2904856763346047E-7 6.047543262396208E-9 5.5296160929883753E-8 7.619826157620677E-7 
0.006526460313490044 0.9999946838452374 0.5000344041112347 6.038413228492181E-5 0.17509879350513963 5.8154617722951755E-5 0.012538772459713108 1.90490142150182E-5 0.002311591919313516 4.6303982741657725E-5 5.992089681414617E-7 0.6370149909314518 
0.010644270108611277 0.3361551409929354 0.50176957748291 7.864872840799799E-7 3.43211729925474E-5 1.028170089691736E-5 1.0972893178248387E-6 8.200926960504688E-9 1.176692870432117E-8 4.348514980282529E-7 9.627871672039074E-7 2.793031015186136E-6 
0.03490105602686405 6.366825872711984E-6 0.48958081974966206 1.6042068003369988E-9 8.9556886280543E-5 1.8642736382856927E-6 1.4238630951284454E-7 6.077442433094825E-8 1.388145441084954E-7 1.848688998360615E-8 7.571223803796328E-8 8.545812157826661E-6 
0.13313962250379702 2.497152817598693E-5 0.5173201025878852 1.9954944833507794E-9 2.082484373426459E-6 1.0564773087488578E-6 3.927489193765391E-9 1.4799727836045387E-7 1.7582044985081628E-8 3.984158935066348E-7 3.069713897102639E-8 1.1045626553450576E-6 
0.29035259520142315 0.0013328586606839578 0.06389368140660594 2.185651515401981E-9 2.6403865998582446E-7 7.787066056667582E-7 3.996709135949823E-9 1.6615344709751093E-7 1.0649193278139265E-7 2.217629692877773E-9 1.5100008040573393E-9 1.0576951569488572E-6 
0.5684058262767236 2.749478086407943E-4 0.9930246674055765 5.493987672589958E-8 4.5046012000567226E-6 5.4738304045950744E-8 2.492405547057708E-9 1.820009257017627E-9 5.784849004711072E-8 1.3458950420580574E-8 8.133939144723522E-10 1.040969667702585E-5 
0.9999997091212028 0.04829890025708655 0.004723676264298422 2.16865627730415E-9 9.371412899841473E-8 4.170815554237796E-7 3.509489137841696E-8 1.627845545812144E-7 1.8001581866453573E-8 4.485104842911192E-9 2.5799853613296563E-11 1.168223599972254E-6 
0.003604565145650462 0.9999522176450166 0.2667244051759937 0.44719688863371176 0.1805101036725119 0.38561452161692034 0.5324082352205274 0.005377707212653515 0.05130734251316452 0.011715435826858911 0.11422831674886974 0.1067604278216943 
0.09092714810686042 0.47990237722944795 0.020428920777031345 1.172700478856549E-8 9.009591668225549E-6 7.019062720866913E-6 1.4211196160157337E-7 1.5896891155383548E-7 2.3233341803598316E-6 1.9549998744572512E-8 1.1827924943527503E-6 1.4954394328193002E-6 
0.09144224654424896 0.0195609984599559 0.02833763740847539 2.541052849026336E-9 2.0464279617768483E-6 6.962911876349316E-9 3.927489193765391E-9 9.579018689841438E-9 1.477022512484941E-8 1.3903369020342797E-9 4.9969676617532314E-8 2.094234529784103E-7 
0.22183300899130845 4.172008390767156E-4 0.012026755723759105 2.7034774994017105E-9 2.6244395815933274E-7 6.962911876349316E-9 2.3827047575395485E-9 9.48622763249793E-9 1.3407843242239789E-8 1.390336643127943E-9 1.8871817332188544E-9 7.152895676090393E-7 
0.5186872659951915 2.425576767083249E-4 0.07180739272509976 5.191229298719208E-8 2.3578037949741248E-7 5.3842115527566855E-8 2.3699610328301284E-9 0.0022420661334328178 6.010596814772513E-8 5.472283222838253E-10 1.7166613359667308E-10 4.837732106163939E-7 
0.9999995720799376 0.9737111088548689 0.632790568247362 2.7387381218834914E-9 9.8894778673506E-7 1.8247074904982137E-6 3.509489137841696E-8 7.753020068077153E-10 1.0240820106496984E-9 3.2086038326755353E-9 7.400340587416915E-11 1.1127563397207144E-6 
2.1567412855218572E-4 0.999952861785897 0.14911911791505178 4.8216537208913804E-4 0.13836979165162533 0.028854732984179447 0.013385374255253962 4.084768320506579E-7 0.04487270405634599 4.37404778275568E-6 0.03785970263026062 0.13548286425868805 
0.09724413165944357 0.48019911538834625 0.03252871080309755 1.172700478856549E-8 1.143690749176122E-5 2.0985866034276783E-6 2.3771946517151677E-9 8.624056436808967E-8 4.66987026988785E-6 3.589943636532919E-7 1.1827924943527503E-6 1.4954394328193002E-6 
0.22126984863111876 4.172008390767156E-4 0.005031554688584709 2.725001405735027E-9 3.367545443660476E-7 6.962911876349316E-9 2.4064654695526423E-9 1.4986596204744497E-8 1.0094096484774907E-8 1.390336643127943E-9 1.8871817332188544E-9 3.832426098979017E-6 
0.48364863227815386 5.983269387021938E-4 7.148585980599684E-4 2.703952748805919E-9 4.503153266416276E-6 1.5841246400126223E-8 2.4236419908302797E-9 8.318514821815864E-8 1.1101682501627589E-7 9.80043170983385E-10 6.79672371809276E-10 2.042094926388548E-5 
0.9999995720799376 0.9737111088548689 0.004718723722890339 2.1703171213277126E-9 3.924207891226197E-6 1.8247074904982137E-6 2.989897029039614E-9 1.5986929054293058E-7 1.061203741805623E-9 3.2086038326755353E-9 3.5532401714068073E-11 2.0363325579539155E-7 
0.019479557469451625 0.9994215931953517 0.027879089034010957 5.171273843313397E-7 0.0012710207816717303 3.690662502005526E-6 5.790199798685151E-8 5.966901584170532E-10 5.008635652010406E-8 4.1150299062062655E-6 3.200766899809264E-6 0.006521946642250781 
0.07748264455081194 0.5069676637091025 0.004054534908498109 7.511545160512835E-10 1.1574983282040935E-5 3.1072253638241464E-6 1.435005348050951E-7 1.7301405122051753E-7 1.8153607935030423E-7 1.3798102281486292E-9 1.143832564519725E-6 2.773749832114526E-6 
0.49477424550448296 0.02587952636961105 6.657778712582502E-4 1.0470321534014681E-9 2.9021068659035904E-5 5.643727098218188E-9 2.6245977138320287E-8 1.0947894374033499E-7 1.1180204257852412E-7 1.0011637873606205E-9 3.0041423353172965E-8 2.0040134333103233E-5 
0.9999993800239053 0.9615134684118067 0.6984951355539741 5.462723955055191E-8 5.375788527304685E-6 4.3031808552454516E-7 4.968718971892534E-9 3.3280296401164097E-10 4.683533385285398E-9 4.467613173901227E-9 2.7115911986687224E-11 1.3339981822865362E-7 
0.00826957625794434 0.9999719363239574 0.07872223015378736 0.4469412714266341 0.9337396288151152 0.949068632253279 0.7462483053680586 0.051569315375511335 0.02825850434348484 0.4834803959542854 0.5013753437286216 0.10083942536078554 
0.48364863227815386 0.9954816941769407 2.312057455810838E-4 5.578629934248506E-8 5.04183325065666E-6 1.5841246400126223E-8 2.443067729153435E-9 8.160267017824891E-8 1.109355566831189E-7 9.014026242532873E-10 6.79672371809276E-10 7.074632787417921E-7 
0.9999993800239053 0.9615134684118067 0.6984951355539741 5.462723955055191E-8 5.375788527304685E-6 4.3031808552454516E-7 4.968718971892534E-9 3.3280296401164097E-10 4.683533385285398E-9 4.467613173901227E-9 2.7115911986687224E-11 1.3339981822865362E-7 
0.08550130649710977 0.9999954468406262 0.0068435398379016465 3.9729844901955716E-5 0.002273589121202153 3.1172220098296175E-5 2.375856249293767E-5 0.03414124637256408 2.4373941769489598E-4 0.0021965636161974285 1.9050861966723736E-6 0.006928274850135641 
0.999999726818536 0.8793895427536067 0.6870082176363953 2.4200653735079482E-9 5.42816835456611E-6 4.382013145563954E-7 5.165738963225614E-9 8.527313403566216E-8 1.215987768197819E-9 4.465271453233375E-9 7.400340587416915E-11 3.5452395925179356E-7 
0.999997078953984 0.8793895427536067 0.6870082176363953 4.3963954258414096E-8 5.42816835456611E-6 4.381272477327473E-7 5.180797487298868E-9 1.1591893196359528E-8 1.9412084508672662E-8 3.85867945438044E-9 7.402323955798365E-11 3.5452395925179356E-7 
9.058119401510927E-4 0.9999475374302532 0.9998897299923679 0.45481371725794945 0.9756619014304571 0.4089205684203639 0.9920222854388299 0.06334121220991011 0.7831003746968761 0.4216458424354229 0.46602184152935644 0.5416690404289357 
0.01037749661760267 0.10403205429834284 0.9951254883451618 6.475579082050306E-8 1.382932589486143E-6 1.519233547552576E-4 9.678947767806564E-9 1.3022735789784234E-7 3.4654835618161917E-9 1.0121336672222497E-6 2.452123401754915E-6 1.4333183926954979E-5 
0.030579906759792545 5.606254353251528E-6 0.9981049699488252 2.2417702790639274E-8 8.784915470792994E-5 1.205418049686962E-6 1.42374390683096E-7 8.525061297222124E-8 1.6298169514873152E-7 4.397775730286835E-8 7.644492701814647E-8 6.243951144624285E-7 
0.14777308823516938 2.4049784660616267E-5 0.9721247625683679 1.1794868746852724E-8 4.75108029440255E-6 4.324247950047538E-6 5.290190506252422E-8 1.4838131824031984E-7 1.6735330589791688E-6 4.0084764178782626E-7 9.812252186162089E-9 1.1005274239469912E-6 
0.2691011320543585 2.749478086407943E-4 0.9983784957066417 5.524964194734181E-8 6.352366676859131E-6 5.4738304045950744E-8 2.484638901218921E-9 1.268713991623881E-9 5.784849004711072E-8 1.3458950420580574E-8 8.133939144723522E-10 1.040969667702585E-5 
0.5684058262767236 2.749478086407943E-4 0.9930246674055765 5.493987672589958E-8 4.5046012000567226E-6 5.4738304045950744E-8 2.492405547057708E-9 1.820009257017627E-9 5.784849004711072E-8 1.3458950420580574E-8 8.133939144723522E-10 1.040969667702585E-5 
0.9999726089685279 0.9547305628791616 0.6177301766291431 3.809682004626633E-9 9.87677642400478E-7 8.535111129727842E-8 6.875194402614833E-9 1.7289905706393806E-7 4.1208864100274955E-8 8.383009826171961E-9 3.274089613680485E-11 2.3449074769801485E-7 
0.00982462050409793 0.9999976430893395 0.7455334771564014 0.0042682789969554335 4.1275723178529894E-4 0.01174378089949734 1.9203045747789838E-4 3.437879385493718E-4 0.7962052059079257 0.0022799672077374877 0.0025942468673226466 0.004812363500358332 
0.09184497231619342 0.47990237722944795 0.9981049699488252 1.172700478856549E-8 1.1279744437197757E-5 2.0999281809259164E-6 1.4211196160157337E-7 1.5896891155383548E-7 4.66987026988785E-6 3.589943636532919E-7 1.1827924943527503E-6 1.4954394328193002E-6 
0.13502642705109924 0.05302856082136697 0.9981385887697645 4.5766567175143854E-8 1.8702122890941751E-6 1.1518204812643922E-8 1.4992727117066355E-9 7.309687783373903E-10 1.2769578911279507E-7 1.339671582558936E-6 5.1757057390565674E-8 3.395694804332184E-6 
0.2691011320543585 2.131311509053803E-4 0.9983784957066417 5.451327214591558E-8 6.34682082662133E-6 5.4738304045950744E-8 2.484803186327273E-9 1.1274007864785445E-9 5.784849004711072E-8 1.3458950420580574E-8 8.133939144723522E-10 1.040969667702585E-5 
0.49752201405817453 5.292620157322271E-4 0.9963608025065388 3.4565078158140367E-9 4.104213233605685E-6 2.1835853840883346E-6 1.6185264642134278E-9 1.8612227259836427E-8 2.3761985479201038E-8 2.477002854259313E-9 2.885514268671334E-9 3.988870413955281E-8 
0.9999997091212028 0.04829890025708655 0.004723676264298422 2.16865627730415E-9 9.371412899841473E-8 4.170815554237796E-7 3.509489137841696E-8 1.627845545812144E-7 1.8001581866453573E-8 4.485104842911192E-9 2.5799853613296563E-11 1.168223599972254E-6 
0.026926621114284885 0.9999954468406262 0.5000344041112347 0.08714843434990067 0.01113514645859684 2.5458392791038243E-5 3.381116945273127E-6 0.034168704984406446 0.002160186078794868 0.004884343089770983 3.03143002912073E-6 0.661051890505846 
0.09308305756002942 0.9858503782023628 7.691817673222134E-5 2.6966121390842224E-9 2.9479961181039937E-6 4.2469641659715405E-7 3.943423842835953E-9 9.252682606393446E-10 5.83886269459042E-8 1.3521087282813068E-8 2.765119421933425E-11 2.1443032582505033E-7 
0.2802947112032438 0.48081429111056384 7.691817673222134E-5 5.5559745603267986E-8 2.9479961181039937E-6 2.097772333168536E-6 2.4908568868357833E-9 8.978027551698126E-10 4.731688963344146E-6 1.6692271433705094E-8 2.765119421933425E-11 7.57114648612471E-7 
0.9941783985077737 0.9710317897233849 0.6326324747518545 2.2575796754642194E-9 1.1163300137334527E-6 1.8460076869687951E-6 3.2333837255915204E-9 1.1934629091619214E-8 9.821234689300372E-10 3.1571006709010545E-9 2.6463816875863204E-11 1.2628771841673945E-6 
0.999999726818536 0.0034253772644401437 3.292911272287924E-4 2.4200653735079482E-9 5.42816835456611E-6 4.3367530023582207E-7 2.3586805571621753E-9 8.318865294272898E-8 1.0633453771580178E-7 9.836521092804611E-10 7.400340587416915E-11 3.5452395925179356E-7 
0.040435789288933724 0.9997900990096008 0.3097152901463892 0.001086513997107491 0.924640536729325 4.211448714077741E-4 0.012281347519187302 0.0011572886892762455 4.650381408363743E-6 6.651174654343189E-5 0.005917017671591932 0.04606257338204365 
0.2809200151928847 0.9756485313314563 7.691817673222134E-5 5.5559745603267986E-8 2.9479961181039937E-6 4.2469641659715405E-7 2.4908568868357833E-9 8.978027551698126E-10 5.83886269459042E-8 1.3386257045879292E-8 2.765119421933425E-11 7.622474313582474E-7 
0.9941783985077737 0.9710317897233849 0.6326324747518545 2.2575796754642194E-9 1.1163300137334527E-6 1.8460076869687951E-6 3.2333837255915204E-9 1.1934629091619214E-8 9.821234689300372E-10 3.1571006709010545E-9 2.6463816875863204E-11 1.2628771841673945E-6 
0.9999995742688671 0.9740776736998741 0.6515854695511547 4.3873075272412954E-10 9.91660749486075E-7 9.452924904873363E-8 3.509489137841696E-8 1.211805355617636E-8 1.9474528298580903E-8 4.164355782843549E-9 2.960052184140064E-11 1.1127563397207144E-6 
0.003604565145650462 0.9999522176450166 0.2667244051759937 0.44719688863371176 0.13914254658171937 0.39683647923289056 0.5324082352205274 0.005377707212653515 0.05130734251316452 0.011715435826858911 0.11422831674886974 0.1067604278216943 
0.48364863227815386 0.9954816941769407 2.312057455810838E-4 5.578629934248506E-8 5.04183325065666E-6 1.5841246400126223E-8 2.443067729153435E-9 8.160267017824891E-8 1.109355566831189E-7 9.014026242532873E-10 6.79672371809276E-10 7.074632787417921E-7 
0.9999995742688671 0.9740776736998741 0.6515854695511547 4.3873075272412954E-10 9.91660749486075E-7 9.452924904873363E-8 3.509489137841696E-8 1.211805355617636E-8 1.9474528298580903E-8 4.164355782843549E-9 2.960052184140064E-11 1.1127563397207144E-6 
0.27007609553897294 0.9953004538447987 2.312057455810838E-4 5.578629934248506E-8 6.271351000402006E-6 1.7034020511375476E-7 2.4909587467964774E-9 8.160267017824891E-8 1.109355566831189E-7 9.439840316841474E-10 2.9917371213053756E-11 6.414142829416358E-7 
0.9999995742688671 0.974088519871988 0.6515854695511547 4.850629012417529E-10 9.91660749486075E-7 9.452924904873363E-8 2.3618369321420623E-9 1.1990795465384603E-8 5.538652644326159E-8 4.164355782843549E-9 2.960052184140064E-11 7.619826157620677E-7 
0.9999970402175232 0.9750988719603605 0.6870082176363953 5.462723955055191E-8 6.3126583671626684E-6 4.4944386169820297E-7 1.6409652803105919E-9 3.3280296401164097E-10 2.0196579524547814E-8 4.467613173901227E-9 2.44403827709168E-11 9.102791639000796E-7 
9.058119401510927E-4 0.9999475374302532 0.9998897299923679 0.45481371725794945 0.9756619014304571 0.4089205684203639 0.9920222854388299 0.06334121220991011 0.7831003746968761 0.4216458424354229 0.46602184152935644 0.5416690404289357 
0.05239227914070632 0.33267624128052464 0.9840267731535508 1.1038163250225505E-8 3.430100457896753E-5 4.324247950047538E-6 5.3026087074486846E-8 1.3800220974101363E-7 7.71212614083637E-9 1.0820589183284172E-8 3.635361118232167E-8 2.5060767317608033E-6 
0.13502642705109924 0.05302856082136697 0.9981502776047084 4.5766567175143854E-8 1.8702122890941751E-6 1.1518204812643922E-8 1.4992727117066355E-9 7.309687783373903E-10 1.2769578911279507E-7 1.1191778043455382E-6 5.1757057390565674E-8 3.395694804332184E-6 
0.19082616893457754 3.676532389633112E-4 0.9997396019607594 8.391254949199384E-8 7.026921549819336E-5 1.3229168540711457E-6 1.4613264494516696E-7 1.947727971289442E-8 1.4686898608217657E-8 5.151839115614368E-6 2.503688764539571E-8 2.829202370477164E-4 
0.49752201405817453 5.292620157322271E-4 0.9963608025065388 3.4565078158140367E-9 4.104213233605685E-6 2.1835853840883346E-6 1.6185264642134278E-9 1.8612227259836427E-8 2.3761985479201038E-8 2.477002854259313E-9 2.885514268671334E-9 3.988870413955281E-8 
0.9999995720799376 0.9737111088548689 0.632790568247362 2.7387381218834914E-9 9.8894778673506E-7 1.8247074904982137E-6 3.509489137841696E-8 7.753020068077153E-10 1.0240820106496984E-9 3.2086038326755353E-9 7.400340587416915E-11 1.1127563397207144E-6 
0.009803552781009 0.9999976776677697 0.8938256042971453 3.615415320146542E-5 4.452996076389069E-4 2.469018632345736E-5 1.2712799010339184E-6 0.04395226300107658 1.2550178392745461E-6 7.658506717410355E-6 2.805950495735109E-6 0.5319020534155986 
0.13660902701149152 0.47990237722944795 0.9981049699488252 1.172700478856549E-8 1.1390924193063256E-5 2.091421134801076E-6 1.4211196160157337E-7 6.02029682411291E-8 1.621351923445575E-6 3.589943636532919E-7 1.1827924943527503E-6 1.4945546472992804E-6 
0.2691010971985772 0.038155164237418826 0.9984200677315971 5.525119859480891E-8 6.2888542450592025E-6 5.4738304045950744E-8 2.4906631716460642E-9 8.978027551698126E-10 5.83886269459042E-8 1.3458950420580574E-8 8.133939144723522E-10 1.040969667702585E-5 
0.4901511058177757 7.330061442811821E-4 0.9963608025065388 1.1115356963333269E-8 4.13536811055711E-6 3.1762347043174704E-8 1.6185264642134278E-9 1.8612227259836427E-8 2.3761985479201038E-8 2.477002854259313E-9 3.8004608488904276E-7 4.0477169823225766E-8 
0.999999565288507 0.9627180720552143 0.9661790637914515 5.779569961082878E-8 2.92383520609109E-5 5.418958232984133E-8 5.355004409968533E-9 1.4499069586080962E-10 2.6503065496376693E-8 4.467613173901227E-9 7.400340587416915E-11 6.887559580913372E-7 
0.04381641674443676 0.9999826560466208 0.6684818983829244 0.016240796185035447 1.2150034698783037E-4 6.257425130522731E-5 0.6578429205589654 5.527315666854375E-6 0.0029067315196689494 2.928785656785399E-4 1.6018359778813317E-5 0.11249470113132344 
0.2691010971985772 0.9756485313314563 0.998422219776715 5.525119859480891E-8 6.2888542450592025E-6 5.479021544983126E-8 2.4906631716460642E-9 8.978027551698126E-10 5.83886269459042E-8 1.3386257045879292E-8 2.765119421933425E-11 1.040969667702585E-5 
0.9986748563897687 0.8800835975125563 0.5920120579926174 2.4746214630476524E-8 8.688258389261628E-5 8.768110108596148E-8 5.285990053981733E-9 4.548846228112585E-10 1.1823029038567975E-9 4.46566711502213E-9 7.454616467356898E-11 7.210093292218974E-8 
0.999999726818536 0.0034253772644401437 0.9820204186761786 2.8799192679955805E-9 4.127338106166648E-6 4.3367530023582207E-7 2.3586805571621753E-9 8.318865294272898E-8 1.0633453771580178E-7 2.479345658946038E-9 7.400340587416915E-11 3.5452395925179356E-7 
0.07642958888327173 0.9999954468406262 0.500066515434583 4.0089994568263496E-5 0.0022161541660339233 1.1900313017095226E-6 3.5425418356620567E-5 7.095974103727143E-4 1.042616138292028E-4 7.327630342973375E-5 1.0633292047481293E-8 0.4288666474069067 
0.4777781450289605 0.9732258705148312 0.029764772433918285 5.3733209230043884E-8 8.658160832867589E-5 5.64255421147066E-9 5.16557152803E-9 1.5975672770835977E-7 9.339925953620442E-10 8.760555699415451E-10 2.125521413504159E-8 2.1482423761611374E-7 
0.9999995742688671 0.974088519871988 0.6515854695511547 4.850629012417529E-10 9.91660749486075E-7 9.452924904873363E-8 2.3618369321420623E-9 1.1990795465384603E-8 5.538652644326159E-8 4.164355782843549E-9 2.960052184140064E-11 7.619826157620677E-7 
0.4777781450289605 0.9732258705148312 0.029764772433918285 5.3733209230043884E-8 8.658160832867589E-5 5.64255421147066E-9 5.16557152803E-9 1.5975672770835977E-7 9.339925953620442E-10 8.760555699415451E-10 2.125521413504159E-8 2.1482423761611374E-7 
0.9999969996375733 0.961751887723293 0.08504914699519284 7.05137807791454E-9 9.96960241029207E-7 4.4819606404174773E-7 2.4541994596049714E-9 1.170033826725691E-8 3.4089184820000864E-9 3.1957328723694277E-9 2.6797740048464946E-11 1.114239461742995E-6 
0.9999995742688671 0.9709722164853543 0.6316325457144514 2.2575796754642194E-9 9.8894778673506E-7 1.8247074904982137E-6 3.509489137841696E-8 1.1934629091619214E-8 9.821234689300372E-10 3.2086038326755353E-9 7.400340587416915E-11 1.1127563397207144E-6 
9.058119401510927E-4 0.9999475374302532 0.9998897299923679 0.45481371725794945 0.9742083422753629 0.4037526772572752 0.9920222854388299 0.06334121220991011 0.7831003746968761 0.4216458424354229 0.4275553788510919 0.5416690404289357 
0.11960319531852523 0.47990237722944795 0.9981049699488252 1.172700478856549E-8 1.1390924193063256E-5 2.091365519271712E-6 1.4211196160157337E-7 6.02029682411291E-8 1.621351923445575E-6 3.589943636532919E-7 1.1827924943527503E-6 1.4945546472992804E-6 
0.2730396897014223 0.054121428046694585 0.9976757570791074 4.5123061053406224E-8 4.941566866094953E-5 1.0648525343792994E-8 4.11744636261357E-9 3.360472696166984E-9 5.0470158899782016E-6 8.141747933626739E-7 4.8029871015177185E-9 2.132071092551398E-4 
0.4901511058177757 0.02216000430473908 0.9967136011531783 1.1115356963333269E-8 4.13536811055711E-6 3.1762347043174704E-8 1.6185264642134278E-9 1.8612227259836427E-8 2.3761985479201038E-8 2.477002854259313E-9 3.3648200798761716E-7 1.5093064319080348E-7 
0.9999997089725411 0.0034253772644401437 0.03277597416757394 2.189185241354511E-9 4.127338106166648E-6 4.3325205840296316E-7 1.648975910081268E-9 1.644383795483014E-7 1.0501035401364146E-7 1.4597043986324186E-9 7.400340587416915E-11 3.5452395925179356E-7 
0.0012878072463709807 0.9999976776677697 0.9001217847317403 0.014690099230293789 3.8124554459552547E-4 2.614211762130799E-4 0.6537135636344413 0.04375893222318038 2.0710757595984383E-4 0.021127210476995607 0.4169740578843145 0.5305640691330544 
0.19766166856651796 0.4913649673256412 0.9981495410226543 2.7156606491385488E-8 8.429093512455716E-5 1.2933103033582769E-8 1.4282318774476595E-7 1.5536446178814488E-7 4.66987026988785E-6 3.589943636532919E-7 5.176409349242347E-8 1.4954394328193002E-6 
0.5041722875978937 0.04173190973719395 0.9965338870746115 9.64502939446923E-9 1.258411004110444E-5 2.300309610913569E-6 7.038193970816113E-9 5.915848532919245E-9 1.295088169312585E-7 2.1673862857917415E-9 4.931466396426824E-11 3.146167614886416E-5 
0.9999996301090692 0.974088519871988 0.9942823189923682 4.850629012417529E-10 1.8715089278702608E-6 9.567090434596126E-8 2.3722923048565893E-9 8.073417306893577E-10 1.2904856763346047E-7 6.047543262396208E-9 5.5296160929883753E-8 7.619826157620677E-7 
0.004385285390516358 0.9996789121932794 0.7614538482021993 1.2641728886053063E-8 1.2493743045907224E-4 0.001543397312002745 0.0026870285439459882 4.6251949275371136E-8 0.0015896647128161648 1.097798502847933E-5 1.2164913378238227E-4 0.001789004958573162 
0.5111007843224007 0.9730910388774001 0.9549412518652496 3.4974762552579953E-9 8.668953228840748E-5 8.687197989704952E-8 5.017606312039938E-9 4.5351843768432295E-10 1.951879525756761E-8 2.9953827180823924E-9 7.400348590107121E-11 3.3813455448441346E-6 
0.999997062601477 0.9748158127226977 0.9219154489841622 1.2565500788772626E-8 8.823966665761645E-5 5.0576834729776254E-8 5.014575917121349E-9 1.067078590533867E-10 1.949027714595439E-8 4.438944518688246E-9 2.1708325210463004E-8 1.9249972110360145E-7 
0.24628295698513508 0.999911909432201 0.631614860536029 2.628835825766979E-6 2.9275096892337517E-6 3.106650598294202E-5 1.924567251025876E-6 2.654605067560159E-7 5.100247500983902E-6 0.0022252716527880467 0.0793126229281456 0.10761723040113362 
0.999997077944448 0.9615134684118067 0.08504914699519284 5.462723955055191E-8 5.42816835456611E-6 4.4819606404174773E-7 2.4541994596049714E-9 1.170033826725691E-8 1.9255926965227485E-8 4.464415156167787E-9 2.7115911986687224E-11 1.1993767116201507E-6 
0.9999995742688671 0.9740776736998741 0.6316542020680443 4.706527311464055E-10 9.91660749486075E-7 1.850042629814542E-6 3.509489137841696E-8 1.1934629091619214E-8 1.9474528298580903E-8 3.2086038326755353E-9 7.400340587416915E-11 1.1127563397207144E-6 
9.058119401510927E-4 0.9999475374302532 0.9998897299923679 0.45481371725794945 0.9742083422753629 0.4037526772572752 0.9920222854388299 0.06334121220991011 0.7831003746968761 0.4216458424354229 0.4275553788510919 0.5416690404289357 
0.2867225210292746 0.9748057031586657 0.9219154489841622 1.2565500788772626E-8 0.001017939142761279 5.0576834729776254E-8 6.969256030185318E-9 1.1085903417585251E-10 1.957136167450894E-8 3.2082722789249373E-9 1.5844332742093426E-10 5.9072697309422355E-8 
0.9986748563897687 0.962992184322272 0.5920120579926174 5.46230583131422E-8 8.688258389261628E-5 8.566184322655024E-8 1.3849044374259835E-9 4.548846228112585E-10 1.193438367417405E-8 3.075715497962249E-9 7.400348590107121E-11 9.33129394374481E-8 
0.9999997089725411 0.0034253772644401437 0.03277597416757394 2.189185241354511E-9 4.127338106166648E-6 4.3325205840296316E-7 1.648975910081268E-9 1.644383795483014E-7 1.0501035401364146E-7 1.4597043986324186E-9 7.400340587416915E-11 3.5452395925179356E-7 
0.024485559800674822 0.9999898049386226 0.9275105566258826 0.007432678561831857 0.7165993575806545 0.37863029836823464 0.9605257140604397 0.0012439578641883625 0.4643626275616479 0.01046915029423387 0.02523759560598831 0.10334298276667611 
0.5111007843224007 0.9730910388774001 0.9549412518652496 3.3324771947239306E-9 8.689055411476158E-5 8.562744100188476E-8 5.041840905946431E-9 4.5351843768432295E-10 1.951879525756761E-8 2.9943921718387303E-9 7.400340587416915E-11 3.3813455448441346E-6 
0.9999970402175232 0.9750988719603605 0.6870082176363953 5.462723955055191E-8 6.3126583671626684E-6 4.495232522304404E-7 1.6409652803105919E-9 3.3280296401164097E-10 2.0211476379392755E-8 4.467613173901227E-9 2.4410520520280643E-11 9.102791639000796E-7 
0.279015270613918 0.9948632021509725 0.9561073758134462 5.554967675827042E-8 1.2431107518484218E-6 7.065171450762518E-7 3.0546312880246414E-9 8.619639132722839E-10 1.8280631470107086E-8 0.04112468929950195 4.586920583263434E-9 1.027823177411344E-6 
0.999997062601477 0.014376347847862347 0.9752190028268297 3.5696849652197026E-9 3.4307960740099884E-6 9.401466551817131E-8 4.9434793633400705E-9 1.8398661981930587E-8 2.37047080039244E-8 3.0048155085111754E-9 2.813545255770193E-9 3.407045253607886E-6 
0.999997062601477 0.9732258705148312 0.02979728333473769 5.3790293087081986E-8 8.658160832867589E-5 5.87222037701261E-9 5.16557152803E-9 1.60562709306865E-7 9.339925953620442E-10 4.413947298288714E-9 2.125521413504159E-8 2.1482423761611374E-7 
0.0010057974433946553 0.9999890310185636 0.9996018372006609 0.5148805215435179 0.7127402252185706 0.4038085577359901 0.9491921536237251 0.14010109910470225 0.7241620208256346 0.15253477704430932 0.42772112355481007 0.5586984407373919 
0.5111007843224007 0.9730910388774001 0.9549412518652496 3.3324771947239306E-9 8.689055411476158E-5 8.562744100188476E-8 5.041840905946431E-9 4.5351843768432295E-10 1.951879525756761E-8 2.9943921718387303E-9 7.400340587416915E-11 3.3813455448441346E-6 
0.999997062601477 0.014376347847862347 0.9752190028268297 3.5696849652197026E-9 3.4307960740099884E-6 9.401466551817131E-8 4.9434793633400705E-9 1.8398661981930587E-8 2.37047080039244E-8 3.0048155085111754E-9 2.813545255770193E-9 3.407045253607886E-6 
0.0734117413048508 0.9998514643735381 0.9693841950888582 0.13005564542590317 0.0010458434265131146 0.0368683734332602 0.07909681153710693 0.00807689503912124 2.471260507543458E-6 0.004733624105129985 2.3203589604806887E-4 0.10992462245094023 
0.9999969996375733 0.961751887723293 0.08504914699519284 7.05137807791454E-9 9.96960241029207E-7 4.4819606404174773E-7 2.4541994596049714E-9 1.170033826725691E-8 3.4089184820000864E-9 3.1957328723694277E-9 2.6797740048464946E-11 1.114239461742995E-6 
0.9999995742688671 0.9740776736998741 0.6316542020680443 4.706527311464055E-10 9.91660749486075E-7 1.850042629814542E-6 3.509489137841696E-8 1.1934629091619214E-8 1.9474528298580903E-8 3.2086038326755353E-9 7.400340587416915E-11 1.1127563397207144E-6 
0.0010057974433946553 0.9999890310185636 0.9996018372006609 0.5148805215435179 0.7127402252185706 0.4038085577359901 0.9491921536237251 0.14010109910470225 0.7241620208256346 0.15253477704430932 0.42772112355481007 0.5586984407373919 
0.999997062601477 0.9630071710858643 0.5920120579926174 5.46230583131422E-8 8.688258389261628E-5 8.566184322655024E-8 1.3849044374259835E-9 4.548846228112585E-10 1.193438367417405E-8 3.076895517378214E-9 7.400340587416915E-11 3.3252493222073947E-6 
0.999997062601477 0.9630071710858643 0.5920120579926174 5.46230583131422E-8 8.688258389261628E-5 8.566184322655024E-8 1.3849044374259835E-9 4.548846228112585E-10 1.193438367417405E-8 3.076519697120057E-9 7.400340587416915E-11 3.325303632401985E-6 
0.9999726089685279 1.804108909831889E-4 0.6177301766291431 3.969976043131504E-9 9.691309920650601E-7 2.3196240764685425E-9 6.875194402614833E-9 1.7181229194074311E-7 6.146500984198726E-8 8.185635162108041E-9 3.709958275914204E-8 2.3449074769801485E-7 
