2.124104202108623E-5 7.946207145247047E-5 0.510996057641287 6.69001623266721E-10 1.3629910077081198E-5 1.4129459929691544E-6 1.7192476745164336E-5 0.0015859119356067802 1.2786184338284962E-7 6.295128255626666E-6 2.460049054572955E-7 1.7752884012024628E-8 
0.02389415065522988 1.871049987462554E-5 0.0010129438738892462 5.861296827629484E-11 2.1378450717867453E-8 6.038241024412298E-7 9.749081599771065E-10 1.7685778112845686E-8 1.3394668804556048E-9 2.4089137096576174E-7 6.465652271965347E-9 3.0129883344860344E-10 
0.05577391447070844 4.271197103797592E-5 0.9950886984451289 1.0495211318964572E-11 8.301436090593995E-9 7.333350923106879E-7 5.25389380209276E-10 4.15832632097617E-8 2.755433107087566E-10 2.3535157544410297E-7 7.256978773789572E-9 1.9725996595152648E-10 
0.05577391447070844 4.271197103797592E-5 0.9950886984451289 1.0495211318964572E-11 1.5028878360521048E-8 7.333350923106879E-7 5.25389380209276E-10 4.15832632097617E-8 2.755433107087566E-10 2.3535157544410297E-7 7.256978773789572E-9 1.9725996595152648E-10 
0.153588261028326 1.9327696090331592E-5 0.011751225664182519 2.264171884494887E-9 2.187056640058942E-8 4.073185217164474E-7 7.789034026960332E-10 1.2034268876254796E-8 9.892747554814386E-10 2.408104404083291E-7 1.3389175694499989E-7 4.970797407713051E-8 
0.330564070734639 8.079274799980497E-5 0.9674215834226545 2.1756127952683587E-12 7.878290476836098E-9 2.7448623210614705E-7 1.1619274358407067E-10 1.9512474320932547E-6 1.3502370730175276E-10 1.1726619921781862E-8 4.907291802863222E-9 1.2196178665042573E-10 
0.4956058530315751 2.1109219612504976E-4 0.9576261527503857 1.9620847587956093E-11 3.3535446987060555E-8 2.4303903712382842E-8 5.196891743890285E-11 1.6423994755435878E-9 1.7321652687594694E-10 8.61012436773309E-9 8.289636800258494E-9 3.136221620426557E-9 
0.9892071666275564 8.973496472393402E-4 0.9576264413866494 1.8920859098752572E-11 1.2448522998652134E-8 2.280984827057383E-8 3.350746403349308E-11 1.5637162727581914E-8 1.6695464360175606E-10 2.3308260732241213E-7 8.4853270122163E-9 2.163941930919608E-11 
0.9998295235991632 9.641303662445136E-5 0.9914867785422521 5.9900400707366795E-12 1.8675526495804246E-8 2.72954706699572E-7 1.1526847392044926E-10 4.1343269492888384E-8 2.0507603364792285E-9 8.612647083358247E-9 4.530984194727686E-9 1.2994947208084543E-10 
6.071324144200304E-4 0.9999527112114831 7.76273874275586E-5 0.0642410109489629 0.4390389858128604 0.6269472574519909 0.9707571294896218 0.959946291394895 0.17314130982519915 0.13190716960078563 0.28720886919387956 0.02045711501149845 
0.02389415065522988 1.871049987462554E-5 0.0010129438738892462 5.861296827629484E-11 2.1378450717867453E-8 6.038241024412298E-7 9.749081599771065E-10 1.7685778112845686E-8 1.3394668804556048E-9 2.4089137096576174E-7 6.465652271965347E-9 3.0129883344860344E-10 
0.04983409243562296 1.9327696090331592E-5 0.007185373506419512 2.2442170555962696E-9 2.1378450717867453E-8 6.03620171257468E-7 1.4902590916513615E-11 1.9684319234971696E-8 2.941030739709355E-10 2.3547331990425518E-7 1.3389175694499989E-7 3.027756423435543E-10 
0.13522827915363703 2.0303097161908455E-5 0.8231261822438543 2.2629080095462286E-9 5.766477756258649E-8 3.6866913836395145E-7 1.0556556251775751E-11 4.113010792839127E-8 2.8000462603736823E-11 2.398484934747814E-7 2.483787709361167E-7 7.466942441018743E-9 
0.23286418432379724 1.5934020637371283E-4 0.0494813379739856 9.201867316719632E-11 1.7794063925271673E-7 3.9525160854924485E-6 3.467978152508694E-11 1.0086005520472385E-8 2.3949163176873923E-7 2.9333163064464287E-8 5.175085291054638E-9 4.255178054927042E-8 
0.4189424076962738 1.2928981403166465E-5 0.9673298290351896 1.6895326447920616E-11 1.8904869613831662E-8 2.6939675903804947E-8 1.1674584899767856E-10 3.513040531157351E-8 5.248215958349007E-11 2.3306650069712844E-7 4.887264050170871E-9 1.242591148891709E-10 
0.9892071666275564 8.973496472393402E-4 0.9576264413866494 1.8920859098752572E-11 1.2448522998652134E-8 2.280984827057383E-8 3.350746403349308E-11 1.5637162727581914E-8 1.6695464360175606E-10 2.3308260732241213E-7 8.4853270122163E-9 2.163941930919608E-11 
0.9998857035119554 0.0045828108230147255 0.960714745888691 6.322303405536983E-12 1.2371197129832084E-8 2.729993871351358E-7 3.46702109967406E-11 6.662593522173944E-8 1.417878346105417E-10 8.61012436773309E-9 4.5188684463336916E-9 4.641140758775429E-10 
5.991737400691435E-4 0.9997443071939606 7.76273874275586E-5 0.06423047464631815 0.43897247075535845 0.7012587723930933 0.23338898295311675 0.9054464958057562 0.6640680688094398 0.13198222964026662 0.2864177560045903 0.028193269478267346 
0.05209364182205886 0.13553601861597897 5.378308496740238E-4 1.690056954075921E-10 1.975183532515666E-7 1.3577928515154422E-7 2.1891786222792773E-8 6.869708422670598E-7 2.6921571761171375E-9 5.190361794001995E-7 1.3362914778994646E-8 0.06726486346101807 
0.055782708682711395 4.286017550347281E-5 0.007185373506419512 7.749602883567121E-11 1.4858026636635477E-8 6.03620171257468E-7 1.4902590916513615E-11 1.9684319234971696E-8 2.941030739709355E-10 2.3535129451273012E-7 1.3389175694499989E-7 3.0301660259463315E-10 
0.153588261028326 1.9327696090331592E-5 0.011751225664182519 2.264171884494887E-9 2.187056640058942E-8 4.073185217164474E-7 7.789034026960332E-10 1.2034268876254796E-8 9.892747554814386E-10 2.408104404083291E-7 1.3389175694499989E-7 4.970797407713051E-8 
0.3327679085256157 7.94765100528322E-5 0.011751225664182519 7.63072877123299E-11 2.187056640058942E-8 4.073185217164474E-7 7.869638379197707E-10 1.9041392327952044E-6 7.909424360558034E-10 2.362565148696891E-7 1.106904703551857E-8 4.732251845105155E-8 
0.636278408471952 8.973496472393402E-4 0.9576135290929838 1.8920859098752572E-11 1.5604898347281345E-8 2.3841768486517502E-8 1.1674622622125635E-10 1.485906128659026E-8 1.7272676859430229E-10 2.3308260732241213E-7 8.4853270122163E-9 2.834317160586984E-11 
0.9998295235991632 9.641303662445136E-5 0.9914867785422521 5.9900400707366795E-12 1.8675526495804246E-8 2.72954706699572E-7 1.1526847392044926E-10 4.1343269492888384E-8 2.0507603364792285E-9 8.612647083358247E-9 4.530984194727686E-9 1.2994947208084543E-10 
5.991737400691435E-4 0.9997443071939606 7.76273874275586E-5 0.06423047464631815 0.43897247075535845 0.7012587723930933 0.23338898295311675 0.9054464958057562 0.6640680688094398 0.13198222964026662 0.2864177560045903 0.028193269478267346 
0.09654596454398096 0.4849333681763644 0.005438251863025814 2.149261315336555E-8 2.0982376590515838E-8 3.998699204738309E-7 2.8907941820515635E-9 3.3515515148080304E-7 2.848832430201206E-10 1.945786382489406E-7 1.306681222544357E-7 1.23047196713824E-10 
0.153588261028326 0.09997087655088452 0.011751225664182519 2.264171884494887E-9 2.227431865169302E-8 3.9852283473246656E-7 7.789034026960332E-10 6.442103209976009E-9 9.892747554814386E-10 2.4844341884285335E-7 1.3366467583983546E-7 4.970797407713051E-8 
0.23792765138594746 4.531573303565229E-5 0.01442312224424437 2.2113732805510365E-10 2.0331187850758882E-8 2.1849623634767514E-6 1.7496289971650006E-10 2.0181030012071355E-6 2.808490073541968E-10 2.408620290199282E-7 1.9729144932646495E-8 1.376938594190201E-7 
0.6042729331959353 0.0016116275717973638 0.033146187573633995 2.528342391254019E-10 1.1716128259657138E-9 3.3247044641409137E-7 9.899310933840165E-11 1.8516478251860747E-7 2.838229599468277E-10 2.940272005897142E-9 3.9089398944834437E-8 1.1199660187934557E-10 
0.9999744599043829 0.07504422721810872 0.9573826770815216 8.541427612888612E-12 3.391881009734185E-8 5.8433031650765684E-8 5.720251015157272E-11 1.8647433969058733E-7 2.612091117791772E-9 4.927006952029203E-9 8.5456972037771E-9 3.240900319417214E-11 
1.1398862134633266E-4 0.999846313390977 8.341963603166987E-5 0.16208374228987513 0.424636807848449 0.6541516167553931 0.33590362581750133 0.9145549800021024 0.6767346727907207 0.1857556419277488 0.5075714510898198 0.06231820672123162 
0.05215014769566819 0.5905883945145396 0.01181088290361161 2.294223689764936E-9 2.187282570664676E-8 1.5020970443832833E-7 7.969110921236233E-10 3.4035161251195457E-7 9.892747554814386E-10 2.408104404083291E-7 1.3389175694499989E-7 4.924339486981255E-8 
0.272924660755813 0.12668174362947915 4.091308074815884E-4 1.645812361979878E-10 2.546774987759025E-7 1.35619322382917E-7 2.1823126772796892E-8 2.1249476748683025E-6 7.747416106182618E-11 3.390567493725764E-7 3.5347918842789604E-7 6.275737939043427E-8 
0.6042729331959353 0.0016116275717973638 0.033146187573633995 2.528342391254019E-10 1.1716128259657138E-9 3.3247044641409137E-7 9.899310933840165E-11 1.8516478251860747E-7 2.838229599468277E-10 2.940272005897142E-9 3.9089398944834437E-8 1.1199660187934557E-10 
0.9999747188218177 0.0036006060470230583 0.07158132319655663 4.551423336680216E-12 3.800976901121141E-8 3.311923341671205E-7 5.2154964361583514E-11 1.7643524591880657E-7 1.860423861596888E-11 2.3722779093365294E-7 8.627888404573058E-10 2.764979792892397E-10 
0.001969129993004353 0.9997516516946561 4.493006293273779E-5 0.16208374228987513 0.42785861377870243 0.6541516167553931 0.2056519855766928 0.9145549800021024 0.6767346727907207 0.18694897603962482 0.5455616884591191 0.06231820672123162 
0.2644090044349924 0.9076059358668341 0.014419229034545011 1.0909987918020522E-10 3.484403307244669E-8 4.36683227279194E-7 4.2794313138954474E-8 1.656163936945052E-8 1.788398102800426E-8 4.737623586590762E-7 7.738154354807016E-8 1.0869988808878666E-8 
0.5896626239304172 0.4696950193990953 0.033146187573633995 2.528347766105209E-10 9.054095245970397E-10 3.3217549594396816E-7 9.863742188666163E-11 2.0397277395054204E-6 1.6190380868007203E-10 1.7069940134830986E-7 3.9087985312266886E-8 7.597757081214165E-13 
0.9998857035119554 2.1109219612504976E-4 0.9576261527503857 1.1189153329289317E-12 3.3535446987060555E-8 3.0917951777769956E-7 5.196891743890285E-11 1.276643252514644E-8 1.7272984851913E-10 8.61012436773309E-9 4.0526224686650555E-8 4.639016718542116E-10 
0.001969129993004353 0.9997516516946561 4.493006293273779E-5 0.16208374228987513 0.42785861377870243 0.6541516167553931 0.2056519855766928 0.9145549800021024 0.6767346727907207 0.18694897603962482 0.5455616884591191 0.06231820672123162 
0.48383081933699257 0.9518338500481274 0.07158132319655663 5.459375096346774E-12 7.3074207005026816E-9 3.085255461882474E-7 3.987377133845126E-10 8.421998723921751E-9 2.016259847562564E-10 1.7163608330672757E-9 3.93134239296038E-8 2.985267434561674E-8 
0.9999744599043829 0.07504422721810872 0.9296387086607083 1.7362426391936658E-12 3.3908192089066444E-8 3.1211081420868075E-7 5.204523228911681E-11 1.8647433969058733E-7 1.4342221604330424E-10 4.927006952029203E-9 2.3234905972753477E-9 4.791189976876443E-10 
1.1398862134633266E-4 0.999846313390977 8.341963603166987E-5 0.16208374228987513 0.424636807848449 0.6541516167553931 0.33590362581750133 0.9145549800021024 0.6767346727907207 0.1857556419277488 0.5075714510898198 0.06231820672123162 
0.9999747188218177 0.0036006060470230583 0.07158132319655663 4.551423336680216E-12 3.800976901121141E-8 3.311923341671205E-7 5.2154964361583514E-11 1.7643524591880657E-7 1.860423861596888E-11 2.3722779093365294E-7 8.627888404573058E-10 2.764979792892397E-10 
0.9999747188218177 0.0036006060470230583 0.07158132319655663 2.371037390131346E-10 3.8351214570327975E-8 3.309593597794405E-7 4.998793818134626E-11 1.7643524591880657E-7 5.727275764371051E-11 6.5223776325713666E-9 9.255367730133606E-10 2.6842487712258577E-10 
6.072025833568657E-4 0.9996285379641893 0.9992257872680687 0.044569069067938824 0.4419823977262846 0.6443929847191752 0.9984391691545365 0.981162038517245 0.763100212289335 0.2183476385561165 0.42410250390856785 0.12327878083496893 
0.012312696999203412 4.280801068811337E-5 0.9963890491836116 2.057058740793114E-8 1.3547825613898667E-6 8.34649192322217E-6 1.5430500880001816E-6 2.2632420571719545E-4 4.063820828032342E-11 5.409228764752623E-7 6.167413816661336E-7 8.808336302467614E-9 
0.05577391447070844 4.271197103797592E-5 0.9950886984451289 1.0495211318964572E-11 8.301436090593995E-9 7.333350923106879E-7 5.25389380209276E-10 4.15832632097617E-8 2.755433107087566E-10 2.3535157544410297E-7 7.256978773789572E-9 1.9725996595152648E-10 
0.13522827915363703 2.0303097161908455E-5 0.8231261822438543 2.2629080095462286E-9 5.766477756258649E-8 3.6866913836395145E-7 1.0556556251775751E-11 4.113010792839127E-8 2.8000462603736823E-11 2.398484934747814E-7 2.483787709361167E-7 7.466942441018743E-9 
0.22890401506223396 7.089244437340621E-6 0.4995129560027415 2.4095456077491434E-9 3.102793581440471E-6 3.9211308355286046E-7 3.547251949474868E-9 4.9622377828768055E-8 2.2375012945851613E-10 1.4861081176861938E-7 2.388867384300385E-8 4.968503670727456E-8 
0.4189424076962738 1.2928981403166465E-5 0.9673298290351896 1.6895326447920616E-11 1.8904869613831662E-8 2.6939675903804947E-8 1.1674584899767856E-10 3.513040531157351E-8 5.248215958349007E-11 2.3306650069712844E-7 4.887264050170871E-9 1.242591148891709E-10 
0.9857952772389968 8.079274799980497E-5 0.9674010291773558 5.9905387636919646E-12 1.8154598269560778E-8 2.7448623210614705E-7 1.1619274358407067E-10 2.5325693728409288E-8 1.3503835184266765E-10 1.1726619921781862E-8 4.907291802863222E-9 1.2911976032627408E-10 
0.9998857035119554 0.0045828108230147255 0.960714745888691 6.322303405536983E-12 1.2371197129832084E-8 2.729993871351358E-7 3.46702109967406E-11 6.662593522173944E-8 1.417878346105417E-10 8.61012436773309E-9 4.5188684463336916E-9 4.641140758775429E-10 
7.908090057032061E-5 0.9999214253727176 0.4990199751092413 6.12239127850062E-10 1.451622349999452E-7 1.1270137267952503E-5 1.2445622792122822E-8 1.120624020923733E-4 7.875452734194958E-9 0.06384484861870567 0.1585511406106719 2.554548125772507E-4 
0.04972970724474976 0.312871882192747 0.528837217156924 2.9530883588296874E-11 2.1329689664710366E-8 5.792123925104567E-7 5.742007433207111E-11 1.9675901969794543E-6 1.379182373089638E-9 2.409392599853584E-7 1.3334493177265786E-7 2.2740797900264187E-8 
0.049164889600245724 0.0028685486209105732 0.528837217156924 5.782026775516826E-10 1.7835531863073925E-7 7.407344465231957E-7 5.742007433207111E-11 2.757685932593931E-8 2.6138224231963843E-10 2.363233906883371E-7 4.049929433518394E-8 4.556066328946098E-9 
0.153588261028326 1.9327696090331592E-5 0.011751225664182519 2.264171884494887E-9 2.187056640058942E-8 4.073185217164474E-7 7.789034026960332E-10 1.2034268876254796E-8 9.892747554814386E-10 2.408104404083291E-7 1.3389175694499989E-7 4.970797407713051E-8 
0.330564070734639 8.079274799980497E-5 0.9674215834226545 2.1756127952683587E-12 7.878290476836098E-9 2.7448623210614705E-7 1.1619274358407067E-10 1.9512474320932547E-6 1.3502370730175276E-10 1.1726619921781862E-8 4.907291802863222E-9 1.2196178665042573E-10 
0.637768894629607 9.249114858283086E-4 0.957314547223305 8.538135374969024E-12 1.5604898347281345E-8 2.06673194274009E-6 5.538107502727827E-11 1.478495493536958E-7 2.047472320046182E-9 7.832940141698933E-9 4.90597404980284E-9 3.646055096532791E-11 
0.9998071159256319 0.07675644372509881 0.9044042318580244 8.603870056784275E-12 2.2467890078269363E-8 5.947228865558032E-8 5.4416204839097665E-11 1.2654257722267985E-7 2.216501167805602E-10 4.136539678456637E-9 8.852478983368147E-9 2.922760358843376E-10 
4.307936521969272E-5 0.9999626624146452 0.21752195775984057 1.0021280687855992E-8 1.2185043326282938E-5 1.6080947557388681E-6 7.752195154670694E-8 0.0019821440157311828 4.521777552038712E-6 1.212609826802721E-4 1.590112953269318E-5 4.223307192789951E-8 
0.09654596454398096 0.4849333681763644 0.005438251863025814 2.149261315336555E-8 2.0982376590515838E-8 3.998699204738309E-7 2.8907941820515635E-9 3.3515515148080304E-7 2.848832430201206E-10 1.945786382489406E-7 1.306681222544357E-7 1.23047196713824E-10 
0.055782708682711395 4.286017550347281E-5 0.007185373506419512 7.749602883567121E-11 1.4858026636635477E-8 6.03620171257468E-7 1.4902590916513615E-11 1.9684319234971696E-8 2.941030739709355E-10 2.3535129451273012E-7 1.3389175694499989E-7 3.0301660259463315E-10 
0.23286418432379724 1.5934020637371283E-4 0.0494813379739856 9.201867316719632E-11 1.7794063925271673E-7 3.9525160854924485E-6 3.467978152508694E-11 1.0086005520472385E-8 2.3949163176873923E-7 2.9333163064464287E-8 5.175085291054638E-9 4.255178054927042E-8 
0.6042729331959353 0.0016116275717973638 0.033146187573633995 2.47146953990691E-10 7.363184744716618E-9 2.755168306902791E-7 1.1757186893621954E-10 1.8516478251860747E-7 2.7821744554149144E-10 2.0546394720544807E-9 3.9089398944834437E-8 1.1199660187934557E-10 
0.9999744599043829 0.07504422721810872 0.9591724290967584 8.541427612888612E-12 3.391881009734185E-8 5.8433031650765684E-8 5.720251015157272E-11 1.4943136866667226E-7 4.258159466255275E-11 4.927006952029203E-9 8.298349418445014E-9 3.240900319417214E-11 
0.002010594565493484 0.9997496353390493 0.16221084023293644 0.06501213119949635 0.0173817704018827 0.6584968878565116 0.20793848707211507 0.053135300207808434 0.6808410058972234 0.13803072694149393 0.22279514023626762 1.7169850882806093E-5 
0.153588261028326 0.4856682424225705 0.011751225664182519 2.1557500997348896E-9 2.227431865169302E-8 3.9852283473246656E-7 7.561652499344437E-10 6.442103209976009E-9 9.57620083130821E-10 1.9457720855898634E-7 1.3367710745342857E-7 3.173930642895079E-10 
0.23286418432379724 0.09979105849427033 0.022062979644555863 2.7153408005126097E-12 1.845366993948175E-7 1.7216237956281975E-7 3.467978152508694E-11 6.4736896576612146E-9 3.297586706712769E-10 2.9333163064464287E-8 1.0903097511745538E-8 4.255178054927042E-8 
0.46598517470611855 9.249339464687622E-4 0.0015152453318644232 8.90462280037248E-12 4.335676784660838E-6 1.4779043736282516E-7 1.5406119274644564E-8 1.796268740808732E-7 6.531718115259046E-11 2.3279108246109738E-7 5.341310722948053E-9 1.0764073952991165E-9 
0.9999744599043829 0.07504422721810872 0.9591724290967584 8.541427612888612E-12 3.391881009734185E-8 5.8433031650765684E-8 5.720251015157272E-11 1.4943136866667226E-7 4.258159466255275E-11 4.927006952029203E-9 8.298349418445014E-9 3.240900319417214E-11 
0.01154839656172682 0.9999252283332043 0.014517581571782151 1.7487489314788358E-7 1.9377177949957227E-9 5.887140774833637E-7 4.983727740787278E-7 0.004910113206979365 1.309002131615807E-7 1.4690187831654239E-5 6.241723581331733E-5 4.021862675257381E-7 
0.21185341952328746 0.5386496613681627 4.109181915540946E-4 4.428394945875115E-10 6.44620573431677E-9 2.7540059032224523E-7 8.127110629763086E-9 6.858015815586536E-7 1.290544500265842E-7 5.965722191805479E-7 3.8479363025769017E-7 2.3132396367448956E-9 
0.6042729331959353 0.0016116275717973638 0.033066647043659886 2.47146953990691E-10 7.363184744716618E-9 2.755168306902791E-7 1.1757186893621954E-10 1.8516478251860747E-7 2.629943183231863E-9 2.0546394720544807E-9 3.9089398944834437E-8 1.1199660187934557E-10 
0.9999747188218177 0.0036006060470230583 0.07158132319655663 4.551423336680216E-12 3.800976901121141E-8 3.311923341671205E-7 5.2154964361583514E-11 1.7643524591880657E-7 1.860423861596888E-11 2.3722779093365294E-7 8.627888404573058E-10 2.764979792892397E-10 
0.0032399259815957815 0.9999626624146452 6.4560337589252E-4 1.0000211430406168E-8 1.2215351282616228E-5 1.6080947557388681E-6 1.5318662365211062E-4 0.0019855282712494884 4.4966206758682494E-6 1.216519883874368E-4 1.0433362305672276E-4 1.1128546797388376E-7 
0.48383081933699257 0.9999229059955945 0.07158132319655663 5.450163898405984E-12 3.335294785946478E-8 3.1206799903116426E-7 4.502851434929142E-11 9.413923251333607E-9 2.016259847562564E-10 4.870863433611179E-9 3.9287448504353636E-8 2.7869948913658022E-8 
0.9999744599043829 0.07504422721810872 0.9296387086607083 1.7362426391936658E-12 3.3908192089066444E-8 3.1211081420868075E-7 5.204523228911681E-11 1.8647433969058733E-7 1.4342221604330424E-10 4.927006952029203E-9 2.3234905972753477E-9 4.791189976876443E-10 
0.05540461428352773 0.9999926480459395 0.0014815871813310259 2.954421701857067E-4 3.532652155088866E-7 2.301694200219987E-6 1.0711412740106415E-6 0.06409219092169569 0.23423552512291984 1.5042278350553377E-5 9.618993360565025E-5 2.1140271071147846E-6 
0.9999744599043829 0.09135300588575551 0.05516282888389795 1.7362426391936658E-12 3.334841363640457E-8 3.1210981681482455E-7 5.204523228911681E-11 1.8776196120662787E-7 1.4342221604330424E-10 4.927006952029203E-9 2.3234905972753477E-9 6.936843275073616E-10 
0.9999744599043829 0.09135300588575551 0.05516282888389795 1.7362426391936658E-12 3.334841363640457E-8 3.1210981681482455E-7 5.204523228911681E-11 1.8776196120662787E-7 1.4342221604330424E-10 4.927006952029203E-9 2.3234905972753477E-9 6.936843275073616E-10 
6.072025833568657E-4 0.9996285379641893 0.9992257872680687 0.044569069067938824 0.4419823977262846 0.6443929847191752 0.9984391691545365 0.981162038517245 0.763100212289335 0.2183476385561165 0.42410250390856785 0.12327878083496893 
0.0553330888615 0.2724188785032797 0.9932601488133329 3.3584810442689305E-11 2.1329689664710366E-8 5.792123925104567E-7 5.702206890060763E-11 6.798476931736207E-7 1.379182373089638E-9 1.6331680274572394E-7 1.9868085396862723E-8 2.2740797900264187E-8 
0.06019006977488092 4.271197103797592E-5 0.9950886984451289 1.0131139635055065E-11 1.5028878360521048E-8 7.333350923106879E-7 5.262563656028247E-10 4.15832632097617E-8 2.763299233465684E-10 2.3502899273072188E-7 7.256978773789572E-9 1.9725996595152648E-10 
0.13512579497436283 2.0303097161908455E-5 0.8231261822438543 2.2629080095462286E-9 5.766477756258649E-8 2.145853105204405E-6 1.4181930450965389E-11 4.113010792839127E-8 2.480379744893361E-11 9.146368145917093E-7 2.486680312806896E-7 7.466942441018743E-9 
0.330564070734639 8.079274799980497E-5 0.9674215834226545 2.336466330944932E-11 1.821578389367042E-8 2.7448623210614705E-7 1.1619274358407067E-10 1.9512474320932547E-6 1.3502370730175276E-10 1.1726619921781862E-8 4.907291802863222E-9 1.2196178665042573E-10 
0.6416479814398323 0.0017270263690947196 0.9630575842389447 7.404349932470072E-12 2.1074775334176097E-8 4.269256826015258E-8 6.805871242623556E-10 1.5506465646004334E-8 2.8740688054558145E-10 7.393154548806301E-8 2.0063534190935997E-8 2.5729864258348453E-10 
0.9998071159256319 0.07675644372509881 0.9044042318580244 8.603870056784275E-12 2.2467890078269363E-8 5.947228865558032E-8 5.4416204839097665E-11 1.2654257722267985E-7 2.216501167805602E-10 4.136539678456637E-9 8.852478983368147E-9 2.922760358843376E-10 
0.003314606670765132 0.9998562674632786 0.7466804188380041 0.045141558680500814 7.669441963505077E-4 0.029338938172876014 3.123685786840975E-5 0.05387235165327332 6.51190869931941E-4 1.324137077771405E-5 0.0166262857279489 1.4990886992323466E-4 
0.04414090907091556 0.47394086284423576 0.9330038750340525 6.027950456480056E-12 8.12163497468713E-8 3.104158620589977E-7 3.1081499819797234E-9 3.7534897969155546E-8 2.6501502441575907E-9 4.265300142746675E-8 1.3660311270196083E-7 6.158928493830919E-12 
0.12448228610886769 0.10450437905025634 0.9576260030912308 4.728845328455939E-10 1.579762001355774E-8 3.400728710187752E-7 6.504764220044215E-11 1.7491003065388537E-7 3.032093528024317E-10 2.349405235820434E-7 8.4853270122163E-9 1.684563397911393E-9 
0.27491606739056207 7.735256904913927E-5 0.996410969538476 6.971757242240009E-10 1.8455298254380027E-7 1.1703955594674706E-6 5.293375827020133E-10 4.927006895300348E-7 2.78419729752476E-10 1.4949857433748783E-7 1.4252125396543945E-8 2.1487833803353162E-11 
0.6050388634488715 0.001387454914764559 0.4960570674992575 6.0437536478636636E-12 3.391881009734185E-8 3.1389673997049795E-7 1.1756447942547132E-10 1.8647433969058733E-7 2.642054461604868E-9 4.927006952029203E-9 2.3234905972753477E-9 4.782234601065517E-10 
0.9998295235991632 8.079274799980497E-5 0.9914867785422521 5.9900400707366795E-12 1.828356792048749E-8 2.7559316421061573E-7 1.1502847062402598E-10 4.1343269492888384E-8 2.0644708413146307E-9 9.345544431239637E-9 4.895191246698333E-9 1.2994947208084543E-10 
0.02006925944502444 0.9999252283332043 0.4990199751092413 1.7487489314788358E-7 2.657161500687022E-7 1.3285000608446933E-6 5.032809990722419E-7 0.004910113206979365 2.60221855782036E-7 2.630156912775829E-6 6.242588624673022E-5 4.021862675257381E-7 
0.04414090907091556 0.8499738975394546 0.9957687818815045 1.0253074573186454E-11 6.682354425031784E-8 5.409841052830314E-7 1.9079583523632084E-8 4.267343068767675E-8 2.839567953139192E-9 6.985772055419934E-8 7.354017557368031E-9 2.2042997364786146E-11 
0.4842472244268142 0.9993629582283193 0.034267414607669786 3.541429286228932E-13 7.367023240786168E-9 2.752637379351273E-7 1.1732498158426632E-10 7.967291634486233E-9 1.3348052506922116E-10 1.7163608330672757E-9 3.93134239296038E-8 4.573908488509039E-11 
0.6050388634488715 0.0016103961742960815 0.4960570674992575 6.0437536478636636E-12 3.43315755782143E-8 3.323801281726801E-7 1.1704213716912344E-10 6.886127668045446E-8 2.642054461604868E-9 4.9377835896134775E-9 3.932255646773868E-8 1.1566261817724295E-10 
0.9999744599043829 0.07504422721810872 0.9337674227197154 1.826016377312694E-12 3.391881009734185E-8 3.1211081420868075E-7 5.204523228911681E-11 1.8647433969058733E-7 1.4342221604330424E-10 4.927006952029203E-9 2.3234905972753477E-9 4.791189976876443E-10 
0.032201453734167496 0.999962662757579 0.35191357014851204 0.06501213119949635 1.1156977200770348E-4 0.666086334298555 0.003047637757826599 0.014620317862885954 0.007425251887436202 0.006089378100264921 0.005985663945646896 7.498942266528225E-5 
0.25733252801730655 0.9500479111855296 0.014419229034545011 1.6866322044529116E-10 4.0640051661890575E-8 4.315253026856614E-7 1.1225158797371288E-8 4.697613562735862E-7 2.791763558592082E-10 9.595075589087873E-8 1.3202140397165147E-7 4.818921910355461E-10 
0.6042729331959353 0.4696950193990953 0.033146187573633995 2.47146953990691E-10 7.363184744716618E-9 2.755168306902791E-7 1.1681400002375618E-10 1.0002100236254688E-7 2.7821744554149144E-10 1.7085441127326568E-7 3.9089398944834437E-8 1.2403322444946108E-10 
0.9998295235991632 8.079274799980497E-5 0.9914867785422521 5.9900400707366795E-12 1.828356792048749E-8 2.7559316421061573E-7 1.1502847062402598E-10 4.1343269492888384E-8 2.0644708413146307E-9 9.345544431239637E-9 4.895191246698333E-9 1.2994947208084543E-10 
4.307936521969272E-5 0.9999626624146452 0.21752195775984057 1.0021280687855992E-8 1.2185043326282938E-5 1.6080947557388681E-6 7.752195154670694E-8 0.0019821440157311828 4.521777552038712E-6 1.212609826802721E-4 1.590112953269318E-5 4.223307192789951E-8 
0.4842472244268142 0.9993629582283193 0.034267414607669786 3.541429286228932E-13 7.367023240786168E-9 2.752637379351273E-7 1.1732498158426632E-10 7.967291634486233E-9 1.3348052506922116E-10 1.7163608330672757E-9 3.93134239296038E-8 4.573908488509039E-11 
0.9999747188218177 0.0036006060470230583 0.07158132319655663 4.551423336680216E-12 3.800976901121141E-8 3.311923341671205E-7 5.2154964361583514E-11 1.7643524591880657E-7 1.860423861596888E-11 2.3722779093365294E-7 8.627888404573058E-10 2.764979792892397E-10 
0.00731958762292681 0.99992337034045 0.07158132319655663 5.450163898405984E-12 3.335294785946478E-8 3.259052604197969E-7 7.699814611875661E-8 9.413923251333607E-9 6.821461620785608E-8 8.367023035780623E-7 4.834096920183784E-7 4.21492292910285E-8 
0.9999747188218177 0.0036006060470230583 0.07158132319655663 4.551423336680216E-12 3.800976901121141E-8 3.311923341671205E-7 5.2154964361583514E-11 1.7643524591880657E-7 1.860423861596888E-11 2.3722779093365294E-7 8.627888404573058E-10 2.764979792892397E-10 
0.9999747188218177 0.0036006060470230583 0.07158132319655663 2.371037390131346E-10 3.8351214570327975E-8 3.309593597794405E-7 4.998793818134626E-11 1.7643524591880657E-7 5.727275764371051E-11 6.5223776325713666E-9 9.255367730133606E-10 2.6842487712258577E-10 
0.001762243640457187 0.9996242038962042 0.9998356342560896 0.044919301019667006 0.3631187574812186 0.7859959529588587 0.20793848707211507 0.9641351476237097 0.7482555277071287 0.21810564812612085 0.27567797175801567 0.12239828059816621 
0.04414090907091556 0.47394086284423576 0.9957614246506229 1.901982663380801E-11 8.185584655212282E-8 5.388718872696958E-7 1.8827096967337955E-8 3.739159360110027E-8 2.758348410755947E-9 4.7673274133584316E-8 1.3048716392467085E-7 3.0268420674288356E-11 
0.1304918987996429 2.756738633697964E-4 0.9970193113151384 1.6490197538243773E-10 1.0583771395878795E-7 2.1156602068450214E-6 1.0624995715248933E-9 2.1655511724569154E-8 6.275192409682826E-10 9.568792226370328E-7 5.629385691425497E-8 2.1240264700326705E-10 
0.26706686403355107 7.735256904913927E-5 0.996410969538476 6.971757242240009E-10 1.8125503686783323E-7 1.1703955594674706E-6 5.281133886410312E-10 4.984406024973751E-7 2.78419729752476E-10 1.4889454238184207E-7 1.4252125396543945E-8 4.769789606966805E-10 
0.569916332678222 7.026920609776663E-5 0.9992797810471482 1.956953828567373E-11 2.1074775334176097E-8 1.1703396763946633E-6 3.9591468545902404E-12 1.495380161616522E-8 2.8740688054558145E-10 7.704256954468603E-8 2.0063534190935997E-8 2.5729864258348453E-10 
0.9998857035119554 2.1109219612504976E-4 0.9576261527503857 1.1189153329289317E-12 3.3535446987060555E-8 3.0917951777769956E-7 5.196891743890285E-11 1.276643252514644E-8 1.7272984851913E-10 8.61012436773309E-9 4.0526224686650555E-8 4.639016718542116E-10 
0.013291268203576317 0.9999252283332043 0.9278528665853412 1.7487489314788358E-7 2.657161500687022E-7 1.3285000608446933E-6 5.032809990722419E-7 0.004910113206979365 3.373982626948908E-9 2.630156912775829E-6 6.242588624673022E-5 4.021862675257381E-7 
0.04414090907091556 0.47394086284423576 0.9957614246506229 1.901982663380801E-11 8.185584655212282E-8 5.388718872696958E-7 1.8827096967337955E-8 3.739159360110027E-8 2.758348410755947E-9 4.7673274133584316E-8 1.3048716392467085E-7 3.0268420674288356E-11 
0.2671658497100313 0.10082634033513908 0.996026153416548 3.5289310851905265E-13 3.3535446987060555E-8 3.0917951777769956E-7 5.196891743890285E-11 1.292932290246204E-7 3.40707603815559E-10 5.764436833412882E-9 4.0526224686650555E-8 1.6271352192299487E-9 
0.4724394884966397 7.735256904913927E-5 0.9964111736087208 6.971757242240009E-10 1.8455298254380027E-7 1.1703955594674706E-6 5.293375827020133E-10 4.930272765717977E-7 2.78419729752476E-10 1.4949857433748783E-7 1.4251687417170362E-8 2.1487833803353162E-11 
0.9999744599043829 0.07504422721810872 0.9576059967348158 6.0437536478636636E-12 3.391881009734185E-8 3.1211081420868075E-7 4.859720638487651E-11 1.8647433969058733E-7 2.642054461604868E-9 4.927006952029203E-9 2.3234905972753477E-9 4.782234601065517E-10 
0.03314807135008717 0.9999810736306922 0.6490435823979264 6.491636069520222E-5 0.0013024661306690784 0.03138618479865587 9.317155072618036E-5 0.013806515198836371 0.2495341641296968 0.005680800576599272 0.009006487272060739 0.014749886199550973 
0.2625156927403166 0.8533780686216466 0.9659850698967296 6.6045966686456115E-12 6.437853910267746E-8 2.7655103735319694E-7 6.541532395386494E-11 1.237904744209526E-7 6.490295280826179E-9 7.048024588225326E-8 3.9097149266717004E-8 2.6906765300992704E-10 
0.6328485717982344 0.5997317269388291 0.9630575842389447 3.333208590135122E-12 2.1074775334176097E-8 5.53750472918979E-7 6.805871242623556E-10 3.721147901559559E-8 1.1442314210103827E-10 2.100450891998002E-6 2.0063534190935997E-8 2.5729864258348453E-10 
0.9998120622234195 0.07519211750903884 0.9554915905469795 6.13828881153272E-12 1.8154598269560778E-8 3.118299160357864E-7 1.1620842733608864E-10 1.8846348812630128E-7 1.3503835184266765E-10 4.775572222756283E-9 2.3191653665671833E-9 1.2911976032627408E-10 
0.022264989663198675 0.9999252283332043 0.4990199751092413 1.7487489314788358E-7 3.800661143387607E-8 1.3269121576718368E-6 3.438750477589952E-9 1.1772094468784312E-4 2.60221855782036E-7 2.57229834062146E-6 2.0955760444632074E-6 4.021862675257381E-7 
0.48016276075930264 0.9960612699386384 0.8173693956483944 1.2908551163200294E-8 7.3074207005026816E-9 2.047306642999889E-6 4.6050443778921386E-11 7.967291634486233E-9 2.0603139576009944E-10 1.7163608330672757E-9 3.93134239296038E-8 1.6895182416279036E-9 
0.9998120622234195 0.07519211750903884 0.9554915905469795 6.13828881153272E-12 1.8154598269560778E-8 3.118299160357864E-7 1.1620842733608864E-10 1.8846348812630128E-7 1.3503835184266765E-10 4.775572222756283E-9 2.3191653665671833E-9 1.2911976032627408E-10 
0.48383081933699257 0.9960612699386384 0.07158132319655663 6.0356780458965166E-12 7.3074207005026816E-9 3.085255461882474E-7 4.6050443778921386E-11 7.967291634486233E-9 2.0603139576009944E-10 1.7163608330672757E-9 3.93134239296038E-8 2.711104214257813E-9 
0.9999751952877086 0.8837799614171183 0.9819905885297299 6.373599918442532E-12 1.0639402604734776E-8 4.16844362466672E-7 3.811251627352486E-11 7.73882187061157E-8 2.8529607283340857E-9 4.753076437301867E-8 1.2381830166123994E-8 2.922531584916348E-10 
0.9998857035119554 2.1109219612504976E-4 0.9576261527503857 1.1189153329289317E-12 3.3535446987060555E-8 3.0917951777769956E-7 5.196891743890285E-11 1.276643252514644E-8 1.7272984851913E-10 8.61012436773309E-9 4.0526224686650555E-8 4.639016718542116E-10 
6.151987038445156E-4 0.9996285379641893 0.9999068442740071 0.05314066086990294 0.4419823977262846 0.7708726800919078 0.9984391691545365 0.9826009050391042 0.7608236121866686 0.21861926693434952 0.42410250390856785 0.12269568783196143 
0.09272694141877295 0.5986351969391464 0.9964123750704338 9.38721249744131E-10 3.0674003568056766E-6 5.388718872696958E-7 1.8827096967337955E-8 3.739159360110027E-8 2.6745335123481556E-9 2.087327874712915E-6 1.583971355457116E-7 1.6307734463629E-9 
0.2993327333293374 0.22391720090904907 0.9997283210684387 2.099026570267703E-10 1.262460135932369E-7 2.894710925891942E-7 2.047908166286149E-10 1.6464607804604465E-7 2.4168706752716254E-9 4.807276356481817E-7 6.615900388754972E-9 1.0628057228437178E-9 
0.569916332678222 7.026920609776663E-5 0.9992797810471482 1.956953828567373E-11 2.1074775334176097E-8 1.1703396763946633E-6 3.9591468545902404E-12 1.495380161616522E-8 2.8740688054558145E-10 7.704256954468603E-8 2.0063534190935997E-8 2.5729864258348453E-10 
0.9999751952877086 0.04870945957792411 0.9595551552164251 6.373599918442532E-12 3.2448222896886665E-8 1.0265177146127292E-6 5.448055723283218E-11 1.6724044155535558E-7 2.8532023824771167E-9 2.9143451073175686E-9 1.238191473338271E-8 2.922531584916348E-10 
0.007633271678777753 0.9999951075224744 0.9651345718530906 2.0702009682002324E-8 2.3359172481771573E-5 9.601596036481455E-5 1.8755777369059754E-4 2.6877748124265466E-4 7.330599584545738E-5 2.7889763217072783E-6 8.396947417614189E-4 4.164178711548184E-6 
0.24164419640572088 0.6182944943538612 0.9960468698889229 3.535754261765505E-13 1.4857822649986424E-6 1.4483345123611139E-6 1.0167623220338784E-10 1.2990177825786617E-7 1.6397927074461047E-9 3.0916705472727156E-7 4.062749545932439E-8 9.926070524185616E-10 
0.5213933078690577 0.2316274431728198 0.9979049306598619 2.0990691030553375E-10 3.243908508346942E-8 3.6253195863246766E-7 6.759902952306889E-10 1.7039478664123814E-7 1.9750946520770492E-10 2.3678876987779986E-7 1.196682894309767E-8 2.80246143511705E-10 
0.9997858748454775 0.10181028130224715 0.9581914527125965 6.0437536478636636E-12 3.3535446987060555E-8 3.0917951777769956E-7 5.196891743890285E-11 1.294270852265077E-7 8.949540715208806E-11 8.61012436773309E-9 4.0526224686650555E-8 2.0780919129918583E-10 
0.1351259484419631 0.9956419942788483 0.8241304590237837 1.2942425400581575E-8 1.6488517515664975E-7 2.095482350643881E-6 3.8160676210223396E-10 4.113010792839127E-8 1.2517965096084452E-7 9.146368145917093E-7 2.409095351652765E-7 1.689672858470344E-9 
0.4740760714572715 0.8838397631198103 0.9955895053854668 6.419416263796001E-12 2.611984413646593E-9 4.1683249807379586E-7 3.772187726220725E-11 2.1193608039608847E-8 2.865666680880545E-9 4.972605830540419E-8 1.3161560009917061E-8 3.425635820706005E-10 
0.9998295235991632 8.079274799980497E-5 0.9574202542990281 5.9900400707366795E-12 1.828356792048749E-8 2.7559316421061573E-7 1.1590676540897751E-10 2.709688592730143E-8 2.0644708413146307E-9 1.1726619921781862E-8 4.907291802863222E-9 1.2911976032627408E-10 
0.48016276075930264 0.9960612699386384 0.8173693956483944 1.2908551163200294E-8 7.3074207005026816E-9 2.047306642999889E-6 4.6050443778921386E-11 7.967291634486233E-9 2.0603139576009944E-10 1.7163608330672757E-9 3.93134239296038E-8 1.6895182416279036E-9 
0.9999751952877086 0.8852568619355148 0.9819905885297299 1.897544082033769E-13 7.733204712561063E-9 4.16844362466672E-7 3.811251627352486E-11 5.993821028129863E-8 9.385830510676019E-12 2.357143313971174E-7 1.2364187484704242E-8 3.451098101567778E-8 
0.9999751952877086 0.8837799614171183 0.9819905885297299 6.373599918442532E-12 1.0639402604734776E-8 4.16844362466672E-7 3.811251627352486E-11 7.73882187061157E-8 2.8529607283340857E-9 4.753076437301867E-8 1.2381830166123994E-8 2.922531584916348E-10 
0.001762243640457187 0.9996292024296751 0.9998356342560896 0.044919301019667006 0.3645560366570746 0.7713599359068876 0.20793848707211507 0.9641207910792311 0.7482555277071287 0.21810564812612085 0.27529769007129024 0.12239828059816621 
0.2625156927403166 0.8533780686216466 0.9891382258108219 1.050019153480699E-10 6.424828109022199E-8 4.806339807834214E-7 1.4333523170187235E-10 1.2391648800947743E-7 6.490295280826179E-9 7.048024588225326E-8 3.768944479846589E-8 2.6688785880562427E-10 
0.6049238979561697 0.2260810909860934 0.998953029535022 7.662781686484517E-12 7.151743889921783E-9 2.1322412139915634E-6 6.850617234971395E-10 5.075278317859053E-9 2.2925668810836908E-10 1.2643865842712474E-7 1.196682894309767E-8 2.7207818432081846E-9 
0.9997868965974016 0.04413160623987494 0.9327072511519615 6.373599918442532E-12 3.251867880658114E-8 1.030106805155818E-6 2.7029623313914033E-11 1.6721907621515502E-7 7.875822551626048E-11 4.1157919771566085E-9 1.238178605743992E-8 2.922760358843376E-10 
0.025805944273274484 0.9999951075224744 0.9651345718530906 1.2285520887916648E-7 2.3359172481771573E-5 1.1346994322280975E-6 1.8741272249220268E-4 0.3506152358909396 0.24830556933668724 5.587554498969214E-4 8.396947417614189E-4 4.164178711548184E-6 
0.4740760714572715 0.8838397631198103 0.9955895053854668 6.419416263796001E-12 2.611984413646593E-9 4.1683249807379586E-7 3.772187726220725E-11 2.1193608039608847E-8 2.865666680880545E-9 4.972605830540419E-8 1.3161560009917061E-8 3.425635820706005E-10 
0.9999751952877086 0.04870945957792411 0.9327072511519615 6.373599918442532E-12 3.2448222896886665E-8 1.030106805155818E-6 5.448055723283218E-11 6.074820891531333E-8 2.8692340791443863E-9 2.9143451073175686E-9 1.238921346657585E-8 2.922531584916348E-10 
0.13857864788927102 0.9999738017072413 0.8709259432095602 1.2065324893447776E-7 1.8960863735068916E-7 2.408344096599742E-6 8.817130391522384E-7 1.3210860825292982E-7 0.0013487214236309296 5.667356512471422E-5 1.2433290555818874E-8 1.9217657949673262E-7 
0.9999751952877086 0.04870945957792411 0.9327072511519615 6.373599918442532E-12 3.2448222896886665E-8 1.030106805155818E-6 5.448055723283218E-11 6.074820891531333E-8 2.8692340791443863E-9 2.9143451073175686E-9 1.238921346657585E-8 2.922531584916348E-10 
0.9999751952877086 0.8852568619355148 0.9819905885297299 1.897544082033769E-13 7.733204712561063E-9 4.16844362466672E-7 3.811251627352486E-11 5.993821028129863E-8 9.385830510676019E-12 2.357143313971174E-7 1.2364187484704242E-8 3.451098101567778E-8 
0.0013082053681190073 0.9996290244357322 0.9998356342560896 0.052994119749425916 0.3645560366570746 0.7713599359068876 0.002630723878303612 0.9641207910792311 0.7482555277071287 0.2164837296068044 0.27529769007129024 0.12239828059816621 
0.4740760714572715 0.902405636298295 0.9506050507091678 6.420140604179462E-12 3.248280090062313E-8 4.1536422139802395E-7 5.556913378441379E-11 2.1193608039608847E-8 3.4797974763159322E-9 4.972605830540419E-8 1.3161560009917061E-8 2.0415622068126715E-9 
0.9997857822292003 0.04870945957792411 0.9327072511519615 6.369007871704647E-12 3.251867880658114E-8 1.030106805155818E-6 5.4497089600891125E-11 1.3025198439594694E-7 7.875822551626048E-11 4.1157919771566085E-9 1.238921346657585E-8 2.922760358843376E-10 
0.021984950687287855 0.9998535060598466 0.9695945429015541 1.243522836708E-4 0.00855776072415569 8.876264287849267E-5 6.098735620537305E-6 0.3352993136986681 0.24052605291503387 0.007619355628424933 0.07005040902284104 4.002818824221402E-4 
0.9999751952877086 0.04870945957792411 0.9327072511519615 6.373599918442532E-12 3.2448222896886665E-8 1.030106805155818E-6 5.448055723283218E-11 6.074820891531333E-8 2.8692340791443863E-9 2.9143451073175686E-9 1.238921346657585E-8 2.922531584916348E-10 
0.9997868965974016 0.04413160623987494 0.9327072511519615 6.373599918442532E-12 3.251867880658114E-8 1.030106805155818E-6 2.7029623313914033E-11 1.6721907621515502E-7 7.875822551626048E-11 4.1157919771566085E-9 1.238178605743992E-8 2.922760358843376E-10 
6.151987038445156E-4 0.9996285379641893 0.9999068442740071 0.05314066086990294 0.4419823977262846 0.7708726800919078 0.9984391691545365 0.9826009050391042 0.7608236121866686 0.21861926693434952 0.42410250390856785 0.12269568783196143 
0.9999751952877086 0.8837799614171183 0.9819905885297299 6.373599918442532E-12 1.0639402604734776E-8 4.16844362466672E-7 3.811251627352486E-11 1.6668447209771767E-7 2.8529607283340857E-9 4.753076437301867E-8 1.2381830166123994E-8 2.922531584916348E-10 
0.9999751952877086 0.04870945957792411 0.9327072511519615 6.373599918442532E-12 3.2448222896886665E-8 1.030106805155818E-6 5.448055723283218E-11 6.074820891531333E-8 2.8692340791443863E-9 8.357283443934814E-8 1.238921346657585E-8 2.922531584916348E-10 
0.9999751952877086 0.8837799614171183 0.9819905885297299 6.373599918442532E-12 1.0639402604734776E-8 4.16844362466672E-7 3.811251627352486E-11 1.6668447209771767E-7 2.8529607283340857E-9 4.753076437301867E-8 1.2381830166123994E-8 2.922531584916348E-10 
