0.0 0.2669674687202258 0.43110593930475116 0.0 0.0 0.0 0.0 0.0 0.0 0.0 0.0 0.0 
0.06406441153820319 0.0361608579232886 0.9196310067627909 0.0 0.0 0.0 0.0 0.0 0.0 0.0 0.0 0.0 
0.14638836830982938 0.0 0.7289867140873714 0.0 0.0 0.0 0.0 0.0 0.0 0.0 0.0 0.0 
0.25544636572059337 0.319723952243649 0.3638873274927419 0.0 0.0 0.0 0.0 0.0 0.0 0.0 0.0 0.0 
0.39178748642052186 0.45082102585126416 0.21152678579096362 0.0 0.0 0.0 0.0 0.0 0.0 0.0 0.0 0.0 
0.55202536868148 0.7800381893769951 0.0 0.0 0.0 0.0 0.0 0.0 0.0 0.0 0.0 0.0 
0.7195857236144815 0.9609172521008655 0.0 0.0 0.0 0.0 0.0 0.0 0.0 0.0 0.0 0.0 
0.8763956440787299 0.24731726401765874 0.045779219775926416 0.0 0.0 0.0 0.0 0.0 0.0 0.0 0.0 0.0 
0.9999107058375059 1.0 0.2432774435416028 0.0 0.0 0.0 0.0 0.0 0.0 0.0 0.0 0.0 
4.099687502034932E-5 1.0 0.0 1.0 1.0 1.0 1.0 1.0 1.0 1.0 1.0 1.0 
0.07447267694190106 0.010486491746081239 0.35420561936886186 0.0 0.0 0.0 0.0 0.0 0.0 0.0 0.0 0.0 
0.17544903201308604 0.15121344549492025 0.7688274508882651 0.0 0.0 0.0 0.0 0.0 0.0 0.0 0.0 0.0 
0.3102160722977254 1.0 0.04361769218284417 0.0 0.0 0.0 0.0 0.0 0.0 0.0 0.0 0.0 
0.48127461365990665 0.6991760608909614 0.0 0.0 0.0 0.0 0.0 0.0 0.0 0.0 0.0 0.0 
0.6726183060026789 0.797595851289663 0.0 0.0 0.0 0.0 0.0 0.0 0.0 0.0 0.0 0.0 
0.8528888883824544 0.15229818793974348 0.0 0.0 0.0 0.0 0.0 0.0 0.0 0.0 0.0 0.0 
0.9998986018112538 0.9466341706295864 0.21034408319202402 0.0 0.0 0.0 0.0 0.0 0.0 0.0 0.0 0.0 
0.001131428220445322 1.0 0.0 1.0 1.0 1.0 1.0 1.0 1.0 1.0 1.0 1.0 
0.12563175422570869 0.2728872079981167 0.9298905864993713 0.0 0.0 0.0 0.0 0.0 0.0 0.0 0.0 0.0 
0.21619881838717214 0.1020344713461844 0.7739888580904126 0.0 0.0 0.0 0.0 0.0 0.0 0.0 0.0 0.0 
0.39172156308463674 0.9183039784195415 0.07071840661118359 0.0 0.0 0.0 0.0 0.0 0.0 0.0 0.0 0.0 
0.6081854737141739 0.6135910844825374 0.19907184309117393 0.0 0.0 0.0 0.0 0.0 0.0 0.0 0.0 0.0 
0.8249490007831819 0.22503855443257426 0.0 0.0 0.0 0.0 0.0 0.0 0.0 0.0 0.0 0.0 
0.9998826160830636 0.859359443446031 0.13945731767799624 0.0 0.0 0.0 0.0 0.0 0.0 0.0 0.0 0.0 
0.0021808626908499454 1.0 0.0 1.0 1.0 1.0 1.0 1.0 1.0 1.0 1.0 1.0 
0.11802106843790218 1.0 0.0 0.0 0.0 1.2787951148082732E-4 0.0 0.0 0.0 0.0 0.0 0.0 
0.2945270518910732 0.542837611311177 0.4094363082672141 0.0 0.0 0.0 0.0 0.0 0.0 0.0 0.0 0.0 
0.5187780462532369 1.0 0.062426403357364296 0.0 0.0 0.0 0.0 0.0 0.0 0.0 0.0 0.0 
0.7845623841427023 0.02109928232747682 0.5410660912606464 0.0 0.0 0.0 0.0 0.0 0.0 0.0 0.0 0.0 
0.9998595585404376 0.3628762047336108 0.22452408505373128 0.0 0.0 0.0 0.0 0.0 0.0 0.0 0.0 0.0 
0.0021808626908499454 1.0 0.0 1.0 1.0 1.0 1.0 1.0 1.0 1.0 1.0 1.0 
0.16492109155965462 1.0 0.0 0.0 0.0 0.006355121907225758 0.0 0.0 0.0 0.0 0.0 0.0 
0.5002677410677913 0.6396040267289569 0.05549092955580015 0.0 0.0 0.0 0.0 0.0 0.0 0.0 0.0 0.0 
0.7197352189734088 0.10153037812714721 0.15924062791364121 0.0 0.0 0.0 0.0 0.0 0.0 0.0 0.0 0.0 
0.9998200822735507 0.13581231963258517 0.1298053522405032 0.0 0.0 0.0 0.0 0.0 0.0 0.0 0.0 0.0 
0.004361725381699891 1.0 0.0 1.0 1.0 1.0 1.0 1.0 1.0 1.0 1.0 1.0 
0.24571554134182705 1.0 0.0 0.0 0.0 0.0 0.0 0.0 0.0 0.05069534518267105 0.0 0.0 
0.7588859576585779 0.0 0.22528976865553355 0.0 0.0 0.0 0.0 0.0 0.0 0.0 0.0 0.0 
0.9998040054093587 0.01600077113815146 0.15860274564878984 0.0 0.0 0.0 0.0 0.0 0.0 0.0 0.0 0.0 
0.010603702806021634 1.0 0.0 1.0 1.0 1.0 1.0 1.0 1.0 1.0 1.0 1.0 
0.7950930364047417 0.6214191102950698 0.0 0.0 0.0 0.0 0.0 0.0 0.0 0.0 0.0 0.0 
0.9998309547465242 0.24935231110417183 0.0 0.0 0.0 0.0 0.0 0.0 0.0 0.0 0.0 0.0 
0.026803807472226687 1.0 0.0 1.0 1.0 1.0 1.0 1.0 1.0 1.0 1.0 1.0 
0.9998578872741166 0.23531562249779797 0.0121256844507288 0.0 0.0 0.0 0.0 0.0 0.0 0.0 0.0 0.0 
0.9998729052126009 0.4906967597601294 0.04575219316632049 0.0 0.0 0.0 0.0 0.0 0.0 0.0 0.0 0.0 
0.0 1.0 1.0 1.0 1.0 1.0 1.0 1.0 1.0 1.0 1.0 1.0 
0.07447267694190106 0.010486491746081239 0.35420561936886186 0.0 0.0 0.0 0.0 0.0 0.0 0.0 0.0 0.0 
0.17544903201308604 0.15121344549492025 0.7688274508882651 0.0 0.0 0.0 0.0 0.0 0.0 0.0 0.0 0.0 
0.3102160722977254 1.0 0.04361769218284417 0.0 0.0 0.0 0.0 0.0 0.0 0.0 0.0 0.0 
0.48127461365990665 0.6991760608909614 0.0 0.0 0.0 0.0 0.0 0.0 0.0 0.0 0.0 0.0 
0.6726183060026789 0.797595851289663 0.0 0.0 0.0 0.0 0.0 0.0 0.0 0.0 0.0 0.0 
0.8528888883824544 0.15229818793974348 0.0 0.0 0.0 0.0 0.0 0.0 0.0 0.0 0.0 0.0 
0.9998986018112538 0.9466341706295864 0.21034408319202402 0.0 0.0 0.0 0.0 0.0 0.0 0.0 0.0 0.0 
0.052716815186855996 0.1720464968128629 0.3442421379348247 0.0 0.0 0.0 0.0 0.0 0.0 0.0 0.0 0.0 
0.08942315648936144 0.0 0.32119606441565485 0.0 0.0 0.0 0.0 0.0 0.0 0.0 0.0 0.0 
0.21619881838717214 0.1020344713461844 0.7739888580904126 0.0 0.0 0.0 0.0 0.0 0.0 0.0 0.0 0.0 
0.39185932779514615 0.0 0.5223204854281162 0.0 0.0 0.0 0.0 0.0 0.0 0.0 0.0 0.0 
0.6081973097916521 0.6469149379165636 0.23262764313926249 0.0 0.0 0.0 0.0 0.0 0.0 0.0 0.0 0.0 
0.8249490007831819 0.22503855443257426 0.0 0.0 0.0 0.0 0.0 0.0 0.0 0.0 0.0 0.0 
0.9998802967268328 0.7051828785792209 0.20735469965806763 0.0 0.0 0.0 0.0 0.0 0.0 0.0 0.0 0.0 
0.04542944423997075 1.0 0.0 0.0 0.0 0.0 0.01623635292006681 0.0 0.0 0.0 0.0 0.0 
0.15498114667034768 0.12024551749449736 0.995290066038803 0.0 0.0 0.0 0.0 0.0 0.0 0.0 0.0 0.0 
0.28041609588572314 0.0 0.9419568682799777 0.0 0.0 0.0 0.0 0.0 0.0 0.0 0.0 0.0 
0.5187780462532369 1.0 0.062426403357364296 0.0 0.0 0.0 0.0 0.0 0.0 0.0 0.0 0.0 
0.7845623841427023 0.02109928232747682 0.5410660912606464 0.0 0.0 0.0 0.0 0.0 0.0 0.0 0.0 0.0 
0.9998582873228707 0.5542407601277322 0.07631617224722945 0.0 0.0 0.0 0.0 0.0 0.0 0.0 0.0 0.0 
0.034916025896288616 1.0 0.0 0.0 0.0 0.0 0.01623635292006681 0.0 0.0 0.09181413150084816 0.0 0.0 
0.1486299042963144 0.9964768782560441 0.0 0.0 0.0 1.2787951148082732E-4 0.0 0.0 0.0 0.0 0.0 0.0 
0.4096969960375155 1.0 0.0 0.0 0.0 0.0 0.0 0.0 0.0 0.0 0.0 0.0 
0.7195808964728893 0.1797864790084667 0.3166771482096132 0.0 0.0 0.0 0.0 0.0 0.0 0.0 0.0 0.0 
0.9998200952015404 0.06790615981629258 0.2488645611141619 0.0 0.0 0.0 0.0 0.0 0.0 0.0 0.0 0.0 
0.0 1.0 0.0 0.011587946064565813 0.0016683220759063921 2.1365219929941892E-4 0.01623635292006681 0.0 0.0 0.0 0.0 0.0 
0.2739451337885356 1.0 0.0 0.0 0.0 0.0 0.004401563782095247 0.0 0.0 0.0 0.0 0.0 
0.7048798790595058 0.6378882523048413 0.05369157502174704 0.0 0.0 0.0 0.0 0.0 0.0 0.0 0.0 0.0 
0.9997661856001983 0.0 0.2659858956922839 0.0 0.0 0.0 0.0 0.0 0.0 0.0 0.0 0.0 
0.0 1.0 0.0 0.013243811951858753 0.002502483113859588 2.7785179512218594E-4 0.024354529380100215 0.0 0.0 0.0 0.0 0.04299118404315738 
0.7588859576585779 0.0 0.22528976865553355 0.0 0.0 0.0 0.0 0.0 0.0 0.0 0.0 0.0 
0.9997986412873713 0.06718788328127238 0.1350237851001927 0.0 0.0 0.0 0.0 0.0 0.0 0.0 0.0 0.0 
0.0 1.0 0.0 0.013243811951858753 0.002502483113859588 3.091556338700968E-4 0.024354529380100215 0.0 0.0 0.02844095984760886 0.0 0.04299118404315738 
0.999831028830386 0.12467615555208592 0.03390247504938489 0.0 0.0 0.0 0.0 0.0 0.0 0.0 0.0 0.0 
0.9998578872741166 0.23531562249779797 0.0121256844507288 0.0 0.0 0.0 0.0 0.0 0.0 0.0 0.0 0.0 
0.0 1.0 1.0 1.0 1.0 1.0 1.0 1.0 1.0 1.0 1.0 1.0 
0.12563175422570869 0.2728872079981167 0.9298905864993713 0.0 0.0 0.0 0.0 0.0 0.0 0.0 0.0 0.0 
0.2160813164294787 1.0 0.0 0.0 0.0 0.0 0.0 0.0 0.0 0.0 0.0 0.0 
0.39178748642052186 0.45082102585126416 0.21152678579096362 0.0 0.0 0.0 0.0 0.0 0.0 0.0 0.0 0.0 
0.6081854737141739 0.6135910844825374 0.19907184309117393 0.0 0.0 0.0 0.0 0.0 0.0 0.0 0.0 0.0 
0.8249802676879384 0.5868121163392972 0.0 0.0 0.0 0.0 0.0 0.0 0.0 0.0 0.0 0.0 
0.9998802967268328 0.7051828785792209 0.20735469965806763 0.0 0.0 0.0 0.0 0.0 0.0 0.0 0.0 0.0 
0.0 1.0 0.9778968436524367 0.0 0.7432533017845561 0.0 0.0 0.0 0.0 0.0 0.0 0.0 
0.15470167099803472 0.3016075798200587 0.521751271846288 0.0 0.0 0.0 0.0 0.0 0.0 0.0 0.0 0.0 
0.28041609588572314 0.0 0.9419568682799777 0.0 0.0 0.0 0.0 0.0 0.0 0.0 0.0 0.0 
0.518323531373421 0.8492640187299391 0.08351817628645442 0.0 0.0 0.0 0.0 0.0 0.0 0.0 0.0 0.0 
0.7845716462446106 0.017097791380336846 0.523905792121709 0.0 0.0 0.0 0.0 0.0 0.0 0.0 0.0 0.0 
0.9998575418456438 0.43043953533296464 0.12368565403577034 0.0 0.0 0.0 0.0 0.0 0.0 0.0 0.0 0.0 
0.15470167099803472 0.3016075798200587 0.521751271846288 0.0 0.0 0.0 0.0 0.0 0.0 0.0 0.0 0.0 
0.20473241273950255 0.5512637087437822 0.6988955636228289 0.0 0.0 0.0 0.0 0.0 0.0 0.0 0.0 0.0 
0.3917156450458976 0.9016420517025283 0.05394050658713931 0.0 0.0 0.0 0.0 0.0 0.0 0.0 0.0 0.0 
0.7195808964728893 0.1797864790084667 0.3166771482096132 0.0 0.0 0.0 0.0 0.0 0.0 0.0 0.0 0.0 
0.9998200952015404 0.06790615981629258 0.2488645611141619 0.0 0.0 0.0 0.0 0.0 0.0 0.0 0.0 0.0 
0.18705315386569532 1.0 0.016349141113467892 0.0 0.0 5.5947286272861954E-5 0.0 0.0 0.0 0.0 0.0 0.0 
0.2762600647085969 0.9781833102228152 0.0351448238503036 0.0 0.0 2.2645330158063172E-5 0.0 0.0 0.0 0.0 0.0 0.0 
0.6259132521083637 0.21417491726993412 0.1863974398674069 0.0 0.0 0.0 0.0 0.0 0.0 0.0 0.0 0.0 
0.9997661856001983 0.0 0.2659858956922839 0.0 0.0 0.0 0.0 0.0 0.0 0.0 0.0 0.0 
0.23333971410342902 0.9981144108904973 0.0 0.0 0.0 0.0 0.0328718458410161 0.0 0.0 0.0 0.0 0.0 
0.7048325719008043 0.7418690150873989 0.032145502014471805 0.0 0.0 0.0 0.0 0.0 0.0 0.0 0.0 0.0 
0.9997491167923631 0.1455721952176553 0.1271486502060365 0.0 0.0 0.0 0.0 0.0 0.0 0.0 0.0 0.0 
0.7588993868804432 0.0 0.2144013733562055 0.0 0.0 0.0 0.0 0.0 0.0 0.0 0.0 0.0 
0.9997986412873713 0.06718788328127238 0.1350237851001927 0.0 0.0 0.0 0.0 0.0 0.0 0.0 0.0 0.0 
0.999831028830386 0.12467615555208592 0.03390247504938489 0.0 0.0 0.0 0.0 0.0 0.0 0.0 0.0 0.0 
0.0 1.0 1.0 1.0 1.0 1.0 1.0 1.0 1.0 1.0 1.0 1.0 
0.22812457605779768 0.0 0.5681519157583272 0.0 0.0 0.0 0.0 0.0 0.0 0.0 0.0 0.0 
0.29453126796488993 0.5396406812997079 0.3519134727128524 0.0 0.0 0.0 0.0 0.0 0.0 0.0 0.0 0.0 
0.5186882130988155 0.4424701087571633 0.29806698487399713 0.0 0.0 0.0 0.0 0.0 0.0 0.0 0.0 0.0 
0.7845702364187134 0.0 0.5592500139682223 0.0 0.0 0.0 0.0 0.0 0.0 0.0 0.0 0.0 
0.9998575418456438 0.43043953533296464 0.12368565403577034 0.0 0.0 0.0 0.0 0.0 0.0 0.0 0.0 0.0 
0.043817278077245225 1.0 1.0 0.0 1.0 0.0 0.0 0.0 5.012943731409758E-4 0.0 0.0 0.0 
0.29459432258127116 0.0 0.0 0.0 0.0 0.0 0.0 0.0 0.0 0.0 0.0 0.0 
0.4096297270830379 0.34530442303283093 0.5650524914287023 0.0 0.0 0.0 0.0 0.0 0.0 0.0 0.0 0.0 
0.7196257461375795 0.0 0.28217145624020923 0.0 0.0 0.0 0.0 0.0 0.0 0.0 0.0 0.0 
0.9998221693761078 0.12750595635268203 0.22554559920967604 0.0 0.0 0.0 0.0 0.0 0.0 0.0 0.0 0.0 
0.0 1.0 0.642677480577909 1.0 0.0 1.0 0.865143012533941 0.9521654357484051 0.5335520150585452 0.5363402906503024 0.1814136310411317 0.9214728019302301 
0.4096297270830379 0.34530442303283093 0.5650524914287023 0.0 0.0 0.0 0.0 0.0 0.0 0.0 0.0 0.0 
0.6259132521083637 0.21417491726993412 0.1863974398674069 0.0 0.0 0.0 0.0 0.0 0.0 0.0 0.0 0.0 
0.9997612596361498 0.0 0.08808624871592956 0.0 0.0 0.0 0.0 0.0 0.0 0.0 0.0 0.0 
0.4096969960375155 1.0 0.0 0.0 0.0 0.0 0.0 0.0 0.0 0.0 0.0 0.0 
0.6259225038517984 0.14138881966110647 0.3067849997582989 0.0 0.0 0.0 0.0 0.0 0.0 0.0 0.0 0.0 
0.9996712107350225 0.2873947306141425 0.22354748731634907 0.0 0.0 0.0 0.0 0.0 0.0 0.0 0.0 0.0 
0.704832688747714 0.6929011496436496 0.0 0.0 0.0 0.0 0.0 0.0 0.0 0.0 0.0 0.0 
0.9997488830985437 0.24350792610515393 0.18666068116785417 0.0 0.0 0.0 0.0 0.0 0.0 0.0 0.0 0.0 
0.9997971120363709 0.0265970965835918 0.07521972343896703 0.0 0.0 0.0 0.0 0.0 0.0 0.0 0.0 0.0 
2.4893061280496787E-4 1.0 1.0 1.0 1.0 1.0 1.0 1.0 1.0 1.0 1.0 1.0 
0.17729587096022256 0.7989348413133978 1.0 0.0 1.0 0.0 0.0 0.0 0.0 0.0 0.0 0.0 
0.5001637542420583 0.3674261298376745 0.2563078967307699 0.0 0.0 0.0 0.0 0.0 0.0 0.0 0.0 0.0 
0.7196257461375795 0.0 0.28217145624020923 0.0 0.0 0.0 0.0 0.0 0.0 0.0 0.0 0.0 
0.9998204447732874 0.14008438721908348 0.18241470645255026 0.0 0.0 0.0 0.0 0.0 0.0 0.0 0.0 0.0 
0.011436837817250398 1.0 1.0 6.400894452597283E-4 1.0 0.0 0.08274563432173976 0.0 0.0 0.0 0.0 0.0 
0.49886905030249085 0.9652515347179594 0.0 0.0 0.0 0.0 0.0 0.0 0.0 0.0 0.0 0.0 
0.7048335473881508 1.0 0.16431548557814946 0.0 0.0 0.0 0.0 0.0 0.0 0.0 0.0 0.0 
0.9997612596361498 0.0 0.08808624871592956 0.0 0.0 0.0 0.0 0.0 0.0 0.0 0.0 0.0 
0.18438726965020974 1.0 0.9252489192379838 0.0 1.0 0.0 0.0 0.0 0.0 0.0 0.0 0.0 
0.7048335473881508 1.0 0.16431548557814946 0.0 0.0 0.0 0.0 0.0 0.0 0.0 0.0 0.0 
0.9997489609964835 0.21086268247598772 0.15013925512326126 0.0 0.0 0.0 0.0 0.0 0.0 0.0 0.0 0.0 
0.704832688747714 0.6929011496436496 0.0 0.0 0.0 0.0 0.0 0.0 0.0 0.0 0.0 0.0 
0.9997488830985437 0.24350792610515393 0.18666068116785417 0.0 0.0 0.0 0.0 0.0 0.0 0.0 0.0 0.0 
0.9997490583689083 0.17005612793952996 0.13844242814614646 0.0 0.0 0.0 0.0 0.0 0.0 0.0 0.0 0.0 
0.0054080656754942336 1.0 1.0 1.0 1.0 1.0 1.0 1.0 1.0 1.0 1.0 1.0 
0.5703372074256194 0.931479370288357 0.019586920512694284 0.0 0.0 0.0 0.0 0.0 0.0 0.0 0.0 0.0 
0.7588040429750118 0.26114835596436614 0.36547691918936354 0.0 0.0 0.0 0.0 0.0 0.0 0.0 0.0 0.0 
0.999799972019771 0.15112743233685905 0.18242909224672993 0.0 0.0 0.0 0.0 0.0 0.0 0.0 0.0 0.0 
0.0 1.0 1.0 0.0 1.0 5.480992255352257E-5 0.0 0.0 0.09972130592482675 0.1963056793084894 0.0 0.0 
0.7588040429750118 0.26114835596436614 0.36547691918936354 0.0 0.0 0.0 0.0 0.0 0.0 0.0 0.0 0.0 
0.999799972019771 0.15112743233685905 0.18242909224672993 0.0 0.0 0.0 0.0 0.0 0.0 0.0 0.0 0.0 
0.758823930085001 0.2633306074339718 0.3086262856077241 0.0 0.0 0.0 0.0 0.0 0.0 0.0 0.0 0.0 
0.999799972019771 0.15112743233685905 0.18242909224672993 0.0 0.0 0.0 0.0 0.0 0.0 0.0 0.0 0.0 
0.9997971120363709 0.0265970965835918 0.07521972343896703 0.0 0.0 0.0 0.0 0.0 0.0 0.0 0.0 0.0 
0.0054080656754942336 1.0 1.0 1.0 1.0 1.0 1.0 1.0 1.0 1.0 1.0 1.0 
0.7957440007379828 0.691588964497563 0.21052746048388826 0.0 0.0 0.0 0.0 0.0 0.0 0.0 0.0 0.0 
0.9998392153215708 0.22887339997489425 0.17274988043049067 0.0 0.0 0.0 0.0 0.0 0.0 0.0 0.0 0.0 
0.0 1.0 1.0 0.0 0.9762338715242557 8.525300765388488E-5 0.0646890057806383 0.0 0.1112907127929521 0.1963056793084894 0.0 0.0 
0.9998392153215708 0.22887339997489425 0.17274988043049067 0.0 0.0 0.0 0.0 0.0 0.0 0.0 0.0 0.0 
0.9998392153215708 0.22887339997489425 0.17274988043049067 0.0 0.0 0.0 0.0 0.0 0.0 0.0 0.0 0.0 
0.02221661817991971 1.0 1.0 1.0 1.0 1.0 1.0 1.0 1.0 1.0 1.0 1.0 
0.9998558534067299 0.7280489995416923 0.3410377639332638 0.0 0.0 0.0 0.0 0.0 0.0 0.0 0.0 0.0 
0.9998558534067299 0.7280489995416923 0.3410377639332638 0.0 0.0 0.0 0.0 0.0 0.0 0.0 0.0 0.0 
0.9998754750576297 0.7669219833607099 0.3361981580251442 0.0 0.0 0.0 0.0 0.0 0.0 0.0 0.0 0.0 
