0.0 0.8591168999083783 4.843629081055566 
0.838671493996811 0.8068295550186109 3.264782069203449 
0.8256130167470428 0.0 4.502426718929503 
0.7734827379432246 0.777278852597812 3.856351563343002 
0.8289041068315854 0.7460567470466841 3.5589434763096235 
0.0 0.0 6.650390245414069 
0.0 0.0 6.646774616243805 
0.7485315901218264 0.8259179963861845 3.5936717916871332 
0.24597879274311962 0.8753365754197733 4.233670747574955 
0.8524923851928699 0.22198277575818126 4.100004993752737 
0.8043964629653471 0.7930584838721102 3.3324264246939768 
0.1660111002411269 0.8844727011562414 4.488799652955476 
0.19897997295466263 0.24599271632148817 5.65292444049879 
0.6904907479602199 0.8751307375183611 3.917583421447752 
0.25465410605481065 0.8645645892111816 4.182267040145515 
0.8911809013323955 0.14691400895072465 4.303021534671803 
0.8399575999380577 0.7151660563376141 3.9190593571730163 
0.8040594873024367 0.7962708542217787 3.47650426473486 
0.849594006838156 0.26949924206766224 4.10270326443746 
0.8313493303165943 0.7880248435499473 3.212352319622892 
0.26335698829969023 0.8625332093014513 4.193872806401556 
0.7069256635182134 0.8632171379808904 3.780255690326812 
0.8592705327077865 0.7051218117357105 4.009326780142701 
0.8739133495656304 0.1426588947401008 4.379924147684144 
0.2330084651579474 0.8270545682303968 4.232566653900138 
0.865009824459346 0.2506949524233545 4.064947354904762 
0.738061256322422 0.839277029204242 3.5818860025651564 
0.8222464950323414 0.8405297392447543 3.3088541790597668 
0.8353176002494977 0.19720144627292496 4.159442028024781 
0.7522730516205465 0.24396489225156395 4.556526189526659 
0.8055159596462798 0.8099696824328109 3.3599388781888693 
0.8231010797079357 0.7430202118150957 3.6034184472239015 
0.6780834496156807 0.8602830001844386 4.001964019743595 
0.8619674863398377 0.7290848461767651 3.7574834081035706 
0.809791704047724 0.24966707309877229 4.298936606963122 
0.679885354773959 0.26479889508535714 5.31847430255132 
0.0 0.0 6.650390245414069 
0.2669324559448325 0.856542772787818 4.191311693626342 
0.0035773667216630056 0.0 6.628478295979625 
0.0 0.0 6.686655307791533 
0.2007115497830484 0.7433100767098999 4.821251277120536 
0.740862269267804 0.8535341957705677 3.7686852411758074 
0.8252526599897263 0.20657048904639363 4.143866351032107 
0.2541322561921925 0.8595947447829655 4.21167842663475 
0.7838836842924707 0.8186646331127516 3.4104958346703507 
0.22755712227359248 0.7005172284616032 5.100916548612801 
0.839780910438299 0.731768517617296 3.6754970742464446 
0.8474818276625671 0.7601958434082806 3.431099792756625 
0.6703718201030533 0.8955101340105192 4.074253442366983 
0.8688917519548875 0.2523751067354823 4.141232938625527 
0.0 0.0 6.706939978227028 
0.8474818276625671 0.7601958434082806 3.431099792756625 
0.15909842092113563 0.9031965371733855 4.528623505894411 
0.0 0.0 6.631005384982645 
0.0 0.06324442103190342 6.618726004199983 
0.7478137175078011 0.8380324698705608 3.627107276399192 
0.7796951904714978 0.8095543893568422 3.435123171330148 
0.865009824459346 0.2506949524233545 4.064947354904762 
0.8281242085233678 0.8035810018307832 3.253542435489252 
0.8749385733524625 0.22532450931890674 4.122613612199544 
0.859240445117121 0.7335886944450961 3.6183549664160335 
0.8242144590932969 0.1741567641665389 4.188015179585575 
0.7071552623390984 0.7160515926350917 4.745851114871193 
0.763697201693006 0.7612062950974643 4.053572732555311 
0.8274371070721978 0.19475740534543534 4.169967448352542 
0.1182724952054292 0.231818066890002 5.825678495036865 
0.8055159596462798 0.8099696824328109 3.3599388781888693 
0.3329298295302937 0.11149537207350924 5.924119047665512 
0.254521112175494 0.8585458032203637 4.227089237694525 
0.8495044767875839 0.7439459005383515 3.5828728624091446 
0.21349293427180394 0.9004082137006251 4.334352176738481 
0.7110894151201935 0.842736622777061 3.7660016991031036 
0.33110408232714683 0.24369517812778368 5.675416742502986 
0.7160432249120752 0.8516296629504089 3.721595935426236 
0.6788983883036124 0.8919939193444809 4.069508693405791 
0.8619674863398377 0.7290848461767651 3.746294050212611 
0.26335698829969023 0.8625332093014513 4.193872806401556 
0.25116135012372764 0.862390623728495 4.199734277388228 
0.733692002194662 0.8399973940538106 3.6200789606382027 
0.8323512295800672 0.7606423436495315 3.446396811959498 
0.1981897038169069 0.1922390450394385 5.948741510757092 
0.7133154780809808 0.2652057054630232 5.002392391287167 
0.778884184777177 0.28799890319101906 4.469367248906637 
0.8434395449087755 0.7201165447596791 3.923048904296192 
0.7034917469755674 0.8478113559047138 3.90903878992043 
0.8574710442171823 0.6972578386970016 4.0807867823486985 
0.23018461518969338 0.15882314372833248 5.809751462991415 
0.7561385181887833 0.8375449032418872 3.5746188738819655 
0.2553203580230633 0.8662072210816916 4.226878325943345 
0.8039669538113482 0.836956860050053 3.399013582642115 
0.8399575999380577 0.7151660563376141 3.9190593571730163 
0.2546696726860924 0.8685816907390551 4.188335000454779 
0.8249894016736685 0.21630225037860557 4.105921343962145 
0.2993425659896069 0.22446950917517003 5.674534915973309 
0.23573413660012488 0.8903232381147936 4.215064829068605 
0.8694081503055688 0.24974962196934983 4.134238848594631 
0.31541967359219064 0.14289051961907262 5.89234958135541 
0.6957135505219485 0.8670906052406013 3.9005565190758995 
0.7522730516205465 0.24396489225156395 4.556526189526659 
0.8639388051931886 0.1089264867560227 4.427915613352553 
0.2921878325462809 0.2369112567141617 5.657636389327522 
0.2490327385536 0.7920830315264781 4.504586354932242 
0.27629268234977455 0.7322834777985725 4.998153886829061 
0.2303610631414042 0.8496432668209855 4.203799138536893 
0.6703718201030533 0.8955101340105192 4.074253442366983 
0.7863332324522267 0.7791727166746593 3.6355862519509796 
0.8628705048990086 0.7340331674293026 3.69066075327616 
0.24789402214338654 0.8610723303215261 4.237116428485738 
0.8047144839271808 0.81232642645201 3.365396205626133 
0.8504140948182803 0.7405874950075193 3.54926823656207 
0.05894206691548297 0.8560571878908062 4.692805275558353 
0.6788950792524333 0.8887808720428969 4.08168780758498 
0.841871416030801 0.7723396825889737 3.332001097271995 
0.13420531512691153 0.22068888045211993 5.894429655390653 
0.871684690879058 0.7206693262660215 3.8717637160849345 
0.8468504724741193 0.2662161653375923 4.062917775244085 
0.7300059207149914 0.16341199718765126 5.103571034672503 
0.8363586229568494 0.6994381102601962 4.083356851362685 
0.2095575602995085 0.7657726400595946 4.576296051722904 
0.7752366294468087 0.8258200758523704 3.5289330875054734 
0.8690179387685718 0.18574858480644124 4.139013394756714 
0.6904907479602199 0.8751307375183611 3.917583421447752 
0.839701487816476 0.21810185188402026 4.107942146618649 
0.7735240927778149 0.7804016837614387 3.733671494912232 
0.8300129032031871 0.7934451755189954 3.2874741469164426 
0.19897997295466263 0.24599271632148817 5.65292444049879 
0.8258807836563944 0.7560920828406956 3.488844905209072 
0.16173955867446033 0.7441230208836149 5.164437329134455 
0.19743334429153375 0.8750372945057379 4.37758451647304 
0.8306002889332637 0.0 4.477250638478435 
0.8269105904400822 0.21422092800985923 4.1288546848842875 
0.8012497238143541 0.8137067394076414 3.3493455961529284 
0.8353176002494977 0.19720144627292496 4.159442028024781 
0.8412337264667193 0.7691574971576093 3.3895691972000743 
0.08317377982676666 0.8970837483396329 4.654225898099154 
0.12458984045300656 0.3025855983452908 6.076808344449102 
0.838671493996811 0.8068295550186109 3.264782069203449 
0.8333060391282792 0.21616138994693973 4.116954002736763 
0.8043964629653471 0.7930584838721102 3.3324264246939768 
0.8252526599897263 0.20657048904639363 4.143866351032107 
0.24789402214338654 0.8610723303215261 4.237116428485738 
0.8429748409094117 0.2864128708039607 4.136480780468765 
0.23663722746317598 0.8844659297578549 4.2495579065240605 
0.8564091848751036 0.7565217127720005 3.4633652965851476 
0.7358182579260433 0.835915576032586 3.6015298553410626 
0.7583231452526633 0.8371847208171029 3.5391518782587292 
0.259781520654548 0.8685236458150847 4.199636479812904 
0.2669324559448325 0.856542772787818 4.191311693626342 
0.7752366294468087 0.8258200758523704 3.5289330875054734 
0.859240445117121 0.7335886944450961 3.6183549664160335 
0.776519139847826 0.2720602308637966 4.431938285855818 
0.8709424370052452 0.21384459421037932 4.133312013325949 
0.8229906063940323 0.18492918668312402 4.15029272612944 
0.7051914252064351 0.8631042282791834 3.7796238178205903 
0.7647044928090914 0.8142098236088144 3.5896398212327476 
0.8253815375245204 0.2901941926199793 4.16274647981654 
0.8468504724741193 0.2662161653375923 4.062917775244085 
0.13252278369954268 0.22026464977731558 5.78663526528553 
0.2546696726860924 0.8685816907390551 4.188335000454779 
0.781810013521479 0.8159204167397829 3.4785038914238515 
0.7231040825686448 0.850647200858784 3.7999743850039316 
0.8628705048990086 0.7340331674293026 3.69066075327616 
0.6907910014979946 0.8760862511257221 3.8708259210346108 
0.7942313511709054 0.8071113122170283 3.371866493828872 
0.8411707624125284 0.738304453130096 3.5982329402528865 
0.8315671260170723 0.7585631008629525 3.6446637102551485 
0.11501278098443113 0.0 6.393231142065379 
0.2095575602995085 0.7657726400595946 4.576296051722904 
0.8714676749266902 0.7270696957274321 3.806299141415752 
0.8476655087486528 0.7057639115154603 3.9928757522453044 
0.24078802818592998 0.8215675504889545 4.3099980557022475 
0.6647436469072753 0.2521048969234926 5.573194055005922 
0.7953025655443446 0.8229979496956863 3.4051535962342516 
0.6893584280122758 0.21576997670224127 5.165240597879172 
0.8868915332457967 0.763321696503159 3.4649380848227294 
0.0035773667216630056 0.0 6.628478295979625 
0.871684690879058 0.7206693262660215 3.8717637160849345 
0.6884079161764174 0.8782688940042072 3.9465196415495076 
0.8043274104910846 0.1267767769168138 4.7614989864267665 
0.252848842093235 0.8407926820211642 4.235998724024675 
0.23018461518969338 0.15882314372833248 5.809751462991415 
0.8378539088648027 0.7188779340499385 3.9139809214128847 
0.7104657438557087 0.25498510639541194 5.201821092585522 
0.8191553453354856 0.2935870173994707 4.2144878506363765 
0.8280423089809528 0.7319919565844166 3.8446482334848393 
0.19569148243062784 0.7227756013373674 4.901055719265636 
0.6893584280122758 0.21576997670224127 5.165240597879172 
0.839780910438299 0.731768517617296 3.6754970742464446 
0.13420531512691153 0.22068888045211993 5.894429655390653 
0.7034917469755674 0.8478113559047138 3.90903878992043 
0.7239251627865414 0.838754113755686 3.695996428398237 
0.24200042893088936 0.8754802749874049 4.216810114955356 
0.251888632561921 0.8529033832857669 4.22567369273373 
0.8275721136481635 0.8136286395132719 3.268156004444748 
0.13252278369954268 0.22026464977731558 5.78663526528553 
0.6647250920554677 0.8947644044117322 4.1432590586069535 
0.7415068428235884 0.215593615252488 4.695775017349935 
0.8333636884376072 0.7204869178640996 3.999038834855261 
0.7418020017230305 0.8340901957814254 3.61351313084782 
0.2921878325462809 0.2369112567141617 5.657636389327522 
0.0 0.0 6.690413395380284 
0.23637832146961887 0.6256655514309664 5.569394315781836 
0.6854337882387882 0.8542697455648498 3.938909033402798 
0.8445387896306561 0.70464576629839 4.174131031576343 
0.8381688502874334 0.7374898351892244 3.7772270431321253 
0.655595173392572 0.895563353690709 4.201129036065024 
0.754797247692194 0.276988396729015 4.704747268858419 
0.8524923851928699 0.22198277575818126 4.100004993752737 
0.7160544484964058 0.7975049123017122 4.093148398911857 
0.25465410605481065 0.8645645892111816 4.182267040145515 
0.8524672977529852 0.731099996626098 3.729605625375373 
0.2583452600820522 0.851158085925768 4.302251665118838 
0.2143742090695888 0.7982541041786727 4.520301866729162 
0.809791704047724 0.24966707309877229 4.298936606963122 
0.8234139848297605 0.23267729269346485 4.182370217452691 
0.8617002414949738 0.2591517667915037 4.118690360089989 
0.7232143151608371 0.8408186724573612 3.680031152835179 
0.23573413660012488 0.8903232381147936 4.215064829068605 
0.7358182579260433 0.835915576032586 3.6015298553410626 
0.24159396843442638 0.8703399412845174 4.242496353006581 
0.8216574943062378 0.2778020174843471 4.231399211103923 
0.8249894016736685 0.21630225037860557 4.105921343962145 
0.2993425659896069 0.22446950917517003 5.674534915973309 
0.8419397151368302 0.7682102492346794 3.3708590873869246 
0.8256130167470428 0.0 4.502426718929503 
0.8495044767875839 0.7439459005383515 3.5828728624091446 
0.8411707624125284 0.738304453130096 3.5982329402528865 
0.2303610631414042 0.8496432668209855 4.203799138536893 
0.655595173392572 0.895563353690709 4.201129036065024 
0.865009824459346 0.2506949524233545 4.111870857243806 
0.8333060391282792 0.21616138994693973 4.116954002736763 
0.22879967061794929 0.7993375203603469 4.355854213619003 
0.8229906063940323 0.18492918668312402 4.15029272612944 
0.8258807836563944 0.7560920828406956 3.488844905209072 
0.8378539088648027 0.7188779340499385 3.9139809214128847 
0.70699289742132 0.7740400808593997 4.470106824175758 
0.8619674863398377 0.7290848461767651 3.746294050212611 
0.8615334544351021 0.741885585099586 3.6420756759359647 
0.7239251627865414 0.838754113755686 3.695996428398237 
0.8476655087486528 0.7057639115154603 3.9928757522453044 
0.23695180292387227 0.7441223855992298 4.7229916516125465 
0.31541967359219064 0.14289051961907262 5.89234958135541 
0.8709424370052452 0.21384459421037932 4.133312013325949 
0.18348468580388128 0.8587589540691285 4.412576266548605 
0.0 0.0055132994556637005 6.6426678077458865 
0.7321135237590097 0.23639480970098486 4.862913619124371 
0.7138797916533159 0.849096169370458 3.7650872241744566 
0.8684932773946609 0.18412322696111388 4.155067987581083 
0.6647250920554677 0.8947644044117322 4.1432590586069535 
0.3329298295302937 0.11149537207350924 5.924119047665512 
0.7286292629294935 0.8402680073233414 3.7395986583891943 
0.0 0.17504332094837677 6.5332902633649335 
0.6845866529466964 0.3554287834390916 5.393883668263778 
0.25440269476413657 0.6577243802133065 5.403409835193407 
0.251888632561921 0.8529033832857669 4.22567369273373 
0.8143527435395119 0.8236762771957606 3.32647242385123 
0.8323512295800672 0.7606423436495315 3.446396811959498 
0.6855938515026251 0.9079705093688751 4.034649404192113 
0.839701487816476 0.21810185188402026 4.107942146618649 
0.8619674863398377 0.7290848461767651 3.7574834081035706 
0.860679747678168 0.7137099313464461 3.925811756008164 
0.2610647130595928 0.8666693484911661 4.218297028628875 
0.8296821746092216 0.7837957053061055 3.2695243733880965 
0.7112291163797789 0.05195825238011692 5.445011014473723 
0.8592705327077865 0.7051218117357105 4.009326780142701 
0.254521112175494 0.8585458032203637 4.227089237694525 
0.8143527435395119 0.8236762771957606 3.32647242385123 
0.6955634391266072 0.8708250230816132 4.06419199433576 
0.21479329498376296 0.16787992929393813 5.78005330496689 
0.7418020017230305 0.8340901957814254 3.61351313084782 
0.8313241216416403 0.3064096270969242 4.159882397924021 
0.8412337264667193 0.7691574971576093 3.3895691972000743 
0.7796951904714978 0.8095543893568422 3.435123171330148 
0.7321135237590097 0.23639480970098486 4.862913619124371 
0.861788081733794 0.7060403022686315 3.9644789723885316 
0.25116135012372764 0.862390623728495 4.199734277388228 
0.24159396843442638 0.8703399412845174 4.242496353006581 
0.7231040825686448 0.850647200858784 3.7999743850039316 
0.7312519455681517 0.8195283611203179 3.8682563263827965 
0.8714676749266902 0.7270696957274321 3.806299141415752 
0.8269105904400822 0.21422092800985923 4.1288546848842875 
0.8564091848751036 0.7565217127720005 3.4633652965851476 
0.6838598858045398 0.8835023940747878 3.968734531433369 
0.2494708318066297 0.860954586797215 4.262815997104862 
0.8354853798174462 0.7677636841495963 3.3558384842380726 
0.7232143151608371 0.8408186724573612 3.680031152835179 
0.207631740273078 0.8734242508545103 4.348424578048023 
0.8694081503055688 0.24974962196934983 4.134238848594631 
0.7513407794772488 0.8283651251572124 3.5479296393019437 
0.6780834496156807 0.8602830001844386 4.001964019743595 
0.8512728465661129 0.7552420935601174 3.612598538144711 
0.1182724952054292 0.231818066890002 5.825678495036865 
0.733692002194662 0.8399973940538106 3.6200789606382027 
0.2545532469979914 0.8497858745761326 4.194549583670793 
0.0 0.0055132994556637005 6.6426678077458865 
0.19569148243062784 0.7227756013373674 4.901055719265636 
0.07954921046056782 0.881156718540882 4.656197620239879 
0.22755712227359248 0.7005172284616032 5.100916548612801 
0.8039669538113482 0.836956860050053 3.399013582642115 
0.2993425659896069 0.22446950917517003 5.674534915973309 
