0.0840440802570102 0.209814826798788 0.24352801394548296 0.0 
1.2777199124417276 1.245971321189692 0.0 0.0 
1.2777199124417276 1.245971321189692 0.0 0.0 
1.2658291407619275 1.2343760096072556 0.0 0.0 
1.2777199124417276 1.245971321189692 0.0 0.0 
1.2994183461108277 1.2671305954587848 0.0 0.0 
1.2658291407619275 1.2343760096072556 0.0 0.0 
0.7875511872699906 1.5457489452501754 0.0 0.0 
0.8144636778223081 0.9839195473056211 0.0 0.6183325715618869 
0.0 0.0 2.8330671605029885 0.0 
13.501539198279644 0.0 0.0 0.0 
13.50137510407624 0.0 0.0 0.0 
13.50216078037666 0.0 0.0 0.0 
13.504812690200662 0.0 0.0 0.0 
13.504812690200662 0.0 0.0 0.0 
13.507077781510068 0.0 0.0 0.0 
0.0 0.0 0.0 3.5578883725916217 
0.0 0.0 2.5936740085104377 0.0 
13.501539198279644 0.0 0.0 0.0 
13.501539198279644 0.0 0.0 0.0 
13.500614932218223 0.0 0.0 0.0 
13.500614932218223 0.0 0.0 0.0 
13.503380928585795 0.0 0.0 0.0 
0.0 0.0 0.0 3.5440205123720476 
0.0 0.0 2.6766915028808453 0.0 
13.501728674366708 0.0 0.0 0.0 
13.50137510407624 0.0 0.0 0.0 
13.506900725510162 0.0 0.0 0.0 
13.503442637556152 0.0 0.0 0.0 
0.0 0.0 0.0 3.5440205123720476 
0.0 0.0 2.695007432393936 0.0 
13.506900725510162 0.0 0.0 0.0 
13.501728674366708 0.0 0.0 0.0 
13.503442637556152 0.0 0.0 0.0 
0.0 0.0 0.0 3.5426602696428606 
0.0 0.0 3.0802355901117346 0.0 
13.507908643428067 0.0 0.0 0.0 
13.507908643428067 0.0 0.0 0.0 
0.0 0.0 0.0 3.5156258624286947 
0.0 0.0 3.2358247925061585 0.0 
13.5086470333874 0.0 0.0 0.0 
0.0 0.0 0.0 3.520849189767194 
0.0 0.0 2.8462177434926623 0.0 
0.0 0.0 0.0 3.557693139955786 
0.0 0.0 0.46070455416920364 0.1649250945962537 
0.0 0.291908028900894 0.40538139696584835 0.0 
0.0 2.307764097803277 0.0 0.0 
0.0 2.2414993114780675 0.0 0.0 
0.0 2.2415687465037966 0.0 0.0 
0.0 2.238110539911153 0.0 0.0 
0.0 2.2510474289869737 0.0 0.0 
0.0 2.220364498791982 0.0 0.0 
0.0 2.085212379879232 0.0 0.17658223156629002 
0.0 0.0 2.6766915028808453 0.0 
0.07732397915316098 0.19893640804496004 0.19602080845843128 0.04108627427581594 
0.07269040787236562 0.25642213758001836 0.12682304288576426 0.05357627380256148 
0.12525835344724973 0.22946348630705493 0.07668461984501304 0.08128062015782771 
0.091613922236557 0.2420716786166234 0.06700118638711344 0.11641869996507724 
0.11279310592441215 0.21696155410792617 0.043434302607292544 0.19060883436994847 
0.0 0.0 0.0 3.5426602696428606 
0.0 0.0 2.9146461282797294 0.0 
0.10886207167076599 0.10477740154222935 0.24513914405103723 0.06724516566380942 
0.1457403275009496 0.14249817144480317 0.13508918321196012 0.09948746472873282 
0.1931473500915088 0.17287229582139568 0.07349358334447904 0.1276996407094205 
0.10344207632075257 0.13294546007426225 0.06594072651330916 0.2804794144636859 
0.0 0.0 0.0 3.5331031382070606 
0.0 0.0 2.8330671605029885 0.0 
0.13215437907914596 0.06715002324210953 0.2732337366752992 0.08091146217339791 
0.12650354480026596 0.07341881353889367 0.14643839255882227 0.15874482486409472 
0.07475705149137618 0.0862250680256966 0.0942102645693126 0.287759668868207 
0.0 0.0 0.0 3.518288041158157 
0.0 0.0 2.271279644297752 0.0 
0.1366100947549643 0.05511964319183036 0.23202411356345132 0.11192126627343853 
0.09275062711304223 0.06033140327585649 0.14251402121151663 0.207695048198448 
0.0 0.0 0.0 3.5105923701597703 
0.0 0.0 2.695007432393936 0.0 
0.09294059810691699 0.012384166811794179 0.20014584159472426 0.2006568500815044 
0.0 0.0 0.0 3.5187361958742276 
0.0 0.0 3.329060359721103 0.0 
0.0 0.0 0.0 3.520849189767194 
0.0 0.0 0.46070455416920364 0.1649250945962537 
0.0 0.3171550346021341 0.44044266773290985 0.0 
0.0 2.2414993114780675 0.0 0.0 
0.0 2.2415687465037966 0.0 0.0 
0.0 2.238110539911153 0.0 0.0 
0.0 2.233231661040535 0.0 0.0 
0.0 2.2510474289869737 0.0 0.0 
0.0 2.085212379879232 0.0 0.17658223156629002 
2.1158070042663933E-5 0.001920439142266579 2.5337255974609203 0.0 
0.07519380014446503 0.19345595857606557 0.19062068011507904 0.048033566695718156 
0.11524853624390999 0.23947330351039467 0.07668461984501304 0.08128062015782771 
0.11524853624390999 0.23947330351039467 0.07668461984501304 0.08128062015782771 
0.0882165687712246 0.19931842611993847 0.053244573157063504 0.18578835304365357 
0.0 0.0 0.0 3.5331031382070606 
0.0 0.0 2.9146461282797294 0.0 
0.10886207167076599 0.10477740154222935 0.24513914405103723 0.06724516566380942 
0.1457403275009496 0.14249817144480317 0.13508918321196012 0.09948746472873282 
0.11934344401652172 0.12470718871270023 0.0828482828845491 0.24290449544442919 
0.0 0.0 0.0 3.5331031382070606 
0.0 0.0 2.271279644297752 0.0 
0.10041072336109817 0.0677129734902147 0.23023069483596975 0.11881162896285635 
0.07589446711186995 0.08610274828280765 0.12383583074874532 0.23423098586373808 
0.0 0.0 0.0 3.531927081295649 
0.0 0.0 2.7038596169547064 0.0 
0.09294059810691699 0.012384166811794179 0.20014584159472426 0.2006568500815044 
0.0 0.0 0.0 3.5120614323283057 
0.0 0.0 3.0802355901117346 0.0 
0.0 0.0 0.0 3.5105923701597703 
0.0 0.0 0.4889442560158414 0.17503447045607254 
0.0 0.291908028900894 0.40538139696584835 0.0 
0.0 2.2599535573587843 0.0 0.0 
0.0 2.2435280589664504 2.14953531394565E-4 0.0 
0.0 2.2467458256247834 4.305649070513185E-4 0.0 
0.0 2.2435280589664504 2.14953531394565E-4 0.0 
0.0 1.9140665804366026 0.0 0.35417039643715786 
0.0 0.0 2.9146461282797294 0.0 
0.06604892879301118 0.2006021480884689 0.20206400456570267 0.04905300901578344 
0.06697078905358553 0.22822129291312906 0.09958624474822345 0.11004262969587349 
0.03299076032480888 0.18945924391221125 0.0709111325604462 0.2181372777367837 
0.0 0.0 0.0 3.5513337043881927 
0.0 0.0 2.217783634036252 0.0 
0.07632204472815504 0.10627945316836374 0.2359816009689121 0.10078035523257835 
0.07904116797460412 0.09807332603659724 0.12429380049398567 0.21654043342927107 
0.0 0.0 0.0 3.5331031382070606 
0.0 0.0 2.217783634036252 0.0 
0.06871778078538669 0.06989237834244623 0.209213917402497 0.15375459026917665 
0.0 0.0 0.0 3.5120614323283057 
0.0 0.0 3.1799199978859045 0.0 
0.0 0.0 0.0 3.54520236962329 
0.0 0.0 0.4889442560158414 0.17503447045607254 
0.0 0.39716696564635906 0.47014247171313855 0.0 
0.0 2.2990515688290243 0.0 0.0 
0.0 2.273483396333253 0.0 0.0 
0.0 2.2595054871343274 0.0 0.0 
0.0 1.9140665804366026 0.0 0.35417039643715786 
0.0 0.0 4.994680019356068 0.0 
0.04977712817394633 0.20931563523952704 0.15172058157881319 0.0928775674834535 
0.04882102688416774 0.1901918097957991 0.0996851220227481 0.17319825475364883 
0.0 0.0 0.0 3.6458361231649468 
0.0 0.0 3.33012108377545 0.0 
0.05184778300827671 0.05006263543426398 0.19098556795529542 0.2196156288086203 
0.0 0.0 0.0 3.531927081295649 
0.0 0.0 2.9494977959804487 0.0 
0.0 0.0 0.0 3.565704114427348 
0.0 0.0 0.5064787263205068 0.17740265840174413 
0.0 0.39716696564635906 0.47014247171313855 0.0 
0.0 2.307764097803277 0.0 0.0 
0.0 2.307764097803277 0.0 0.0 
0.0 1.9456482590521258 0.0 0.3600141302705229 
0.0 0.0 4.064395658545139 0.0 
0.038685467215572936 0.21034156337041543 0.12029363110596838 0.16299317171027428 
0.0 0.0 0.0 3.554875618835906 
0.0 0.0 4.270556706061701 0.0 
0.0 0.0 0.0 3.6458361231649468 
0.0 0.0 0.45440942301709303 0.16267153514831226 
0.0 0.3925138607186964 0.18628840227576324 0.0 
0.0 2.3078191080622696 0.0 0.0 
0.0 1.9456482590521258 0.0 0.3600141302705229 
2.1158070042663933E-5 0.001920439142266579 2.5337255974609203 0.0 
0.0 0.0 0.0 3.8017106645293115 
0.0 0.0 0.5064787263205068 0.17740265840174413 
0.0 0.39716696564635906 0.47014247171313855 0.0 
0.0 2.127592948638576 0.0 0.18017114916470126 
0.0 0.0 0.5062347504318455 0.18122419964665515 
0.0 0.5192218469435819 0.3268751296252259 0.008601745995964659 
