0.5667347191627724 0.39218115083071725 1.0703191835782104 0.604999345831677 
0.2928051480493104 0.6525526022685271 1.8215256818707342 0.7627355705519722 
0.7047071092852052 0.2817244732180719 1.9951418083335088 0.3350352462272029 
0.5596265085878788 0.3043702459996226 1.2888736595111512 0.9275945761744517 
0.704898264684289 0.2437824577878998 2.25696409889371 0.6369265379227997 
0.21166065875753856 0.7460212919195504 2.7374932485010293 0.0071726640437504785 
0.30608674314211887 0.4761846818689826 0.913496056607209 0.9225105795024168 
0.3897074666381693 0.6389762719221301 1.2446992542880326 0.02537960797067125 
0.23014545403711476 0.6996225167014065 2.2705203379148653 0.7697040973263214 
0.3555446743174527 0.6367233912219239 1.2402235045505892 0.5623379808030992 
0.3872361653592687 0.5752247397578504 1.0881536581297095 0.5029188904520937 
0.6108264289166085 0.4423815638724786 1.0125547999134255 0.02116482588727853 
0.694715684736609 0.3219896619510145 1.8663672763848271 2.2271806739157784E-4 
0.6400340331558435 0.29874288812110505 1.6002381498632483 0.7147500119638752 
0.6662251418179496 0.5037637618112125 0.6387299573941141 0.610527602667644 
4.498181675471405E-17 1.483937389601225E-17 1.4329562754950426E-16 2.4647301931425813 
0.33071878879215727 0.6846848270519881 1.6214629772423153 0.030683557870754972 
0.5788064280306932 0.43401318510632586 1.0026007097051033 0.22689978683170714 
0.6673750390000276 0.3443945138969247 1.5113945948320684 0.2460808474717842 
0.7098489312372894 0.2647759071980556 2.1394788964648788 0.42651147464604594 
0.6625390344817464 0.33649108030559566 1.7430408062721774 0.4572346420751951 
0.6665333616079879 0.31572580890240787 1.5712408529040063 0.4361777285424171 
0.3273500583293161 0.6182958609035603 1.3682896862625447 0.6331134301058305 
0.24549716717649628 0.7129705309320594 2.2084397584616164 0.5364221311510842 
0.6864245302671771 0.32905563156456813 1.7229793269961986 0.12733563988601593 
0.7243210862892366 0.24076116771964345 2.3089449046137154 0.4655003359307586 
0.5152124677014986 0.3801323082976517 0.9414881137010884 0.6581250489608353 
0.2996224217151299 0.43595240218588227 0.7853829949941291 0.9271222593712464 
0.2674158233966172 0.6836131956328722 2.1457939315479795 0.7423278797807746 
0.6575452699907158 0.3035797421538704 1.5948137454462805 0.5716101287858378 
0.7177506955597672 0.22430485989665264 2.4689063542081895 0.6372195349235643 
0.24366711157789764 0.7331918423799128 2.322701159986207 0.004415374451085353 
0.26068311231721 0.7247323759790569 2.195555964306719 0.07682722474989803 
0.3103014316077535 0.5641476118611298 1.2583245014180693 0.8727045127594063 
0.645942279134101 0.38129740462365114 1.300336302818712 0.032315752439077895 
0.6229914645467733 0.40660673891671056 1.167743489209519 0.00857346611708919 
0.27476239883465453 0.7178721113437075 2.0360752375063322 0.0 
0.3571644933693968 0.6660515291139087 1.4436478243183353 2.2345601208247377E-4 
0.2554895747158858 0.640779326210523 1.728896549980348 0.9057518009776355 
0.2644613661616205 0.7206611795851102 2.123004003526445 0.18822082067781035 
0.5486665374279569 0.46940016811643465 0.8493329758124629 0.0 
0.5864179168162986 0.41007367931195765 1.0042725894746816 0.3709143798506996 
0.25322791161374136 0.7263483785157591 2.7139909795377837 0.3607414764067973 
0.3858636505850485 0.5455651650215946 1.1093559421106551 0.6500622577315961 
0.2250047430907096 0.7391701300517622 2.6382930809387 0.22029192377519508 
0.4998477390278438 0.5678444475168241 1.4802034010901126 0.0 
0.5941730999742023 0.3253577872084597 1.282242536187073 0.7181437467231065 
0.45898655179664344 0.5653468900000241 0.8764324858340173 0.1778652630040491 
0.7074017387626504 0.3030823336964671 2.1008114673030587 0.028065987814927962 
0.6792504970995584 0.23591431991146578 2.2643119781883914 0.9490254728607923 
0.6278238690913764 0.9927589421320685 0.7556844946499276 3.99747585974217E-5 
0.4959097077536145 0.5849908334875015 1.9145150275778617 0.0 
0.3011887168610959 0.7031309829918204 1.8299791618854673 0.034512657677113576 
0.3434494731099367 0.46432724865322894 0.7797432437685315 0.7640038207011195 
0.7170524245626494 0.28907634477123145 2.3950896325325237 0.031898752740400986 
0.22896181149569195 0.28001691706933246 0.44321821069597717 0.9947294047889595 
0.5014612866192498 0.3096329308561055 1.036906583089686 0.9424414030102921 
0.6110757658038709 0.3592575869992884 1.297487989786727 0.5420333649548454 
0.6867116474512381 0.3132974735761339 1.7290297023073888 0.28632162391393023 
0.22666235910243338 0.6837874072213651 2.1748199749939494 0.8835154523894289 
0.21395086463689317 0.6893781430845783 2.3276838279148993 0.9398233445015917 
0.46484684592821623 0.5780888142144893 0.9105246465039873 0.022926173217354184 
0.3240082633139998 0.5714354705919783 1.1675414486453326 0.7743563888751337 
0.728119112521335 0.2222707351644368 2.5278198159341576 0.49609913969662794 
0.5916016083628521 0.25996673808799475 1.4761902691226674 1.0132412214091593 
0.6282108927585333 0.33325048660014644 1.4689664890973821 0.6255247865180513 
0.26620394764344907 0.7104575103907629 2.1193414239165747 0.4067147684820846 
0.690429682153823 0.25745735725224383 2.008172891624153 0.6417805185361338 
0.7300724850850372 0.24580350765534803 2.3400579925491476 0.19445833503267557 
0.7238052518896385 0.2596303926218905 2.188852323042303 0.16804076916886654 
0.33411587064321857 0.6579165908390189 1.4874392869949413 0.39182065205816596 
0.43151487037567365 0.5221919385389636 0.8400505547003427 0.42045880752361275 
0.5250319978935536 0.4011906922950903 0.8729928696847814 0.5203320018304541 
0.6175357844221879 0.535347907115122 0.7034415598978601 0.2560970804270988 
0.2690520304260989 0.5947366803180811 1.4433082304185245 0.9539806159484906 
0.3497793540193925 0.6592803800484466 1.4097946839513769 0.24054796187215907 
0.31071182457498775 0.6320784500862076 1.547452262156463 0.7004416250077123 
0.23021395146251802 0.7391702121856722 2.5320633497961857 0.020497195341726893 
0.6347748862063727 0.27467783242416793 1.687493110828134 0.8664198927208763 
0.48631727984625817 0.3231838504891659 0.8991304182139613 0.8426619989225239 
0.7125911026099184 0.27830291921377875 1.9587942058273484 0.16559133707748 
0.7260835581416117 0.2096337795396773 2.6580948122974113 0.6352228579165339 
0.7408758623125689 0.21084314689615827 2.703659846191069 0.34833711277013435 
0.04716163389215359 0.04601232633541128 0.06800624347042221 1.0177484175898568 
0.46648789398304796 0.4028634121852168 0.528391723267652 0.7591727539748754 
0.7367456298454318 0.24475835862653256 2.7842189631449497 0.02688802566130987 
0.32842892937580204 0.6790177203290287 1.574170705346475 0.20629051229333753 
4.4400852270939296E-17 1.6035053376157028E-17 1.304894046786913E-16 2.266223148969706 
0.24713633800225873 0.6763100212178926 1.977778421691113 0.793728079913951 
0.28156404598236817 0.7052047370605674 1.9894369651993242 0.33422103243502865 
0.6586837912443076 0.28635708434670204 2.0241958937064037 0.8322720119055568 
0.7377908483616201 0.22690172520846535 2.5226372022759302 0.19101165369133372 
0.6760929859708151 0.3408874142793012 1.5018410775622002 0.04485808150602795 
0.6111775797394763 0.2876718528231019 1.4346585756254782 0.8263352733003083 
0.5624488619004483 0.3057668514288017 1.18062008408376 0.8336518372359114 
0.2942994577965122 0.6665448869545568 1.692494102463585 0.5823807799857833 
0.7436786002571594 0.2200799080716261 2.912062426615548 0.15309248928681338 
0.6149846989134244 0.40550405836661835 1.1435030845624266 0.1843069416110891 
4.3765616106810746E-17 1.722647048077513E-17 1.1931463546031164E-16 2.09448782503668 
0.288974380301123 0.5142968510460912 1.0560121882718567 0.9558148585483295 
0.2660389345398445 0.7233455218636441 2.323049609863764 0.1755838483510971 
0.6380138528483036 0.3827938962056554 1.2791860590815867 0.1808943521447843 
0.36799772335731135 0.6181059987023507 1.2093083545505896 0.4050389676422711 
0.6457622568227859 0.2575385792834949 1.876070213110578 0.9491534526220503 
0.31512875842719495 0.6709179126317394 1.6219091275809996 0.4208110936791123 
0.6800795291605028 0.2757947861541792 1.8094765215316255 0.5870489137763203 
0.39588079057999714 0.6243517402878952 1.2644703777419675 0.24397329598880027 
0.27639568048345015 0.6839727259740616 1.9186706212749027 0.5939360512617171 
0.19936269570414747 0.7506524678073764 2.9350327023362865 9.740065186701678E-4 
0.2634063015070077 0.6140355191748476 1.5939580047374322 0.9634002132541718 
0.34105629201206766 0.5228482307956266 0.9608203507750296 0.7386585550542298 
0.5987162368257191 0.37865981869979604 1.1322850656995154 0.4355878330024534 
0.642606112231902 0.34986133409325987 1.389393451529394 0.39969220729111776 
0.03671406882088805 0.028741331937275384 0.0648068650126423 1.2571088181355377 
0.3097036582326256 0.689230875138654 1.7685202374976057 0.2918726398287139 
0.4160004730004457 0.5704035877976172 0.9685014135664365 0.34499610578825807 
0.2643933071850763 0.7203242456373019 2.418007517211816 0.31433477337946203 
0.2034382567943217 0.6979556256007663 2.497951644937406 0.9603182822816381 
0.230926721837562 0.7199675040089254 2.379290642155293 0.5738706656697923 
0.2805534403850107 0.7120762768509132 1.9680834939012632 0.17202086747458675 
0.630331471494094 0.5517062478028558 0.7214824472382673 4.4559128004759683E-4 
0.34671617805932103 0.394561903720931 0.6016510937079043 0.7481700706163097 
0.21578729557827803 0.7405816859200648 2.8641214891057785 0.36753404105301096 
0.4143243068835398 0.6068099511545557 1.114048218723832 0.18978404309332056 
0.2534811932120037 0.7264017514795738 2.5818599782481257 0.3338152029084103 
0.5243524721455292 0.5926261342971204 0.6318685907362586 0.5879670064083167 
1.884087263861305E-17 4.2798711994535505E-17 1.0777363263907408E-16 1.918615804824784 
0.453970239980398 0.4833043762886154 0.7057468608444727 0.3833995768819391 
0.5846108247059856 0.7217525464985618 0.7337848087643126 1.6232098521863219E-4 
0.6687744896325334 0.26205078414729577 1.854752400377901 0.7500602386658355 
0.6071016487533546 0.5142086141955713 0.6770985056966349 0.39770540370796986 
3.8374707569598293E-17 2.505051768446781E-17 7.719894125213824E-17 1.4661618004399435 
0.5471019412131684 0.43654205702349075 0.8864815440296053 0.32610528902589764 
0.20792831735787803 0.7130471822939989 2.5483984593748934 0.7897458565077864 
0.6945142849996563 0.20800271908789356 2.4302082148940083 0.9529376996841652 
0.4861346809954808 0.5098252571135475 0.7365206564563984 0.1590856642598556 
0.19942994136828424 0.7323824412338545 2.8348487548912495 0.6329180995298685 
0.7412657426366689 0.2210145546724336 2.666569649681975 0.2044480019115807 
0.44083698089170775 0.590553715611908 1.0422610202308227 1.7504436484602033E-4 
0.37122723508783423 0.6289023555368742 1.3627777693268388 0.39815228560480687 
0.6945993934845466 0.23525186324625647 2.169963522592821 0.760448886889979 
0.6878205417916532 0.32713732541811935 1.6563173837385397 0.0 
0.1979762062049236 0.7494763187797555 2.945871059334774 0.2267407474155874 
0.5527346421986238 0.33054284034095593 1.0438026761825254 0.7901295717603972 
0.9087053282870963 0.639101901834984 0.7539720869032089 0.0 
0.21895834073215945 0.727840906901946 2.528442222260871 0.5146583811904311 
0.41607943836238975 0.47926238004106403 0.7352377179696138 0.5466542019566925 
0.7306576027841403 0.23878689830588248 2.5025408389249435 0.32438390639626247 
0.3955390531553414 0.27860323199394205 0.6661088435217756 0.994225905474957 
0.21912886319352887 0.7084219102284373 2.3990656754407493 0.7483475925711136 
0.31493675684976374 0.36476936599505283 0.6349966002390045 0.9131378358453105 
0.701384886005552 0.2255102905186391 2.347314341272405 0.7907358562999517 
4.0872720671572896E-17 2.2179647539132452E-17 9.220845138653977E-17 1.686544615266241 
0.6082588791265908 0.2650899752584075 1.611516439991956 1.0049617313056174 
0.20968617646140084 0.726057314067847 2.656527035076815 0.6348755527293356 
0.6825517606091145 0.3156411151871963 1.8492084633567567 0.38868445447163397 
0.23623722117870086 0.7341546066648299 2.502023998503083 0.21296548284260278 
0.20822136571218983 0.7358777571195096 2.745192686775346 0.48536558564408583 
0.7266090772952333 0.22075951443496777 2.8384788321109533 0.627148851824934 
0.4600550720833229 0.3461660392078925 0.7741894959297231 0.7603937369293112 
0.719143494669472 0.2117487520511189 2.734235341258381 0.7596836647515454 
0.3465257083075368 0.3654742586126734 0.45855213485997715 0.822556190602167 
0.7370783018330106 0.20833136501262262 2.745339788138784 0.5011383373336995 
0.6619218879336655 0.23375804918534984 2.096367596005251 1.0102366640238598 
0.3902742400892576 0.3973956387419601 0.5670668048825048 0.625839204723812 
