0.6793472667936186 0.25930851239463687 2.067125203373499 0.769606775828611 
0.23060791577713313 0.7223162245408002 2.551086257504573 0.5570144610057018 
0.712787120947042 0.2899360895797009 2.145689594830229 0.13035031375148962 
0.6678026693619874 0.25152194484999424 2.0583536271793474 0.8929512674125284 
0.24605748517154868 0.731565477009059 2.308294427935388 0.0050906953720770524 
0.703486061426267 0.27575589654710536 1.9641305199545465 0.3849891938500366 
0.6206078577216523 0.37228398925761835 1.2493244525743645 0.41415645503708404 
0.4604529009262849 0.481185146540783 0.69475106935232 0.3639034666230216 
0.2969896344507687 0.6437667168822111 1.5961700720996297 0.696232756086531 
0.6951037098586974 0.33219248890004094 1.6964692654005717 3.2976355805482415E-4 
0.3430861469806375 0.6745888114713078 1.5409787499254546 0.12478895510159878 
0.4950724438317906 0.34513253936521837 0.8653322747147059 0.7424809000490193 
0.6840946268616726 0.26752991914447816 1.9799700559956426 0.6552150668966102 
0.4640786468985203 0.4072926535754037 0.7008089065008802 0.5704604678413655 
0.32466936644826855 0.6754799448605875 1.559338620881338 0.2870952824548844 
0.7039291152941889 0.31175648187515126 1.8750084120198727 0.0014370170815669768 
0.5665216397406128 0.35557434578360175 1.0621096297118287 0.6524357441136457 
0.6589348292734025 0.3391523588359257 1.4881391954289451 0.37878449480274223 
0.6155943260200889 0.4109382354859218 1.1111556940884668 0.08948483126789135 
0.30356158968902736 0.7038794368751433 1.8931711519887942 2.748658976158042E-4 
0.5902319101827536 0.4404553958869996 1.004662340117618 0.0 
0.6813917352859039 0.291043300271728 1.745772176299259 0.48303696764873705 
0.008006181528577846 0.010387013985386337 0.018742243127195905 1.2867344896302007 
0.7156442705223337 0.28245564894698433 1.939960077521379 0.11491766094184766 
0.3032837801576347 0.6687005402207736 1.6341508063723098 0.5515514649223219 
4.2491555006100057E-17 1.9549345656357627E-17 1.0821064700621125E-16 1.9252344770464132 
0.697295617633833 0.29525215935005816 1.8206416762837894 0.3046735856572156 
0.25287475855009073 0.6427434669950118 1.791293413558553 0.9453938903897406 
0.6996268658142835 0.3024750955663665 1.7755832730806809 0.1401216133047159 
0.6348801218682236 0.40208469326112845 1.187439349699928 1.5107880795116965E-5 
0.6877482823636181 0.32582698650258746 1.6930256609968626 0.2458890048181947 
0.6324941477809591 0.41243524681839616 1.3013200831286473 7.874137094455789E-4 
0.2876516860656124 0.6732411885137939 1.7438549466349202 0.5738964238695196 
0.23907187551672696 0.7347866109134419 2.5835561514991907 0.20819143198450094 
0.2750525485593611 0.6206091133973599 1.5911411079220794 0.90998885056076 
0.43831291884940426 0.5545152599433824 0.9206772137216258 0.30316592977087636 
0.6402939494389638 0.30114935529606346 1.5978803153530166 0.7104943248555199 
0.6551257028509359 0.2709938580565785 1.7687098607006242 0.785066006382687 
0.46001991971495004 0.5712123400012501 0.8976293102254503 0.0 
0.6932246990007663 0.21137498627668963 2.4418136913350885 0.9956869074415617 
0.29936476661522765 0.6570335944697044 1.477884329338138 0.8564362237994969 
0.26160066140530325 0.7251105062036389 2.190264069297541 0.10917340968952949 
0.5463074144602399 0.4725073028801848 0.835288693349584 1.1871996185571044E-5 
0.22227123413527175 0.742557155842173 2.688994254451597 0.1524734234256565 
0.26680093060512255 0.6810071474571348 1.8669036512382906 0.6356092595794771 
0.7403538303017091 0.23441126659882264 2.8198209551742215 0.002073594324689579 
0.261706888656648 0.6808686557444564 2.1405608885268403 0.7795403765335568 
1.5806115354922063E-17 4.4733079332132086E-17 1.3410618175954803E-16 2.323135281594344 
0.44971447577493606 0.5630836988360628 0.9023159988529242 0.1574740952066863 
0.32528850511617646 0.6498600582059089 1.4587566640110097 0.6487495960224199 
0.24676909521244159 0.7140048507266065 2.299907861992385 0.6461482734164741 
0.3981732234741913 0.6331125125929747 1.2504381090212757 2.4630930422298065E-5 
0.38692137077061983 0.5833283233521412 1.05433908157688 0.49999833896969087 
0.7313814979961936 0.23544240060654884 2.4477857615135177 0.3044691470744515 
0.6757552295090155 0.2841279548265612 1.8515373150080126 0.621043637630615 
0.21827151248699286 0.7110409290343361 2.42296149595422 0.7277032214743896 
0.7387990395992833 0.2192411457293607 2.5886729974692266 0.37549525657043015 
0.4099736250078795 0.609217079146569 1.0911765939961295 0.16866276829931495 
0.4568788211966867 0.5935735522549225 1.0352201749570218 0.0 
0.5440869442423455 0.3106694153310842 1.1378557479551463 0.8646727555620337 
0.6086650329740884 0.4214248068623771 1.2414854317118496 0.2102249656299397 
0.22333854299511538 0.7445697024381696 2.8465129152975086 0.020512013698256965 
0.7072698138067236 0.28310942868037037 2.0724947758115966 0.3415728645512968 
0.36061187047145676 0.6667325431449814 1.406792241139973 0.11190168563228453 
0.23942073540505562 0.6903911626612176 2.264567674744515 0.8202549217946236 
0.6380893340279584 0.3500885555069188 1.368233570844357 0.4297934467722455 
0.3034925507623488 0.6093596021156626 1.3703370763291902 0.7486242108544404 
0.6763474935804147 0.355915934988881 1.51787540080911 0.0 
0.7056994669621177 0.22568304074980114 2.655905902305287 0.870012667243766 
1.717615027128967E-17 4.378797374666856E-17 1.206138722211784E-16 2.114256208476383 
0.3631780642107253 0.6547596927554111 1.4521478261756362 0.25384092350912485 
0.645578316715807 0.362603343054048 1.3478188431940261 0.28204480301394325 
2.0472213265794084E-17 4.1688969001401675E-17 9.45640514383899E-17 1.7205595431259153 
0.5553261261104826 0.6675141537857476 0.7270669124480746 0.0 
0.5406042515390308 0.4260584921667995 0.955752535599586 0.44299102110504474 
0.7185266361533735 0.28838516877726195 2.527679135731116 0.014429289541586668 
0.25071761377258334 0.7147734407500526 2.179147732116349 0.43711512715133366 
0.3063267100544358 0.5639100702283096 1.2869868675294627 0.9027083054869391 
0.6385609035414042 0.33057184845641646 1.384298720339391 0.5948100511806497 
0.2779243389254982 0.6933578137618184 1.8682398609869906 0.4693360817788924 
0.7351523383026394 0.24080139049650645 2.3969760948617513 0.03417476736671108 
0.24421282339447445 0.732716418246038 2.4777539609885633 0.14961371714958993 
0.24476677015790627 0.7300056714842779 2.357456987889964 0.19884746566993647 
0.5383630079250162 0.4447017610887766 0.8539647473386349 0.3102350158607272 
0.5058204184955067 0.5158203986153849 0.70848547177244 0.03900878714036323 
0.3858923685262499 0.641427660368484 1.2378678174111946 0.22370828846240162 
0.6646896935504417 0.3535152312921936 1.422581169101155 0.11671620353847277 
0.4943844921978515 0.42236493681578846 0.8042109890261772 0.5150564236071109 
0.3420054434885165 0.6509817143465855 1.4002767055564913 0.3714417180032576 
0.7260259485817725 0.21098434812865147 2.8693209407321936 0.7202214559491206 
0.2251888069881743 0.7156482755235671 2.603923586050785 0.7131148992486053 
0.24526064891850194 0.7352278288860274 2.54492022753901 0.011617705147858816 
0.03743398939955984 0.03805986270687271 0.0545980755331941 1.0116908137910177 
0.2599931372831925 0.6975455321232632 2.1145281294118847 0.5983541993138924 
0.36772815491437894 0.6262349104390101 1.2315659275489723 0.3835787522831265 
0.725171580797021 0.23795310213318646 2.390604758209958 0.4205128106536823 
0.32585943703200904 0.6646971128544081 1.5601010183063635 0.42066814490670906 
0.6359622979777302 0.30518703220387966 1.4122315751949888 0.7737734071450147 
0.34618499951580983 0.41436865933852746 0.6468111877108924 0.7521100801702335 
0.7187025760217962 0.23136087019467239 2.4053519772773844 0.5647382010925627 
0.38290972686070646 0.7056018215409364 1.3652210161762324 2.1313577719412962E-4 
0.5156251219219067 0.5476522387066812 0.7063922935817019 0.1617702636008451 
0.6141312474117895 0.34730775821978094 1.2445575600267 0.5836636195332213 
0.27039883658404557 0.6584756779852037 1.7292225704028292 0.7523094182346192 
0.2611446078062455 0.7023480660723476 2.0159373455379535 0.5050887662400729 
0.35409785811009503 0.7292399744538691 1.6268972756259237 2.4461484345901415E-4 
0.38047526894846495 0.5450684298187267 0.9748901688705263 0.6214461143472375 
0.3105290945809933 0.6888198646439416 1.675754475766084 0.24450269078113357 
0.27728514298461576 0.7169451473431688 2.0320217746874403 0.10214907924943688 
0.33783662038725043 0.5824342756938518 1.162072025946985 0.6641214564427199 
0.3065970741907421 0.6944447714659389 1.8306196139915643 0.2570062092649835 
0.22164077295889098 0.6812885383924616 2.2016133617536022 0.9354304164531916 
0.2539976460248543 0.7225253218115264 2.3109782719098604 0.3556788304129925 
0.29328471681221485 0.7027830307440597 1.97177428322759 0.2741178264940987 
0.4655997122875022 0.5242601657203672 0.6340850871627024 0.5616973888644453 
0.2794388612543778 0.2530566977175098 0.41431503419416915 0.9103041293340487 
0.5926069232516241 0.29727395970142284 1.3166635493217567 0.8803938633865189 
0.324109724112164 0.6886342157878778 1.6819605494838037 0.10642498646346756 
0.28789326662469045 0.7077910234375897 2.19013466384689 0.3082996655531546 
0.3165849583204696 0.5268928567270098 1.0804730707804775 0.8750731627221772 
0.5754981873315892 0.3288739205483691 1.202714170567909 0.753945665226685 
0.7090979752749196 0.2484879075555702 2.1438670868413454 0.5415733554346343 
0.3310750637191101 0.637585977603976 1.3845971943356707 0.5215766185107699 
0.21047126785952364 0.7214169531930346 2.843725499939012 0.7740348977756089 
0.2646137457408188 0.6617443559296697 1.8703302196675422 0.80989753764215 
0.7365453689201095 0.23533105994748033 2.5036504881584714 0.18446150998489486 
0.7099256470428765 0.24477398016288077 2.5173877334322223 0.6776364318236864 
0.7173223336307342 0.23482190068994552 2.6979239592504696 0.6831985593659721 
0.6981086366578033 0.23822891626344173 2.2379980065835516 0.731102206861774 
0.39654525858020456 0.3867562747123045 0.5660931546710126 0.6369724872826372 
0.7309457156927546 0.24840910068114075 2.271778860804038 0.0016699360399259479 
0.7372635766448408 0.24277095928373302 2.6859553410791817 0.009387949410715803 
0.5417393280617769 0.37692337079416277 0.9461376872297789 0.6015093344414476 
0.5904638669878829 0.40267465884810477 1.065715759928853 0.3615667606977656 
0.6607624747467815 0.30321301108349585 1.602865896866512 0.5521663040276615 
0.3474620348475628 0.6036619944558792 1.2871869477595443 0.6044807004145806 
0.6385317296032658 0.5416386402982192 0.7435229211841906 1.203876363867978E-5 
0.20288170502671987 0.7106784363306726 2.5889000769758237 0.8534730996178148 
0.6151148933660888 0.27703405577660034 1.5074305351992134 0.8698570467375701 
0.2223857917353872 0.7319037040222897 2.718637207931387 0.49803976245907144 
0.735502847677376 0.23876886653406487 2.687964506184037 0.19590212096668974 
0.4742174000369207 0.37299599997544647 0.7666585465390946 0.6609777551550696 
1.475512586715037E-17 4.526376715779007E-17 1.4574483507488252E-16 2.503961906498991 
0.2061714574682693 0.6888067748094023 2.3984428430413387 1.011648831892107 
0.5772932142650454 0.4353211764083309 0.978628996896692 0.20749621995531445 
0.6423045993968286 0.25104380218525574 1.7657473992963484 0.9326018929113479 
0.7235512297362802 0.2484996507729714 2.224912524812789 0.3392175402843762 
0.3942248812059364 0.4883778134057583 0.7800670589631454 0.5842779993570641 
0.3995348742317277 0.30170068912954606 0.6659980796689264 0.8891174407399378 
0.6758808008612895 0.23969128660101424 2.2053658607329703 0.9505358144944002 
0.6189057469714903 0.2519304339732429 1.637658605393473 1.00032248025508 
0.5242669445002575 0.3307450617887395 0.9836499221649834 0.7760562841558809 
0.355162456530828 0.48857082557136017 0.8562084090079963 0.7376175559314846 
0.7127076334996701 0.29124903623532206 2.066175822288736 0.0015632508876324588 
0.42816362962861904 0.5207094873155502 0.839911147987036 0.4343250863623697 
0.7402169154810332 0.20961104977276035 2.799291958647185 0.48646894357299164 
0.9099574156148739 0.6333525168719774 0.7407630241615476 2.4133973938368228E-5 
0.3601153312676852 0.712949718416563 1.4916556029759132 2.2770713677144905E-4 
0.6948670970431217 0.2270089879000322 2.3220515598176843 0.8411594629524716 
0.393547456231065 0.6068075769808611 1.1152092956576625 0.312162538563484 
0.322681576448753 0.3546488226759629 0.5249387652076336 0.7914464870800803 
0.2982643798170968 0.7044589777705808 1.8963418897265778 0.1445591656425839 
0.22971218657213385 0.7361114917500591 2.540324088030966 0.35129985143871373 
0.21327925324589672 0.7465495276754248 2.713495483065739 0.0020009874366733026 
0.2300393254575355 0.7244600965596127 2.418421771647473 0.48031739555576625 
