4.332010708311826E-17 4.3306069657719244E-17 1.0003530462593608 
0.7072558214197082 0.7072312323103658 0.0 
4.330877848849592E-17 4.330674794944672E-17 1.0002300444468395 
0.5766035940081946 0.5766218094986345 0.5796342244248897 
0.668952726436222 0.6666050839640231 0.33560568882208414 
4.330252571507441E-17 4.3305339013696876E-17 1.0001415678177445 
4.330661326631913E-17 4.330764058986776E-17 1.0002153485571903 
0.6658423168435552 0.666013332215321 0.3372935888205938 
0.40547691908920686 0.4054880556703969 0.8193227832866947 
0.4080193978554043 0.4080305421541178 0.817214319840444 
0.703602363541466 0.7035282020964059 0.10293965313394624 
0.13195081210074255 0.13196107858628556 0.9825571518704592 
0.22920428129014334 0.22924943355059482 0.9467335470857271 
0.576173875062457 0.5760323592640771 0.5817699024936828 
0.3462348171720072 0.34624388498954206 0.8726091679596714 
0.13992172514105256 0.1399289873988711 0.980644706020017 
0.5783074703052712 0.5775334742901189 0.5776875974825021 
0.6803619701513492 0.6812647083520436 0.27326983787706566 
0.347525406617334 0.34751752984029854 0.8718165293057512 
0.7045339379185382 0.7043419530788532 0.09198649977528611 
0.29704508011948166 0.29716004768546866 0.9080177970649684 
0.6122942359913043 0.6127885284214908 0.5027674966527338 
0.5328284772715486 0.531557102841952 0.6620801460281487 
0.12019932115382129 0.12020552657827935 0.9858298662208331 
0.40836619793797146 0.4082484913256134 0.8176792856885011 
0.5143694503680187 0.5137918295650176 0.688317263290103 
0.6502906566763796 0.6507328969057871 0.39351876948774517 
0.7047542245973366 0.7047352279667616 0.08397943072888647 
0.2665998836072278 0.26659451603808765 0.9267043337932054 
0.16362855636684973 0.16361034853703751 0.9735561443741091 
0.6935970901585482 0.695570899438279 0.19680503840559435 
0.6538949577152149 0.6516406234915197 0.3903718162867474 
0.5142797643726981 0.5141607136490572 0.6870629151712112 
0.6267694469002434 0.6238524557521216 0.4732168814360586 
0.4053522314619039 0.4055490086829418 0.8198408209082034 
0.1904217145457661 0.19057879110109424 0.9639306508152612 
4.330585227333331E-17 4.331088186689737E-17 1.000243992319893 
0.2595258180390689 0.25936109740098556 0.9314704587430721 
4.330661326631913E-17 4.330764058986776E-17 1.0002153485571903 
4.330596360702138E-17 4.330865599163038E-17 1.0002195725384841 
0.15927310978875406 0.15930928509094835 0.9746463633048273 
0.6252748814503167 0.6259855017828466 0.46980932613578236 
0.30227367192626126 0.30235096730882355 0.9055611240495154 
0.4563397350924891 0.4564953608561777 0.765568652330218 
0.6882344585100749 0.6895495521714192 0.2308458245057224 
0.19393877391463316 0.19415577440773377 0.9626712543544513 
0.6161341002440553 0.6154948221825545 0.49346186014636534 
0.688448445453672 0.6884406204369835 0.23117751643086412 
0.5272269463335976 0.5296380631077628 0.6690717586374847 
0.46098043862724314 0.4604679878718106 0.7609264293996488 
4.330838634683061E-17 4.331211449887707E-17 1.000287489211595 
0.6948961068160724 0.6931224650643938 0.1999083351888218 
0.1189449830662495 0.11895769896597609 0.9860723433724607 
4.3308996589313903E-17 4.3306925700796665E-17 1.000234615731032 
4.330842512436608E-17 4.3307724080353455E-17 1.000237235871951 
0.6459780449664253 0.6475750971212515 0.40983854078717724 
0.6839171285969202 0.6846582902585046 0.25485600004910886 
0.5071710494327261 0.5055592932545623 0.700893991199825 
0.7075545788170494 0.7068976031706915 0.030543492814751723 
0.3746107120381817 0.3747537272723941 0.849186168873634 
0.6471207133361002 0.6463259654428456 0.40701833309462787 
0.17640697522812054 0.17636977286417374 0.9692105118097534 
0.38089971583556814 0.38111419797185386 0.8439499296010892 
0.4966035594994659 0.49680172209219947 0.7126981422004883 
0.32510643956872254 0.32541665527629104 0.8886384670150799 
0.06279444483720246 0.06279320220375838 0.9962344158946298 
0.7017087825417561 0.7016834821680629 0.12728092359443635 
0.041629537502890085 0.04162510643584369 0.9987734346991807 
0.3889000892143493 0.3885667947211124 0.8368244489359846 
0.6575926756571021 0.6560439030107938 0.3766747638478964 
0.19433928526438632 0.19436657757679215 0.9618038175717292 
0.6168315683845802 0.6172206425110002 0.49020700694817 
0.14119123439684048 0.14121343642514944 0.9803513344683895 
0.6204842128649732 0.6211393622647328 0.4823490802270336 
0.5060015348661917 0.5059829066006107 0.6991744326972297 
0.6250383244755634 0.6214581777427167 0.48007399107810034 
0.32498166417618674 0.3252195984170472 0.8886556805840746 
0.4435050127312131 0.44381196909622206 0.7795644306206959 
0.654707881785289 0.655367912696342 0.3783314271025209 
0.6779564378910272 0.6759812575609508 0.295211263778314 
0.07484009538663318 0.07482945273047072 0.9947307379389213 
0.28108329909869756 0.2808606510532175 0.9184953606135193 
0.31657815894886315 0.31679921513868703 0.8953632286005835 
0.579151415439032 0.5770544846992761 0.5798996414622339 
0.5781396374813069 0.5772601052264194 0.5788437158806838 
0.5279951527233979 0.5266642082087343 0.6692145796704152 
0.057926563160888074 0.057924561366269084 0.9967926551631412 
0.6701329354706113 0.6707226087051084 0.32020669445386724 
0.46442702549084935 0.46512136154242106 0.7559247129036298 
0.6962787969154202 0.6965146349736825 0.17784340356257095 
0.5757103190138685 0.5754925978150481 0.5819463557704165 
0.2684750122798824 0.26851687042171085 0.9256247537977689 
0.23511401914413768 0.2351546644851244 0.9438665307059623 
0.13931766214050373 0.139320151664092 0.9808648017861364 
0.4284476620192524 0.4285936603932905 0.797255319458909 
0.4282550258837221 0.4281609461526247 0.7966477915451933 
0.05223432107142823 0.052238580525225155 0.9976807736484119 
0.5761199934604999 0.5760109115418582 0.5803063610929001 
0.2342225083227619 0.23408667884551765 0.9444333912481616 
0.08506933734546211 0.08508479319024798 0.993443957236324 
0.11801909231368088 0.11800403459661897 0.9863503933506622 
0.3186565279990005 0.31950979854697115 0.8943656142361364 
0.2820004331216219 0.2819248144211151 0.9176683316686173 
0.3668765794012195 0.36698043961964444 0.8556367025923384 
0.5237631342397842 0.5237164537717891 0.6736440409367626 
0.6608390107216323 0.6594953731887971 0.3638919291267626 
0.6194799602421439 0.6183575314956908 0.48654937243606794 
0.23457251864174913 0.2345942263931646 0.9440161497874234 
0.6924769735424652 0.6930210369002519 0.20436946085609384 
0.6737232072596606 0.6714800947801134 0.3153939858419117 
0.03829977328297543 0.038304667887317546 0.9988324222415683 
0.5196781788863338 0.5196366415113548 0.6794425815724934 
0.7012633294248153 0.7012163413270815 0.1303429051096665 
0.05236688507577026 0.052367868569722587 0.9973457503902924 
0.5800302117736885 0.578336067549395 0.5769585296480926 
0.4467577103671889 0.4463737529539954 0.7770793613265053 
0.09964132576138211 0.09964553933985625 0.9905085611985416 
0.5218490616961843 0.5208475820114545 0.6779154781248978 
0.23479330144792435 0.2349102940225265 0.944298582347787 
0.6753849042932949 0.6765552879753005 0.29721427802813016 
0.2665998836072278 0.26659451603808765 0.9267043337932054 
0.5736752182436569 0.5737511455024749 0.5857855733674241 
0.46714150101026347 0.46675834642908093 0.752430052551805 
0.6275184915420001 0.6274285577226321 0.46228952188711847 
0.7059150395958885 0.7057090306049342 0.06530174445860627 
0.11789814782852334 0.11790306065092715 0.9864432637892029 
0.6855413557010975 0.6844564873682158 0.2521347168169315 
0.09471104482408668 0.09468507369909039 0.991445955542866 
0.16993881812871822 0.16993720301251003 0.9710361998851524 
0.041629537502890085 0.04162510643584369 0.9987734346991807 
0.3928572992140264 0.3929233246864499 0.8328473723427101 
0.6990707040259696 0.6990340028361213 0.15217109769445797 
0.19849514762094 0.1984372748948419 0.9608388012847981 
0.6971644966956072 0.6965611138735689 0.1736761334436822 
0.08557728364214319 0.08558368618824497 0.992778848568002 
0.045323388975592356 0.0453363869673186 0.9982261653174667 
0.7071189042076285 0.7070390168200813 0.02595733556228672 
0.49401119191670767 0.4926662322216118 0.7188630431476432 
0.7015101280633856 0.7014215123293935 0.12974233633984494 
0.22648655857280459 0.22653698064075148 0.9481409568138668 
0.31432014905955435 0.31430458282963936 0.896728184787611 
0.33068856490013365 0.33076060577149097 0.8855897608143991 
0.2069245871440475 0.20696181618197657 0.9569342119727138 
0.6808847076458908 0.6787252436879964 0.2826363905347561 
0.6520270171311441 0.6534643627176872 0.3899017483946937 
0.6781012633078841 0.6789478360897603 0.2868724663329168 
0.40547691908920686 0.4054880556703969 0.8193227832866947 
0.310137999561841 0.3102610594711893 0.8994060238896507 
0.677348218899414 0.679009977878578 0.28958479813119464 
0.6596314219810822 0.657707762533306 0.3688303198217128 
0.4307852588175456 0.43059802335786784 0.7938485631693646 
0.35670489153053525 0.35676508655952593 0.8642714726036341 
0.3560773914053367 0.3563258761168957 0.8648039400613433 
0.606248999413125 0.6068605056843448 0.5169633072755018 
0.6663538785131047 0.6669598536994632 0.3355502550289581 
0.4476496034187009 0.447271201850958 0.7750276533641698 
0.3909056661407064 0.3907639342016374 0.8341002803751164 
0.07122159192072773 0.07122313130337098 0.9950764407488588 
0.24078231645822976 0.24076842871460713 0.9405632253300189 
0.6864407796704767 0.6897133701161746 0.24326494072408528 
0.5943548344357911 0.5943097719699156 0.5430294045572636 
0.6373624320466654 0.6351950076915085 0.4411890180378609 
0.5900572972263206 0.5908176325578731 0.5525046449864546 
0.700788024258994 0.7028936776188085 0.13662923573816887 
0.6396909983978207 0.6390908217958482 0.4289544769828567 
0.528311878250642 0.5289994898102668 0.6655980047783479 
4.330877848849592E-17 4.330674794944672E-17 1.0002300444468395 
0.3380727141835172 0.3381802291671789 0.8797800615780322 
0.5930234138975334 0.5922615322143452 0.5469811279432777 
0.5334312026316034 0.5329822229310868 0.6578578639926035 
0.2101870959468748 0.21007956553247137 0.9561550363122336 
0.2177751557373843 0.21779699188800827 0.9519126466634112 
0.6918494414161597 0.6944328639801615 0.21063046376416172 
0.10765246981763481 0.10763782414145466 0.9889644160089877 
0.6882354375037899 0.6864321443253164 0.24185069523385574 
4.330676376976226E-17 4.3308223180747E-17 1.000223814350803 
0.5933884274804005 0.5933200511835048 0.5452870559321642 
0.5577331988269699 0.5590415387631787 0.6159514684235973 
0.09276669273339808 0.09276321073951543 0.9918344518901844 
0.36604508072444114 0.36614299591742905 0.8565299665645137 
0.057926563160888074 0.057924561366269084 0.9967926551631412 
0.5466753269464141 0.5460244176396679 0.6367972118561976 
0.3000553707427034 0.29994080157218156 0.9065261921335211 
0.4718683959733109 0.4718138522725193 0.7457192087868257 
0.5990267916559765 0.5967682103030566 0.5383880743531485 
0.1703633281268016 0.1702545801138354 0.971518404749458 
0.10896250547992499 0.10896284851622887 0.9881900351855848 
0.6275184915420001 0.6274285577226321 0.46228952188711847 
0.05762835228197792 0.05762655355881639 0.9971617994166146 
0.5559385452509767 0.5558402583764422 0.6193967732548554 
0.6382192705576187 0.6388286978554253 0.4329277674192814 
0.4226462238858749 0.42279872907665217 0.8027124766078911 
0.3520299046408592 0.3523560969849738 0.8678135822035332 
0.706173606506953 0.7061421953391027 0.05498908761152987 
0.06797316904175717 0.06797155895303461 0.9955273704570228 
0.49418902821697236 0.495066982737569 0.7184671511633189 
0.24527259640662696 0.24527520846810788 0.9383993885200085 
0.5564547130999424 0.5555634004048504 0.6194769251506606 
0.6352013573773394 0.6374610888330885 0.4412476433107656 
0.12868344400706128 0.12861731633114093 0.9838479034445524 
4.330596360702138E-17 4.330865599163038E-17 1.0002195725384841 
0.21891561838877877 0.21878605935398932 0.9518346631722372 
0.558882046705571 0.5596826314342125 0.6143359089350695 
0.5098528851952094 0.5083201564824259 0.6967819584519166 
0.6137044964082778 0.6130007306629128 0.4992480475163062 
0.48409604622408525 0.48418256691496603 0.7295302226068726 
0.35512833103252756 0.35514550945780987 0.8652783483716886 
0.4097296857343169 0.4097291345277842 0.8159607869660609 
0.5302202429563159 0.5304572274594096 0.6638869590520398 
0.4856385784901303 0.48614534133388926 0.7308554108607231 
0.634065727813782 0.6321973186590525 0.4495055304309756 
0.4718683959733109 0.4718138522725193 0.7457192087868257 
0.1481668975665505 0.1482312424476509 0.9791856243972624 
0.3010937404818702 0.30064366338755233 0.9064913628037111 
0.4521392270774748 0.4519361592900654 0.7699020106190738 
0.46418319435334043 0.4626592342970725 0.7580769242599148 
0.6423674842554685 0.6426024615907767 0.418482193274702 
0.4632979109088982 0.46324164211001895 0.7567291726893476 
0.661827692300659 0.663826324868888 0.3537923334633634 
0.4501008931372552 0.4505414204011935 0.7717955216050182 
0.3838764485877935 0.3838189942097246 0.8402483891815674 
0.2838863633560713 0.28350479012942925 0.9180653279960552 
0.14421825314414807 0.1442003596500787 0.9792934983850543 
0.6974729033215662 0.6971387590515119 0.16903329143275483 
0.041905751557884646 0.041909058370945725 0.9985341234663977 
0.6655768057606154 0.6627497280813411 0.35101579290113916 
0.6627484669405928 0.6616437433426196 0.35372238444717524 
0.43922892193864277 0.4392229696096256 0.783735232404766 
0.4837084238521184 0.48390846510513247 0.7307352750158865 
0.484574193130735 0.4843498877931725 0.729877769808477 
0.27633672395324915 0.2763416425260526 0.9209249087050579 
0.30080608076177845 0.3008603812181377 0.9055309149549349 
0.1687313517049894 0.16874894371723032 0.9715200079717496 
0.6821523199038776 0.677817078363142 0.2887895765618716 
0.5627353075850353 0.5618954439156929 0.6079345329543073 
0.4315440360349007 0.4318150995322282 0.7925310382630933 
0.5930234138975334 0.5922615322143452 0.5469811279432777 
0.6454625643596692 0.6442910652722391 0.4149036790979032 
0.6351170818700567 0.6356328124698886 0.44153750156036414 
0.5451136326999818 0.54419530607345 0.6404897267580651 
0.3570089494198299 0.3575086771274472 0.8643890653910008 
0.05524513574192498 0.055224905057611406 0.9973567020289695 
0.5057213577439387 0.5044111658683167 0.7025934627731856 
0.14164055121368946 0.1416717372270002 0.9800625243851719 
4.330252571507441E-17 4.3305339013696876E-17 1.0001415678177445 
0.1728989461735549 0.17288812643507864 0.9699333146852843 
0.6020695571264612 0.6021146406683983 0.5267848585076643 
0.3743062083002179 0.3742367322734625 0.8492846629742221 
0.5012000712721912 0.501310908048166 0.7061343438409731 
0.046477792304441386 0.04647341502907289 0.9981538343720634 
0.6296670017947834 0.6301895356259892 0.4558612253512307 
4.330842512436608E-17 4.3307724080353455E-17 1.000237235871951 
0.20193104041279736 0.20217812591782497 0.9592531878665898 
0.20493550956402234 0.20499430102676522 0.957498985959714 
0.3396293870406771 0.3394911216918478 0.8785549203547732 
0.7039164106608963 0.7038789936492461 0.09737806073651813 
0.6863016454029203 0.684086636587653 0.25523367704673694 
0.5391323755911273 0.540414562119117 0.6483206993622437 
0.4303770743136048 0.43026403030225635 0.793980674145049 
0.6098610336707044 0.6103387560207705 0.5073737506604077 
0.5671276135188087 0.564149562251958 0.6056722755274424 
0.25357231706638855 0.253586261910509 0.9339645911961698 
0.7059150395958885 0.7057090306049342 0.06530174445860627 
0.041905751557884646 0.041909058370945725 0.9985341234663977 
0.5393676880442297 0.5386892347762514 0.6490363481064366 
0.42044904991109033 0.42040787897511056 0.8043698271078454 
0.7021673771530906 0.7022593331689788 0.12009091209400966 
0.5350890298989361 0.5349516047800661 0.6552194204067403 
0.06871417123573297 0.06871362729451243 0.9955029705997491 
0.655612767109457 0.6563417575762052 0.3763453635395205 
0.36699936809128414 0.36731638069492545 0.8566607129034889 
0.6944545460183019 0.6943964712497591 0.19022510107180676 
0.6806695021125524 0.6819981138974005 0.2729049607594229 
0.26337527956060097 0.2634522325055027 0.928599325131069 
0.5588119704058432 0.55663910405631 0.6187576800096665 
0.38394663078185737 0.38410993917903213 0.840393420233661 
0.21986281439329014 0.2198401756947566 0.9509847827116811 
0.6118978061691837 0.6117250034836257 0.5020404925416225 
0.5964664809646384 0.5972598679290004 0.5390169874655447 
0.6093073163303873 0.6078308606300351 0.5127652760486627 
0.24433800137963474 0.24431701480022794 0.9390335396860575 
0.6832255400945157 0.6821224124435521 0.26452498376927724 
0.5413155031141385 0.5424338459388893 0.6454073319187443 
0.28257745910251025 0.28267488059834156 0.9172897809394404 
0.7008917506421951 0.700849478538439 0.13341994735941587 
0.6256781681861318 0.6261614780828946 0.46839099068351303 
0.18288236031206456 0.1828391843716769 0.9665564494128187 
0.49723702933469666 0.4962986166261803 0.7138586234866412 
0.670976371276239 0.6717164268490746 0.3177560053087132 
0.5424970717919535 0.5425441067769625 0.6434813053367756 
0.6485083054453964 0.6479818653009186 0.40151728764886657 
0.0486236820381406 0.04862255908471 0.9980134914256636 
0.6485083054453964 0.6479818653009186 0.40151728764886657 
0.3260884075616189 0.32625380387310843 0.8882198267915775 
2.875846486292531E-4 2.876013112347666E-4 1.0002063675116166 
0.26337527956060097 0.2634522325055027 0.928599325131069 
0.08341220880173933 0.08340867858125076 0.9934203034791659 
0.30080608076177845 0.3008603812181377 0.9055309149549349 
0.6861462484807235 0.6897897724086076 0.24612724816934564 
0.1483978921626944 0.14829704171892355 0.9786523370109449 
