0.838921197025164 0.8609976482104461 0.848394260940545 2.981573129633796 
0.8420626453798183 0.8463919913566506 0.8232911592877935 3.0681778735941294 
0.838921197025164 0.8609976482104461 0.7819841842967279 3.2003046436329745 
0.8424997931680454 0.8557853840366187 0.7558388193529922 3.4061192425258944 
0.85563764859388 0.8541312639441606 0.7087648131817078 3.6744890464311064 
0.8420826471046761 0.856020127119002 0.669934972741228 3.9525969236920613 
0.8556312148980673 0.8560911139344133 0.22816346321619524 4.21094815501614 
0.8552574011578213 0.8560690712579967 0.19548198772989908 4.270707206474633 
0.8552574011578213 0.8560689134352135 1.584090489654078E-5 4.67298586170381 
0.8416797706448529 0.8147789428196364 0.848999151223957 3.081344602512956 
0.8425664677773783 0.8146202578344048 0.8377861072941907 3.087815188348898 
0.838921197025164 0.8609976482104461 0.7819841842967279 3.1965034536267107 
0.85563764859388 0.8541312639441606 0.730874089154891 3.5115972939859175 
0.8558438129090502 0.8558971571899628 0.6862977375886145 3.851362595245384 
0.8556312148980673 0.8560911139344133 0.22816346321619524 4.2109317630579675 
0.8556312148980673 0.8560911139344133 0.21025528316788658 4.2304830357136725 
0.8476157058514958 0.0011198060440369391 5.033488276913269E-5 6.352601313883605 
0.8416365728588794 0.7870683903181782 0.8576259129250959 3.2147941317400877 
0.8416762481695853 0.7870683903181782 0.8576259129250959 3.2434100979485962 
0.8329834284217974 0.7876979928146518 0.7876526338687372 3.369417212398664 
0.85563764859388 0.8541892796802473 0.7087648131817078 3.6870535315425776 
0.8556312148980673 0.8560911139344133 0.2373804504696893 4.203651382176326 
0.8328253642296851 0.7754575868292235 0.22986093325262538 4.509017843465973 
0.8476157058514958 0.0011198060440369391 5.033488276913269E-5 6.352601313883605 
0.8685853125871389 0.7586892943078087 0.8558040867551776 3.3425419363836784 
0.8425231449701713 0.7440092237337703 0.8692346300923472 3.5044477338418485 
0.8425408281067851 0.711431913367428 0.8545720558450925 3.6747732597864946 
0.8459743793194283 0.7421284398855873 0.7308940281374489 4.067340706978194 
0.8420831938398138 0.7005284771455326 0.21822377686758934 5.00423845135711 
0.838684350763188 6.182955755874839E-5 4.443139479221091E-5 6.364447860364038 
0.8688708842676705 0.711431913367428 0.8558731096101249 3.662702511131316 
0.843324146427723 0.6883511636694803 0.8698236839094056 3.8811851818323806 
0.8582751145731726 0.23362147691505566 0.8648294240847886 4.225204577571928 
0.8093109746644221 0.19268843736248464 0.7288476131348455 4.99739472016062 
0.838684350763188 6.182955755874839E-5 4.443139479221091E-5 6.364477126583179 
0.8425173457819141 0.6643566683845912 0.844378490917122 4.073361717166388 
0.8582751145731726 0.23362147691505566 0.8648294240847886 4.225204577571928 
0.8385433470786086 0.20796493264678967 0.7830795249978365 4.504679465489257 
0.838684350763188 6.309006030908938E-5 4.84318894886264E-5 6.366576581372066 
0.8582751145731726 0.2212910132580495 0.8648294240847886 4.235379916808195 
0.8388907860848895 0.21604843004815838 0.8575157381587983 4.257628109657686 
0.838684350763188 6.309006030908938E-5 4.842591162927092E-5 6.365808807654256 
0.8592961066277183 0.19233984849829544 0.8442245423305338 4.306268149047104 
0.838684350763188 6.309006030908938E-5 4.842591162927092E-5 6.365808807654256 
0.8378322270288003 1.479472479112006E-4 0.8541905891083812 4.6706602273310285 
0.838921197025164 0.8609976482104461 0.8485907136492017 2.981965113340858 
0.841679648987216 0.8146202578344048 0.837872623856903 3.087275679808771 
0.838921197025164 0.8609976482104461 0.7819841842967279 3.1965034536267107 
0.85563764859388 0.8541904682118266 0.7310913000496418 3.515262738269414 
0.8558438129090502 0.8558971571899628 0.6862977375886145 3.851362595245384 
0.8556312148980673 0.8560911139344133 0.2502185644216463 4.206348542733297 
0.8556312148980673 0.8560911139344133 0.21025528316788658 4.2304830357136725 
0.0013448074950438685 0.855847130226033 1.584090489654078E-5 6.353579220282484 
0.841679648987216 0.8146202578344048 0.837872623856903 3.087275679808771 
0.841679648987216 0.8146202578344048 0.8377889829835231 3.0931119804588105 
0.8558438129090502 0.8556551987193812 0.7788327047004011 3.337365799201578 
0.85563764859388 0.8541892796802473 0.7087648131817078 3.6870535315425776 
0.8556312148980673 0.8560911139344133 0.2373804504696893 4.203651382176326 
0.8556312148980673 0.8560911139344133 0.2373804504696893 4.203680123833524 
0.001954824283330825 0.0011070790594352596 5.225644287249772E-4 8.030933842056763 
0.8416762481695853 0.7870683903181782 0.8576259129250959 3.2434100979485962 
0.8685853125871389 0.7586892943078087 0.8558040867551776 3.3425419363836784 
0.8386255264515794 0.7857817268983243 0.780536601302623 3.4274110204294113 
0.8420826471046761 0.856020127119002 0.669934972741228 3.9530356896286674 
0.8328253642296851 0.7754575868292235 0.22986093325262538 4.509017843465973 
5.119036197832572E-4 1.4743480639097277E-4 3.3075832030176396E-5 8.030872382724736 
0.8425231449701713 0.7440092237337703 0.8692346300923472 3.5044477338418485 
0.8688708842676705 0.711431913367428 0.8558731096101249 3.662702511131316 
0.8421681532173956 0.6734082224005968 0.8647300071441278 3.9685372244764996 
0.8420831938398138 0.7005284771455326 0.669934972741228 4.724966906516844 
5.119036197832572E-4 1.474386879357251E-4 3.3075832030176396E-5 8.033373168743864 
0.8428511376696507 0.6883511636694803 0.8698236839094056 3.8799447230425685 
0.8582751145731726 0.2212910132580495 0.8648294240847886 4.235379916808195 
0.8385433470786086 0.20796493264678967 0.7830795249978365 4.504679465489257 
5.119036197832572E-4 1.4802237792180292E-4 8.652692485293578E-4 8.033594057518078 
0.8582751145731726 0.2212910132580495 0.8648294240847886 4.235379916808195 
0.8582751145731726 0.2466862365230952 0.8648294240847886 4.225931339457274 
5.073276734332664E-4 7.606207096217717E-5 0.0016012108180017415 8.037658171191211 
0.8388907860848895 0.21604843004815838 0.8575157381587983 4.257628109657686 
0.001954824283330825 7.228721114016414E-5 0.0028442155543194625 8.03081056775085 
5.161384090443716E-4 1.47960947187867E-4 0.8601657300923065 6.344459106343568 
0.7952899487086584 0.803630275554232 0.8493971203048588 3.2400527993846997 
0.7651363076451819 0.8612036422747091 0.8638340070033306 3.275952110443942 
0.8054076651059292 0.8614847952753587 0.7801041615622927 3.31377630714104 
0.85563764859388 0.8541892796802473 0.7087648131817078 3.6870535315425776 
0.8556312148980673 0.8560911139344133 0.22816346321619524 4.2109317630579675 
0.7697665712930328 0.8487102488321846 0.23040649148171877 4.518615229434185 
0.0013448074950438685 0.855847130226033 1.584090489654078E-5 6.353579220282484 
0.7651363076451819 0.8612036422747091 0.8638340070033306 3.275952110443942 
0.7551404890022593 0.8612572762860219 0.8456667414830247 3.3437222789819554 
0.7693454160264268 0.8447925460076376 0.7842721926819667 3.4910691895453407 
0.8420826471046761 0.856020127119002 0.669934972741228 3.9530356896286674 
0.7697665712930328 0.847843259636411 0.23040676155339235 4.519465677042355 
5.119036197832572E-4 1.4743480639097277E-4 3.3075832030176396E-5 8.030872382724736 
0.7997560575600933 0.7728003149558522 0.8497768488647418 3.376143683701391 
0.7980219578561407 0.7640789865783193 0.8606408365406609 3.4375767586092336 
0.7561581119685084 0.7908818670086663 0.7892909083366281 3.75110547403349 
0.8024367688470779 0.8001484048097722 0.22963111710680387 4.562721253429721 
0.001954824283330825 7.228721114016414E-5 8.63320031914017E-4 8.040683488487097 
0.8425408281067851 0.711431913367428 0.837625910342553 3.680019052395572 
0.8421681532173956 0.6734082224005968 0.8647300071441278 3.9685372244764996 
0.8113890572855875 0.19002277386316455 0.8040695317967911 4.544439711151726 
5.119036197832572E-4 1.474386879357251E-4 3.3075832030176396E-5 8.033373168743864 
0.8475870636374699 0.24670061234372198 0.8600621857153502 4.232646289435563 
0.8062268086329263 0.22107582840907739 0.8642641339016687 4.379213645596643 
0.001954824283330825 7.228721114016414E-5 8.518716524621246E-4 8.040507205420313 
0.806242650672192 0.22107582840907739 0.8647337370499463 4.367713110169168 
5.15428606395137E-4 1.4870053303070826E-4 0.0016013925494112453 8.021941229665417 
5.155447643525514E-4 1.479472479112006E-4 0.8541905891083812 6.337011603176204 
0.7524201833399329 0.8612572762860219 0.8456925184809194 3.368829906584856 
0.7345793319840194 0.86116770874399 0.8439940911753011 3.5207501692776377 
0.7105966529102603 0.8612572762860219 0.8497555730900764 3.666147993001252 
0.7553285166581932 0.8615641877751282 0.7588363719917917 3.9114551332117715 
0.6950755395749569 0.85290743098996 0.23324102110032494 5.082059120151859 
5.073073949659274E-4 0.8542492334762923 5.113023247258486E-4 6.359792225844656 
0.7345793319840194 0.86116770874399 0.8439940911753011 3.5207501692776377 
0.7111498183694552 0.8612036422747091 0.8495173263393592 3.6625137639996974 
0.6679376436831802 0.8538173117277693 0.8488575712472575 3.981632225350932 
0.6751738288381058 0.8644842126943537 0.6710537677920618 4.934375851547074 
5.096322379268203E-4 1.6712956255163718E-4 8.698202561989373E-4 8.034125910832206 
0.7111498183694552 0.8612036422747091 0.8495173263393592 3.665167640070294 
0.6679376436831802 0.8538173117277693 0.849531217781642 3.983756185816309 
0.23581475337745805 0.8033571949336744 0.8025509958933853 4.490180192580858 
5.096322379268203E-4 1.6712956255163718E-4 8.698202561989373E-4 8.034125910832206 
0.7654205578392843 0.7723667756476023 0.8422270687120218 3.5702522597443522 
0.6783423315548998 0.6697851371034929 0.8407445264742772 5.017537573020634 
5.15428606395137E-4 1.4870053303070826E-4 0.0016013925494112453 8.021941229665417 
0.7239071841303999 0.08052597142353268 0.8440547206474907 5.148345784307247 
5.04747973895876E-4 7.201041845735328E-5 8.581634190042427E-4 8.044587826764213 
5.155447643525514E-4 1.479472479112006E-4 0.8541905891083812 6.337011603176204 
0.7105966529102603 0.8612572762860219 0.8497555730900764 3.666147993001252 
0.6851533416290334 0.8612036422747091 0.8566190428371087 3.8673874794571375 
0.25072160020198464 0.8538352582214631 0.8493971165648972 4.225702906056415 
0.2489361168044522 0.8612036422747091 0.7062934473237302 4.994650705081432 
5.073073949659274E-4 0.8542492334762923 5.113023247258486E-4 6.359792225844656 
0.6851533416290334 0.8612036422747091 0.8566190428371087 3.8673874794571375 
0.23591353474576204 0.8606881628871289 0.8493644577561926 4.2296903809787585 
0.232352855016332 0.8563521791378387 0.7731109653528895 4.5078551152530295 
5.119036197832572E-4 7.200819230244394E-5 8.581634190042427E-4 8.044387583301841 
0.25072160020198464 0.8538605253423281 0.8493971165648972 4.222762117594945 
0.25434090051813074 0.7723667756476023 0.8497795961858351 4.511091779679376 
5.15428606395137E-4 1.4870053303070826E-4 0.0016013925494112453 8.029429578241157 
0.23255845919707774 0.7112106530729202 0.8497768488647418 4.935385537980309 
5.119036197832572E-4 1.5132874742326957E-4 0.0016012108180017415 8.037310593147302 
5.155447643525514E-4 1.479472479112006E-4 0.8541905891083812 6.337011603176204 
0.6651739222213554 0.8538173117277693 0.8493971212242323 4.002272461076489 
0.25072160020198464 0.8538605253423281 0.8493972564632855 4.227951241618758 
0.232352855016332 0.8563521791378387 0.7731109653528895 4.5078551152530295 
5.073073949659274E-4 0.8542492334762923 5.113023247258486E-4 6.359792225844656 
0.25072160020198464 0.8538605253423281 0.8493971203048588 4.225493692816473 
0.25072160020198464 0.8538605253423281 0.8493971165648972 4.222762117594945 
5.119036197832572E-4 5.908693217222538E-4 0.0016013925494112453 8.038056265332301 
0.23255845919707774 0.7723667756476023 0.8497768488647418 4.5117906898450855 
5.15428606395137E-4 1.4870053303070826E-4 0.0016013925494112453 8.029429578241157 
5.155447643525514E-4 1.479472479112006E-4 0.8541905891083812 6.337011603176204 
0.25072160020198464 0.8538352582214631 0.8493971165648972 4.225702906056415 
0.20687330640015633 0.8605763731633981 0.8493636670190644 4.248855958077367 
3.8574256351263446E-4 0.8756083505272905 6.70173617620851E-5 6.392148820346571 
0.20687330640015633 0.8605763731633981 0.8493636670190644 4.248855958077367 
5.119036197832572E-4 5.908693217222538E-4 0.0016013925494112453 8.03645029429898 
2.14283426637956E-5 1.4795505990252843E-4 0.858746430310721 6.349372742561794 
0.18880528737872393 0.8538968041307415 0.849424000475554 4.284587298347076 
8.540659807046528E-5 0.8739862984707859 0.001990259112152837 6.360653007898532 
2.14283426637956E-5 1.4795505990252843E-4 0.858746430310721 6.349372742561794 
2.4311804207688932E-5 0.8783711605238629 0.8502329889667681 4.690670693786282 
