0.8630073658188795 0.8655181260754368 0.8660803524404539 3.7491500064043077E-4 8.218771778774923E-4 9.430912960887643E-5 4.751315572086097E-4 0.0013365938489606653 1.340973799982209E-4 1.7786009657874506E-4 3.592903948839771E-4 2.1564234218877E-5 1.6696895088229823E-4 6.953826141784769E-4 2.0239927574682508E-4 0.0019177716313343168 1.1848447032022813E-4 2.0302717753600997E-4 0.001113670379157336 7.786820582002202E-4 0.0012129653307668255 0.0023294519327647324 
0.8579022184605936 0.8641187718378837 0.8082034175365677 4.552941209453728E-4 3.376920197075677E-4 0.00232577169815616 1.7253502112671488E-5 2.0988195571099256E-4 4.9848680719344595E-5 0.005395652168983997 7.162097746535946E-5 5.686538975802615E-4 0.0016321175849086718 2.6095944235771497E-4 1.5139962142667924E-4 1.4682907559617495E-4 4.69015595966881E-5 7.620025306132143E-4 9.839459464546533E-4 8.733338393076734E-5 8.5173658304881E-5 6.05910988762846E-4 
0.8607882441565242 0.8595450825791607 0.8063131757231086 5.100823088657123E-4 3.138304861091403E-4 8.904769273700395E-5 3.0595574143208495E-4 2.0395936514780292E-4 1.284529113663013E-4 8.915459299247704E-5 3.471958179088982E-4 2.9904718393274424E-5 9.385671208491773E-4 2.990695935374193E-4 4.658524870548461E-4 1.1012940460802166E-4 7.125053603748824E-6 1.8496597557135868E-4 1.5139097209993077E-4 0.006849944564643389 0.002810798123104432 0.0031205565490138813 
0.8604386561647029 0.8460121439774315 0.7525191036006688 5.100823088657123E-4 3.138304861091403E-4 8.899839839240697E-5 3.062930017244946E-4 2.309115814531675E-4 1.259174287783995E-4 8.915459299247704E-5 3.5772785750715866E-4 3.822262476304386E-5 0.016307218341896627 2.9993762870113592E-5 5.377995931933078E-4 1.951349971491016E-4 8.555927320967724E-6 4.506062675693042E-5 1.7000650195671436E-4 0.006828659423557152 9.514763082008683E-4 0.013819320612650836 
0.8607882441565242 0.8595767548719396 0.7123524629242273 5.100823088657123E-4 3.138304861091403E-4 8.899839839240697E-5 3.062930017244946E-4 2.309115814531675E-4 1.2591782788290936E-4 8.915459299247704E-5 3.5772785750715866E-4 3.821989697864309E-5 8.644455178589387E-4 2.9993762870113592E-5 5.377995931933078E-4 1.951349971491016E-4 7.125053603748824E-6 3.8078203131742286E-5 1.7000650195671436E-4 0.006828659423557152 8.716775874463793E-4 0.0031205565490138813 
0.8699662620486462 0.8600695683847656 0.6627284854943043 1.2892072887913102E-4 0.00749977840845363 9.625554640579079E-5 0.002318683504879927 6.144795469582801E-4 7.288320577927673E-5 6.349851420998443E-5 3.4560209802402496E-4 1.2160677101136212E-5 7.691425302730238E-4 6.022119796914553E-4 0.009275085350583964 1.6715580153202624E-5 1.2530487743190212E-5 2.6009145480333166E-4 9.209660595701462E-4 0.0013556924431322014 0.00635408752170129 0.01617640090135608 
0.8562150466118967 0.8661326593144512 0.24045655356723677 4.2518787335925026E-4 8.196015711544246E-4 7.895473175892432E-5 0.001762455911667269 5.327610898997145E-6 1.2621288678655503E-4 2.1046189561107955E-5 0.0036719979407727095 2.156723630174036E-4 8.330718392558214E-5 1.3233858828960352E-4 0.001661465462753113 1.9206766440065407E-4 7.159181535741758E-6 3.1848697976741275E-5 1.6923168541184462E-4 1.8980717023189494E-4 8.614439408160264E-4 2.9017211530980337E-5 
0.8567355488417743 0.8582556953274811 0.18830950503489835 5.23596566431796E-4 3.6665817960114717E-4 3.3898426677320267E-4 5.43329865497747E-4 0.0012828884786254535 1.0242454687724364E-4 0.00282992606866025 9.99581350639255E-5 1.3982829694376238E-4 7.173692195767279E-4 2.9690702498396705E-4 5.154628171444332E-4 7.458264449845147E-5 5.7501265964420786E-5 2.2304438682267842E-4 6.82686616677926E-4 1.102644532500389E-4 9.033113893696868E-4 0.007369133991000922 
0.856403895331359 0.8583700994066822 4.0489767254211226E-5 0.002036699580622501 8.200775702793235E-4 8.427063971975599E-5 0.0012526668174892665 0.0012633924151650633 7.253854714964971E-5 2.1435600353039845E-5 9.424106810501054E-5 1.0214188886320272E-5 2.9826377944704337E-5 6.571700745293326E-4 0.001634908918694451 0.0016532030365166283 4.966886679385154E-4 7.477383461891947E-4 0.0019353974936890152 2.139739573478523E-6 8.582668500855689E-4 5.321937574357066E-4 
0.870440442097155 0.8262616897070696 0.8484830578940529 5.513464746678604E-4 8.400348635345192E-4 0.0023959139363711845 2.0391687222382277E-4 0.0012687219740777265 0.0012920636692872521 0.005601640897906844 3.608129000773452E-4 3.330493503459766E-5 3.7601068658620583E-4 5.431380422603031E-4 1.7025561347506395E-5 1.718541883240644E-5 6.428832640267997E-4 2.3788972665088332E-4 0.010006773217052671 8.250039401444326E-5 0.0028372387318591 0.006979617756788296 
0.870440442097155 0.8262616897070696 0.8215592202505367 5.513464746678604E-4 8.400348635345192E-4 9.62386673613686E-5 2.008168758653164E-4 0.0012778827536638186 0.0012920636692872521 1.67260797805838E-4 3.608129000773452E-4 3.330493503459766E-5 3.7601068658620583E-4 5.431380422603031E-4 0.0016768608865252996 1.718541883240644E-5 2.209812501611922E-6 2.3788972665088332E-4 0.001116022182409614 8.250039401444326E-5 0.0028372387318591 0.006979617756788296 
0.8602781904061217 0.8460183399798975 0.7755455700697429 1.0379319254946205E-4 7.788719361524245E-4 7.744614707010051E-5 0.00509884186634197 6.040249375377217E-5 1.2599925948385366E-4 9.773154833815368E-5 1.7664372216952598E-4 6.007212374426673E-4 0.016279833258312792 2.997308277811905E-5 5.424483748741524E-4 0.0010151770645440202 2.257484208121674E-4 7.686815357792141E-6 9.990053226866652E-4 0.0013042539813874726 0.0010378902517524076 0.003925367431563835 
0.8608235352550888 0.8607775686125764 0.7324340063222489 9.609895469620596E-5 3.2483342999423814E-4 1.1344939832925072E-5 0.005092650671776321 1.999465809986456E-4 1.2591782788290936E-4 8.425581926365294E-5 7.662519345614186E-4 2.9904718393274424E-5 7.877974837125074E-4 5.43287469664484E-4 0.0016632450148968952 2.5726459935595386E-4 1.852690788181125E-5 7.405129558136416E-4 0.0010789741745106172 7.404459294309781E-4 3.484694260559244E-4 0.003977505291784871 
0.8533249174115012 0.8639865732063448 0.6886392985716612 1.7069753580385168E-4 7.969680085084626E-4 9.586359440638322E-5 0.005147355430899466 2.0416928549463778E-4 0.0012065427136637198 8.636598057086694E-5 3.473607010120066E-4 2.9422529635133565E-7 0.0015240026064034917 3.1043869728757296E-5 5.13990362703424E-4 1.7408697546173466E-4 3.7705907316675207E-6 0.0019624248100080597 1.5768992121357637E-4 0.006480893879821808 0.009622992218507173 0.0029236667954210486 
0.8562154649194601 0.8661326593144512 0.24045655356723677 4.251654006172623E-4 8.196015711544246E-4 7.908571773643069E-5 0.001762455911667269 4.2223716733812144E-6 9.887309309921791E-5 2.1046189561107955E-5 0.003695116192085549 2.156723630174036E-4 8.330718392558214E-5 1.3233858828960352E-4 0.0011147834169507006 1.9201878330897307E-4 7.159181535741758E-6 3.1848697976741275E-5 1.6923168541184462E-4 1.8879873073322215E-4 8.614439408160264E-4 2.9017211530980337E-5 
0.8567294458205267 0.858021984333067 0.20776554454823645 4.404540280489297E-4 3.662558695221326E-4 8.127324112768084E-5 3.1276892732244425E-4 0.0012828884786254535 1.0238399911496554E-4 1.0260909999244967E-4 0.0036777134951727136 2.1530217229569053E-4 1.0294344812111149E-4 3.3742084828351744E-4 0.0015764526868604412 0.0017002067836994564 1.8572346359410836E-5 2.2304438682267842E-4 6.82686616677926E-4 1.1159964514684136E-4 9.034196903808148E-4 7.278918005540233E-4 
0.8467993367930287 1.3636813635883763E-4 2.3278883524568972E-4 0.001992146252366613 6.158337068269694E-4 7.812212647635868E-5 5.461826624643587E-4 2.168665933695833E-5 1.2614486927673508E-4 3.8815192987821674E-5 6.542756475157271E-4 2.2778719620965122E-4 1.1694992746733653E-4 5.273905385871971E-4 2.234008434109073E-4 0.00173715336197323 7.108199238133206E-6 7.684190572866807E-5 0.0013144502023488057 1.6950243309462633E-4 3.069465451329765E-4 7.077880308853559E-4 
0.85648818642187 0.7805743291260657 0.8483859767232593 0.004899278869165178 7.924729953236902E-4 0.0023744195686938663 0.0012582591662138182 1.9855983332390967E-4 9.80252235474004E-5 0.005613388207073251 3.5005921421867416E-4 4.4135971570102755E-7 2.1321318403012745E-5 6.560524319898402E-4 2.4664414485835417E-5 0.001714970247027671 6.429562922207377E-4 7.633397376716705E-4 0.0010083386136125862 0.00642717750123468 3.445781162284777E-4 0.0028476190730994124 
0.8677822022579695 0.7710117793974337 0.8483859767232593 0.004899278869165178 7.966729295941712E-4 0.002374421506391292 0.0012502487765579566 6.70112008747412E-6 0.0013361114179788272 1.9675240229614227E-4 3.500794506728877E-4 1.8667327298771313E-7 6.381919131797593E-4 1.293786653479084E-4 2.4664414485835417E-5 0.001694686230291259 0.0013386543172708922 7.639999520649167E-4 8.967221146890137E-5 0.00642717750123468 3.44678810170631E-4 0.0028476190730994124 
0.8579036287370878 0.804389699580281 0.8081398699128577 4.552941209453728E-4 2.7072930395928183E-4 5.9162794197609994E-5 3.1605934430399465E-5 2.09880794016328E-4 5.072717675612431E-5 1.7656059977743483E-4 7.623262115137946E-4 5.68665466390248E-4 0.0016352011514544917 2.3975726811329914E-4 1.5139962142667924E-4 1.4682907559617495E-4 2.6101396068759115E-5 7.620025306132143E-4 9.839459464546533E-4 1.4313576819924948E-4 9.256645522134667E-4 0.052663015802652924 
0.8572433664662512 0.8585215353749428 0.7116745270149414 0.0022402682128319553 8.427752525139004E-4 9.62386673613686E-5 3.030727571899391E-4 0.0012892582463668342 1.5015851253738274E-4 0.001976326033184546 3.59095415733383E-4 9.714900879712468E-4 6.641766916828671E-4 5.416347097271273E-4 0.0023039837987439303 4.160854950980555E-5 1.8572346359410836E-5 0.0010306420490120561 0.0011158305840951526 8.188742734489184E-5 5.421879739579811E-4 0.007344044622943232 
0.8562154419066674 0.8661326593144512 0.24045655356723677 4.251655432045269E-4 8.196015711544246E-4 7.908571773643069E-5 0.001762455911667269 4.2223716733812144E-6 9.887309309921791E-5 2.1046189561107955E-5 2.583897944515433E-4 2.156723630174036E-4 8.330718392558214E-5 1.3233858828960352E-4 0.0016103615725062532 1.920394185258037E-4 7.159181535741758E-6 3.1848697976741275E-5 1.6923168541184462E-4 2.2285133508979276E-4 8.614439408160264E-4 2.9017211530980337E-5 
0.8562197883877458 0.77145256880318 0.2575705632976382 0.001670920178780504 8.194879000604654E-4 9.49728773281305E-5 0.0017624494083208215 0.0013484644646274357 7.285165571252086E-5 1.778342003295375E-4 6.530109172014126E-4 2.1412447388356905E-4 6.575811735036212E-4 3.3182882184818493E-4 2.023117880178393E-4 1.479791030954812E-5 0.003420293702151701 7.662678540805597E-5 0.0012681546827145243 1.0998378764523986E-4 6.381290422798822E-4 4.5322205547003534E-4 
0.8467993367930287 1.3636813635883763E-4 2.3278883524568972E-4 0.001992146252366613 6.158337068269694E-4 7.812212647635868E-5 5.461826624643587E-4 2.168665933695833E-5 1.2614486927673508E-4 3.8815192987821674E-5 6.542756475157271E-4 2.2778719620965122E-4 1.1694992746733653E-4 5.273905385871971E-4 2.234008434109073E-4 0.00173715336197323 7.108199238133206E-6 7.684190572866807E-5 0.0013144502023488057 1.8822355183208996E-4 3.069465451329765E-4 7.077880308853559E-4 
0.8564481948760414 0.7525714763930023 0.8489830515802855 4.216465652951925E-4 0.007799426394089763 0.0023826416099439304 5.996792233049725E-4 4.560593629381908E-6 9.732837179463791E-5 0.005616128326069181 7.6359756368677E-4 4.155558395312728E-4 0.0010757489460973117 6.443498622470872E-4 2.4664414485835417E-5 0.0019127438600625144 6.429562922207377E-4 2.047214066178088E-4 0.010082446672785475 0.00642717750123468 3.445781162284777E-4 0.002906514518858639 
0.8529985782947989 0.7348840040321539 0.8579001296689208 0.00220945269670606 0.0032563317689093757 8.654443469630329E-4 9.507716543236043E-4 2.1103687771576498E-4 9.824141267993634E-5 0.003139441798953201 7.525830102033229E-4 7.4466768626473E-4 8.087532545322921E-4 2.2501496923452735E-4 0.002653908057883478 0.0016817116844205253 1.494044790043468E-4 3.8015567003925854E-5 9.860422138350511E-4 4.4102314695233704E-4 9.404409231051263E-4 0.0040792646475837566 
0.8530553644317157 0.7141864940994443 0.8483692710310922 0.0022016240819671363 0.0032563317689093757 8.654443469630329E-4 0.0012527358130325354 2.0678690051216173E-4 9.82521556350698E-5 0.0031883031484534127 7.525830102033229E-4 4.066351210351273E-6 8.087532545322921E-4 2.2501496923452735E-4 0.002653908057883478 0.0016817116844205253 1.494044790043468E-4 3.8015567003925854E-5 0.0010114819817913716 0.006432781568579504 9.404409231051263E-4 0.007315161174929651 
0.8504497274520327 0.7551253703053936 0.7247883117009712 0.00883321871361165 7.632836651059136E-4 0.03462812694763838 0.002354122619573622 2.6020202953491115E-4 1.0230213246874547E-4 1.0258120728937991E-4 3.961078302104885E-4 1.1409483026762583E-4 0.002986091875209646 0.0017217175069564514 0.002680623385712573 0.001728206681601154 0.0013243518032239705 0.008332299358215936 0.0021391574333428512 0.0014595066750776218 0.013005909836244502 0.007484116399244969 
0.841418153552745 0.7040697921978698 0.2346907005221256 0.0019463308795153083 7.939492808958859E-4 7.849767452628498E-5 0.0023516836090956717 4.151162157958407E-5 7.283042558497505E-5 1.7000396227579432E-4 3.41885240580878E-4 4.1635184607705333E-4 8.407373486075541E-4 1.50221342573365E-4 0.0018589898336561158 3.918567647785546E-6 1.2581837974152697E-5 1.6859941675969534E-5 0.0013095720322490179 1.102682630945248E-4 6.363332688925639E-4 0.0070207500938738905 
0.8467993367930287 1.3636813635883763E-4 2.3278883524568972E-4 0.001992146252366613 6.158337068269694E-4 7.812212647635868E-5 5.461826624643587E-4 2.168665933695833E-5 1.2614486927673508E-4 3.8815192987821674E-5 6.542756475157271E-4 2.2778719620965122E-4 1.1694992746733653E-4 5.273905385871971E-4 2.234008434109073E-4 0.00173715336197323 7.108199238133206E-6 7.684190572866807E-5 0.0013144502023488057 1.6950243309462633E-4 3.069465451329765E-4 7.077880308853559E-4 
0.8530553644317157 0.7141864940994443 0.8483692710310922 0.0022016240819671363 0.0032563317689093757 8.654443469630329E-4 0.0012527358130325354 2.0678690051216173E-4 9.82521556350698E-5 0.0031883031484534127 7.525830102033229E-4 4.066351210351273E-6 8.087532545322921E-4 2.2501496923452735E-4 0.002653908057883478 0.0016817116844205253 1.494044790043468E-4 3.8015567003925854E-5 0.0010114819817913716 0.006432781568579504 9.404409231051263E-4 0.007315161174929651 
0.8667874646919603 0.6844845102198513 0.8628006403578712 5.487606303191434E-4 8.673328746206447E-4 9.51848001203285E-5 5.732326667438501E-4 0.0012800777890189991 5.1214927335606905E-5 2.0601786706357476E-4 7.626512586559771E-4 5.527263574054219E-4 0.0010459527160626755 2.420583387944691E-4 0.0023070586130567758 1.5215066939220463E-4 0.0013401552426111555 4.514186039973317E-4 6.569185951181688E-5 1.7079059971542184E-4 9.171639000710356E-4 0.007217998284084148 
0.8525601826067231 0.23897583630264044 0.863229038661336 1.3920250438467698E-4 6.253757706342203E-4 9.519075658603795E-5 5.463039108949165E-4 5.7689643142924696E-6 5.4519270900062634E-5 1.1691995217088212E-4 1.077518819865471E-4 5.623704496991123E-4 2.1741797847452452E-4 1.4751783790424973E-4 1.6935745100053225E-4 1.5215324435414944E-4 0.0013532047980354188 1.6450025592345958E-4 9.727749245319573E-5 1.3272771937987264E-6 9.154172031026228E-4 0.0014889990540414323 
0.8661495580129273 0.20972746275110773 0.7040697128899227 1.6864342089057503E-4 7.744174610404378E-4 8.265795723491459E-5 2.985970987652983E-4 2.098461689122163E-4 6.0139739272623656E-5 0.002509313309355393 6.499892274651057E-4 5.85874313379449E-4 0.0016551055943821642 1.9642090723432992E-4 0.0016432325283088946 0.002231917048627707 1.7307755880376985E-4 0.018346017096610337 6.298877042261507E-5 8.049240289886998E-5 9.112932922000844E-4 0.004820706962959677 
0.8652368904054759 1.3314571498437025E-4 6.007084644354185E-4 3.47437761526992E-4 7.654924886561266E-5 7.81228112825276E-5 2.421258899339864E-5 2.165564151102179E-5 6.0465692229198006E-5 6.224188105444863E-5 3.745123502432024E-4 5.665972274368416E-4 6.752783495576457E-4 5.27338784698782E-4 0.0029287228270445543 0.002265171966084337 1.3040140445651043E-4 7.348059095137085E-5 0.0010796731248493045 1.111806057923669E-4 6.301176863852204E-4 0.0016452733933751884 
0.8522637460965865 0.668078078030329 0.8342578694784859 4.955023791186773E-4 2.533786488208114E-4 9.554520723839113E-5 6.555814842542187E-4 2.1102153906385745E-4 0.0014760131878472451 0.005527028634436622 7.399704710011067E-5 7.326792664804016E-4 0.0016955551944250976 2.586135357291087E-4 0.002307169708834386 0.0016722778971095412 0.011630031311534172 5.100855101091896E-4 9.79673573363732E-4 1.8961010054241594E-4 9.371798166281677E-4 0.0017875349601740146 
0.8525601826067231 0.23897583630264044 0.863229038661336 8.402983554064912E-4 6.253757706342203E-4 9.554787956308228E-5 5.463039108949165E-4 5.7689643142924696E-6 0.001318835803175445 1.1755498529417E-4 1.077518819865471E-4 5.623430106233116E-4 2.1741797847452452E-4 1.4751783790424973E-4 1.6935745100053225E-4 1.5040414877982722E-4 5.653163906180888E-5 1.6450025592345958E-4 9.727749245319573E-5 4.253458771510244E-6 9.154172031026228E-4 0.0014889990540414323 
0.8632537847047115 0.251897757064505 0.7842608130031978 5.234076280791745E-4 7.721584796209552E-4 9.570821652574181E-5 1.8491447544391137E-4 2.09843037683828E-4 2.0099227537615253E-4 0.002989603689818934 1.0275490435886381E-4 2.5976299624548327E-4 0.0010311082041312412 3.1290152343597006E-4 0.0022578572064887326 0.0023198437765917937 7.037504719849323E-5 1.3484370993320684E-4 0.0013434296451392369 1.1108221601882627E-4 0.00119444769378114 0.0026922424499897044 
0.8652368904054759 1.3314571498437025E-4 6.007084644354185E-4 3.47437761526992E-4 7.654924886561266E-5 7.81228112825276E-5 2.421258899339864E-5 2.165564151102179E-5 6.0465692229198006E-5 6.224188105444863E-5 3.745123502432024E-4 5.665972274368416E-4 6.752783495576457E-4 5.27338784698782E-4 0.0029287228270445543 0.002265171966084337 1.3040140445651043E-4 7.348059095137085E-5 0.0010796731248493045 1.111806057923669E-4 6.301176863852204E-4 0.0016452733933751884 
0.8525601826067231 0.23897583630264044 0.863229038661336 8.402983554064912E-4 6.253757706342203E-4 9.298248275187734E-5 5.463039108949165E-4 5.7689643142924696E-6 0.001318835803175445 1.1755498529417E-4 1.077518819865471E-4 5.623430106233116E-4 2.1741797847452452E-4 1.4751783790424973E-4 1.6935745100053225E-4 1.5040414877982722E-4 5.653163906180888E-5 1.6450025592345958E-4 9.727749245319573E-5 1.2536139213239328E-5 9.154172031026228E-4 0.0014889990540414323 
0.84130348440319 0.20923153994583107 0.8628078404281085 4.55571712892236E-4 4.95840257850559E-4 7.835753160509993E-5 6.567252955112215E-4 2.0988298434649464E-4 0.001485533038851597 2.2029074991966732E-4 8.594276554541703E-5 4.2296839978802573E-4 0.001695847494423367 6.527798545054261E-4 0.001857247078413321 1.4611538136789467E-4 6.461761124418693E-5 3.348310670972258E-5 5.301418871749041E-5 1.901414231435433E-4 9.153932063539311E-4 0.0017533863081333964 
0.8602748413449477 8.78001245824267E-5 6.007084644354185E-4 8.364712823359581E-4 0.0013837334527440734 9.525466827505119E-5 2.421258899339864E-5 8.767434543767393E-6 6.0465692229198006E-5 6.0359832715666653E-5 3.745123502432024E-4 5.665972274368416E-4 2.200857245872999E-4 1.9291350779043954E-4 0.0029287228270445543 0.002265171966084337 1.5646787376286307E-4 2.007602567586067E-4 0.0011197183434270858 1.1422009583182989E-5 9.062938841265211E-4 0.0016256963822648162 
0.8598767640230174 0.18519466206658125 0.8628078404281085 4.554190274333436E-4 0.0032030465636167112 4.783821117534506E-5 3.043255632359864E-4 2.1687701393535962E-4 0.0015124003545864692 2.9099198931501835E-4 7.732850659952015E-4 5.72367878608396E-4 8.697553134628108E-4 6.527798545054261E-4 5.170534570658809E-4 1.4611538136789467E-4 7.288409151454357E-6 3.8056011132941766E-5 5.7269445029432824E-5 2.057952535127758E-4 9.545135694151291E-4 0.002495539393153732 
0.8559994964571027 1.371122239075114E-4 0.0022885617070776687 1.259696074841902E-4 7.683338013452256E-4 8.033442891207131E-5 0.0023493392655293105 1.5125204747100081E-5 5.048565354637873E-5 9.352722012938171E-4 1.828514636736172E-4 2.2865789382661236E-4 1.6207751261587266E-4 7.791436349647264E-5 0.001685979020980425 1.9079453010033233E-4 1.584348943946168E-4 4.024172635889139E-5 0.0010622685426337358 1.3558519476159297E-4 7.815412958769386E-4 0.001871319949923297 
0.8585980898248883 1.389294281144823E-4 0.8455249073953969 0.005528551789738748 0.0032034632405817743 3.47073770108149E-4 3.528444526663678E-5 2.0994978381230832E-4 3.3864060030744576E-5 0.0012177068377585546 5.532029426955162E-4 5.411102064766533E-4 0.001619840153146705 6.412183181720209E-4 2.552005508253977E-4 9.767522933415587E-4 0.0013104387275475003 6.576466539879992E-5 2.549296314739794E-4 9.99204147142801E-5 0.0034256784261619488 0.0014756944949767396 
0.8209617572289776 0.8626812829667997 0.8578002251479453 0.0021653471818020797 0.001046639543612525 1.132637105117465E-4 2.8891086824124E-4 1.3580216281040776E-4 6.548591113154588E-5 0.005400992686898823 7.000168717777276E-5 4.63940800494055E-6 0.002378055895379692 6.379744529998513E-4 6.17477756141178E-4 0.0014788815069807263 1.6124464724482659E-4 5.765666408111203E-4 2.4434452320031518E-6 0.00650217200126363 0.006792787530303179 0.002725393606969472 
0.8390912566315119 0.8434096148874082 0.8200230485403578 4.578441425826291E-4 7.821780894652127E-4 1.6483238956310818E-5 0.00509884186634197 7.116204145263402E-4 0.001299184887583961 1.6028219926018591E-4 3.58965710807498E-4 2.465895300021888E-5 0.010946601887987278 2.929678581031825E-4 2.969989100117239E-4 0.0015990714063447342 7.671440446366502E-4 7.683321835153694E-4 9.968050301285881E-4 0.0013042539813874726 0.0028652777717992836 0.0019978092097681817 
0.8602781904061217 0.8460183399798975 0.7755455700697429 1.0379319254946205E-4 7.788719361524245E-4 7.744614707010051E-5 0.00509884186634197 6.040249375377217E-5 1.2599925948385366E-4 9.773154833815368E-5 1.7664372216952598E-4 6.007212374426673E-4 0.016279833258312792 2.997308277811905E-5 5.424483748741524E-4 0.0010151770645440202 2.257484208121674E-4 7.686815357792141E-6 9.990053226866652E-4 0.0013042539813874726 0.0010378902517524076 0.003925367431563835 
0.8610113563191505 0.860756868856352 0.7324340063222489 0.0048991980932322505 3.1509823062536525E-4 3.6334531962576775E-4 2.3952623916327157E-4 2.0007203307545896E-4 1.2591782788290936E-4 8.915459299247704E-5 7.69789936195345E-4 2.9904718393274424E-5 6.374189654440456E-4 5.43287469664484E-4 0.0016632450148968952 2.007082183308423E-4 1.852690788181125E-5 7.723650530339589E-4 0.0010789741745106172 0.0066889704664016125 3.484694260559244E-4 0.0031205565490138813 
0.8533249174115012 0.8639865732063448 0.6886392985716612 1.7069753580385168E-4 7.969680085084626E-4 9.586359440638322E-5 0.005147355430899466 2.0416928549463778E-4 0.0012065427136637198 8.636598057086694E-5 3.473607010120066E-4 2.9422529635133565E-7 0.0015240026064034917 3.1043869728757296E-5 5.13990362703424E-4 1.7408697546173466E-4 3.7705907316675207E-6 0.0019624248100080597 1.5768992121357637E-4 0.006480893879821808 0.009622992218507173 0.0029236667954210486 
0.8562154649194601 0.8661326593144512 0.24045655356723677 4.251654006172623E-4 8.196015711544246E-4 7.908571773643069E-5 0.001762455911667269 4.2223716733812144E-6 9.887309309921791E-5 2.1046189561107955E-5 2.583897944515433E-4 2.156723630174036E-4 8.330718392558214E-5 1.3233858828960352E-4 0.0016103476158397763 1.9201878330897307E-4 7.159181535741758E-6 3.1848697976741275E-5 1.6923168541184462E-4 1.8878669114165902E-4 8.614439408160264E-4 2.9017211530980337E-5 
0.8567294458205267 0.858021984333067 0.20776554454823645 4.404540280489297E-4 3.662558695221326E-4 8.127324112768084E-5 3.1276892732244425E-4 0.0012828884786254535 1.0238399911496554E-4 1.0260909999244967E-4 0.0036777134951727136 2.1530217229569053E-4 1.0294344812111149E-4 3.3742084828351744E-4 0.0015764526868604412 0.0017002067836994564 1.8572346359410836E-5 2.2304438682267842E-4 6.82686616677926E-4 1.1159964514684136E-4 9.034196903808148E-4 7.278918005540233E-4 
1.3818980175106128E-4 0.8660233064669552 5.831019308015495E-5 2.5833423087799016E-4 8.199411290735179E-4 3.382443271609885E-4 0.002391172502709708 1.0940879370106328E-6 9.822140182896116E-5 5.032141419487776E-5 1.7481412606945056E-4 1.406205425105302E-4 6.090973236284316E-5 2.9542132444654746E-4 4.6799336735710127E-4 0.0017015103324830095 1.9753023057871054E-5 1.8680863981475153E-4 0.0013285771266000705 0.0013603838371114801 0.0010645831718756218 0.002757397582415712 
0.8229772599559013 0.826784789468382 0.8624053769216515 5.844022381731206E-5 8.540133589288462E-4 1.148860678134232E-4 0.00509884186634197 4.078549455355468E-5 1.0756385350254781E-4 8.671039238325158E-5 4.1455550090848715E-4 2.261941106154611E-5 0.010722830599318833 6.445509552603979E-4 2.718213361767249E-4 0.00170380921958599 5.047716322705021E-4 7.623037176862498E-4 9.953095985608393E-4 0.0014018477592243205 0.002930755904559896 0.0020691025374467474 
0.8390912566315119 0.8263448428795936 0.8200230485403578 4.578441425826291E-4 0.0010479439611306058 1.256964892589736E-5 0.00509884186634197 7.116204145263402E-4 0.001299184887583961 1.6028219926018591E-4 3.58965710807498E-4 1.514808764477704E-6 0.010946601887987278 2.929678581031825E-4 6.9809619882555E-4 0.0015990714063447342 7.671440446366502E-4 7.620104934085368E-4 9.968050301285881E-4 0.0013042539813874726 0.0028652777717992836 0.0019978092097681817 
0.8579462159218358 0.8573280256695033 0.765490280514389 0.004946497679089298 3.3045394920431717E-4 3.435303520372351E-5 2.1601017908933428E-4 2.0352581196772464E-4 0.0013229004674795365 5.244594587807782E-4 7.631279458816573E-4 9.787156566466381E-4 0.006733490918003099 3.2507016861082507E-4 5.3636873672286E-4 0.0016373306243314353 2.6716211126744246E-4 9.527031434237285E-4 6.741983727162048E-5 2.6700542853221954E-4 0.006532455732462559 0.0031429750527959812 
0.8607882441565242 0.8595450825791607 0.7123524629242273 5.100823088657123E-4 3.138304861091403E-4 8.899839839240697E-5 3.0595574143208495E-4 2.0395936514780292E-4 1.2591782788290936E-4 8.915459299247704E-5 3.471958179088982E-4 2.9904718393274424E-5 8.644455178589387E-4 2.990695935374193E-4 4.658524870548461E-4 1.951349971491016E-4 7.125053603748824E-6 3.8078203131742286E-5 1.5139097209993077E-4 0.006828659423557152 8.7960005993174E-4 0.0031205565490138813 
0.8562199387513539 0.8661326593144512 0.24020146349638707 4.2518787335925026E-4 8.196015711544246E-4 7.918522448628799E-5 0.001762455797629073 5.327610898997145E-6 9.887309309921791E-5 2.1046189561107955E-5 0.0036719979407727095 2.1411181809702346E-4 1.0098044104024244E-4 3.3723002376624016E-4 0.0016108914806556118 1.859703576152075E-4 3.7188495500709755E-5 3.1848697976741275E-5 1.6923168541184462E-4 1.8835124872309243E-4 8.585061236842994E-4 4.498367006000155E-4 
0.8562154649194601 0.8661326593144512 0.24045655356723677 4.251654006172623E-4 8.196015711544246E-4 7.908571773643069E-5 0.001762455911667269 4.2223716733812144E-6 9.887309309921791E-5 2.1046189561107955E-5 0.003695116192085549 2.156723630174036E-4 8.330718392558214E-5 1.3233858828960352E-4 0.0011147834169507006 1.9201878330897307E-4 7.159181535741758E-6 3.1848697976741275E-5 1.6923168541184462E-4 1.8879873073322215E-4 8.614439408160264E-4 2.9017211530980337E-5 
5.36519771400068E-4 5.3419802201557716E-5 6.007172164046249E-4 1.6614155786684503E-4 6.152322165351671E-4 8.049600730795483E-5 2.892692409369019E-4 6.92891572770044E-5 6.020367618500122E-5 6.273534731630193E-5 2.880725877863504E-4 2.558384837649294E-4 0.001691831392406011 1.9659164995663235E-4 0.002979122301286021 0.002265171966084337 1.5993464034062683E-4 7.738018697157931E-5 0.0013150540198279 1.0945832152614601E-4 9.160556299519722E-4 6.616523893538415E-4 
0.8677822022579695 0.7710117793974337 0.8483859767232593 0.004899278869165178 7.966729295941712E-4 0.002374421506391292 0.0012502487765579566 6.70112008747412E-6 0.0013361114179788272 1.9675240229614227E-4 3.500794506728877E-4 1.8667327298771313E-7 6.381919131797593E-4 1.293786653479084E-4 2.4664414485835417E-5 0.001694686230291259 0.0013386543172708922 7.639999520649167E-4 8.967221146890137E-5 0.00642717750123468 3.44678810170631E-4 0.0028476190730994124 
0.8530317310987973 0.7709521250932232 0.8777849051775087 0.004899278869165178 7.924729953236902E-4 0.002382963085083359 0.00124868055983494 6.70112008747412E-6 1.478810450575266E-4 9.632894751017721E-5 3.5005921421867416E-4 4.039560155219975E-4 6.381919131797593E-4 1.291077521238974E-4 2.4664414485835417E-5 0.001912966182821668 6.45068732169357E-4 7.549408587055678E-4 8.967221146890137E-5 0.00642717750123468 3.1509988654073785E-4 0.00284716254511088 
0.8570013986038177 0.7838888840536686 0.7850104651121871 0.0022535441179158955 7.73006992044368E-4 8.270002376314906E-5 1.8305135411696147E-4 0.007093640043565134 1.499723032249347E-4 0.0019322280584870809 1.8868136552528626E-4 0.03725236916796903 0.00872181984422533 3.115033046733073E-4 0.0023142937591449056 0.002333668745066653 6.645595584129196E-4 0.0010204868724616402 0.0014106203802305441 8.176399421048184E-5 0.001193070551288285 0.0026973786138033687 
0.8701061620733953 0.8635984488848258 0.6738062909206188 4.4012106745444136E-4 7.984921554274068E-4 3.419083204178469E-4 3.0570379848050236E-4 0.0012828884786254535 1.0242454687724364E-4 1.0260909999244967E-4 3.588255323400509E-4 1.3982829694376238E-4 6.777306831336407E-4 2.90987482713561E-4 5.154628171444332E-4 1.5837162407287804E-5 1.8572346359410836E-5 2.2304438682267842E-4 0.001116022182409614 1.102644532500389E-4 3.254690143172532E-5 0.007475297366888853 
0.8562197883877458 0.77145256880318 0.2575705632976382 0.001670920178780504 8.194879000604654E-4 9.49728773281305E-5 0.0017624494083208215 0.0013484644646274357 7.285165571252086E-5 1.778342003295375E-4 6.530109172014126E-4 2.1412447388356905E-4 6.575811735036212E-4 3.3182882184818493E-4 2.023117880178393E-4 1.479791030954812E-5 0.003420293702151701 7.662678540805597E-5 0.0012681546827145243 1.0998378764523986E-4 6.381290422798822E-4 4.5322205547003534E-4 
5.36519771400068E-4 2.268832143822704E-5 6.006935694734028E-4 1.6614155786684503E-4 6.151548810035241E-4 8.049600730795483E-5 2.054150673490447E-4 6.954385331614166E-5 3.316829013330718E-5 6.273534731630193E-5 3.736499950814262E-4 2.558384837649294E-4 0.001691831392406011 1.9659164995663235E-4 0.0029269789361639517 0.002265108707730984 1.959486754208418E-5 2.049670720447969E-4 0.0013146521560108196 1.0950204693345029E-4 9.133453542319398E-4 0.006010872846719672 
0.8529985782947989 0.7348840040321539 0.8579001296689208 0.00220945269670606 0.0032563317689093757 8.654443469630329E-4 9.507716543236043E-4 2.1103687771576498E-4 9.824141267993634E-5 0.003139441798953201 7.525830102033229E-4 7.4466768626473E-4 8.087532545322921E-4 2.2501496923452735E-4 0.002653908057883478 0.0016817116844205253 1.494044790043468E-4 3.8015567003925854E-5 9.860422138350511E-4 4.4102314695233704E-4 9.404409231051263E-4 0.0040792646475837566 
0.8530553644317157 0.7141864940994443 0.8483692710310922 6.046242030660143E-4 0.0032563317689093757 0.0025870363748194108 0.0012409064510364974 0.0012298596503430878 9.82520992349184E-5 0.0031340895310142704 7.626488136359903E-4 5.527814330009322E-4 8.057547667633379E-4 2.2501496923452735E-4 0.002653908057883478 1.3928618388217215E-4 0.0013423687314947632 3.8015567003925854E-5 0.001011254567689618 0.006491665470443461 9.404409231051263E-4 0.007313306847060497 
0.8598245964668473 0.6718940846798128 0.8628078404281085 4.55571712892236E-4 0.0032510661814152885 9.554520723839113E-5 6.567252955112215E-4 2.0988298434649464E-4 0.001485533038851597 0.005526903477814558 3.5640139489982443E-4 7.545091851931412E-6 0.0012344654899951457 2.914514060037395E-4 0.0023070586130567758 1.4611538136789467E-4 6.473868536599498E-5 1.548078971161119E-5 5.7269445029432824E-5 1.8961081661075576E-4 9.050844826875125E-4 0.0017797228887204235 
0.852531490142057 0.6757368895695673 0.6928048607533781 0.005478001079086999 7.650830205707707E-4 8.281023769257064E-5 0.0356232487964054 2.4810346706315487E-4 0.0012137355294942506 0.005526908359969992 3.4798561310820167E-4 1.6120741036433986E-5 0.019330107924476706 2.863695011834329E-4 4.73102245570464E-4 0.0018976628288424802 0.011330583504624367 4.841773771804317E-4 0.0013549850877817079 1.8960997724116915E-4 8.867629755101806E-4 0.0028481278388384212 
5.36519771400068E-4 5.3419802201557716E-5 6.007172164046249E-4 1.6614155786684503E-4 6.152322165351671E-4 8.049600730795483E-5 2.892692409369019E-4 6.92891572770044E-5 6.020367618500122E-5 6.273534731630193E-5 2.880725877863504E-4 2.558384837649294E-4 0.001691831392406011 1.9659164995663235E-4 0.002979122301286021 0.002265171966084337 1.5993464034062683E-4 7.738018697157931E-5 0.0013150540198279 1.0945832152614601E-4 9.160556299519722E-4 6.616523893538415E-4 
0.8667874646919603 0.6844845102198513 0.8628006403578712 5.487606303191434E-4 8.673328746206447E-4 9.51848001203285E-5 5.732326667438501E-4 0.0012800777890189991 5.1214927335606905E-5 2.0601786706357476E-4 7.626512586559771E-4 5.527263574054219E-4 0.0010459527160626755 2.420583387944691E-4 0.0023070586130567758 1.5215066939220463E-4 0.0013401552426111555 4.514186039973317E-4 6.569185951181688E-5 1.7079059971542184E-4 9.171639000710356E-4 0.007217998284084148 
0.8525601826067231 0.23897583630264044 0.863229038661336 8.402983554064912E-4 6.253757706342203E-4 9.554787956308228E-5 5.463039108949165E-4 5.7689643142924696E-6 0.001318835803175445 1.1755498529417E-4 1.077518819865471E-4 5.623430106233116E-4 2.1741797847452452E-4 1.4751783790424973E-4 1.6935745100053225E-4 1.5040414877982722E-4 5.653163906180888E-5 1.6450025592345958E-4 9.727749245319573E-5 1.2536139213239328E-5 9.154172031026228E-4 0.0014889990540414323 
0.8632537847047115 0.251897757064505 0.7842608130031978 5.234076280791745E-4 7.721584796209552E-4 9.570821652574181E-5 1.8491447544391137E-4 2.09843037683828E-4 2.0099227537615253E-4 0.002989603689818934 1.0275490435886381E-4 2.5976299624548327E-4 0.0016927337470761515 3.1290152343597006E-4 0.0022578572064887326 0.0023198437765917937 7.037504719849323E-5 1.3484370993320684E-4 0.0013434296451392369 1.1108221601882627E-4 0.00119444769378114 0.0026922424499897044 
1.3893595718234865E-4 8.78001245824267E-5 6.007084644354185E-4 1.6910710792759621E-4 0.0013545126746370621 8.028577880622591E-5 2.421258899339864E-5 1.0982736673407277E-5 8.677445185738286E-5 6.224188105444863E-5 3.745123502432024E-4 2.0333189275584013E-5 6.790676393731091E-4 2.8590034742978645E-4 0.002919376449398968 0.002265171966084337 6.547765680742158E-5 2.007602567586067E-4 0.0010796731248493045 1.8975218319975667E-4 5.599491611213189E-4 0.0016256963822648162 
0.8530897269145465 0.23955988168677797 0.863229038661336 8.51724010091438E-4 6.253757706342203E-4 8.015348914992434E-5 5.300427250256121E-4 6.8753513478313265E-6 0.0013429219206471544 6.28760083435175E-5 1.0786186812123083E-4 4.6774846025375024E-4 6.4504919068127E-4 1.4672465866661015E-4 0.0029174041226614866 1.5197911816951937E-4 4.285740673969864E-5 1.5513977358127244E-4 9.72826888526253E-5 1.4455359893043607E-4 9.154172031026228E-4 0.0016755838409036714 
0.8525601826067231 0.23897583630264044 0.863229038661336 8.402983554064912E-4 6.253757706342203E-4 9.554787956308228E-5 5.463039108949165E-4 5.7689643142924696E-6 0.001318835803175445 1.1755498529417E-4 1.077518819865471E-4 5.623430106233116E-4 2.1741797847452452E-4 1.4751783790424973E-4 1.6935745100053225E-4 1.5040414877982722E-4 5.653163906180888E-5 1.6450025592345958E-4 9.727749245319573E-5 4.253458771510244E-6 9.154172031026228E-4 0.0014889990540414323 
1.3893595718234865E-4 8.78001245824267E-5 6.007084644354185E-4 1.6910710792759621E-4 0.0013545126746370621 8.028577880622591E-5 2.421258899339864E-5 1.0982736673407277E-5 8.677445185738286E-5 6.224188105444863E-5 3.745123502432024E-4 2.0333189275584013E-5 6.790676393731091E-4 2.8590034742978645E-4 0.002919376449398968 0.002265171966084337 6.547765680742158E-5 2.007602567586067E-4 0.0010796731248493045 1.8975218319975667E-4 5.599491611213189E-4 0.0016256963822648162 
0.8598245964668473 0.20923153994583107 0.8628078404281085 4.55571712892236E-4 0.0032030465636167112 9.554520723839113E-5 6.567252955112215E-4 2.0988298434649464E-4 0.001485533038851597 0.005527028634436622 8.594276554541703E-5 5.72367878608396E-4 0.001695847494423367 6.527798545054261E-4 0.0023070586130567758 1.4611538136789467E-4 6.473868536599498E-5 3.348310670972258E-5 5.7269445029432824E-5 1.901414231435433E-4 9.050844826875125E-4 0.0017797228887204235 
1.3893595718234865E-4 8.78001245824267E-5 6.007084644354185E-4 1.818575120585517E-4 0.0013892927758544621 8.028577880622591E-5 2.421258899339864E-5 7.1369164855199425E-6 6.0510787155583176E-5 1.8021584423753015E-4 1.8590532062911664E-4 2.586782057534537E-4 1.8921836273131482E-4 1.8671080671715681E-4 0.0029287228270445543 0.002265171966084337 1.572018076332565E-4 2.007602567586067E-4 0.0010630157205297685 2.4982984353159464E-4 5.651377211859073E-4 4.0327763512477055E-4 
4.268823103278766E-5 1.389839930632542E-4 0.8624467009210295 3.2628763683361376E-4 0.0031753544547187466 9.862536324635269E-5 5.060173163498635E-4 1.9105652727782817E-4 0.001486393016013448 0.005442297231396943 6.761721436423563E-4 1.4995814726382912E-4 0.0017211119503261557 6.386497341967665E-4 0.002260650944138411 9.618397903528494E-4 5.8075722842876506E-5 3.350883846354346E-5 5.378868353080155E-5 1.9058150080190962E-4 9.045566694528084E-4 8.352414838285181E-4 
0.7850362254190694 0.8627320634652769 0.8767375843052163 2.6030074982399953E-4 0.0010441035729113917 9.395592103880041E-5 0.0021893237256444733 4.876498794053898E-4 0.0012866496016427666 0.0054245145391289325 6.748819845100079E-5 4.900424511864799E-6 8.985364614844792E-4 1.7076344967947708E-4 5.454916359102737E-4 0.0017281694461814732 0.008466087990144453 7.591330035780391E-4 9.969070022297953E-4 3.931948638978503E-4 0.0028260143168816736 0.0022048496872236673 
0.7798070228871535 0.8913259800561139 0.8761591993656888 4.584346965617938E-4 0.0010426369880379017 9.395592103880041E-5 0.0021893237256444733 7.000361305574423E-4 0.0012866496016427666 0.0053446125537211925 4.015552717789902E-4 5.742944551786541E-4 8.985364614844792E-4 1.7279749977909583E-4 5.454916359102737E-4 1.5605508560766809E-4 5.2420022923944064E-5 1.5676859989938706E-4 9.839069806325106E-4 0.006398772025237045 3.068620818258566E-4 0.0022014202612352174 
0.7945490927744251 0.8436187126019243 0.8081930212637701 1.2294631928693768E-4 7.821705106058279E-4 1.068778730184208E-4 0.00509884186634197 1.9519263290843056E-4 1.2846557553959658E-4 0.0055312614743497045 8.829365212231018E-5 5.978588159009461E-4 9.401810836130854E-4 1.8018803135688979E-4 1.4997334698530092E-4 1.113789767290495E-4 2.2761631769128976E-4 1.8452904868099772E-4 9.967111501613323E-4 4.170218887141388E-4 0.0028144877351012456 0.0021992855626835777 
0.8607882441565242 0.8595450825791607 0.7123524629242273 5.100823088657123E-4 3.138304861091403E-4 8.899839839240697E-5 3.0595574143208495E-4 2.0395936514780292E-4 1.2591782788290936E-4 8.915459299247704E-5 3.471958179088982E-4 2.9904718393274424E-5 8.644455178589387E-4 2.990695935374193E-4 4.658524870548461E-4 1.951349971491016E-4 7.125053603748824E-6 3.8078203131742286E-5 1.5139097209993077E-4 0.006828659423557152 8.7960005993174E-4 0.0031205565490138813 
0.8562154649194601 0.8661326593144512 0.24045655356723677 4.251654006172623E-4 8.196015711544246E-4 7.908571773643069E-5 0.001762455911667269 4.2223716733812144E-6 9.887309309921791E-5 2.1046189561107955E-5 2.583897944515433E-4 2.156723630174036E-4 8.330718392558214E-5 1.3233858828960352E-4 0.0016103476158397763 1.9201878330897307E-4 7.159181535741758E-6 3.1848697976741275E-5 1.6923168541184462E-4 1.8878669114165902E-4 8.614439408160264E-4 2.9017211530980337E-5 
0.7734175761720824 0.8402424954819546 0.24071383667243407 5.479879308355345E-4 9.369634804139017E-4 9.405213265816794E-5 2.724838511855849E-4 6.145387840447453E-4 9.897024133643739E-5 0.0010884339077984568 1.0030586666076116E-4 6.886445982646187E-6 7.308535682870341E-4 1.3220119280766315E-4 0.0016093776613082815 1.995495124629597E-4 1.8165616128189375E-6 3.176378697903119E-5 0.0019597813539479533 0.0013641705556166172 9.133544482711245E-4 1.2847057439472525E-4 
1.3818980175106128E-4 0.8660233064669552 5.831019308015495E-5 2.5833423087799016E-4 8.199411290735179E-4 3.382443271609885E-4 0.002391172502709708 1.0940879370106328E-6 9.822140182896116E-5 5.032141419487776E-5 1.7481412606945056E-4 1.406205425105302E-4 6.090973236284316E-5 2.9542132444654746E-4 4.6799336735710127E-4 0.0017015103324830095 1.9753023057871054E-5 1.8680863981475153E-4 0.0013285771266000705 0.0013603838371114801 0.0010645831718756218 0.002757397582415712 
0.7798070228871535 0.8913259800561139 0.8761591993656888 4.584346965617938E-4 0.0010426369880379017 9.395592103880041E-5 0.0021893237256444733 7.000361305574423E-4 0.0012866496016427666 0.0053446125537211925 4.015552717789902E-4 5.742944551786541E-4 8.985364614844792E-4 1.7279749977909583E-4 5.454916359102737E-4 1.5605508560766809E-4 5.2420022923944064E-5 1.5676859989938706E-4 9.839069806325106E-4 0.006398772025237045 3.068620818258566E-4 0.0022014202612352174 
0.7585385752748407 0.8702737604878914 0.8662324511334573 0.0021805968525906117 7.730012363806932E-4 8.2837592026286E-5 4.85127830666312E-4 1.4506881937555632E-5 1.5791827784251652E-4 9.332572635352632E-5 8.360419788263325E-5 1.2439410071378725E-4 1.0008002161935323E-4 6.953725483913242E-4 0.0026943909491668142 0.002331462417571311 1.6086201048725118E-4 1.842305807667306E-4 0.0011831272873131875 0.001337276874721143 0.00132235738791765 0.0027011118792856586 
0.7849164963897763 0.865982519421337 0.7724304055213213 0.004984681238737569 7.982247725108531E-4 9.399491340392602E-5 0.0023205953895111793 3.055568397205688E-4 4.774041718607562E-5 9.610501136369403E-5 4.148288512520827E-4 2.7144975291260366E-6 0.010532468076604504 6.55625472333052E-4 5.000692098583973E-4 4.5783034737687217E-4 3.3108875324387114E-4 9.471473820667019E-5 0.013787598229769878 0.001510099192312292 3.1049831111031924E-4 0.002196679699817048 
0.8699347486750576 0.8635984488848258 0.6738062909206188 4.348961450685087E-4 7.690822062204357E-4 9.475052960767491E-5 3.0570379848050236E-4 0.0012828884786254535 1.0242454687724364E-4 1.0341720462928914E-4 3.5909905894657075E-4 1.4437389649699526E-4 6.739282170824705E-4 1.6155546985336321E-4 0.0017119377520795399 1.5837162407287804E-5 1.8572346359410836E-5 2.2304438682267842E-4 0.001116022182409614 1.102644532500389E-4 3.254690143172532E-5 0.007344179588241348 
0.7734175761720824 0.8402424954819546 0.24071383667243407 5.479879308355345E-4 9.369634804139017E-4 9.405213265816794E-5 2.724838511855849E-4 6.145387840447453E-4 9.897024133643739E-5 0.0010884339077984568 1.0030586666076116E-4 6.886445982646187E-6 7.308535682870341E-4 1.3220119280766315E-4 0.0016093776613082815 1.995495124629597E-4 1.8165616128189375E-6 3.176378697903119E-5 0.0019597813539479533 0.0013641705556166172 9.133544482711245E-4 1.2847057439472525E-4 
1.3893683788703356E-4 0.0030680970564621046 6.006942568770387E-4 2.204674693637135E-4 6.031362752645697E-4 3.4632410557365357E-5 4.918661932447961E-4 1.6972309537106653E-6 3.4339310796259853E-5 1.8619767280170273E-5 3.744998139171263E-4 8.348236286378954E-6 0.002941123526320575 5.666601168798183E-5 4.6739413431020596E-4 0.0022691988136519024 1.7386844068528328E-5 1.960623054651516E-4 0.0013142562688076482 1.0692140878569254E-4 0.0010618273369612363 0.0028708075014257234 
0.7885672483367129 0.8151931689485967 0.860567801988991 3.6142223368351787E-4 7.388442936306554E-4 1.4566028837463215E-5 0.0011424163846608711 2.1135923708698827E-4 9.495399999937763E-5 0.00552148104421441 9.444518111852127E-5 0.01025870126241252 0.001619969900890042 2.5852965378903454E-4 0.0023635855972079694 0.001950377949320775 7.537144683913901E-5 2.361632471736011E-5 2.0345550282896692E-5 1.8912551007102942E-4 0.0028420917274045382 0.0017474362911755238 
0.7882471655268521 0.7769086646447269 0.8629545049463471 4.210976939835885E-5 6.881908489813409E-4 9.631333309814677E-5 0.0022469344786429125 2.0993168988320303E-4 9.767528182761813E-5 0.005515035234054725 0.007737569951612892 6.574143384452322E-4 0.0010459527160626755 2.394622308053053E-4 7.51227761823734E-4 0.0018784923697534551 0.0013391465531915865 4.4980878730828215E-4 0.015988579941076345 1.7079059971542184E-4 0.0011954658212862735 0.0029188433176005665 
0.7811472978854597 0.7711596169126447 0.7920993092380495 2.743173491941428E-4 0.005893291244645119 0.002064055757018188 9.759354229278521E-5 2.1036359703074787E-4 1.5847319888214853E-4 1.4159299506651222E-4 1.794393530713866E-4 5.785837971783331E-4 8.063080111444609E-4 6.983679005773732E-4 2.155997487315156E-4 0.001947359778021317 2.1276108279012147E-4 3.8605494941144664E-4 0.0011798106353480913 2.5029767530577475E-4 0.006712052928472621 4.513873347973211E-4 
0.7972672758285235 0.7917184856772088 0.24045655356723677 4.2518787335925026E-4 3.1346693949955767E-4 7.908571773643069E-5 0.001762455911667269 5.327610898997145E-6 9.887309309921791E-5 0.0055174934057930485 0.0037017638323995116 2.158710448857083E-4 0.002355065442595245 1.3233858828960352E-4 0.0016108914806556118 1.9201842740537364E-4 7.159181535741758E-6 3.1848697976741275E-5 1.5612729715896393E-4 1.8998709511682538E-4 8.898064049490957E-4 7.509226672585446E-4 
1.3893595718234865E-4 8.78001245824267E-5 5.53575209588722E-4 8.406843826902221E-4 6.180414288800276E-4 3.764904212770556E-5 2.7781968838829516E-4 4.984298900562837E-6 6.0653253811089066E-5 1.7720525072012418E-4 3.745123502432024E-4 2.549545313869237E-4 7.307205155691656E-4 1.3193447287892534E-4 0.0018459381736358144 0.002265171966084337 1.4490895018418732E-5 2.02733378166806E-4 0.0011112755648650006 8.03933801933809E-5 9.133536264781526E-4 0.0030176246600317025 
0.859774518719987 0.7141864940994443 0.8625986498973189 0.002152769483862333 0.0032563692155253535 0.002593746061112929 6.309317016199489E-4 2.0678690051216173E-4 0.00143590156422064 0.003137857132956629 7.525830102033229E-4 7.597848111371206E-6 8.087532545322921E-4 2.922123560687843E-4 0.002651130732824656 0.0016817116844205253 1.5140230265934927E-4 3.8159543075690956E-5 0.0010110706800658155 0.006473791864757279 9.06820684274925E-4 0.007315161174929651 
0.8598245964668473 0.6718940846798128 0.8628078404281085 4.55571712892236E-4 0.0032510661814152885 9.554520723839113E-5 6.567252955112215E-4 2.0988298434649464E-4 0.001485533038851597 0.005526903477814558 3.5640139489982443E-4 7.545091851931412E-6 0.0012344654899951457 2.914514060037395E-4 0.0023070586130567758 1.4611538136789467E-4 6.473868536599498E-5 1.548078971161119E-5 5.7269445029432824E-5 1.8961081661075576E-4 9.050844826875125E-4 0.0017797228887204235 
0.7925156644317101 0.19794751385784104 0.8025750051638052 0.015299949620361042 6.57235129471064E-4 6.599710692099109E-5 5.377261377016974E-4 0.0013018110641558839 6.494851605362829E-5 1.787416351054301E-4 1.424142539551039E-5 5.366326185081958E-6 0.00844116698745366 1.490789451020961E-4 9.851474921992267E-4 2.5824115035448725E-5 0.0013168722730226682 1.6368102384244114E-4 9.776622138446512E-5 7.379176549633638E-5 3.556222579222932E-4 0.0017970964653667271 
1.3893595718234865E-4 8.78001245824267E-5 5.53575209588722E-4 8.406843826902221E-4 6.180414288800276E-4 3.764904212770556E-5 2.7781968838829516E-4 4.984298900562837E-6 6.0653253811089066E-5 1.7720525072012418E-4 3.745123502432024E-4 2.549545313869237E-4 7.307205155691656E-4 1.3193447287892534E-4 0.0018459381736358144 0.002265171966084337 1.4490895018418732E-5 2.02733378166806E-4 0.0011112755648650006 8.03933801933809E-5 9.133536264781526E-4 0.0030176246600317025 
0.8525601826067231 0.23897583630264044 0.863229038661336 1.3920250438467698E-4 6.253757706342203E-4 9.519075658603795E-5 5.463039108949165E-4 5.7689643142924696E-6 5.4519270900062634E-5 1.1691995217088212E-4 1.077518819865471E-4 5.623704496991123E-4 2.1741797847452452E-4 1.4751783790424973E-4 1.6935745100053225E-4 1.5215324435414944E-4 0.0013532047980354188 1.6450025592345958E-4 9.727749245319573E-5 1.3272771937987264E-6 9.154172031026228E-4 0.0014889990540414323 
0.7885687123533152 0.21067828827003804 0.8628083631295468 4.54927144296829E-4 0.003182313771822121 9.56086411716835E-5 5.44911276499738E-4 4.332445779489194E-6 8.578742414574211E-5 0.0054009778601354095 9.49609944140124E-5 0.010505621705585295 1.7683025904210992E-4 2.5806522687268863E-4 1.348851626412897E-4 1.4694895608080853E-4 3.057657830562307E-5 2.1543655987597064E-5 1.0142212632974375E-4 1.934066490472927E-4 9.409638692073239E-4 0.0014896108496136387 
1.3893595718234865E-4 8.78001245824267E-5 6.007084644354185E-4 1.818575120585517E-4 0.0013892927758544621 8.028577880622591E-5 2.421258899339864E-5 7.1369164855199425E-6 6.0510787155583176E-5 1.8021584423753015E-4 1.8590532062911664E-4 2.586782057534537E-4 1.8921836273131482E-4 1.8671080671715681E-4 0.0029287228270445543 0.002265171966084337 1.572018076332565E-4 2.007602567586067E-4 0.0010630157205297685 2.4982984353159464E-4 5.651377211859073E-4 4.0327763512477055E-4 
0.7885681843869734 0.21067828827003804 0.8628083631295468 8.460675109734945E-4 0.003182313771822121 9.56086411716835E-5 5.44911276499738E-4 1.285489487242621E-6 8.578742414574211E-5 0.0054009778601354095 9.49609944140124E-5 0.010505621705585295 1.7683025904210992E-4 2.5806522687268863E-4 1.348851626412897E-4 1.4694895608080853E-4 5.6591726704951654E-5 2.1390385472459464E-5 1.0142212632974375E-4 1.934066490472927E-4 9.409638692073239E-4 0.0014896108496136387 
1.3893595718234865E-4 8.78001245824267E-5 6.007084644354185E-4 1.818575120585517E-4 0.0013892927758544621 8.028577880622591E-5 2.421258899339864E-5 7.1369164855199425E-6 6.0510787155583176E-5 1.8021584423753015E-4 1.8590532062911664E-4 2.586782057534537E-4 1.8921836273131482E-4 1.8671080671715681E-4 0.0029287228270445543 0.002265171966084337 1.572018076332565E-4 2.007602567586067E-4 0.0010630157205297685 2.4982984353159464E-4 5.651377211859073E-4 4.0327763512477055E-4 
1.2079179153294062E-4 8.722691923761168E-5 0.8457590093764527 1.9771029987436604E-5 0.0010392138624327192 4.0539628395618445E-5 4.9603710650901E-4 1.0577323877096912E-5 2.3853774601535673E-4 2.2910180830807347E-4 1.5559105812443683E-4 2.592213457804855E-4 6.253734340596136E-4 6.411463244003974E-4 2.2317704380982265E-4 9.85241463645988E-4 0.0012916013750988932 2.0272748781726213E-4 0.0013203927309185938 0.0010874250858023309 5.549158771040441E-4 0.003906389596827032 
0.7555186321434294 0.8702063256343451 0.8581489983260372 0.0021805968525906117 2.696481033644768E-4 9.235856682923439E-5 4.85127830666312E-4 2.137635131768597E-4 1.5806490608361934E-4 1.1691995996459051E-4 3.5906644990796685E-4 1.0982901409755346E-4 1.0008002161935323E-4 6.953725483913242E-4 0.0026943909491668142 0.002331462417571311 1.61275441874154E-4 1.4005017851017438E-4 0.0011831272873131875 0.001337276874721143 0.00132235738791765 0.0027011118792856586 
0.7527383440509392 0.8436187126019243 0.8081930212637701 1.2294631928693768E-4 7.821705106058279E-4 1.068778730184208E-4 0.00509884186634197 1.9558666008348064E-4 1.2846557553959658E-4 0.005511591699418438 8.829365212231018E-5 5.086630319184377E-4 9.401810836130854E-4 1.746185364148673E-4 0.013619853986113858 1.113789767290495E-4 2.2761631769128976E-4 1.4167039018656106E-4 0.001611778275578218 4.170218887141388E-4 0.0025004046796584713 0.0021992855626835777 
0.7168816262980513 0.8585296914357364 0.862682462725788 0.0021812296463142532 3.8385387000030376E-4 8.686864570700413E-4 3.251269052186081E-4 2.138168025383314E-4 0.0013093575858654804 0.005503169078126031 6.676778702230978E-5 9.384505806413643E-5 9.417315753203737E-4 1.768872983670968E-4 5.519821292417984E-4 0.001952785834076804 0.008376986238205954 3.8189235876507927E-4 0.001010287586705523 0.006491611812654095 0.00679287914674665 0.002201721529650626 
0.7187542249826261 0.8631036141947727 0.7545777866300405 0.0021740393553290587 3.3331879048879084E-4 8.509857363923318E-4 4.726384518263998E-4 2.138314216851951E-4 1.4319616642933627E-4 1.284603938336358E-4 0.05665223387212194 5.734492171591147E-4 0.003491667147438241 7.619895244188659E-4 0.002264403900128065 0.0019479252680930578 6.946234156553307E-4 0.008665747017041535 2.244481762746775E-4 0.001367321884001748 0.006796390036037719 2.331117044580322E-4 
0.7003532207995107 0.8601275961388253 0.28102842093265923 4.4012106745444136E-4 7.984921554274068E-4 7.818122985566453E-5 3.0570379848050236E-4 0.0012545789827610935 7.100398536018533E-5 1.0260909999244967E-4 3.588255323400509E-4 1.344766276786714E-5 7.159927390904767E-4 2.90987482713561E-4 7.706289911411101E-4 7.563083388587168E-6 1.8572346359410836E-5 2.560323028414647E-4 0.001116022182409614 1.1033429596355566E-4 0.018642332710480373 0.0074775172866830605 
1.2040706681315123E-4 0.8449295104658425 5.831019308015495E-5 4.283661332074159E-4 8.199411290735179E-4 9.464894963672561E-5 4.05700891223102E-5 0.001259234880739112 9.825294859779247E-5 1.0413816988891608E-4 1.737825001163243E-4 1.4096105385152957E-4 7.079250831690418E-4 1.570091294052176E-4 0.0029332918539977113 1.5857111866943315E-5 1.976319839816826E-5 1.8680863981475153E-4 0.0013444095199087237 2.703880690825902E-4 0.0010646151210707902 0.0027574941547214202 
0.7527383440509392 0.8436187126019243 0.8081930212637701 1.2294631928693768E-4 7.821705106058279E-4 1.068778730184208E-4 0.00509884186634197 1.9558666008348064E-4 1.2846557553959658E-4 0.005511591699418438 8.829365212231018E-5 5.086630319184377E-4 9.401810836130854E-4 1.746185364148673E-4 0.013619853986113858 1.113789767290495E-4 2.2761631769128976E-4 1.4167039018656106E-4 0.001611778275578218 4.170218887141388E-4 0.0025004046796584713 0.0021992855626835777 
0.7168816262980513 0.8585296914357364 0.862682462725788 0.0021812296463142532 3.8385387000030376E-4 8.686864570700413E-4 3.251269052186081E-4 2.138168025383314E-4 0.0013093575858654804 0.005503169078126031 6.676778702230978E-5 9.384505806413643E-5 9.417315753203737E-4 1.768872983670968E-4 5.519821292417984E-4 0.001952785834076804 0.008376986238205954 3.8189235876507927E-4 0.001010287586705523 0.006491611812654095 0.00679287914674665 0.002201721529650626 
0.6829713900589418 0.858369721841121 0.86251225040355 3.6153552881753486E-4 8.249241315565739E-4 8.511083017408241E-4 4.8591880980825274E-4 2.1091157647605714E-4 5.372135569494275E-5 0.004224770729274104 1.8324457382669308E-4 1.0650312165000334E-4 2.1994849582734183E-4 5.021400440844993E-5 0.0023069805961563085 0.0019318855506654724 1.6701104712832447E-4 0.0089041278427025 1.8925666983232465E-5 2.6151635286305566E-4 0.0069386935706664925 0.001747113077162835 
0.681187686484947 0.8645685899219829 0.6664694487616383 0.012039189341494037 3.480830102520628E-5 3.128582879018447E-4 0.0023261129171056705 0.0013213532646394258 0.0016692843324713279 9.091683829612913E-4 3.6096248826405017E-4 6.154999503862526E-4 0.005621724233537996 0.0048290194121173805 0.0023200540215714263 0.002264232923312916 7.571405304698971E-5 0.00383166856979332 0.001309678186982602 1.1911236556012882E-4 0.006804716314639629 0.012686728677495152 
1.3893683788703356E-4 0.0030680970564621046 6.006942568770387E-4 2.204674693637135E-4 6.031362752645697E-4 3.4632410557365357E-5 4.918661932447961E-4 1.6972309537106653E-6 3.4339310796259853E-5 1.8619767280170273E-5 3.744998139171263E-4 8.348236286378954E-6 0.002941123526320575 5.666601168798183E-5 4.6739413431020596E-4 0.0022691988136519024 1.7386844068528328E-5 1.960623054651516E-4 0.0013142562688076482 1.0692140878569254E-4 0.0010618273369612363 0.0028708075014257234 
0.7168816262980513 0.8585296914357364 0.862682462725788 0.0021812296463142532 3.8385387000030376E-4 8.686864570700413E-4 3.251269052186081E-4 2.138168025383314E-4 0.0013093575858654804 0.005503169078126031 6.676778702230978E-5 9.384505806413643E-5 9.417315753203737E-4 1.768872983670968E-4 5.519821292417984E-4 0.001952785834076804 0.008376986238205954 3.8189235876507927E-4 0.001010287586705523 0.006491611812654095 0.00679287914674665 0.002201721529650626 
0.685375189270727 0.8583529256380208 0.86251225040355 0.002069611461882708 0.0012256749836618173 8.511083017408241E-4 0.0010337468068032348 1.4428970469309687E-4 5.372135569494275E-5 0.004224770729274104 3.5692984320882803E-4 1.1787110025551366E-4 0.001724927924243864 8.867621419127191E-5 0.0023069805961563085 3.429361453223632E-4 1.6701104712832447E-4 0.0089041278427025 5.4841451311266705E-6 0.001514290699082519 0.0067676765990804045 0.001747113077162835 
0.22094465811521005 0.8185198439004776 0.8196777273427535 0.0021758386170681464 0.006585214101384549 5.897738541253358E-5 6.672578465165095E-4 2.1384404279133719E-4 5.9936506350232377E-5 0.00552148104421441 1.7690696356796804E-4 0.004157347643214689 0.02376991690272108 2.606781010649974E-4 2.477284004694342E-4 0.0015996700887500118 2.1295727138225302E-4 3.8212413054536365E-4 1.205220242648014E-4 2.193632066865486E-4 9.371798166281677E-4 0.0022035056314804974 
1.3891001090312333E-4 0.0015235218601935552 0.0011459174664037123 2.729398049314577E-4 6.05406794458283E-4 9.060390407520068E-4 4.8120879989292377E-4 5.6960474644174025E-5 5.6482295138286185E-5 1.8465142325867063E-4 1.8424762957068653E-4 2.542378436256018E-4 9.083790721811064E-5 4.908666158049882E-5 2.0065877349506494E-4 0.0010203391150990387 2.132345899652535E-4 2.0243900258402995E-4 0.0010635779398187742 2.544939941674497E-4 9.572381813921812E-4 4.313908368751814E-4 
0.7555993177745871 0.7141146507394214 0.8814129673247777 8.506662804578331E-4 0.005070370829375772 5.373022031646858E-4 4.641076293081816E-4 0.012045501106866339 0.0016899282663703724 2.0756918630108383E-4 7.870937949610035E-4 5.081623718064596E-4 9.654652795596658E-5 6.409183911962053E-4 2.5040603249422855E-4 2.1015782451742774E-4 0.01139160357652269 3.155315895717013E-4 0.0013543663588304925 2.5938335574033397E-4 0.018946754172367627 0.0027261211964389014 
0.2545791094087946 0.6964553741205004 0.8647583658799565 2.863537163475836E-4 3.660927785191829E-5 8.54822801004492E-4 2.8706453260813594E-4 2.137406196633546E-4 1.3941290861057567E-4 0.0011446191063876022 3.571857320085483E-4 5.838580937159443E-4 0.0017136432366376016 0.004877491978363357 2.112247004941567E-4 6.280764635592821E-4 2.3567310425622176E-4 9.135227874789895E-5 5.6030746465762275E-6 0.0013045794096310376 0.00674510096029277 0.001735063211857995 
1.3893595718234865E-4 8.78001245824267E-5 5.976866141192375E-4 0.001590699241024983 6.180414288800276E-4 9.557221574391344E-5 0.001906832469085005 3.3413456689536164E-5 5.982797868423632E-5 1.0350347165032324E-4 3.743572727921052E-4 1.4347462390334646E-4 6.620304977075761E-4 6.339255984583299E-4 0.0018422254085999202 0.002238614441441988 1.4925317746436032E-5 2.022206175053678E-4 0.0011142530646777056 1.1028149156177269E-4 3.28409599121685E-4 0.0030421056374005176 
0.7146760177707124 0.20923153994583107 0.8626837895755236 4.164777902547884E-4 0.0032030465636167112 8.425029694126527E-5 6.567252955112215E-4 2.1387782175649124E-4 0.001485533038851597 0.005503691101888631 8.594276554541703E-5 9.907214276055727E-5 0.02185092936052683 6.527798545054261E-4 0.002231317619123437 1.4611538136789467E-4 6.473868536599498E-5 3.7810919899077715E-4 0.0010142543841857466 1.901414231435433E-4 0.0067543006404712416 0.0017797228887204235 
1.3893595718234865E-4 8.78001245824267E-5 6.007084644354185E-4 1.818575120585517E-4 0.0013892927758544621 8.028577880622591E-5 2.421258899339864E-5 7.1369164855199425E-6 6.0510787155583176E-5 1.8021584423753015E-4 1.8590532062911664E-4 2.586782057534537E-4 1.8921836273131482E-4 1.8671080671715681E-4 0.0029287228270445543 0.002265171966084337 1.572018076332565E-4 2.007602567586067E-4 0.0010630157205297685 2.4982984353159464E-4 5.651377211859073E-4 4.0327763512477055E-4 
1.2079179153294062E-4 8.722691923761168E-5 0.8457590093764527 1.9771029987436604E-5 0.0010392138624327192 4.0539628395618445E-5 4.9603710650901E-4 1.0577323877096912E-5 2.3853774601535673E-4 2.2910180830807347E-4 1.5559105812443683E-4 2.592213457804855E-4 6.253734340596136E-4 6.411463244003974E-4 2.2317704380982265E-4 9.85241463645988E-4 0.0012916013750988932 2.0272748781726213E-4 0.0013203927309185938 0.0010874250858023309 5.549158771040441E-4 0.003906389596827032 
0.7168816262980513 0.8707085073142686 0.8626213872660399 1.4445004967963406E-4 3.865398881705994E-4 9.120509686060265E-4 3.251269052186081E-4 2.138168025383314E-4 0.0013093575858654804 6.061416800514502E-5 6.676778702230978E-5 9.378981394287742E-5 9.417315753203737E-4 1.790534632511985E-4 0.002539477411732435 0.001952785834076804 1.808584832610049E-5 3.8187466213796125E-4 0.0010067391295440022 0.006491611812654095 0.00679287914674665 0.0026932100159754438 
0.685375189270727 0.8650128623656848 0.86251225040355 2.55982372662324E-4 8.61099363996405E-4 8.516308186725802E-4 5.266810774549106E-4 6.668242869516613E-5 9.732143711518167E-5 0.004033279221338431 3.6179448987217795E-4 1.1787110025551366E-4 7.28749863245744E-4 1.8703538274434083E-4 0.002278855915048979 0.0020421875055055237 1.6701104712832447E-4 0.008949768590520043 5.4841451311266705E-6 0.0015566877810802705 5.715741084752935E-4 0.0029726740268934885 
0.2640048300174561 0.8564494599329189 0.8660803524404539 3.6998117545697E-4 8.218771778774923E-4 9.763387569722574E-5 4.85101364240229E-4 2.099399556974266E-4 1.340973799982209E-4 1.1651559640698351E-4 3.592903948839771E-4 5.823400406772714E-4 1.6696895088229823E-4 6.953826141784769E-4 2.1115902863546202E-4 0.0019371494543534338 1.1848447032022813E-4 2.0302717753600997E-4 0.001113670379157336 7.757085555186506E-4 0.0012144647965726576 0.0023294519327647324 
0.21541766934251655 0.8681637529776912 0.7108137454942522 2.408529539041004E-4 7.828964130026944E-4 9.825911912573609E-5 3.0589828270113136E-4 0.0012916335413608712 6.386877590393606E-5 7.354019119279218E-5 3.59095415733383E-4 7.703258195756202E-6 0.007274997338975794 6.384874306954317E-4 0.0017702263798838008 0.00231974451010156 8.703178415819634E-4 0.004030057766635557 0.0011660734324499807 8.091857221790133E-4 0.006490841921717819 0.010951280508539052 
1.3893595718234865E-4 0.8633354943174923 5.53575209588722E-4 1.0824773120851199E-4 6.180414288800276E-4 3.764904212770556E-5 2.7781968838829516E-4 4.984298900562837E-6 5.9782470193575235E-5 9.771085280955384E-5 3.688122001251258E-4 2.549545313869237E-4 7.307205155691656E-4 1.3063313831321346E-4 0.0018393554014084343 0.002265171966084337 1.4490895018418732E-5 2.02733378166806E-4 7.939474614347044E-4 0.0013799033184939027 9.133536264781526E-4 0.0030176246600317025 
0.685375189270727 0.8650128623656848 0.86251225040355 2.55982372662324E-4 8.61099363996405E-4 8.516308186725802E-4 5.266810774549106E-4 6.668242869516613E-5 9.732143711518167E-5 0.004033279221338431 3.6179448987217795E-4 1.1787110025551366E-4 7.28749863245744E-4 1.8703538274434083E-4 0.002278855915048979 0.0020421875055055237 1.6701104712832447E-4 0.008949768590520043 5.4841451311266705E-6 0.0015566877810802705 5.715741084752935E-4 0.0029726740268934885 
0.2640048300174561 0.8564494599329189 0.8660803524404539 3.6998117545697E-4 8.218771778774923E-4 9.763387569722574E-5 4.85101364240229E-4 2.099399556974266E-4 1.340973799982209E-4 1.1651559640698351E-4 3.592903948839771E-4 5.823400406772714E-4 1.6696895088229823E-4 6.953826141784769E-4 2.1115902863546202E-4 0.0019371494543534338 1.1848447032022813E-4 2.0302717753600997E-4 0.001113670379157336 7.757085555186506E-4 0.0012144647965726576 0.0023294519327647324 
0.24325134379826524 0.8564654953308953 0.7759726538659126 2.872486029543848E-4 8.190565803009485E-4 3.671746096396015E-4 4.921960857548666E-4 2.5767457505584306E-5 1.355022472929286E-4 7.046002020127728E-5 3.9700346503787685E-4 3.42018941096E-4 0.005859638184216557 6.439074497700873E-4 3.021184618575678E-4 0.00232747572599969 2.1255278796873051E-4 1.8505622130458738E-4 1.0606799854711121E-4 7.734877639804876E-4 0.0010610620208635043 0.011516587603052915 
1.3891001090312333E-4 0.0015235218601935552 0.0011459174664037123 2.729398049314577E-4 6.05406794458283E-4 9.060390407520068E-4 4.8120879989292377E-4 5.6960474644174025E-5 5.6482295138286185E-5 1.8465142325867063E-4 1.8424762957068653E-4 2.542378436256018E-4 2.8844737149946454E-5 4.908666158049882E-5 2.0065877349506494E-4 0.0010203391150990387 2.132345899652535E-4 2.0243900258402995E-4 0.0010635779398187742 2.544939941674497E-4 9.572381813921812E-4 4.313908368751814E-4 
0.2640048300174561 0.8564494599329189 0.8660803524404539 3.6998117545697E-4 8.218771778774923E-4 9.763387569722574E-5 4.85101364240229E-4 2.099399556974266E-4 1.340973799982209E-4 1.1651559640698351E-4 3.592903948839771E-4 5.823400406772714E-4 1.6696895088229823E-4 6.953826141784769E-4 2.1115902863546202E-4 0.0019371494543534338 1.1848447032022813E-4 2.0302717753600997E-4 0.001113670379157336 7.757085555186506E-4 0.0012144647965726576 0.0023294519327647324 
0.2536404371379125 0.7719937457448616 0.8664987200205102 2.743173491941428E-4 3.544577588223299E-4 3.6056130856811634E-4 9.440650293139488E-5 2.1036359703074787E-4 1.3410420578910122E-4 1.4159299506651222E-4 1.7948180344814037E-4 5.78465382013726E-4 8.063080111444609E-4 6.983679005773732E-4 2.155997487315156E-4 0.001947359778021317 2.1355262071948318E-4 7.077757368656637E-5 7.689113199292003E-4 2.3488358465046283E-4 0.006773170243797192 3.162512202961521E-5 
1.3891001090312333E-4 0.0015235218601935552 0.0011459174664037123 2.729398049314577E-4 6.05406794458283E-4 9.060390407520068E-4 4.8120879989292377E-4 5.6960474644174025E-5 5.6482295138286185E-5 1.8465142325867063E-4 1.8424762957068653E-4 2.542378436256018E-4 9.083790721811064E-5 4.908666158049882E-5 2.0065877349506494E-4 0.0010203391150990387 2.132345899652535E-4 2.0243900258402995E-4 0.0010635779398187742 2.544939941674497E-4 9.572381813921812E-4 4.313908368751814E-4 
0.2545791094087946 0.6964553741205004 0.8647583658799565 2.863537163475836E-4 3.660927785191829E-5 8.54822801004492E-4 2.8706453260813594E-4 2.137406196633546E-4 1.3941290861057567E-4 0.0011446191063876022 3.571857320085483E-4 5.838580937159443E-4 0.0017136432366376016 0.004877491978363357 2.112247004941567E-4 6.280764635592821E-4 2.3567310425622176E-4 9.135227874789895E-5 5.6030746465762275E-6 0.0013045794096310376 0.00674510096029277 0.001735063211857995 
1.396471866289446E-4 1.6964824909526666E-4 0.001120461785347783 3.105254999768571E-4 8.043833232387416E-4 7.755006592039226E-5 4.723150234426154E-4 5.6960474644174025E-5 5.519882222444871E-5 1.715925684774791E-4 1.8470055817343216E-4 2.588300994713967E-4 1.1284030603801379E-4 4.5882852359177616E-5 2.2419930636412053E-4 0.0010136274048345017 1.5442513174286548E-4 2.030235122947525E-4 0.0011136625499837908 2.5885064241570714E-4 0.0010552089948846575 0.0022869311263489837 
1.2079179153294062E-4 8.722691923761168E-5 0.8457590093764527 3.123952635346928E-4 0.0010392138624327192 4.0539628395618445E-5 4.9603710650901E-4 1.0577323877096912E-5 2.3853774601535673E-4 2.2910180830807347E-4 1.5559105812443683E-4 2.592213457804855E-4 6.253734340596136E-4 6.411463244003974E-4 2.2317704380982265E-4 9.85241463645988E-4 0.0012916013750988932 2.0272748781726213E-4 0.0013203927309185938 0.0010874250858023309 5.549158771040441E-4 0.003906389596827032 
0.665778968301544 0.8357205355487556 0.86251225040355 0.005546140985384736 0.0012256749836618173 8.511083017408241E-4 0.0010378269986033124 1.444129535361373E-4 5.372135569494275E-5 1.5545713322649875E-4 7.271184113172267E-4 5.927419714609702E-4 0.003446942799613403 7.613322112439323E-4 0.0023069805961563085 3.429361453223632E-4 8.714888985025054E-4 0.0089041278427025 0.001232337197314055 0.001367321884001748 0.006767682188448499 0.001747113077162835 
0.2640048300174561 0.8564494599329189 0.8660803524404539 3.6998117545697E-4 8.218771778774923E-4 9.763387569722574E-5 4.85101364240229E-4 2.099399556974266E-4 1.340973799982209E-4 1.1651559640698351E-4 3.592903948839771E-4 5.823400406772714E-4 1.6696895088229823E-4 6.953826141784769E-4 2.1115902863546202E-4 0.0019371494543534338 1.1848447032022813E-4 2.0302717753600997E-4 0.001113670379157336 7.757085555186506E-4 0.0012144647965726576 0.0023294519327647324 
0.2197470097229003 0.8650389432161695 0.7752913517311515 2.770666683749475E-4 8.18333985597796E-4 3.6717041645416314E-4 5.065303992122581E-4 2.099399556974266E-4 9.702038567117669E-5 6.619528803106806E-4 9.107702738548801E-5 5.834205518628015E-4 7.589167893895981E-4 6.991145742588222E-4 3.024209691795701E-4 0.0019474954523187005 2.169709427580198E-4 1.7172845144160703E-4 0.0011045940504854656 2.227117354794389E-4 0.006785203427451712 2.4390521539678417E-5 
1.3893595718234865E-4 0.8633354943174923 5.53575209588722E-4 1.0824773120851199E-4 6.180414288800276E-4 3.764904212770556E-5 2.7781968838829516E-4 4.984298900562837E-6 5.9782470193575235E-5 9.771085280955384E-5 3.688122001251258E-4 2.549545313869237E-4 7.307205155691656E-4 1.3063313831321346E-4 0.0018393554014084343 0.002265171966084337 1.4490895018418732E-5 2.02733378166806E-4 7.939474614347044E-4 0.0013799033184939027 9.133536264781526E-4 0.0030176246600317025 
0.2640048300174561 0.8564494599329189 0.8660803524404539 3.6998117545697E-4 8.218771778774923E-4 9.763387569722574E-5 4.85101364240229E-4 2.099399556974266E-4 1.340973799982209E-4 1.1651559640698351E-4 3.592903948839771E-4 5.823400406772714E-4 1.6696895088229823E-4 6.953826141784769E-4 2.1115902863546202E-4 0.0019371494543534338 1.1848447032022813E-4 2.0302717753600997E-4 0.001113670379157336 7.757085555186506E-4 0.0012144647965726576 0.0023294519327647324 
0.24039668238230125 0.8564494599329189 0.8577324275963027 2.7616676094866866E-4 8.111883534123413E-4 3.657486558216156E-4 2.887934600763946E-4 2.098394130173796E-4 1.3418532376047656E-4 7.639117872749068E-4 1.7954724056805176E-4 1.1167200971919593E-4 9.996513369298857E-5 6.987839967218988E-4 2.0464187183756935E-4 0.0019481215975001667 2.126059891887429E-4 2.0302717753600997E-4 0.001113670379157336 2.7068525396296806E-4 0.00679558378593609 2.0683320747945768E-4 
1.3891001090312333E-4 0.0015235218601935552 0.0011459174664037123 2.729398049314577E-4 6.05406794458283E-4 9.060390407520068E-4 4.8120879989292377E-4 5.6960474644174025E-5 5.6482295138286185E-5 1.8465142325867063E-4 1.8424762957068653E-4 2.542378436256018E-4 2.8844737149946454E-5 4.908666158049882E-5 2.0065877349506494E-4 0.0010203391150990387 2.132345899652535E-4 2.0243900258402995E-4 0.0010635779398187742 2.544939941674497E-4 9.572381813921812E-4 4.313908368751814E-4 
0.2536404371379125 0.7719937457448616 0.8664987200205102 2.743173491941428E-4 3.544577588223299E-4 3.6056130856811634E-4 9.440650293139488E-5 2.1036359703074787E-4 1.3410420578910122E-4 1.4159299506651222E-4 1.7948180344814037E-4 5.78465382013726E-4 8.063080111444609E-4 6.983679005773732E-4 2.155997487315156E-4 0.001947359778021317 2.1355262071948318E-4 7.077757368656637E-5 7.689113199292003E-4 2.3488358465046283E-4 0.006773170243797192 3.162512202961521E-5 
1.3891001090312333E-4 0.0015235218601935552 0.0011459174664037123 2.729398049314577E-4 6.05406794458283E-4 9.060390407520068E-4 4.8120879989292377E-4 5.6960474644174025E-5 5.6482295138286185E-5 1.8465142325867063E-4 1.8424762957068653E-4 2.542378436256018E-4 9.083790721811064E-5 4.908666158049882E-5 2.0065877349506494E-4 0.0010203391150990387 2.132345899652535E-4 2.0243900258402995E-4 0.0010635779398187742 2.544939941674497E-4 9.572381813921812E-4 4.313908368751814E-4 
1.2079179153294062E-4 8.722691923761168E-5 0.8457590093764527 3.123952635346928E-4 0.0010392138624327192 4.0539628395618445E-5 4.9603710650901E-4 1.0577323877096912E-5 2.3853774601535673E-4 2.2910180830807347E-4 1.5559105812443683E-4 2.592213457804855E-4 6.253734340596136E-4 6.411463244003974E-4 2.2317704380982265E-4 9.85241463645988E-4 0.0012916013750988932 2.0272748781726213E-4 0.0013203927309185938 0.0010874250858023309 5.549158771040441E-4 0.003906389596827032 
0.2640048300174561 0.8564494599329189 0.8660803524404539 3.6998117545697E-4 8.218771778774923E-4 9.763387569722574E-5 4.85101364240229E-4 2.099399556974266E-4 1.340973799982209E-4 1.1651559640698351E-4 3.592903948839771E-4 5.823400406772714E-4 1.6696895088229823E-4 6.953826141784769E-4 2.1115902863546202E-4 0.0019371494543534338 1.1848447032022813E-4 2.0302717753600997E-4 0.001113670379157336 7.757085555186506E-4 0.0012144647965726576 0.0023294519327647324 
0.2039918267974592 0.8650389432161695 0.8665030372670879 2.7646570299806307E-4 8.195514620682965E-4 3.6402437696718274E-4 5.066113165094333E-4 2.0063511336079396E-4 9.715629942939383E-5 7.639117872749068E-4 9.107702738548801E-5 5.834205518628015E-4 7.844584572032601E-4 6.991145742588222E-4 2.1123811904546816E-4 0.0019474954523187005 2.169709427580198E-4 1.7172845144160703E-4 0.001114981940097719 2.227180477774792E-4 0.006796444747331873 2.4390521539678417E-5 
1.3818980175106128E-4 0.8660233064669552 7.201488363478559E-5 2.7420614013805956E-4 8.199411290735179E-4 9.626766847716601E-5 0.002391172502709708 4.049877367646188E-6 5.5654233095905634E-5 5.0367553895922686E-5 3.7381962426850284E-4 1.2357973367274657E-5 6.090973236284316E-5 6.991145742588222E-4 4.6799336735710127E-4 0.002224838826602312 2.1779917527733937E-4 2.024733646682554E-4 0.00106181327837011 2.522794209818694E-4 0.0010631680596256208 0.002757397582415712 
0.2039918267974592 0.8650389432161695 0.8665030372670879 2.7646570299806307E-4 8.195514620682965E-4 3.6402437696718274E-4 5.066113165094333E-4 2.0063511336079396E-4 9.715629942939383E-5 7.639117872749068E-4 9.107702738548801E-5 5.834205518628015E-4 7.844584572032601E-4 6.991145742588222E-4 2.1123811904546816E-4 0.0019474954523187005 2.169709427580198E-4 1.7172845144160703E-4 0.001114981940097719 2.227180477774792E-4 0.006796444747331873 2.4390521539678417E-5 
1.3891001090312333E-4 0.0015235218601935552 0.0011459174664037123 2.729398049314577E-4 6.05406794458283E-4 9.060390407520068E-4 4.8120879989292377E-4 5.6960474644174025E-5 5.6482295138286185E-5 1.8465142325867063E-4 1.8424762957068653E-4 2.542378436256018E-4 9.083790721811064E-5 4.908666158049882E-5 2.0065877349506494E-4 0.0010203391150990387 2.132345899652535E-4 2.0243900258402995E-4 0.0010635779398187742 2.544939941674497E-4 9.572381813921812E-4 4.313908368751814E-4 
1.3780451792712097E-4 0.0013071930129590057 0.8671288111823232 2.633423349236036E-4 7.831198105908283E-4 1.388582570471409E-4 5.967175297016981E-4 2.1091670121121107E-4 8.456333132880463E-5 5.482112847321127E-5 1.801010608470769E-4 8.998824380759211E-6 9.348555993108319E-5 6.408963032317037E-4 4.6906207785389734E-4 0.0014078343895983256 2.198943303968279E-4 1.85064078035238E-4 0.0011390118043225555 2.3292130714553739E-4 0.0013711704869957082 0.0037993130092984235 
0.19796192522430012 0.8650389432161695 0.8541096157141667 2.72663934653141E-4 8.041205886877993E-4 7.780407921104617E-5 4.7200404211658316E-4 5.248838187169456E-5 9.756741901437693E-5 7.639117872749068E-4 7.913221754847065E-5 2.5856308169209695E-4 7.844584572032601E-4 6.981444948054493E-4 2.2365167773264773E-4 0.0019474954523187005 2.169709427580198E-4 1.7172845144160703E-4 0.0010620107500740423 2.5867703302012626E-4 0.006796444747331873 3.4547106761820745E-5 
1.3818980175106128E-4 0.8660233064669552 7.201488363478559E-5 2.7420614013805956E-4 8.199411290735179E-4 9.626766847716601E-5 0.002391172502709708 4.049877367646188E-6 5.5654233095905634E-5 5.0367553895922686E-5 3.7381962426850284E-4 1.2357973367274657E-5 6.090973236284316E-5 6.991145742588222E-4 4.6799336735710127E-4 0.002224838826602312 2.1779917527733937E-4 2.024733646682554E-4 0.00106181327837011 2.522794209818694E-4 0.0010631680596256208 0.002757397582415712 
1.3891001090312333E-4 0.0015235218601935552 0.8523076784752396 2.729398049314577E-4 6.05406794458283E-4 1.0462068756020667E-4 4.8116306275005054E-4 1.40964722429196E-5 5.959254037008451E-5 1.8624063798954783E-4 1.8424762957068653E-4 1.2481806171963156E-4 9.08399614555755E-5 6.978325547523643E-4 2.0065877349506494E-4 0.0010229523211011682 2.132345899652535E-4 2.033232591425829E-4 0.0010635779398187742 0.0013565122979805333 9.572381813921812E-4 0.00277540465354728 
8.206321548031743E-5 0.8590963181591931 0.8524104767950396 0.002005494626095993 7.972413753617009E-4 1.1363280033998166E-4 0.0023273319456924243 1.3518041775445312E-4 6.542066637271128E-5 1.6484860654274218E-4 1.7393005059219074E-4 3.452009223684514E-4 0.003038126476823416 6.436030059080655E-4 4.155915318479976E-4 0.0014550597163004008 1.985418360547527E-5 1.8532095457504173E-4 0.0013089656135852057 0.0013938411856055028 0.0061865635481533135 0.0015374723122139815 
