0.8562485985161307 0.8586681601385702 0.8676816868761211 0.0014455848554456464 3.14560934468457E-4 8.621350875987824E-5 6.196651692076734E-4 4.814583840698298E-4 0.0038910773778359363 0.001048533311738314 3.141189778526362E-4 0.001301801140194602 8.408573009085736E-4 6.705385349927153E-4 4.3049479862577E-4 8.327648428809395E-4 5.472870874636828E-4 1.4216306274659479E-4 9.696032501921295E-4 9.260660142176016E-4 0.0010017590558001797 4.2389507699759366E-4 
0.8521836457539047 0.8543990615924056 0.8194878914479731 0.0014767879855432334 3.4064272415885197E-4 7.949636958910441E-5 9.165708907323604E-4 7.819802369814844E-4 0.0053256556039861696 0.0021601393199194036 3.2638773240048155E-4 0.003321742037855217 3.6858230912498126E-4 0.0012831074778463752 0.0017994251667891239 8.585738903692161E-4 4.0217072704430376E-4 1.3587201350436184E-4 0.0017887961210690075 0.0017659182620203644 0.0028303778938198712 8.370668968650552E-4 
0.8557224172535461 0.8588762762773133 0.7783060377765895 0.0014942934054793518 0.002369933427581053 3.605576010006816E-4 0.0018764668123389273 4.248557409931346E-4 0.0032617196594975015 0.0020180163224753894 5.601671494642738E-5 9.785144989980141E-4 0.0019560708578723173 5.111227467632857E-4 0.0013465591342318418 8.712010560453903E-4 2.381106418849169E-4 1.4215369674759313E-6 0.006016572992823113 1.0462299806803313E-4 0.001129499968076549 4.1928972726095636E-4 
0.8597709122273192 0.8649160175178146 0.7459848754639679 3.5063569318677737E-4 0.002175393453819322 1.9939762167115013E-4 0.0014296836425317832 0.0011793289162846622 0.0016532914909386585 7.138880942598731E-4 2.3137085129387235E-5 0.003015075929088675 0.0019695324816382015 0.002433174751109362 4.02844822433724E-7 8.598945133156289E-4 3.6899542229057046E-4 2.3425651138175467E-4 6.141520029975965E-4 1.1139023141323358E-4 0.003546473913504717 4.238573096538771E-4 
0.8717579619935653 0.8528326577596873 0.7126042731586576 4.173154459881025E-4 0.002373789920581324 2.8167149675762683E-4 0.001888187156059886 4.118253754421897E-4 0.0033536084634689014 0.0020049057283182126 5.3258677797381315E-5 7.23694233725476E-6 0.0019561470413033202 4.5837199254438E-5 2.1645215483051257E-5 8.561667607866259E-4 4.3250443995928754E-4 4.036726286502239E-6 0.0026250853053568163 0.00165961401437006 0.009988450750034183 2.671696182430771E-4 
0.8738957245949502 0.8650147405403242 0.6646445692604295 1.1299047493356967E-4 0.003107806098894702 2.7906094410613705E-4 0.0019130230789943413 1.237285507610592E-4 0.002242554574943685 4.4082452352698135E-5 5.196252407449338E-5 4.7928449597237814E-4 0.0010111192098030263 0.0030674338739281296 3.6369453351651603E-4 8.623747005507376E-4 0.00425569681002965 1.422336287982753E-6 0.0018465919323500282 0.0017685511401063236 4.913244682425992E-4 4.5797083653764355E-4 
0.8559491766704348 0.8627265189457588 0.24861525373237273 0.0013156636657080945 1.531977207311474E-4 2.0571138130740123E-4 7.462172826001628E-4 1.8862442121387864E-5 0.0022415326103282563 0.0024281846049827244 5.268568634096013E-5 4.509916184980456E-4 8.041706518300736E-4 6.12874917215002E-4 3.636853521115774E-4 8.625022051540269E-4 7.28253098015611E-4 2.152269698288051E-6 0.0017734826354894914 7.276178211969211E-5 5.748528816528721E-4 4.548946166034928E-4 
0.8605413806176877 0.8769029487202368 0.19389782867185226 0.001431881097323548 0.003055975075878475 1.992617351014187E-4 6.131284567664091E-5 0.001880831171345803 0.0022335695878087287 4.2428972946990094E-4 5.1956803588752766E-5 5.456530357228991E-4 0.001954587576837892 6.12746652884647E-4 3.6326866941815354E-4 8.839487630173156E-4 2.482560732673205E-4 1.4166851122398633E-6 0.001688049762298726 0.0016904038937757913 0.003528763250167144 4.5802644834380413E-4 
0.8592770577233722 0.8665955797851044 1.3478557662418818E-4 4.976394426944306E-4 5.935065020263409E-4 8.436830848686415E-5 7.946199943138343E-4 4.7367168621470783E-4 0.0017319181032885687 1.0336946726904856E-5 5.2131483894039495E-5 6.257725625258241E-5 3.2963555341015776E-4 6.100239031734471E-4 1.0244714312038539E-4 5.238033256584309E-4 3.8060792177767403E-4 6.827211889796137E-5 4.567367853467382E-4 9.242917244256636E-4 0.001064298813970975 1.1493995597005109E-4 
0.8450674103505029 0.8282975523126972 0.8705641485368728 0.0014245409215923582 3.171417454128356E-4 0.0038237748802967433 0.006013390749921914 0.0017351000423612268 0.005296607933516689 9.982764184265618E-4 3.131934044067943E-4 0.003334862392795036 8.215284214462328E-4 0.00339409655213391 0.0017006831734026706 8.312915222154446E-4 3.4464745107993145E-4 4.344063263240767E-6 7.447315714759084E-4 0.004122982416130501 0.0035652051771296873 5.334313761458652E-4 
0.8450674103505029 0.8290882690098641 0.8451889801313057 0.0014245860942093257 3.171417454128356E-4 2.1213678233633713E-5 0.006218677740403111 0.0017351000423612268 0.005296606582212635 9.982764184265618E-4 3.131177795127128E-4 0.003334862392795036 8.215108157401867E-4 0.0034042685011483717 1.6312852814870485E-4 8.302905521045619E-4 3.268532077243865E-4 7.460984797323563E-6 7.447315714759084E-4 0.004085510904540302 0.003569337793945838 5.378037262518792E-4 
0.8559656161109062 0.8650147405403242 0.7679668590921231 0.0014442304056574958 0.003107309097598764 1.4744682667448524E-4 6.766402617312264E-5 3.3214718014551296E-5 0.00222477225221095 6.13249568114961E-5 5.196178174486193E-5 5.182054005636144E-4 9.745922901480289E-4 5.818948939186185E-4 3.6369453351651603E-4 8.580293413992521E-4 7.282855033966659E-4 5.921208276219079E-6 0.0018244789423670616 3.159346782884891E-4 5.706998895832482E-4 4.5797083653764355E-4 
0.8596224005679217 0.8649160175178146 0.7459848754639679 3.614144979881121E-4 0.0021732666372653595 1.9939762167115013E-4 0.0014296836425317832 4.1017641021126746E-4 0.0049316756699526116 7.138880942598731E-4 2.3137085129387235E-5 0.003015075929088675 0.0019706622728738925 0.002433174751109362 4.02844822433724E-7 8.953877907613766E-4 5.009775742434463E-4 2.3425651138175467E-4 0.0017782161624667623 1.1139023141323358E-4 0.003546473913504717 4.238573096538771E-4 
0.8673917905648888 0.8526480758037255 0.6843561047745482 7.476426305191852E-6 0.002377828648778684 3.322310530270301E-4 7.66464647329738E-4 4.109139402329868E-4 0.0032878907081642554 0.0017780169145496156 3.3335663220093433E-4 0.002740259987826017 0.0019200615128341625 5.823510118033575E-4 4.0126702379006304E-5 8.623235111806001E-4 2.377055884697155E-4 1.079620531835316E-4 0.0016933522351973676 0.0018224903408357884 0.0035293758109505567 7.534649480224575E-4 
0.8559542443433105 0.863985129345979 0.26109910925371405 4.854157613414637E-4 0.0030054453227092316 2.8137592086871824E-4 3.49555216791601E-5 3.9125537578463363E-4 0.0022415326103282563 5.126767431973962E-5 4.87803753325539E-5 4.562863451778778E-4 8.059163958304479E-4 4.924289475571821E-5 3.6369453351651603E-4 8.627889569380083E-4 6.366250161725964E-5 1.3974225023573895E-6 0.0017613375726995965 4.178602958501926E-5 5.747934054579714E-4 4.592288152909927E-4 
0.8560801419735407 0.8649183689603516 0.21271521247607184 4.8186802740994583E-4 7.438879113234971E-5 1.991940398137599E-4 3.484750672248305E-5 2.288152170265572E-5 0.001318762107456598 5.910087736051006E-5 5.187339865299273E-5 0.0011894900396506507 0.0016523671118889673 6.128659842107691E-4 3.6315027396820025E-4 8.840743050121285E-4 4.530481868767817E-5 6.964912144554277E-5 0.001593402580962159 4.249204364289842E-5 5.748128612636291E-4 4.5797760422732967E-4 
0.8628400095315052 5.671584353138428E-4 1.3478557662418818E-4 4.975185903391425E-4 5.952777563462713E-4 2.1998051555421616E-5 7.946199943138343E-4 4.7696719483753783E-4 0.0017319181032885687 1.0336946726904856E-5 5.521382944967294E-5 5.9221631505836537E-5 3.3406376105306855E-4 6.1004991336992E-4 1.0239215297260448E-4 5.238033256584309E-4 3.821365433747134E-4 6.827211889796137E-5 6.370810535118944E-4 9.242921092038177E-4 0.001064298813970975 1.1493995597005109E-4 
0.856540929174552 0.7864161764420529 0.8730536834819755 1.2822367564692293E-5 0.003128147628573868 1.526266417457736E-4 9.241548323222531E-4 7.876178620373655E-4 0.0032879420086329688 0.002162179940903542 2.213911948112639E-5 9.691569230357138E-4 0.0018937978481959954 5.82558177284575E-4 3.4674364575913784E-5 8.813525777164798E-4 2.930561984303381E-4 7.192191324213567E-8 0.0031343185004532024 0.001767122686783398 0.0010685732356108507 8.759028207706495E-4 
0.8563538297649732 0.7695971892258971 0.8578923710431917 7.190040994058643E-5 3.0106678976335726E-4 1.526266417457736E-4 5.591570911531065E-4 0.0018459796392682564 0.0032341461537967447 0.0021454794519656017 3.071713012671715E-4 6.563730707545475E-5 0.00192528372593151 6.511797877601689E-4 0.005178826486241316 8.902353015801816E-4 3.0384369210147816E-4 1.3525329804426613E-4 5.990819136888313E-4 0.001766412344740771 0.001018326536529757 4.303731935775627E-4 
0.8801336995682999 0.8016118955801427 0.7784895353386546 0.00218618836746811 1.2972856085626797E-4 3.627554527399293E-4 8.01464079414955E-4 0.001300926728046282 0.0032270941493217865 2.528713676543387E-4 4.3021036170482544E-5 1.5060105905790173E-4 0.0019684176073556823 4.082851062730423E-4 0.0013465591342318418 8.528929855229011E-4 5.294716412173805E-4 1.414503293978671E-6 5.995679927698242E-4 7.268863504978739E-4 0.0011331537357265882 4.211915896836262E-4 
0.8650529316442839 0.8647767319140911 0.7126042731586576 4.173154459881025E-4 0.0022244868046862065 2.8167149675762683E-4 0.001888187156059886 4.118253754421897E-4 0.0033536084634689014 0.002019676447568625 5.3258677797381315E-5 7.23694233725476E-6 0.0019561470413033202 4.5837199254438E-5 2.1645215483051257E-5 8.561667607866259E-4 4.3250443995928754E-4 4.036726286502239E-6 0.0025928033398998213 0.00165961401437006 0.005446636210295064 2.671696182430771E-4 
0.856355518288533 0.8666558002944617 0.24866801700494698 1.4087172761309335E-4 9.99655784797386E-4 7.431146833773682E-5 0.0018563249180992207 3.392215030695317E-5 0.0031342390419973856 3.791584835950322E-5 5.164828409175855E-5 4.4928413014063947E-4 0.0019187555242640621 6.125926929158158E-4 2.031127345499298E-6 8.634963981601356E-4 5.750392064935656E-4 1.3941198249324285E-6 8.687130108129045E-4 4.0285466401673154E-5 5.751513663544979E-4 4.579549873060338E-4 
0.8559491766704348 0.7731018844867479 0.24861525373237273 0.001366920383656634 0.0029725785280514698 2.0571138130740123E-4 7.462172826001628E-4 3.888446979675424E-4 0.0022415326103282563 0.0024281846049827244 1.2002798176786165E-5 4.509916184980456E-4 8.059163958304479E-4 6.123390596406487E-4 3.6369453351651603E-4 8.628023242010489E-4 7.28253098015611E-4 1.3974225023573895E-6 0.0017722094820045624 0.0017654520975764016 1.9116029506544897E-4 4.549403715589757E-4 
0.8628400095315052 5.671584353138428E-4 1.3478557662418818E-4 4.975185903391425E-4 5.952777563462713E-4 2.1998051555421616E-5 7.946199943138343E-4 4.7696719483753783E-4 0.0017319181032885687 1.0336946726904856E-5 5.521382944967294E-5 5.9221631505836537E-5 3.3406376105306855E-4 6.1004991336992E-4 1.0239215297260448E-4 5.238033256584309E-4 3.821365433747134E-4 6.827211889796137E-5 6.370810535118944E-4 9.242921092038177E-4 0.001064298813970975 1.1493995597005109E-4 
0.8496116082248829 0.7628105056391481 0.8679693944381578 4.4918481721411413E-4 0.002728852812747858 8.720293908991494E-5 0.0014267671906179114 4.096156941386476E-4 0.0049316756699526116 7.227448935787897E-4 2.2999961889502942E-5 0.003015075929088675 0.0019706622728738925 0.002433174751109362 4.02844822433724E-7 8.955833505422167E-4 5.009775742434463E-4 2.3265618764970684E-4 0.0017782161624667623 8.692151607723301E-5 0.003546473913504717 8.345146279915411E-4 
0.8563538297649732 0.7439583418274525 0.8578923710431917 7.190040994058643E-5 4.727858914707747E-5 1.1666620421423328E-4 4.726070351140943E-4 0.0018459796392682564 0.003282227353846168 0.002154478037097363 3.071713012671715E-4 9.270537516698717E-5 0.00192528372593151 6.107146143804941E-4 0.005178826486241316 8.902353015801816E-4 3.0384369210147816E-4 1.3527610067133426E-4 5.990819136888313E-4 0.001730437193652172 0.001018326536529757 4.303731935775627E-4 
0.8803051630424632 0.714759617296491 0.8621539826360062 0.018852228294303934 1.427047938461181E-4 7.377530503568305E-4 9.442966800083431E-4 0.001313256612980209 0.0032281816898034666 2.2976486932243118E-4 3.192336014291268E-4 8.887547662668948E-5 8.720799414945306E-4 1.682458625327744E-4 3.24894789674618E-5 6.142526543180418E-4 3.7548034889549765E-4 1.3554292353592343E-4 6.01044952464034E-4 7.351119580962389E-4 0.0026770569889761845 0.002069453673842296 
0.864066428710338 0.7477192764755299 0.7596974887118467 1.5687721734949597E-5 0.0013882706927070233 3.6281732075824904E-4 0.007360294835440589 0.040382697217213014 0.0033872002358697295 0.002009511819458764 0.0014819874213781712 0.0013268548966451545 0.0014340280462754587 0.007666128250444371 0.00134373632074874 7.972906678097101E-5 4.646431204085896E-4 0.004982672222414974 0.005933709265482849 9.818971816617725E-4 0.0011601672741633716 4.2542565372405346E-4 
0.8563587454610774 0.6949352938894687 0.24866801700494698 0.001465469675813738 9.99655784797386E-4 7.470262039152922E-5 0.0019037409590894826 3.85590058469787E-4 0.0031945041371073965 4.218202250769003E-4 5.164828409175855E-5 4.4928413014063947E-4 0.0019187555242640621 6.125926929158158E-4 2.031127345499298E-6 8.634963981601356E-4 5.897231806863162E-4 1.3941198249324285E-6 0.0017893348069309121 2.5727685811837765E-4 6.255158306192803E-4 4.592635540015659E-4 
0.8628400095315052 5.671584353138428E-4 1.3478557662418818E-4 4.975185903391425E-4 5.954124463804835E-4 2.2269000318182817E-5 8.197799181198513E-4 5.044357467862217E-4 0.0017319181032885687 1.0336946726904856E-5 5.521382944967294E-5 8.436336863467363E-4 3.3406376105306855E-4 6.1004991336992E-4 2.584288918897049E-5 5.238033256584309E-4 3.821365433747134E-4 6.827211889796137E-5 6.370810535118944E-4 9.515724490215278E-4 0.0010338624876034665 1.1493998447156589E-4 
0.8453404716381154 0.7142606023951319 0.8682061875472418 0.018852228294303934 1.4102211351485982E-4 7.377530503568305E-4 9.442966800083431E-4 0.001313256612980209 0.0032281816898034666 2.2976486932243118E-4 3.192336014291268E-4 8.887547662668948E-5 8.720799414945306E-4 1.682458625327744E-4 4.772336649919599E-7 6.10099252274413E-4 3.7548034889549765E-4 2.297532276474755E-4 6.01044952464034E-4 7.353560797352669E-4 0.0026771910934551128 0.002069453673842296 
0.8803051630424632 0.6900692426911663 0.8621539826360062 0.018907008520266548 1.427047938461181E-4 7.377530503568305E-4 9.442966800083431E-4 0.001313256612980209 0.0032281816898034666 2.2976486932243118E-4 3.192336014291268E-4 8.887547662668948E-5 8.720799414945306E-4 1.682458625327744E-4 3.24894789674618E-5 6.142526543180418E-4 3.7548034889549765E-4 1.3554292353592343E-4 6.01044952464034E-4 7.351119580962389E-4 0.0026770569889761845 0.002069453673842296 
0.8519770456603879 0.2546019567801471 0.8605360696722554 6.058317159952355E-4 4.9388672209136426E-5 2.4808304258924177E-5 8.963415901295391E-4 5.459025633298706E-4 0.0010978840858039786 1.837612723828273E-4 1.7224783324642725E-4 1.1799664975415253E-4 3.401727110545682E-4 6.148111635544089E-4 2.1582957048830564E-5 1.3796709920387116E-6 1.1977940886517244E-4 1.0105803330525937E-4 5.593646590718593E-4 2.0289608370936132E-4 8.499666762184894E-4 8.64831366907935E-4 
0.788468621816842 0.25310139802479903 0.7113569046818414 3.5112255869774957E-4 3.1448732286300316E-4 1.678319508161513E-4 9.31147923663914E-4 4.5396953790231956E-4 0.0032275318269315524 0.0017803891229561466 1.7926404927841793E-4 4.1691626980431835E-4 1.9774859837619948E-4 1.6726914104281377E-4 0.001874282090895807 1.7017116808688722E-6 4.3110966322492067E-4 1.368225493866888E-4 5.13751599962255E-4 2.0121364403914558E-4 0.0010155949671306883 8.734490348139922E-4 
0.8628400095315052 5.671584353138428E-4 1.3478557662418818E-4 4.975185903391425E-4 5.954124463804835E-4 2.2269000318182817E-5 8.197799181198513E-4 5.044357467862217E-4 0.0017319181032885687 1.0336946726904856E-5 5.521382944967294E-5 8.436336863467363E-4 3.3406376105306855E-4 6.1004991336992E-4 2.584288918897049E-5 5.238033256584309E-4 3.821365433747134E-4 6.827211889796137E-5 6.370810535118944E-4 9.515724490215278E-4 0.0010338624876034665 1.1493998447156589E-4 
0.8565661852304912 0.6615358855148187 0.8575452100880053 7.215897674273516E-4 5.2955384114693324E-5 0.0029900406315890513 1.0789166892624213E-5 7.151728212802637E-4 0.0050014627436428495 9.129287100922263E-5 0.0013970270505663908 5.0426334030772776E-5 7.220718034070834E-4 6.38622126930259E-4 2.1428824601149934E-5 5.360971512412174E-4 5.412881026224404E-4 1.1272528743094031E-4 6.487364183535192E-4 7.295353079238651E-4 0.0010248817106464525 1.0378176815670811E-4 
0.8519745899973532 0.24346618635221595 0.8603009904215442 4.8237438687551897E-4 4.656999266461256E-5 3.3843822229981727E-6 1.90925921706669E-5 3.735303566398067E-4 0.0018104219958901802 2.189248393893948E-4 1.8026127280730957E-4 1.1799664975415253E-4 3.3631079962749197E-4 6.023650655536235E-4 5.3210673218821985E-6 1.381500972298607E-6 1.3229056220882124E-4 9.718808939800841E-5 5.682920665235172E-4 2.0143338561419741E-4 8.499666762184894E-4 6.761256492359574E-5 
0.8520451651101925 0.2535758439184808 0.7702338676017972 5.498665459349599E-4 3.313880620336772E-4 2.4495095428550345E-5 9.31147923663914E-4 4.395063229013396E-4 0.001093794259960492 0.001780015058015632 5.253917084562174E-5 5.632598347796928E-5 3.3859752033350013E-4 1.658588542366976E-4 0.0018259483198672006 1.1611235931945551E-6 3.786851128508497E-4 1.3578054872516305E-4 4.7033323875516486E-4 2.0121364403914558E-4 0.0010155219606604348 8.75577113219397E-4 
0.8551213518168741 6.340377132874221E-5 6.837812639088191E-4 4.94090354485828E-4 0.0011215265495917635 2.2426834590493007E-5 9.215358235975865E-4 4.401628757788981E-4 0.0034468555342875343 6.9632722268500515E-6 1.762141879504351E-4 1.1100450506174295E-5 7.94028858973099E-4 6.132979333972397E-4 3.104595838079264E-6 4.99908347239372E-4 2.321340516460171E-4 6.825065385854408E-5 1.9753591128514084E-4 2.4635857523442754E-4 0.0010368421329777398 1.00445409503389E-4 
0.8519773854936625 0.238284947017894 0.8605367684482964 4.980645806643284E-4 3.313880620336772E-4 2.448821123836716E-5 1.1819827187427962E-4 4.3833971420032734E-4 6.819570794411193E-4 2.2956831458929427E-4 1.7638699114148323E-4 5.672994080522525E-5 3.385952115727815E-4 1.658588542366976E-4 0.001135243307583974 1.1611235931945551E-6 3.789940853385811E-4 9.616722789993406E-5 4.7033323875516486E-4 2.0121364403914558E-4 0.0010429808870226413 8.651369592470988E-4 
0.8519774916423717 0.20813294893642675 0.8603236376275774 6.013317120742574E-4 4.9073867498992016E-5 2.4488939896751144E-5 9.502295976217537E-4 5.383962151389052E-4 0.001098722651340797 0.0018172966419262803 1.7388964895906703E-4 5.834756467970259E-5 3.3850090875094796E-4 6.14461739981981E-4 0.0011373416765039469 2.002704291093286E-6 1.32396892368687E-4 9.732427264367819E-5 5.709384915613577E-4 2.0289727018164066E-4 9.914510091884258E-4 4.050070664738599E-4 
0.8551213518168741 6.340377132874221E-5 6.837812639088191E-4 4.94090354485828E-4 0.0011215265495917635 2.2426834590493007E-5 9.215358235975865E-4 4.401628757788981E-4 0.0034468555342875343 6.9632722268500515E-6 1.762141879504351E-4 1.1100450506174295E-5 7.94028858973099E-4 6.132979333972397E-4 3.104595838079264E-6 4.99908347239372E-4 2.321340516460171E-4 6.825065385854408E-5 1.9753591128514084E-4 2.4635857523442754E-4 0.0010368421329777398 1.00445409503389E-4 
0.8520881565944521 0.18751828639242424 0.8620828668651613 3.5105293483670037E-4 2.3910649468508616E-4 2.4722364516163373E-5 1.1801627693367334E-4 0.0012869185041711972 0.00323591532422819 2.1903643549035302E-4 1.8134133108486857E-4 5.270903169703168E-5 2.720560821140174E-4 6.023439531183376E-4 0.0018230476679037201 1.7076809224995637E-5 3.822688826192528E-4 1.3587201350436184E-4 3.4762203664639925E-4 2.0104950542936255E-4 0.0028045107577919725 0.0018661491347102938 
0.8551213518168741 6.340377132874221E-5 6.837812639088191E-4 4.94090354485828E-4 0.0011215265495917635 2.2426834590493007E-5 9.215358235975865E-4 4.401628757788981E-4 0.0034468555342875343 6.9632722268500515E-6 1.762141879504351E-4 1.1100450506174295E-5 7.94028858973099E-4 6.132979333972397E-4 3.104595838079264E-6 4.99908347239372E-4 2.321340516460171E-4 6.825065385854408E-5 1.9753591128514084E-4 2.4635857523442754E-4 0.0010368421329777398 1.00445409503389E-4 
0.8575334859040968 6.29866219950039E-5 0.8606468336516155 6.078645951775803E-4 1.4345958143225322E-4 2.0757857447638284E-4 2.981783189300851E-4 0.0013124193508249494 0.0031984112635049674 2.2397596729965672E-4 5.1885697656845016E-5 0.0019054688612029462 8.091999103045799E-4 9.640569637016341E-4 3.2310312875505906E-5 8.408781031815128E-4 5.274318320111247E-4 7.725076787641535E-5 0.0016943539984345594 9.781078134163417E-5 0.0010893701389651702 4.729170509493189E-4 
0.8450234423171468 0.8543990615924056 0.8194878914479731 0.0014767879855432334 3.1704078400917744E-4 2.0802019975200278E-5 0.006279042683277555 0.0017379336658247956 0.005297009135735435 0.0010114401380297345 3.2604644430384776E-4 0.0033219022615154103 8.211266935989178E-4 0.0012831074778463752 1.2672753117166024E-4 8.573373034460311E-4 4.0217072704430376E-4 8.986177540545008E-6 0.0017824893699405246 0.004161656928337518 0.0035926207139745955 8.215378433317894E-4 
0.8450234423171468 0.8543990615924056 0.8194878914479731 0.0014767879855432334 3.1704078400917744E-4 2.0802019975200278E-5 0.006279042683277555 0.0017379336658247956 0.005297009135735435 0.0010114401380297345 3.2604644430384776E-4 0.0033219022615154103 8.211266935989178E-4 0.0012831074778463752 1.2672753117166024E-4 8.573373034460311E-4 4.0217072704430376E-4 8.986177540545008E-6 0.0017824893699405246 0.004161656928337518 0.0035926207139745955 8.215378433317894E-4 
0.8559656161109062 0.8650147405403242 0.7679668590921231 0.0014442304056574958 0.003107309097598764 1.4744682667448524E-4 6.766402617312264E-5 3.3214718014551296E-5 0.00222477225221095 6.13249568114961E-5 5.196178174486193E-5 5.182054005636144E-4 9.745922901480289E-4 5.818948939186185E-4 3.6369453351651603E-4 8.580293413992521E-4 7.282855033966659E-4 5.921208276219079E-6 0.0018244789423670616 3.159346782884891E-4 5.706998895832482E-4 4.5797083653764355E-4 
0.8596224005679217 0.8649160175178146 0.7459848754639679 3.614144979881121E-4 0.0021732666372653595 1.9939762167115013E-4 0.0014296836425317832 4.1017641021126746E-4 0.0049316756699526116 7.138880942598731E-4 2.3137085129387235E-5 0.003015075929088675 0.0019706622728738925 0.002433174751109362 4.02844822433724E-7 8.953877907613766E-4 5.009775742434463E-4 2.3425651138175467E-4 0.0017782161624667623 1.1139023141323358E-4 0.003546473913504717 4.238573096538771E-4 
0.8673917905648888 0.8526480758037255 0.6843561047745482 7.476426305191852E-6 0.002377828648778684 3.322310530270301E-4 7.66464647329738E-4 4.109139402329868E-4 0.0032878907081642554 0.0017780169145496156 3.3335663220093433E-4 0.002740259987826017 0.0019200615128341625 5.823510118033575E-4 4.0126702379006304E-5 8.623235111806001E-4 2.377055884697155E-4 1.079620531835316E-4 0.0016933522351973676 0.0018224903408357884 0.0035293758109505567 7.534649480224575E-4 
0.855942029233078 0.8639776980538224 0.26117462456065155 0.0015098018085219751 7.438879113234971E-5 1.9724932774646854E-4 3.484750672248305E-5 2.288152170265572E-5 0.002232691752501993 5.911673169389228E-5 2.4586215929853683E-4 4.590449726832069E-4 0.0016523671118889673 5.979333901795193E-4 3.6315027396820025E-4 8.840743050121285E-4 3.853641761105125E-5 7.012794390698192E-5 0.0015945613526672097 1.6391431832372527E-5 5.691150424351486E-4 4.579873621701607E-4 
0.8560801419735407 0.8649183689603516 0.21271521247607184 4.8186802740994583E-4 7.438879113234971E-5 1.991940398137599E-4 3.484750672248305E-5 2.288152170265572E-5 0.001318762107456598 5.910087736051006E-5 5.187339865299273E-5 0.0011894900396506507 0.0016523671118889673 6.128659842107691E-4 3.6315027396820025E-4 8.840743050121285E-4 4.530481868767817E-5 6.964912144554277E-5 0.001593402580962159 4.249204364289842E-5 5.748128612636291E-4 4.5797760422732967E-4 
3.793765466182375E-4 0.8683547773655378 3.516795343117076E-5 4.783294765398441E-4 5.723162669944847E-4 8.462072528812554E-5 0.0019037299058808099 8.560682606342306E-4 0.002871573255486332 5.7803545666730864E-5 2.547503583003898E-4 6.255007653582098E-5 8.111915040889167E-4 6.146404342055795E-4 1.0244703995433718E-4 5.224572419748848E-4 7.171331189634017E-4 1.465728279173931E-4 4.594490673069511E-4 9.245385501157213E-4 0.003624546471856024 1.149469961072973E-4 
0.8450674103505029 0.8295402643084445 0.8705641485368728 0.0014245409215923582 3.171417454128356E-4 0.003855234301638346 0.006039566689560853 0.0017351000423612268 0.005296607933516689 9.982764184265618E-4 3.131934044067943E-4 0.003334862392795036 8.215284214462328E-4 0.00339409655213391 1.6312852814870485E-4 8.312915222154446E-4 0.0032631993314468644 7.460984797323563E-6 7.447315714759084E-4 0.004122982416130501 0.0035652051771296873 5.334313761458652E-4 
0.8450674103505029 0.8290882690098641 0.8451889801313057 0.0014245860942093257 3.171417454128356E-4 2.1213678233633713E-5 0.006218677740403111 0.0017351000423612268 0.005296606582212635 9.982764184265618E-4 3.131177795127128E-4 0.003334862392795036 8.215108157401867E-4 0.0034042685011483717 1.6312852814870485E-4 8.302905521045619E-4 3.268532077243865E-4 7.460984797323563E-6 7.447315714759084E-4 0.004085510904540302 0.003569337793945838 5.378037262518792E-4 
0.8559656161109062 0.8650147405403242 0.7645770442548842 0.0014442304056574958 0.0031266292128059783 1.489343178920611E-4 9.058287929076978E-4 3.3214718014551296E-5 0.00222477225221095 7.789176811050428E-5 5.2129345729020636E-5 4.493165740984603E-4 0.0018491244010970381 5.818966550270916E-4 0.0018130164233361955 8.538578658294903E-4 7.282855033966659E-4 5.97905291278017E-6 6.763240906525578E-4 3.159346782884891E-4 5.35936532555665E-4 4.5778956154141255E-4 
0.8717579619935653 0.8528326577596873 0.7126042731586576 4.173154459881025E-4 0.002373789920581324 2.8167149675762683E-4 0.001888187156059886 4.118253754421897E-4 0.0033536084634689014 0.0020049057283182126 5.3258677797381315E-5 7.23694233725476E-6 0.0019561470413033202 4.5837199254438E-5 2.1645215483051257E-5 8.561667607866259E-4 4.3250443995928754E-4 4.036726286502239E-6 0.0026250853053568163 0.00165961401437006 0.009988450750034183 2.671696182430771E-4 
0.856355518288533 0.8666558002944617 0.24866801700494698 1.4087172761309335E-4 9.99655784797386E-4 7.431146833773682E-5 0.0018563249180992207 3.392215030695317E-5 0.0031342390419973856 3.791584835950322E-5 5.164828409175855E-5 4.4928413014063947E-4 0.0019187555242640621 6.125926929158158E-4 2.031127345499298E-6 8.634963981601356E-4 5.750392064935656E-4 1.3941198249324285E-6 8.687130108129045E-4 4.0285466401673154E-5 5.751513663544979E-4 4.579549873060338E-4 
0.8629269265404657 0.8599125171417645 0.24861525373237273 0.0013042434769768396 1.531977207311474E-4 2.0571138130740123E-4 2.492222495030419E-4 4.5959442991523884E-4 0.0033423095978627215 0.002414390432168938 1.061562609284932E-5 5.457495707342729E-5 7.94310030483737E-4 3.463979658372159E-4 3.636853521115774E-4 8.627965410505232E-4 7.28253098015611E-4 1.3712497586363991E-6 2.0276764526052423E-4 0.0016086716296531156 5.750245005205281E-4 4.378887955090346E-4 
0.002824300916615341 5.725170251460383E-4 1.323183406118015E-4 4.897204872580639E-4 0.0011234672520927707 2.0544026127310128E-4 7.004641587083547E-4 5.04401820602663E-4 0.003351774874226769 6.9632722268500515E-6 5.101710323002589E-5 3.248797114586098E-5 7.94028858973099E-4 6.132979333972397E-4 8.351748901920704E-6 5.237986039623344E-4 3.797530239000598E-4 6.914795451546489E-5 1.9700580916843223E-4 2.4559565478266833E-4 0.0010366991195892312 1.0065898816718386E-4 
0.8564165880152156 0.7692371853031333 0.8707762470594904 4.7701483452268923E-4 3.0106678976335726E-4 1.526266417457736E-4 5.591570911531065E-4 0.0018433446127247071 0.0032341461537967447 0.0021481008076824747 3.0707758141515127E-4 6.580852217883383E-5 0.0018930602329692485 6.511797877601689E-4 0.005178826486241316 8.813525777164798E-4 3.0384369210147816E-4 1.0013891740506072E-7 0.0017492475920137052 0.001766412344740771 0.0011435569910855272 4.321010833622251E-4 
0.8496116082248829 0.7628105056391481 0.8679693944381578 4.4918481721411413E-4 0.002728852812747858 8.720293908991494E-5 0.0014267671906179114 4.096156941386476E-4 0.0049316756699526116 7.227448935787897E-4 2.2999961889502942E-5 0.003015075929088675 0.0019706622728738925 0.002433174751109362 4.02844822433724E-7 8.955833505422167E-4 5.009775742434463E-4 2.3265618764970684E-4 0.0017782161624667623 8.692151607723301E-5 0.003546473913504717 8.345146279915411E-4 
0.8556801185145676 0.7733161700971318 0.7831117722930228 1.26157177709258E-4 0.001397128191341883 1.521252314203459E-4 9.692819265564154E-4 0.001185211862680348 0.0018717964322129987 9.960646214812034E-4 2.6326458973158245E-4 0.0032742657727550624 0.001972405478098158 5.857467081369038E-4 1.6196624595266442E-4 8.596352218280384E-4 0.003284355820622538 3.938841705700373E-6 7.430908067051222E-4 0.004185908291298519 0.0033909445806788218 5.18887296290573E-4 
0.8607700184005013 0.8648051857133577 0.6719068573462512 0.0014863594681032966 0.002188780375246293 3.531903434560016E-4 9.254976833788802E-4 4.096854329662974E-4 0.003121316723765518 3.7540711640154066E-4 8.582963074005299E-4 5.130530790416248E-4 0.0019492430112759479 0.0019700903033942016 0.0015069599018267968 8.700005489001479E-4 4.0987587586329885E-4 2.1116660907831104E-7 3.5990992382681E-4 0.0016537060581618582 0.003530005399731424 0.001773561842456345 
0.8559491766704348 0.7731018844867479 0.24861525373237273 0.001366920383656634 0.0029725785280514698 2.0571138130740123E-4 7.462172826001628E-4 3.888446979675424E-4 0.0022415326103282563 0.0024281846049827244 1.2002798176786165E-5 4.509916184980456E-4 8.059163958304479E-4 6.123390596406487E-4 3.6369453351651603E-4 8.628023242010489E-4 7.28253098015611E-4 1.3974225023573895E-6 0.0017722094820045624 0.0017654520975764016 1.9116029506544897E-4 4.549403715589757E-4 
1.3487785790130841E-5 6.340377132874221E-5 6.837812639088191E-4 4.897204872580639E-4 0.0011215265495917635 2.638777822042745E-4 7.000577970667218E-4 4.8312107113825066E-4 0.0011870490178911217 6.9632722268500515E-6 2.585348629269218E-4 3.248797114586098E-5 7.94028858973099E-4 6.132979333972397E-4 4.468229221267708E-6 3.164689358493895E-4 2.321340516460171E-4 6.851057417957829E-5 1.9700580916843223E-4 2.4559565478266833E-4 0.0010368421329777398 1.00445409503389E-4 
0.8563538297649732 0.7439583418274525 0.8578923710431917 7.190040994058643E-5 4.727858914707747E-5 1.1666620421423328E-4 4.726070351140943E-4 0.0018459796392682564 0.003282227353846168 0.002154478037097363 3.071713012671715E-4 9.270537516698717E-5 0.00192528372593151 6.107146143804941E-4 0.005178826486241316 8.902353015801816E-4 3.0384369210147816E-4 1.3527610067133426E-4 5.990819136888313E-4 0.001730437193652172 0.001018326536529757 4.303731935775627E-4 
0.8453404716381154 0.7142606023951319 0.8682061875472418 0.018852228294303934 1.4102211351485982E-4 7.377530503568305E-4 9.442966800083431E-4 0.001313256612980209 0.0032281816898034666 2.2976486932243118E-4 3.192336014291268E-4 8.887547662668948E-5 8.720799414945306E-4 1.682458625327744E-4 4.772336649919599E-7 6.10099252274413E-4 3.7548034889549765E-4 2.297532276474755E-4 6.01044952464034E-4 7.353560797352669E-4 0.0026771910934551128 0.002069453673842296 
0.8599047578893405 0.6750437424457394 0.8671984199047421 0.018651239947277992 0.0030317029775618403 7.448214822562597E-4 0.0011216295873094887 4.884187244421362E-4 0.003276878651410003 2.450302086523804E-4 3.262766176715246E-4 6.75440195614138E-5 8.656483538611044E-4 6.097759043058306E-4 0.0018682827843179471 5.545080050618791E-4 3.65174373369941E-4 1.330395996730364E-4 4.7658097873199356E-4 2.305502201251258E-5 0.002213845385158951 0.002187471867222497 
0.8563587454610774 0.6949352938894687 0.24866801700494698 0.001465469675813738 9.99655784797386E-4 7.470262039152922E-5 0.0019037409590894826 3.85590058469787E-4 0.0031945041371073965 4.218202250769003E-4 5.164828409175855E-5 4.4928413014063947E-4 0.0019187555242640621 6.125926929158158E-4 2.031127345499298E-6 8.634963981601356E-4 5.897231806863162E-4 1.3941198249324285E-6 0.0017893348069309121 2.5727685811837765E-4 6.255158306192803E-4 4.592635540015659E-4 
6.630380382784834E-4 6.340377132874221E-5 6.839897773307188E-4 4.897204872580639E-4 5.807201430182759E-4 2.6929604727339205E-4 7.000577970667218E-4 4.832692109012453E-4 0.003351780884847684 6.9632722268500515E-6 2.585348629269218E-4 3.248797114586098E-5 7.94028858973099E-4 5.091901487449779E-4 4.139401915839977E-6 4.156022767934874E-5 2.3214054721873187E-4 6.851039960512496E-5 1.9700580916843223E-4 2.643320283600355E-4 0.001033881128774741 1.1498441024905269E-4 
0.8803051630424632 0.6900692426911663 0.8621539826360062 0.018907008520266548 1.427047938461181E-4 7.377530503568305E-4 9.442966800083431E-4 0.001313256612980209 0.0032281816898034666 2.2976486932243118E-4 3.192336014291268E-4 8.887547662668948E-5 8.720799414945306E-4 1.682458625327744E-4 3.24894789674618E-5 6.142526543180418E-4 3.7548034889549765E-4 1.3554292353592343E-4 6.01044952464034E-4 7.351119580962389E-4 0.0026770569889761845 0.002069453673842296 
0.8519770612502844 0.2546019567801471 0.8605360696722554 6.058317159952355E-4 4.9388672209136426E-5 2.4488246328098927E-5 9.321488893503822E-4 5.467726646555533E-4 0.0010978840858039786 1.837612723828273E-4 1.7403434581401446E-4 1.1799664975415253E-4 3.3852245494138535E-4 6.148111635544089E-4 2.1582957048830564E-5 1.3796709920387116E-6 1.1502220167137892E-4 1.0105803330525937E-4 5.578712575760092E-4 2.0289608370936132E-4 8.499666762184894E-4 8.648656179746971E-4 
0.8520451651101925 0.2535758439184808 0.7702338676017972 5.498665459349599E-4 3.313880620336772E-4 2.4495095428550345E-5 9.31147923663914E-4 4.395063229013396E-4 0.001093794259960492 0.001780015058015632 5.253917084562174E-5 5.632598347796928E-5 3.3859752033350013E-4 1.658588542366976E-4 0.0018259483198672006 1.1611235931945551E-6 3.786851128508497E-4 1.3578054872516305E-4 4.7033323875516486E-4 2.0121364403914558E-4 0.0010155219606604348 8.75577113219397E-4 
6.630380382784834E-4 6.340377132874221E-5 6.839897773307188E-4 4.897204872580639E-4 5.807201430182759E-4 2.6929604727339205E-4 7.000577970667218E-4 4.832692109012453E-4 0.003351780884847684 6.9632722268500515E-6 2.585348629269218E-4 3.248797114586098E-5 7.94028858973099E-4 5.091901487449779E-4 4.139401915839977E-6 4.156022767934874E-5 2.3214054721873187E-4 6.851039960512496E-5 1.9700580916843223E-4 2.643320283600355E-4 0.001033881128774741 1.1498441024905269E-4 
0.8519745899973532 0.24346618635221595 0.8603009904215442 4.8237438687551897E-4 4.656999266461256E-5 3.3843822229981727E-6 1.90925921706669E-5 3.735303566398067E-4 0.0018104219958901802 2.189248393893948E-4 1.8026127280730957E-4 1.1799664975415253E-4 3.3631079962749197E-4 6.023650655536235E-4 5.3210673218821985E-6 1.381500972298607E-6 1.3229056220882124E-4 9.718808939800841E-5 5.682920665235172E-4 2.0143338561419741E-4 8.499666762184894E-4 6.761256492359574E-5 
0.8519745899973532 0.24346618635221595 0.8603009904215442 4.8237438687551897E-4 4.656999266461256E-5 3.3843822229981727E-6 1.90925921706669E-5 3.735303566398067E-4 0.0018104219958901802 2.189248393893948E-4 1.8026127280730957E-4 1.1799664975415253E-4 3.3631079962749197E-4 6.023650655536235E-4 5.3210673218821985E-6 1.381500972298607E-6 1.3229056220882124E-4 9.718808939800841E-5 5.682920665235172E-4 2.0143338561419741E-4 8.499666762184894E-4 6.761256492359574E-5 
1.3487785790130841E-5 6.340377132874221E-5 6.837812639088191E-4 4.897204872580639E-4 0.0011215265495917635 2.638777822042745E-4 7.000577970667218E-4 4.8312107113825066E-4 0.003351774874226769 6.9632722268500515E-6 2.585348629269218E-4 3.248797114586098E-5 7.94028858973099E-4 6.132979333972397E-4 4.468229221267708E-6 5.217171777025848E-4 5.35876611288413E-5 6.851057417957829E-5 1.9700580916843223E-4 2.4559565478266833E-4 0.0010368421329777398 1.00445409503389E-4 
0.8519774916423717 0.20813294893642675 0.8603236376275774 6.013317120742574E-4 4.9073867498992016E-5 2.4488939896751144E-5 9.502295976217537E-4 5.383962151389052E-4 0.001098722651340797 0.0018172966419262803 1.7388964895906703E-4 5.834756467970259E-5 3.3850090875094796E-4 6.14461739981981E-4 0.0011373416765039469 2.002704291093286E-6 1.32396892368687E-4 9.732427264367819E-5 5.709384915613577E-4 2.0289727018164066E-4 9.914510091884258E-4 4.050070664738599E-4 
1.3487785790130841E-5 6.340377132874221E-5 6.837812639088191E-4 4.897204872580639E-4 0.0011215265495917635 2.638777822042745E-4 7.000577970667218E-4 4.8312107113825066E-4 0.003351774874226769 6.9632722268500515E-6 2.585348629269218E-4 3.248797114586098E-5 7.94028858973099E-4 6.132979333972397E-4 4.468229221267708E-6 5.217171777025848E-4 2.321340516460171E-4 6.851057417957829E-5 1.9700580916843223E-4 2.4559565478266833E-4 0.0010368421329777398 1.00445409503389E-4 
2.326181065015017E-4 2.1567493865230075E-6 0.8602900677613314 6.07309068310054E-4 1.430124020801794E-4 2.1184560826818273E-4 1.479054563583099E-4 4.321987594774333E-4 0.003199474835295926 7.024340175848203E-6 9.108140329462718E-4 0.003045911006609448 7.859821896204156E-4 6.174818896313782E-4 7.746638602642844E-6 8.354042982179917E-4 1.3467553576296444E-4 7.731587858139438E-5 1.8364214786658703E-5 9.006307061519228E-5 9.715066729582187E-4 3.0158932014566183E-5 
0.7804582344896607 0.8542577752510015 0.871329779346959 4.747849346313939E-4 0.0028481098463727025 1.5335833595657824E-4 5.57626213912284E-4 7.861086996658111E-4 0.005307459746700204 0.002006520050671889 2.2598441830988337E-5 9.856625086444141E-4 3.8465055184966075E-4 5.806476810299157E-4 0.0018155590792169926 8.809140439159909E-4 1.1117551484844895E-4 1.4389810221936212E-4 0.001798766602258479 0.0017666220080546722 0.009992666977646928 4.2047640227091176E-4 
0.771222522955026 0.8520776845711535 0.8667065176654309 1.2344786573216906E-4 3.173873094954743E-4 0.0017756674438914387 8.87555440513937E-4 0.0012319911084803033 0.0032059426025050006 0.00213731813375839 3.145905956911942E-4 5.263376933393064E-4 0.0015900753619161908 6.599508138142205E-4 4.705165279112435E-4 8.903883790616833E-4 2.1780570694901664E-4 1.402239236103851E-4 0.003118447882764548 7.46799909426412E-4 0.0035515789795753064 2.4514298726606E-4 
0.7784219717522132 0.8648080071604055 0.8114486128179857 0.0014986221861573582 0.0013412608681317752 0.001814287554511428 9.412348548303391E-4 2.6237039815792942E-5 0.003080105432840595 5.984254097026577E-4 5.3258131466736034E-5 0.001274231839990082 0.0019683276149323604 0.0034046720699888984 7.911220357673246E-6 8.159310376164644E-4 8.615157984948034E-5 2.4058223850696018E-4 4.620480734377772E-4 3.642994624875832E-5 0.003528852012757207 4.217480095060266E-4 
0.8716957826507892 0.8528326577596873 0.7126042731586576 4.173154459881025E-4 0.002373789920581324 2.8167149675762683E-4 0.001888187156059886 4.118253754421897E-4 0.0033536084634689014 0.0020192088065516416 5.3258677797381315E-5 7.23694233725476E-6 0.0019561470413033202 4.5837199254438E-5 2.1645215483051257E-5 8.561667607866259E-4 4.3250443995928754E-4 4.036726286502239E-6 0.0026250853053568163 0.00165961401437006 0.009970103556557643 2.671696182430771E-4 
0.855942029233078 0.8639776980538224 0.26117462456065155 0.0015098018085219751 7.438879113234971E-5 1.9724932774646854E-4 3.484750672248305E-5 2.288152170265572E-5 0.002232691752501993 5.911673169389228E-5 2.4586215929853683E-4 4.590449726832069E-4 0.0016523671118889673 5.979333901795193E-4 3.6315027396820025E-4 8.840743050121285E-4 3.853641761105125E-5 7.012794390698192E-5 0.0015945613526672097 1.6391431832372527E-5 5.691150424351486E-4 4.579873621701607E-4 
0.7721336298258965 0.8650147405403242 0.24015689812542532 0.001431881097323548 0.0030560596514510522 1.992617351014187E-4 0.0019614507415789137 3.7952932976550167E-4 0.002233872980630462 3.7651488476466295E-4 5.1956803588752766E-5 5.638908059874123E-4 0.0019547916855696956 6.11787011818899E-4 4.753803465205745E-6 8.635371736214491E-4 2.4825289498904703E-4 1.4166851122398633E-6 0.001688049762298726 0.0016928803606393872 0.0034695929194051354 4.5797083653764355E-4 
3.793765466182375E-4 0.8683547773655378 3.516795343117076E-5 4.783294765398441E-4 5.723162669944847E-4 8.462072528812554E-5 0.0019037299058808099 8.560682606342306E-4 0.002871573255486332 5.7803545666730864E-5 2.547503583003898E-4 6.255007653582098E-5 8.111915040889167E-4 6.146404342055795E-4 1.0244703995433718E-4 5.224572419748848E-4 7.171331189634017E-4 1.465728279173931E-4 4.594490673069511E-4 9.245385501157213E-4 0.003624546471856024 1.149469961072973E-4 
0.771222522955026 0.8520776845711535 0.8667065176654309 1.2344786573216906E-4 3.173873094954743E-4 0.0017756674438914387 8.87555440513937E-4 0.0012319911084803033 0.0032059426025050006 0.00213731813375839 3.145905956911942E-4 5.263376933393064E-4 0.0015900753619161908 6.599508138142205E-4 4.705165279112435E-4 8.903883790616833E-4 2.1780570694901664E-4 1.402239236103851E-4 0.003118447882764548 7.46799909426412E-4 0.0035515789795753064 2.4514298726606E-4 
0.7661998514724064 0.8291929791519774 0.8462719560118289 0.0012309835443146413 2.662405878998365E-4 3.1912204136648665E-4 0.0010383781797276325 0.0013195590216701619 0.005285925162331041 0.0010036004938342503 3.131934044067943E-4 0.003334862392795036 0.0014618514404442777 0.00335666206540122 1.6312852814870485E-4 8.426075870289304E-4 0.003307734554025926 7.477306172071244E-6 7.447315714759084E-4 0.004173659071424633 0.003564870837330939 5.334313761458652E-4 
0.8007116891555283 0.7998022304446651 0.8031730729455799 4.8285412459495963E-4 0.0011329608295686496 8.472873045542082E-5 0.0018511851636561372 0.0018227763499325117 0.0032211267488607715 0.0021075710469584093 7.373604182912256E-6 5.0582208056423176E-5 0.002514992795582639 6.079706481320688E-4 0.0018178914043270947 9.331328157027866E-4 4.396794458700768E-4 1.498846419060674E-6 9.68118504602707E-4 0.001670232042509776 0.002211958487166658 8.290096610691336E-4 
0.8607700184005013 0.8648051857133577 0.6719068573462512 0.0014863594681032966 0.002188780375246293 3.531903434560016E-4 9.254976833788802E-4 4.096854329662974E-4 0.003121316723765518 3.7540711640154066E-4 8.582963074005299E-4 5.130530790416248E-4 0.0019492430112759479 0.0019700903033942016 0.0015069599018267968 8.700005489001479E-4 4.0987587586329885E-4 2.1116660907831104E-7 3.5990992382681E-4 0.0016537060581618582 0.003530005399731424 0.001773561842456345 
0.7721336298258965 0.8650147405403242 0.24015689812542532 0.001431881097323548 0.0030560596514510522 1.992617351014187E-4 0.0019614507415789137 3.7952932976550167E-4 0.002233872980630462 3.7651488476466295E-4 5.1956803588752766E-5 5.638908059874123E-4 0.0019547916855696956 6.11787011818899E-4 4.753803465205745E-6 8.635371736214491E-4 2.4825289498904703E-4 1.4166851122398633E-6 0.001688049762298726 0.0016928803606393872 0.0034695929194051354 4.5797083653764355E-4 
6.623102616563835E-4 4.129456695868443E-4 6.732229009991006E-4 4.770632352971541E-4 5.756145394141693E-4 8.455255246161256E-5 2.5739669329527884E-4 4.832695481552984E-4 0.003351780834936071 5.908296403452833E-5 5.363999576626334E-5 6.154873902537344E-5 7.943595237093213E-4 5.113242162212441E-4 5.8690419186776384E-5 5.415010710736038E-4 2.3252804034368406E-4 6.881779107587531E-5 1.8890012699783297E-4 1.456669425544753E-4 5.702456415391E-4 1.149803556449665E-4 
0.775289235486027 0.7998022304446651 0.8707035348238721 4.737098781385074E-4 0.0011329608295686496 8.472873045542082E-5 4.1559470314506857E-4 0.0018211607978927836 0.0032211267488607715 0.0021075710469584093 4.335677085532756E-5 6.7889190844136E-5 0.002534478019039875 6.087450154622696E-4 0.0018178914043270947 9.331328157027866E-4 1.192592436610245E-4 1.5339129901774375E-6 0.0010052058780047573 2.3775777280339466E-5 0.002211958487166658 8.290096610691336E-4 
0.7751519121500421 0.7842234368750349 0.8636743403618464 4.737098781385074E-4 0.0011357257367975984 8.472873045542082E-5 9.537316717104863E-4 0.0018387651186710274 0.003224045682724482 0.0021165103484147383 4.335677085532756E-5 1.2247321823171526E-4 0.002534478019039875 1.7128716498663145E-4 0.0018180323074839895 1.0284690621029113E-5 1.247129506438519E-4 1.5339129901774375E-6 0.0010052058780047573 9.867975764303507E-5 0.0033111495486802126 8.339146031237009E-4 
0.8007116891555283 0.7998022304446651 0.8031730729455799 4.8285412459495963E-4 0.0011329608295686496 8.472873045542082E-5 0.0018511851636561372 0.0018227763499325117 0.0032211267488607715 0.0021075710469584093 7.373604182912256E-6 5.0582208056423176E-5 0.002514992795582639 6.079706481320688E-4 0.0018178914043270947 9.331328157027866E-4 4.396794458700768E-4 1.498846419060674E-6 9.68118504602707E-4 0.001670232042509776 0.002211958487166658 8.290096610691336E-4 
0.8006921024140736 0.8034015448023247 0.2322579226739624 0.005249473796840072 5.177530142897663E-4 2.1334467353390375E-4 7.470036490729014E-4 0.0012427357860376217 0.0014699179322638445 0.0012915123489758039 8.990551786259203E-4 5.0700032689803E-5 0.01325142726028342 0.0011312668341603575 0.0018259483198672006 9.785171832014424E-4 2.846225612607467E-4 1.3571544648150694E-4 5.999199324174575E-4 3.0997647749437434E-4 0.0027989555958697313 7.582342071729802E-4 
1.3487785790130841E-5 6.340377132874221E-5 6.837812639088191E-4 4.897204872580639E-4 0.0011215265495917635 2.638777822042745E-4 7.000577970667218E-4 4.8312107113825066E-4 0.0011870490178911217 6.9632722268500515E-6 2.585348629269218E-4 3.248797114586098E-5 7.94028858973099E-4 6.132979333972397E-4 4.468229221267708E-6 3.164689358493895E-4 2.321340516460171E-4 6.851057417957829E-5 1.9700580916843223E-4 2.4559565478266833E-4 0.0010368421329777398 1.00445409503389E-4 
0.8803051630424632 0.7139688916394903 0.8602858381282972 6.07433884625625E-4 1.4315540505712338E-4 7.377530503568305E-4 9.381007366501024E-4 5.870286020063178E-4 0.004999553810608515 2.283271843440343E-4 3.192336014291268E-4 5.1380005907717416E-5 3.5481010615901165E-4 6.390878543870539E-4 2.1516015445023985E-5 6.090434449377436E-4 4.0803344411165926E-4 2.1384533220561276E-6 5.985226645694814E-4 9.025775304595685E-5 8.872825517836821E-4 0.0020535183971127423 
0.8660790440218963 0.6750437424457394 0.8671984199047421 0.018651239947277992 0.0030317029775618403 7.448214822562597E-4 0.0011216295873094887 4.884187244421362E-4 0.003276878651410003 2.450302086523804E-4 3.262766176715246E-4 6.75440195614138E-5 8.656483538611044E-4 6.097759043058306E-4 0.0018682827843179471 5.545080050618791E-4 3.65174373369941E-4 1.330395996730364E-4 4.7658097873199356E-4 2.305502201251258E-5 0.002213845385158951 0.002187471867222497 
0.7886152511323041 0.21089299835411746 0.8110180613114213 0.0015829031331475755 0.0013237999881696048 0.0021468209287633573 0.007359054082516414 3.6902003775363156E-4 0.0033899417324298555 0.0017757639954880716 0.001440452054933625 0.001301968577325166 0.0014857919819336084 7.370076360065868E-4 0.0013738263767486237 1.0901273756183866E-4 0.0013000251064514763 0.0042297332415353744 0.0054906523383113975 2.496543330994842E-4 0.0011492963228697667 5.881983075640512E-5 
6.623102616563835E-4 4.129456695868443E-4 6.732229009991006E-4 4.770632352971541E-4 5.756145394141693E-4 8.455255246161256E-5 2.5739669329527884E-4 4.832695481552984E-4 0.003351780834936071 5.908296403452833E-5 5.363999576626334E-5 6.154873902537344E-5 7.943595237093213E-4 5.113242162212441E-4 5.8690419186776384E-5 5.415010710736038E-4 2.3252804034368406E-4 6.881779107587531E-5 1.8890012699783297E-4 1.456669425544753E-4 5.702456415391E-4 1.149803556449665E-4 
0.8519745899973532 0.24346618635221595 0.8603009904215442 4.8237438687551897E-4 4.656999266461256E-5 3.3843822229981727E-6 1.90925921706669E-5 3.735303566398067E-4 0.0018104219958901802 2.189248393893948E-4 1.8026127280730957E-4 1.1799664975415253E-4 3.3631079962749197E-4 6.023650655536235E-4 5.3210673218821985E-6 1.381500972298607E-6 1.3229056220882124E-4 9.718808939800841E-5 5.682920665235172E-4 2.0143338561419741E-4 8.499666762184894E-4 6.761256492359574E-5 
0.7828419896074166 0.2254297229287996 0.8636673944061026 5.420141330063895E-4 0.011352988312727645 2.2544230141098662E-4 9.31147923663914E-4 4.536997564078216E-4 0.0018417490558805707 0.001815093820305505 5.2558228004132034E-5 1.05675391899885E-4 1.4997398246086816E-4 1.6584845210475117E-4 0.0018259483198672006 3.697040701104027E-4 2.487741543153475E-4 1.3505931361741625E-4 6.297748295788425E-4 2.0189289562323233E-4 0.0010316979650918212 8.589563000855883E-4 
6.630380382784834E-4 6.340377132874221E-5 6.839897773307188E-4 4.897204872580639E-4 5.743303073078455E-4 8.485787499331719E-5 7.000577970667218E-4 4.832692109012453E-4 0.003351780884847684 6.9632722268500515E-6 2.585348629269218E-4 3.248797114586098E-5 7.94028858973099E-4 5.091901487449779E-4 4.139401915839977E-6 5.217171777025848E-4 2.3214080410616824E-4 6.849723230876756E-5 1.9700580916843223E-4 2.643320283600355E-4 0.001033881128774741 1.1515799742479878E-4 
0.7828419896074166 0.2254297229287996 0.8636673944061026 5.420141330063895E-4 0.011352988312727645 2.2544230141098662E-4 9.31147923663914E-4 4.536997564078216E-4 0.0018417490558805707 0.001815093820305505 5.2558228004132034E-5 1.05675391899885E-4 1.4997398246086816E-4 1.6584845210475117E-4 0.0018259483198672006 3.697040701104027E-4 2.487741543153475E-4 1.3505931361741625E-4 6.297748295788425E-4 2.0189289562323233E-4 0.0010316979650918212 8.589563000855883E-4 
1.3487785790130841E-5 6.340377132874221E-5 6.837812639088191E-4 4.897204872580639E-4 0.0011215265495917635 2.638777822042745E-4 7.000577970667218E-4 4.8312107113825066E-4 0.003351774874226769 6.9632722268500515E-6 2.585348629269218E-4 3.248797114586098E-5 7.94028858973099E-4 6.132979333972397E-4 4.468229221267708E-6 5.217171777025848E-4 5.35876611288413E-5 6.851057417957829E-5 1.9700580916843223E-4 2.4559565478266833E-4 0.0010368421329777398 1.00445409503389E-4 
2.326181065015017E-4 2.1567493865230075E-6 0.8602900677613314 6.07309068310054E-4 1.430124020801794E-4 2.1184560826818273E-4 1.479054563583099E-4 4.321987594774333E-4 0.003199474835295926 7.024340175848203E-6 9.108140329462718E-4 0.003045911006609448 7.859821896204156E-4 6.174818896313782E-4 7.746638602642844E-6 8.354042982179917E-4 1.3467553576296444E-4 7.731587858139438E-5 1.8364214786658703E-5 9.006307061519228E-5 9.715066729582187E-4 3.0158932014566183E-5 
0.7557917191466537 0.8291929791519774 0.8714666379824184 0.0012309835443146413 3.01070084558977E-4 3.1912204136648665E-4 0.001036265414035695 0.0013219971297545037 0.005285925162331041 0.0010036004938342503 3.131934044067943E-4 0.003334862392795036 0.001896607921257939 0.00335666206540122 1.1787102390949751E-4 8.814403947173522E-4 0.003307734554025926 2.132021873805299E-7 7.447315714759084E-4 0.004138069647175221 0.003564870837330939 5.262128259053851E-4 
0.7390404709719265 0.8778864283008093 0.8435096005835556 4.7131545417415367E-4 0.0023469704982033114 1.8782195864564422E-4 2.772703887016038E-4 4.097838023077135E-4 0.003248512349497036 0.0021206925227440824 3.9777752424912315E-5 5.273612789851569E-4 2.4604331419448753E-4 0.0010934142086705847 0.001809619906556396 8.698279739953365E-4 1.1178966804729025E-4 1.4768340050049628E-4 4.7200268325529415E-4 0.004081990263994492 0.002166037331388588 8.253882879047577E-4 
0.7127374045906896 0.8648080071604055 0.8351908619378253 0.0014610448602553666 0.0013412608681317752 0.002139080999242982 0.0017150507822527381 1.870250255321947E-5 0.003381247077691225 6.609017496549746E-4 8.733674888802574E-5 0.0013022074688949674 0.0019683276149323604 0.003402369219633211 5.867894649085395E-6 8.444137403564331E-4 0.0012856322653540856 1.4145511602736E-6 4.620480734377772E-4 3.803994241478249E-5 0.0010230667565447474 4.23178959534068E-4 
0.7360854101676084 0.8788057640765817 0.7328564219314678 2.3849886456121447E-5 0.017476803740911283 0.00895664042577843 0.0018704860068099857 0.006850076833360733 0.003202865870893545 8.008183749095299E-4 5.353069952665323E-5 5.068253176057419E-4 0.001874735545330573 0.0031663572535724884 2.6566832582427993E-4 0.0016713363986998976 0.006407585926388263 2.9939863158182306E-4 9.661305681452556E-4 0.001295975225090089 0.0037489437263671624 2.5126644002078065E-4 
0.7057238090420954 0.8777277779716053 0.21427759766024781 0.020815071148304845 0.0031204209126614044 2.509134765670967E-4 6.956861813585348E-4 4.0776644320738653E-4 0.004919157194112583 0.0011776415666744538 5.385649762294623E-5 0.0034804348164163314 0.0018667649271406099 5.82558177284575E-4 3.2036692927296775E-5 1.4078108305254214E-4 1.684716001323665E-4 5.530790135443303E-7 0.005906886982112103 0.005191940781754873 0.003528795227932114 3.524441184240401E-4 
3.793765466182375E-4 0.8683547773655378 3.516795343117076E-5 7.950830353908936E-4 3.4956333809152944E-4 4.644250033928495E-5 0.0019037299058808099 8.630306337406602E-4 0.0028658251784760332 5.7803545666730864E-5 2.547503583003898E-4 1.4972776448431914E-4 8.111824346136332E-4 6.146404342055795E-4 1.0244703995433718E-4 5.221011706860869E-4 7.171331189634017E-4 1.451457660652586E-4 7.088525266405946E-4 9.245385501157213E-4 0.003624398421796584 1.149469961072973E-4 
0.7390404709719265 0.8778864283008093 0.8435096005835556 4.7131545417415367E-4 0.0023469704982033114 1.8782195864564422E-4 2.772703887016038E-4 4.097838023077135E-4 0.003248512349497036 0.0021206925227440824 3.9777752424912315E-5 5.273612789851569E-4 2.4604331419448753E-4 0.0010934142086705847 0.001809619906556396 8.698279739953365E-4 1.1178966804729025E-4 1.4768340050049628E-4 4.7200268325529415E-4 0.004081990263994492 0.002166037331388588 8.253882879047577E-4 
0.7127374045906896 0.8648080071604055 0.8351908619378253 0.0014610448602553666 0.0013412608681317752 0.0017921299404859363 0.0017150507822527381 2.6237039815792942E-5 0.003080105432840595 5.984254097026577E-4 5.3258677797381315E-5 0.001274231839990082 0.0019683276149323604 0.0034046720699888984 7.911220357673246E-6 8.298200108127994E-4 4.946660709448104E-5 1.4145511602736E-6 4.620480734377772E-4 3.642994624875832E-5 0.003528852012757207 4.217480095060266E-4 
0.6755884201352484 0.8518316630217141 0.8457703256498409 0.0014863594681032966 0.003124999077952867 3.531903434560016E-4 9.260600145706882E-4 4.0159274869561233E-4 0.003121316723765518 7.430269662248999E-4 8.872658485786426E-4 5.130530790416248E-4 0.0019492430112759479 0.003375493566462882 0.005229202051217672 8.702886122189547E-4 4.0927130454795934E-4 2.1116660907831104E-7 3.5990992382681E-4 0.0016582943362005618 0.0033636896725380222 0.0017449326538869461 
0.692126774251893 0.8778351218145224 0.6795826315339079 0.020508406490796598 0.06695151460425375 2.435535201271504E-4 0.0019938843602682506 4.0776644320738653E-4 0.004919157194112583 0.0011736684815706064 5.2017832095284453E-5 0.0034804348164163314 0.04680901968932258 6.24565285159592E-4 3.0948538939659735E-5 1.229244047105557E-4 2.4910751336490976E-4 1.5449591166666191E-6 0.0016819622049017604 6.306308794910408E-5 0.0038629462489494157 3.535352001469721E-4 
1.3487785790130841E-5 6.340377132874221E-5 6.837812639088191E-4 4.897204872580639E-4 0.0011215265495917635 2.638777822042745E-4 7.000577970667218E-4 4.8312107113825066E-4 0.0011870490178911217 6.9632722268500515E-6 2.585348629269218E-4 3.248797114586098E-5 7.94028858973099E-4 6.132979333972397E-4 4.468229221267708E-6 3.164689358493895E-4 2.321340516460171E-4 6.851057417957829E-5 1.9700580916843223E-4 2.4559565478266833E-4 0.0010368421329777398 1.00445409503389E-4 
0.7127374045906896 0.8648080071604055 0.8351908619378253 0.0014610448602553666 0.0013412608681317752 0.0017921299404859363 0.0017150507822527381 2.6237039815792942E-5 0.003080105432840595 5.984254097026577E-4 5.3258677797381315E-5 0.001274231839990082 0.0019683276149323604 0.0034046720699888984 7.911220357673246E-6 8.298200108127994E-4 4.946660709448104E-5 1.4145511602736E-6 4.620480734377772E-4 3.642994624875832E-5 0.003528852012757207 4.217480095060266E-4 
0.6755884201352484 0.8518316630217141 0.8457703256498409 0.0014863594681032966 0.003124999077952867 3.531903434560016E-4 9.260600145706882E-4 4.0159274869561233E-4 0.003121316723765518 7.430269662248999E-4 8.872658485786426E-4 5.130530790416248E-4 0.0019492430112759479 0.003375493566462882 0.005229202051217672 8.702886122189547E-4 4.0927130454795934E-4 2.1116660907831104E-7 3.5990992382681E-4 0.0016582943362005618 0.0033636896725380222 0.0017449326538869461 
0.22611604436794688 0.778133170444964 0.8215554352657858 1.965364212770898E-4 0.002845318491567373 0.0012269654896516575 7.375289696709107E-4 1.1092708667685648E-4 5.862416303179479E-4 0.011174001688572487 8.902656330361653E-4 0.0012699730185984014 0.00148401251118703 7.489842828038767E-4 8.551249308372244E-5 8.635626667866484E-4 3.8135240035824634E-4 3.3158798835589186E-5 0.0050722126323576675 0.001163448129597223 0.0028488635884747855 0.00245506049773756 
1.3487785790130841E-5 6.340377132874221E-5 6.837812639088191E-4 4.897204872580639E-4 0.0011215265495917635 2.638777822042745E-4 7.000577970667218E-4 4.8312107113825066E-4 0.0011870490178911217 6.9632722268500515E-6 2.585348629269218E-4 3.248797114586098E-5 7.94028858973099E-4 6.132979333972397E-4 4.468229221267708E-6 3.164689358493895E-4 2.321340516460171E-4 6.851057417957829E-5 1.9700580916843223E-4 2.4559565478266833E-4 0.0010368421329777398 1.00445409503389E-4 
0.7252477718230129 0.7418767885356898 0.8630234873828613 4.4322334455076766E-4 0.0010740964147592407 0.0017919170740869675 2.6265616331039125E-4 0.0018511325844818012 0.0031598004868134627 0.011168097589276773 8.853844485154286E-4 5.207150560373433E-6 0.0016172715658228994 0.0033679205983641516 8.391483501834437E-6 8.316442344653307E-4 7.169399210028485E-4 5.128636566885581E-6 7.583716279765086E-4 8.776157055641596E-4 0.0028493598174311754 6.526924583798231E-5 
0.6731896336122726 0.6774101531819674 0.8577760835148301 0.020782040304428012 5.779964624078005E-4 7.448214822562597E-4 9.500905412416332E-4 4.74116333526382E-4 0.003277374797505614 8.83593164555926E-5 3.262766176715246E-4 0.0012814741774645616 8.641256801389118E-4 0.007415116979297805 1.058131896449443E-5 5.481641978162714E-4 0.0032375413874704017 1.3314038069649713E-4 4.7365558438604077E-4 0.0019834770611083276 0.0022209430594122546 0.002269321889328927 
6.598084227112932E-4 6.340377132874221E-5 6.837812639088191E-4 4.772043541963758E-4 0.0011215265495917635 2.6563258412358654E-4 7.000577970667218E-4 4.8312107113825066E-4 0.0033517748947240254 6.9632722268500515E-6 5.2673221527766836E-5 3.248797114586098E-5 3.2885740192456394E-4 6.132979333972397E-4 2.1455473262648435E-7 5.217171777025848E-4 2.321340516460171E-4 6.851057417957829E-5 1.9700580916843223E-4 2.4559565478266833E-4 0.0010368421329777398 1.00445409503389E-4 
0.6944456878235674 0.20726220907255277 0.8575731662053958 0.005183411524186884 8.504790930100262E-6 2.636769806702592E-4 9.514659262414725E-4 0.001239056900320714 0.0018418465390281037 0.0017847213066592576 1.8015746628328004E-4 5.809714418149868E-5 1.946338200123068E-4 8.682887738422126E-4 0.0018306737253444636 3.842241397216936E-4 1.2758446670174098E-4 1.1656509326569396E-4 6.715688334232701E-4 2.1236938818227028E-5 0.002213591041993017 0.0018846161565522204 
6.623102616563835E-4 4.1059192854514277E-4 6.839831905450066E-4 4.7706110123426444E-4 5.756145394141693E-4 8.455255246161256E-5 2.5739669329527884E-4 4.832695481552984E-4 0.003351780834936071 5.908296403452833E-5 5.363999576626334E-5 6.154873902537344E-5 8.12393486610735E-4 5.113242162212441E-4 5.851609195125406E-5 5.415010710736038E-4 2.355546628263055E-4 6.84968789873225E-5 4.6374100900338207E-4 9.238408599382767E-4 0.0010338140468146477 1.149803556449665E-4 
2.3674513746997324E-4 2.605434351192525E-6 0.8603469246514323 4.885379425000971E-4 1.5527393027795806E-4 1.6794221388272026E-4 1.4467532129030023E-4 4.829487364513928E-4 6.819048018918573E-4 2.2870965336276234E-4 9.112812826189344E-4 1.573081651313991E-5 8.007321183379538E-4 9.625244651549738E-4 1.0509287615076252E-5 8.566826698305713E-4 2.3336758926753532E-4 7.736154697161403E-5 1.8879183672876167E-5 2.513723745868252E-4 0.0010627681690767107 9.25631485098932E-4 
0.7127374045906896 0.8648080071604055 0.8351908619378253 0.0014610448602553666 0.0013412608681317752 0.0017921299404859363 0.0017150507822527381 2.6237039815792942E-5 0.003080105432840595 5.984254097026577E-4 5.3258677797381315E-5 0.001274231839990082 0.0019683276149323604 0.0034046720699888984 7.911220357673246E-6 8.298200108127994E-4 4.946660709448104E-5 1.4145511602736E-6 4.620480734377772E-4 3.642994624875832E-5 0.003528852012757207 4.217480095060266E-4 
0.6839388518959315 0.8648080071604055 0.8628694662258053 0.0014610448602553666 0.0013412608681317752 1.5763918762990315E-4 0.0018028884630846196 3.2326521690174575E-5 0.0030852807291332804 5.991895285828291E-4 5.3258677797381315E-5 0.0012740659806117958 0.0019787358617313084 0.0033679452307292038 7.911374461468343E-6 8.297205943929025E-4 5.049477933358055E-5 1.4123479655835704E-6 4.620480734377772E-4 3.6429772719390176E-5 0.0035183938682442134 4.217480095060266E-4 
0.2352945555664967 0.8639720239766036 0.8610722133401413 4.6994356629763743E-4 0.002629570768536184 2.815450133180714E-4 2.5960087062619323E-4 4.118253754421897E-4 0.003202064223495775 0.0011559046804407473 8.781183492459217E-4 7.23694233725476E-6 0.0012239981516692713 6.180163849229911E-4 2.1645215483051257E-5 1.238371200406067E-4 4.3250443995928754E-4 4.036726286502239E-6 0.002634732279481057 6.098755049841018E-5 3.617481007910442E-4 2.671696182430771E-4 
0.27108484034768926 0.8516467184661175 0.6847461055006657 4.7437628761077936E-4 0.0023778102047804167 5.023369869876756E-5 7.552106582549832E-4 1.410333340141949E-4 0.0028658304287927584 0.0017780169145496156 8.922393836751063E-4 1.5819980239434794E-4 7.99030043665133E-4 5.822352921916553E-4 4.0126702379006304E-5 5.146490673784741E-4 6.929815228230311E-4 2.494712111753754E-6 0.0016964730450587308 3.5972931418578116E-5 0.0035372974914823253 4.217480095060266E-4 
3.793765466182375E-4 0.8683547773655378 3.516795343117076E-5 7.950830353908936E-4 3.4956333809152944E-4 4.644250033928495E-5 0.0019037299058808099 8.630306337406602E-4 0.0028658251784760332 5.7803545666730864E-5 2.547503583003898E-4 1.4972776448431914E-4 8.111824346136332E-4 6.146404342055795E-4 1.0244703995433718E-4 5.221011706860869E-4 7.171331189634017E-4 1.451457660652586E-4 7.088525266405946E-4 9.245385501157213E-4 0.003624398421796584 1.149469961072973E-4 
0.6839388518959315 0.8648080071604055 0.8628694662258053 0.0014610448602553666 0.0013412608681317752 1.5763918762990315E-4 0.0018028884630846196 3.2326521690174575E-5 0.0030852807291332804 5.991895285828291E-4 5.3258677797381315E-5 0.0012740659806117958 0.0019787358617313084 0.0033679452307292038 7.911374461468343E-6 8.297205943929025E-4 5.049477933358055E-5 1.4123479655835704E-6 4.620480734377772E-4 3.6429772719390176E-5 0.0035183938682442134 4.217480095060266E-4 
0.23260313747448308 0.8642134255279047 0.863053080628813 2.0107774746256615E-4 0.0023722168098338926 1.9128833250133865E-4 2.891871024876505E-4 4.097838023077135E-4 0.0032484210948405643 7.247369241330918E-4 8.693477797691641E-4 0.0011232469706025725 2.0318280736875399E-4 0.003367814729253164 3.4629517728550227E-6 8.442026203637589E-4 3.681333338780902E-6 1.4496439424612146E-4 1.6282156612765316E-5 0.0011629780965017517 7.60332698787183E-4 1.2060686025143931E-4 
0.20980854565060358 0.8803740465327529 0.7854074874025889 1.2210894933286148E-5 0.002833814049385557 0.0019708693284623087 0.005977759853277436 0.0010272453231175097 0.005287636666641233 0.0021448461775485025 8.85587349733217E-4 0.0011582672598741727 1.6550601592822678E-4 6.328523415028312E-4 8.11488369729101E-5 4.771424377547919E-4 7.741631176553085E-5 3.444170318568464E-5 4.779801821308688E-4 0.0011995469405587924 0.0034667792536803967 4.343303769298024E-4 
1.3487785790130841E-5 6.340377132874221E-5 6.837812639088191E-4 4.897204872580639E-4 0.0011215265495917635 2.638777822042745E-4 7.000577970667218E-4 4.8312107113825066E-4 0.0011870490178911217 6.9632722268500515E-6 2.585348629269218E-4 3.248797114586098E-5 7.94028858973099E-4 6.132979333972397E-4 4.468229221267708E-6 3.164689358493895E-4 2.321340516460171E-4 6.851057417957829E-5 1.9700580916843223E-4 2.4559565478266833E-4 0.0010368421329777398 1.00445409503389E-4 
0.23194242335184323 0.863912059056297 0.8630492736018629 3.507181334650803E-4 0.0023696804594750655 1.9127681496553312E-4 2.5025039550184827E-4 4.097838023077135E-4 0.0018470656753530317 7.209882100822351E-4 8.693477797691641E-4 0.0011421230980245354 1.9584196500627257E-4 0.003367814729253164 7.819686884017032E-6 8.316223656645277E-4 1.394618692437035E-4 6.945855599014631E-5 1.894658554533042E-5 0.0017433286415102168 0.0021813457495635106 1.1644090668489672E-4 
0.22626574507963448 0.7740432752831555 0.8703589423209006 6.568620630724943E-4 0.0028449594198297753 0.001823068693479096 7.509145611631237E-4 0.001026274857057646 0.0030348634474443147 2.1132603469860593E-4 9.076177554714071E-4 5.127851154434766E-4 0.0019796394157434046 6.670264589452633E-4 9.34920287362449E-6 6.095420547823626E-4 7.115053877976006E-5 2.2643141921996087E-6 4.4319284378503384E-4 0.0011568643778191827 8.881186444010776E-4 0.00245506049773756 
6.623102616563835E-4 4.1059192854514277E-4 6.839831905450066E-4 4.7706110123426444E-4 5.756145394141693E-4 8.455255246161256E-5 2.5739669329527884E-4 4.832695481552984E-4 0.003351780834936071 5.908296403452833E-5 5.363999576626334E-5 6.154873902537344E-5 8.12393486610735E-4 5.113242162212441E-4 5.851609195125406E-5 5.415010710736038E-4 2.355546628263055E-4 6.84968789873225E-5 4.6374100900338207E-4 9.238408599382767E-4 0.0010338140468146477 1.149803556449665E-4 
0.29100009190403414 0.7166848952201237 0.857745885751071 0.02056853651490536 8.655481267351045E-4 7.478019619377563E-4 3.106172040611363E-4 0.0016895157331127135 0.005268673869475217 2.2411413493704665E-4 0.001379429424054624 9.311231813176996E-5 0.010936121598653542 6.122137912905872E-4 2.1601878069435736E-6 5.535792059072557E-4 7.887108366508259E-5 4.809690186729967E-6 6.010550441610585E-4 0.011768063196836535 0.0010196338165506381 0.00692679682881382 
1.3487785790130841E-5 6.340377132874221E-5 6.837812639088191E-4 4.897204872580639E-4 0.0011215265495917635 2.638777822042745E-4 7.000577970667218E-4 4.8312107113825066E-4 0.0011870490178911217 6.9632722268500515E-6 2.585348629269218E-4 3.248797114586098E-5 7.94028858973099E-4 6.132979333972397E-4 4.468229221267708E-6 3.164689358493895E-4 2.321340516460171E-4 6.851057417957829E-5 1.9700580916843223E-4 2.4559565478266833E-4 0.0010368421329777398 1.00445409503389E-4 
2.3674513746997324E-4 2.605434351192525E-6 0.8603469246514323 4.885379425000971E-4 1.5527393027795806E-4 1.6794221388272026E-4 1.4467532129030023E-4 4.829487364513928E-4 6.819048018918573E-4 2.2870965336276234E-4 9.112812826189344E-4 1.573081651313991E-5 8.007321183379538E-4 9.625244651549738E-4 1.0509287615076252E-5 8.566826698305713E-4 2.3336758926753532E-4 7.736154697161403E-5 1.8879183672876167E-5 2.513723745868252E-4 0.0010627681690767107 9.25631485098932E-4 
0.670724998936236 0.8857772773513706 0.8662967488084021 2.2231863441218036E-4 1.5083001013428752E-4 0.001753918514968512 0.0018974482585729278 0.0070642114583999525 0.003482581244970993 0.012236980878321334 1.9265871345870738E-4 5.20927405366704E-4 0.013795847575143735 0.0022607543881442045 2.1276790956952125E-4 0.0016522347118391686 0.0012196173773498646 3.8563718319745556E-4 5.111743072455602E-4 0.007322241847673817 0.004552233397744548 0.005829816801569103 
0.2352945555664967 0.8639720239766036 0.8609816840408555 2.028686623450256E-4 0.002373792412173317 2.8309176731892814E-4 2.5922838419158547E-4 4.118253754421897E-4 0.003202064223495775 0.0020192088065516416 8.781450180028339E-4 7.23694233725476E-6 0.0019561470413033202 1.0019410270033983E-4 2.1645215483051257E-5 0.0013857247953585122 4.3250443995928754E-4 4.036726286502239E-6 0.002635054172136381 0.00165961401437006 7.602455775773553E-4 2.6877124347442536E-4 
0.20980854565060358 0.8803740465327529 0.7854074874025889 1.2210894933286148E-5 0.002833814049385557 0.0019708693284623087 0.005977759853277436 0.0010272453231175097 0.005287636666641233 0.0021448461775485025 8.85587349733217E-4 0.0011582672598741727 1.6550601592822678E-4 6.328523415028312E-4 8.11488369729101E-5 4.771424377547919E-4 7.741631176553085E-5 3.444170318568464E-5 4.779801821308688E-4 0.0011995469405587924 0.0034667792536803967 4.343303769298024E-4 
8.342662306066865E-6 0.8748735043566589 6.972922265923867E-4 4.746748146653722E-4 0.0011076131310836825 2.638777822042745E-4 7.000577970667218E-4 0.0010241149688224442 0.003351774874226769 0.0020854973879089896 2.5997423250203954E-4 3.300530284110145E-5 3.3372866551332624E-4 6.14128683787665E-4 1.0131479090690011E-4 5.217171777025848E-4 2.321340516460171E-4 6.579037795893404E-5 1.9700580916843223E-4 9.257635399044718E-4 0.0010368421329777398 1.00445409503389E-4 
0.2352945555664967 0.8639720239766036 0.8609816840408555 4.713072257064531E-4 0.0023704386318310474 2.8116575453155366E-4 2.574765418064856E-4 4.1032616012612284E-4 0.003202064223495775 5.437423009528185E-5 8.781450180028339E-4 7.23694233725476E-6 0.001997898430789008 1.0019410270033983E-4 4.867109921575139E-6 0.0013813178339312834 4.3250443995928754E-4 6.85036468902305E-5 4.755005939428153E-4 0.00165961401437006 7.60747023348981E-4 2.7163356353678654E-4 
0.23260313747448308 0.8642134255279047 0.863053080628813 2.0107774746256615E-4 0.0023722168098338926 1.9128833250133865E-4 2.891871024876505E-4 4.097838023077135E-4 0.0032484210948405643 7.247369241330918E-4 8.693477797691641E-4 0.0011232469706025725 2.0318280736875399E-4 0.003367814729253164 3.4629517728550227E-6 8.442026203637589E-4 3.681333338780902E-6 1.4496439424612146E-4 1.6282156612765316E-5 0.0011629780965017517 7.60332698787183E-4 1.2060686025143931E-4 
1.3487785790130841E-5 6.340377132874221E-5 6.837812639088191E-4 4.897204872580639E-4 0.0011215265495917635 2.638777822042745E-4 7.000577970667218E-4 4.8312107113825066E-4 0.003351774874226769 6.9632722268500515E-6 2.585348629269218E-4 3.248797114586098E-5 3.3372866551332624E-4 6.132979333972397E-4 2.1455473262648435E-7 5.217171777025848E-4 2.321340516460171E-4 6.851057417957829E-5 1.9700580916843223E-4 2.4559565478266833E-4 0.0010368421329777398 1.00445409503389E-4 
0.22626574507963448 0.7740432752831555 0.8703589423209006 6.568620630724943E-4 0.0028449594198297753 0.001823068693479096 7.509145611631237E-4 0.001026274857057646 0.0030348634474443147 2.1132603469860593E-4 9.076177554714071E-4 5.127851154434766E-4 0.0019796394157434046 6.670264589452633E-4 9.34920287362449E-6 6.095420547823626E-4 7.115053877976006E-5 2.2643141921996087E-6 4.4319284378503384E-4 0.0011568643778191827 8.881186444010776E-4 0.00245506049773756 
6.598084227112932E-4 6.340377132874221E-5 6.837812639088191E-4 4.772043541963758E-4 0.0011215265495917635 2.6563258412358654E-4 7.000577970667218E-4 4.8312107113825066E-4 0.0033517748947240254 6.9632722268500515E-6 5.2673221527766836E-5 3.248797114586098E-5 3.2885740192456394E-4 6.132979333972397E-4 2.1455473262648435E-7 5.217171777025848E-4 2.321340516460171E-4 6.851057417957829E-5 1.9700580916843223E-4 2.4559565478266833E-4 0.0010368421329777398 1.00445409503389E-4 
1.3474233500247182E-5 4.895434361509534E-4 0.8510749987109366 4.897205089300188E-4 0.00112262653408661 2.6526041631837855E-4 7.000577970667218E-4 4.830823984616355E-4 6.477151844053273E-4 6.9632722268500515E-6 3.2883610726132547E-4 3.248797114586098E-5 7.940258461506534E-4 6.132979333972397E-4 1.0498610477829062E-5 5.265420834082802E-4 3.1030463775511965E-5 6.851057417957829E-5 2.0249414527946988E-4 2.456182375015074E-4 0.001063147530908199 9.789154132724016E-5 
0.2352945555664967 0.8639720239766036 0.8609816840408555 4.713072257064531E-4 0.0023704386318310474 2.8116575453155366E-4 2.574765418064856E-4 4.1032616012612284E-4 0.003202064223495775 5.437423009528185E-5 8.781450180028339E-4 7.23694233725476E-6 0.001997898430789008 1.0019410270033983E-4 4.867109921575139E-6 0.0013813178339312834 4.3250443995928754E-4 6.85036468902305E-5 4.755005939428153E-4 0.00165961401437006 7.60747023348981E-4 2.7163356353678654E-4 
0.21138356444093695 0.8653972968433186 0.8599316305619513 7.575448988307741E-6 0.0027692123025833734 0.001806629271252594 6.300746086504985E-4 0.0010225850436914113 0.0032051005643366124 0.0013548516419920932 1.8840501384975153E-5 0.0011210660374949802 0.0014759175555925153 0.0035820395231167105 8.559523652675377E-6 1.0617039103015926E-4 4.3810589457017515E-6 1.395094643164145E-4 1.7206193481680517E-5 0.0011725188136116295 7.949356231807337E-4 2.447317747443258E-4 
8.342662306066865E-6 0.8748735043566589 6.972922265923867E-4 4.746748146653722E-4 0.0011076131310836825 2.638777822042745E-4 7.000577970667218E-4 0.0010241149688224442 0.003351774874226769 0.0020854973879089896 2.5997423250203954E-4 3.300530284110145E-5 3.3372866551332624E-4 6.14128683787665E-4 1.0131479090690011E-4 5.217171777025848E-4 2.321340516460171E-4 6.579037795893404E-5 1.9700580916843223E-4 9.257635399044718E-4 0.0010368421329777398 1.00445409503389E-4 
0.21138356444093695 0.8653972968433186 0.8599316305619513 7.575448988307741E-6 0.0027692123025833734 0.001806629271252594 6.300746086504985E-4 0.0010225850436914113 0.0032051005643366124 0.0013548516419920932 1.8840501384975153E-5 0.0011210660374949802 0.0014759175555925153 0.0035820395231167105 8.559523652675377E-6 1.0617039103015926E-4 4.3810589457017515E-6 1.395094643164145E-4 1.7206193481680517E-5 0.0011725188136116295 7.949356231807337E-4 2.447317747443258E-4 
6.623102616563835E-4 4.1059192854514277E-4 6.839831905450066E-4 4.7706110123426444E-4 5.756145394141693E-4 8.455255246161256E-5 2.5739669329527884E-4 4.832695481552984E-4 0.003351780834936071 5.908296403452833E-5 5.363999576626334E-5 6.154873902537344E-5 8.12393486610735E-4 5.113242162212441E-4 5.851609195125406E-5 5.415010710736038E-4 2.355546628263055E-4 6.84968789873225E-5 4.6374100900338207E-4 9.238408599382767E-4 0.0010338140468146477 1.149803556449665E-4 
2.2202295011317997E-4 2.1567493865230075E-6 0.8602900677613314 3.663412783792792E-4 1.4269884354385558E-4 7.973683175871484E-5 1.479054563583099E-4 4.3055301335989964E-4 0.0031910109681435174 2.2794717600554444E-4 8.831839566414547E-4 8.71258738363794E-5 7.933984499719638E-4 9.647732141977935E-4 4.833734913101225E-6 4.856506927748644E-4 1.347020479324099E-4 7.730949144747388E-5 3.8755125333929234E-5 9.365140530722841E-4 0.0036199482297232487 3.306478893324003E-5 
0.19787303505470094 0.8312313014832333 0.8670456382860878 1.2676409377629198E-4 3.171417454128356E-4 0.0017756674438914387 9.491362664230461E-4 0.0012319911084803033 0.003204812241030972 0.011063223954513177 3.1296675368771193E-4 5.263376933393064E-4 0.0015900753619161908 6.599508138142205E-4 4.705165279112435E-4 8.307520151787642E-4 0.0032089452180768495 1.402239236103851E-4 9.80705066941429E-4 7.46799909426412E-4 0.0035537166668569028 2.4514298726606E-4 
6.0736658276016795E-6 0.8686398642289381 3.2208775999816014E-5 3.1403279790937974E-5 0.0010930069492886304 0.001978872674262202 0.0019037299058808099 0.0010258520221145917 0.0033471237271053876 2.9531347872265804E-4 8.830997300280428E-4 1.5111850012891346E-4 8.111824346136332E-4 6.141558707942805E-4 1.0258044695959492E-4 4.775608871692372E-4 2.355110581776951E-4 1.451457660652586E-4 6.967352242374482E-4 9.245385501157213E-4 0.0010453057779913279 9.607923838984046E-4 
2.2202295011317997E-4 2.1567493865230075E-6 0.8602900677613314 3.663412783792792E-4 1.4269884354385558E-4 7.973683175871484E-5 1.479054563583099E-4 4.3055301335989964E-4 0.0031910109681435174 2.2794717600554444E-4 8.831839566414547E-4 8.71258738363794E-5 7.933984499719638E-4 9.647732141977935E-4 4.833734913101225E-6 4.856506927748644E-4 1.347020479324099E-4 7.730949144747388E-5 3.8755125333929234E-5 9.365140530722841E-4 0.0036199482297232487 3.306478893324003E-5 
4.673211421980283E-5 0.87448610063103 0.8675929613235989 4.717149306838638E-4 5.924195446711286E-4 0.0017996450004129187 0.005848930950332704 0.03393861087294317 0.0032022274759837756 0.01162346990693703 2.602987931722022E-4 1.0469242436035022E-4 0.0014861072539240133 0.0034360085059480976 8.391483501834437E-6 5.286109991801899E-4 8.929617319884253E-4 6.864777165726366E-5 6.878504336089973E-4 9.292487251993205E-4 0.0035834234657789094 1.1791253801409396E-5 
