118.0 0.09614260194500826 118.0 538.5290510417464 107.48805960075649 1457.977579040263 204.0 
86.7946104076735 0.01847572492561726 100.75700313161396 1431.500271969272 825.4495851797869 333.8615712684115 171.07219543092913 
75.47859396676485 0.08284507101804872 86.0 1493.3894334497143 1471.013949125085 1306.0634970085812 143.96620718125084 
94.0 0.062015037868675904 86.69798314574065 820.9531728291875 400.55963704382395 768.7443971345479 194.5017628919732 
90.77461209942507 0.020365848680087797 148.61834172830868 648.9224009090137 109.19592684743552 740.1675710643885 139.95543548281145 
104.0 0.013149152404580894 346.58110664837216 767.8803338519996 256.862000727773 314.0346340159012 365.7671100476535 
129.0 0.1867786688704956 129.0 176.59036727566308 111.69233858544295 1359.4531416969041 211.0 
28.41891406326267 2.990288876601536 123.34770683472169 532.9076069311822 269.26751716361474 324.33583232365146 188.38984449680717 
88.63779391409133 1.1074873346201155 91.99592242441534 200.77184701938216 274.03707358460366 767.2360699261997 1154.5803548134122 
104.0 63.724865070256726 346.58110664837216 782.9602531260236 262.5830358621009 297.6108057629741 1236.2229218533364 
99.0 0.007332786467380531 99.0 1493.0943331429246 111.59049668378003 1359.8365588566098 198.0 
98.50744931772176 42.45009893140504 42.25412435414128 532.1904114371532 262.63517986146127 331.83082747183465 139.62031332847508 
122.0 0.09548658084218528 122.0 316.96647030389624 108.65891009501973 1130.0251999603242 211.0 
102.0 0.2506808712665409 102.0 1078.3508621820324 127.25436339691933 746.042512475308 199.0 
91.38448289261967 63.44203431002841 109.12743869024645 385.60067784482965 108.32641170555905 614.6162825778314 68.50598293912978 
107.0 0.1867786688704956 107.0 728.110861863936 107.40720214161229 1410.3615693670113 200.0 
42.6970613643043 29.381188454427328 239.76820992940716 512.4644824318536 206.3586890735211 409.49527835320595 54.83229036691387 
11.456252068400666 0.19923582456393574 87.64223349590802 865.7612844436326 402.82203757683646 201.47855182041087 144.69683970653398 
119.0 0.250317470118757 119.0 498.67782558128323 109.19978067816203 746.6089467823073 205.0 
27.685372192361264 0.07160762191070136 100.70728151712358 533.0380456449643 230.45820885891538 341.46304337346294 1122.773425412817 
102.95791931333062 62.03269162441221 85.51192418016497 204.72638029225308 71.96412528358529 721.4712628428512 119.03950327206738 
33.2501763286851 8.473074715343788 118.66473029799003 592.6713121489753 107.87421413236446 397.19788714983787 161.17103518703635 
126.0 0.09669771538846675 126.0 222.46363808881742 120.47317759424337 709.6079980354803 211.0 
82.87692810632696 42.56698963950485 192.19724222671428 520.1376597384826 121.85870150300205 450.32702040262774 210.88091457790756 
6.981633923615448 0.11452461416324435 96.06613254295912 1320.659370505427 400.2916336811144 704.2241835464206 1806.1603966257753 
70.68222279984415 0.19609140113069962 23.34329034045637 1476.2350799554888 93.34238542426465 669.1435478651995 195.77190227322964 
76.35967052504724 28.697764069620913 231.56210993325834 524.9146234619127 207.05729912594524 446.557370250601 201.60589843965175 
98.50744931772176 42.45009893140504 42.25412435414128 532.1904114371532 262.63517986146127 331.83082747183465 139.62031332847508 
97.17475632676845 0.007332786467380531 99.0 1493.0943331429246 110.74964976972494 1091.806855740823 96.92179051477663 
105.11264338100986 0.1867786688704956 107.06257478284016 724.9367500243003 107.40720214161229 384.85428450157735 200.0 
93.0 0.17514413759728042 93.0 1493.3894334497143 257.92379035175134 1091.722491533679 196.0 
101.84990396368474 0.0066981765663175485 101.27453552269625 490.2758946798914 109.22392365359156 747.023944827659 1106.2341910402936 
93.0 0.008402476519665275 93.0 1483.2368988708504 227.65164251437514 387.77049581310894 196.0 
126.0 28.483046409025263 126.0 222.46363808881742 120.47317759424337 711.4827228619758 47.561783632742404 
118.13995977736056 34.0315397625146 136.64923867842248 534.7969964740396 109.34695786936577 698.024000127302 210.90091193107733 
11.69488859926269 29.37531494244159 239.76820992940716 1219.529865817592 432.1608905695703 193.07330770289042 54.83229036691387 
100.95321920900236 0.08944553765612476 77.45811862282818 493.2701047937698 120.47317759424337 1350.9226621461398 211.0 
91.38448289261967 63.31594630945584 109.12743869024645 385.60067784482965 108.32641170555905 614.6162825778314 68.50598293912978 
32.22392482304962 0.05402483290587051 129.36893792754603 1498.9588146499611 1300.709728112027 669.1435478651995 209.39234006238502 
104.0 0.013783823192858792 346.58110664837216 779.2944705214484 217.48834468862935 297.6108057629741 567.7545476345247 
50.34329932215107 34.0315397625146 86.56235389443684 536.1947112136274 98.70812082602 435.1011963763263 194.56876108654853 
99.0 0.007332786467380531 80.49719628871324 219.42397538340595 107.57587051076594 1025.8903078843318 806.4962245250701 
139.0 111.16945351542833 139.0 627.153107514729 111.03545901347263 437.0967061982235 0.0 
32.16273667886075 0.07160762191070136 100.70728151712358 533.0380456449643 258.57267924990623 341.46304337346294 178.71264700659765 
104.0 0.004555522221723202 98.94103398411228 713.352177427019 111.5238465493171 1359.128068453846 149.531055740644 
100.68911295497348 46.32850761253747 99.0502866771324 380.68770111320515 111.26225706107348 1093.9562770954838 105.23176465003658 
125.0 0.03248678998624448 125.0 215.10868615473396 128.1719439874853 690.2690927646958 212.0 
84.94918492598276 0.19863598288804185 103.86425147898586 752.341588699495 272.19827267204795 471.1136472587913 838.9267665107268 
6.981633923615448 0.11333181009516684 138.8416477372495 1321.8631088920542 390.68772948034405 674.2328340611607 1870.3894946550522 
114.01074514506868 0.1919771703790653 125.99533626902652 217.37877826985493 102.19429583394184 674.7570075408278 139.1098162702063 
86.74855296356361 0.01844641171386928 101.10739222824277 623.2706621424488 826.2402898972534 353.86304282463345 206.0 
97.17475632676845 0.007332786467380531 99.0 1493.0943331429246 110.74964976972494 1091.806855740823 188.4964787580988 
100.68911295497348 0.008477670038412176 99.0502866771324 381.2501958705358 111.27290028965947 1092.0073670030383 101.44908433170141 
136.0 77.9577827038261 136.0 233.8188670680905 153.2365763183662 1044.1042933970652 1123.3604120969023 
93.0 0.29854530689748837 93.0 1493.3894334497143 257.92379035175134 1237.4819779516097 195.0 
100.68911295497348 0.008477670038412176 99.0502866771324 498.55482553024177 111.27290028965947 1092.0073670030383 101.44908433170141 
128.0 0.1860997589058661 128.0 215.10868615473396 126.23583741289403 674.7294272329857 211.0 
50.54918872578021 65.38411539990777 98.12799381165898 654.3525263254623 98.70812082602 435.1011963763263 5.353158333144137 
6.981633923615448 0.11442735113555812 138.8416477372495 1320.659370505427 390.68772948034405 704.2241835464206 1817.1267313818216 
50.12768617384803 2.5533412734170398 1.895900391277232 554.547662571516 163.1874489322487 442.0731479358369 170.16324399971748 
116.8025801059655 0.043641728994029474 100.75383933660314 492.499140118736 395.33072264308646 344.28318937405123 165.27251215344796 
57.515017615814564 0.006649183262605204 86.0 1416.97422843592 1471.04606890351 1075.0078414196455 144.00285369110304 
103.54624061870365 0.049942086332867945 174.44929860434638 816.7189076838247 401.5756641471712 12.043088710228517 176.1281873726934 
27.685372192361264 0.07160762191070136 100.70728151712358 533.0380456449643 258.57267924990623 341.46304337346294 178.71264700659765 
48.01286206736832 105.78871917993445 116.21885013592339 621.0139291138096 99.30950437035293 435.0479054293541 145.15097291741466 
119.0 0.1649015933318757 119.0 534.974987359096 107.48761647361498 1458.7065259448732 203.0 
64.94165376011422 65.7337507272469 42.45240902292913 534.7969964740396 266.39883057520393 352.84203413491656 320.14244672793797 
119.0 0.09631735341737786 119.0 480.28763365522764 109.03164314920308 476.16001158125346 211.0 
99.29331004062733 0.09709066550020928 126.0 226.35076441484367 105.77084931562109 1091.676205612383 209.40180220451475 
99.0 0.05957173732950874 99.0 520.4290606006979 264.468612560825 1303.0612707108237 204.0 
101.0 0.250317470118757 101.0 498.67782558128323 307.53806329687893 746.6089467823073 205.0 
104.0 0.07885046526304344 103.72614405238987 713.352177427019 111.5238465493171 1359.1118244392376 200.0 
86.0 0.10660128757927814 62.0904584603867 530.865243105247 153.31999780067065 643.6878631859795 196.0 
10.712494405432317 0.013118572556372499 62.50045306110195 529.6038541338211 438.6041779317015 643.6878631859795 196.0 
6.981633923615448 0.11442735113555812 11.266374174834583 1320.659370505427 390.68772948034405 704.2241835464206 1817.1267313818216 
104.38754842172406 0.09631735341737786 77.20297427617896 492.499140118736 107.45910782186083 1130.0251999603242 1252.9532057991496 
50.12768617384803 2.5533412734170398 1.895900391277232 554.547662571516 163.1874489322487 442.0731479358369 170.16324399971748 
95.0 0.13268012637395277 95.0 1488.0223867731127 214.09872907621843 653.7060242661585 196.0 
98.50744931772176 42.45407550093475 212.8800360673415 533.660994197091 262.63517986146127 331.83082747183465 139.62031332847508 
121.72065914420429 0.2935300158107976 118.0 218.9363137958961 109.03164314920308 662.3234404955963 202.9994371350841 
49.200379827553206 0.008402476519665275 93.17306278922999 603.3818704800971 247.76628376074194 477.8873942253028 12.703497482848292 
122.0 0.05819345595032678 24.776446638983494 153.57551535282775 109.73198264897096 1028.6951840003626 211.0 
75.55329254959975 0.006649183262605204 86.0 1416.97422843592 1471.013949125085 1031.2700563501996 143.96620718125084 
82.87692810632696 42.56698963950485 192.19724222671428 520.1376597384826 121.85870150300205 450.32702040262774 210.88091457790756 
83.5977231146168 0.09464960835756264 86.22463488728172 759.8472720778825 1475.5964840488316 664.4059245947554 198.9266498372066 
32.04912679047995 3.841263674566161 177.05779481705883 532.7746837208257 258.56955347340755 350.3705625957431 199.48028961666813 
83.89347927000232 0.008318115454357951 188.62965675508738 319.7610453105534 121.73510685537951 1019.3864843244058 206.3492492439732 
125.0 0.03303387568859667 125.0 215.10868615473396 128.1719439874853 674.7294272329857 212.0 
117.8604782694304 34.0315397625146 136.64923867842248 534.7969964740396 109.34695786936577 754.5616933214187 210.90091193107733 
47.98096661931647 34.0315397625146 136.69089588317445 534.7969964740396 99.40904193294355 435.1011963763263 194.597903258048 
116.8025801059655 0.09631735341737786 87.08431700845892 493.6053115022543 108.8552466808662 1341.8702437506822 178.45357272106364 
70.68222279984415 0.19609140113069962 5.335244149050869 1476.2350799554888 93.34238542426465 669.1435478651995 323.7946563200978 
98.86815959993959 0.5914711766430827 86.08208658705087 264.31024621899866 317.4445421768246 674.1849369442294 198.70749685967834 
100.0 0.008318115454357951 100.0 1404.8637985897608 102.28006107437074 1019.3864843244058 200.0 
103.0 0.004555522221723202 103.0 866.0066349666326 111.5238465493171 1359.128068453846 200.0 
109.44817258698325 61.75205868458404 134.0 291.76457114995003 139.98529367428716 586.9142506478265 0.0 
98.0 0.013783823192858792 98.0 779.2944705214484 214.09872907621843 658.1147514966486 200.0 
119.0 0.1808757267046982 119.0 520.4290606006979 120.33479755977473 1472.274488239413 203.0 
82.16694571816292 0.16449611380190987 86.48150009978718 520.1376597384826 93.40466504644354 434.47183728658393 182.23863775815792 
127.0 0.09602533430093141 127.0 213.56010108143016 107.68924881021503 721.7978052309572 211.0 
127.0 0.06612398789310481 127.0 227.94083551051503 94.02325909469162 1019.9129957847783 211.0 
118.83939894401902 2.5533412734170398 17.64502362120715 554.547662571516 108.0511837313029 467.8747484363328 501.4661143926435 
97.0 0.20048109457822466 97.0 778.7352889578078 255.82931279446132 729.7947376883417 199.0 
31.968925773674673 3.2763656554380987 113.97602171558427 533.0380456449643 250.36586825854025 360.71186749301046 188.94039785856907 
93.69559681491238 0.16188240484113497 94.0 1489.8204297894245 229.0089740327623 1474.4754050005454 195.2279387599637 
99.96680070277124 0.313396664853947 123.5576829079631 217.93822125282108 101.92577821260679 740.1675710643885 305.67069297267676 
104.21712009034036 0.5516560101311079 102.0175154672336 882.6574860058589 259.34234275886774 369.229059948904 1268.2221394695382 
70.79481961796301 0.035939485864864396 113.97602171558427 533.0380456449643 250.36586825854025 360.71186749301046 257.11820681879243 
87.0 0.019429845391079836 87.0 1359.3751035939642 810.6588396381167 8.89407911806677 196.0 
50.12768617384803 2.5533412734170398 17.64502362120715 554.547662571516 163.1874489322487 442.0731479358369 365.4656974951775 
6.981633923615448 0.11442735113555812 138.8416477372495 1320.659370505427 390.68772948034405 704.2241835464206 1847.3640543800368 
98.86815959993959 0.5914711766430827 131.0 264.31024621899866 275.66117989250364 674.1849369442294 199.77247690313362 
98.65959915859818 0.009695793439120262 125.3270280008944 785.5482545000166 97.27724509697093 1263.2454113241909 210.16264981543893 
95.0 0.13370198176156783 75.11094134567925 1488.0223867731127 87.40567073900866 653.7060242661585 196.0 
75.33947256062646 0.5707440929326653 85.54130662776551 381.2501958705358 111.27290028965947 1030.8627430109627 101.44908433170141 
6.608860052091835 0.09550749912910224 105.84278553793094 865.7612844436326 406.81127225054104 648.5103398870588 198.9916804787187 
50.54606376357841 0.5845221211950324 101.58590939377993 477.54628974900055 250.1496034761486 431.04200786052536 2378.3709208967475 
100.79097119238432 0.012538295027651247 118.44920376077705 498.6056698819833 92.40235255668183 826.0170866926535 206.0 
99.0 0.012538295027651247 99.0 498.6056698819833 1475.7689470075914 1243.5647667396981 199.96335349014782 
50.54918872578021 34.0315397625146 136.69089588317445 534.7969964740396 98.70812082602 435.1011963763263 194.56337787966672 
136.0 77.9577827038261 136.0 232.24251344633333 151.30757314173832 1044.1042933970652 0.0 
119.0 0.250317470118757 119.0 498.67782558128323 109.19978067816203 746.6089467823073 205.0 
86.0 0.19609140113069962 86.0 1476.2350799554888 1398.381367690461 308.63960213152535 196.0 
122.0 0.05819345595032678 122.0 317.37101980031775 109.71203185177733 1028.6951840003626 211.0 
50.12768617384803 2.5533412734170398 17.64502362120715 554.547662571516 163.1874489322487 396.54210296022035 365.4656974951775 
99.73280539782418 0.32245922990983655 174.6096966810864 500.01832571815385 101.92577821260679 788.8154795035683 305.67069297267676 
98.65959915859818 0.09109773306488977 125.19188742187549 785.5482545000166 157.1355234684987 1244.0181641162899 143.6299191033363 
107.0 0.002958206020835158 107.0 866.0066349666326 111.5238465493171 741.6016662999007 200.0 
119.0 0.18088899905250996 119.0 526.5420921208888 107.40720214161229 1410.3615693670113 203.0 
104.0 0.013783823192858792 346.58110664837216 782.9602531260236 259.34196684559765 297.6108057629741 1241.8262296951932 
106.22569432383511 0.09669771538846675 126.0 222.46363808881742 120.47317759424337 709.6079980354803 211.0 
98.5051893715296 0.41437152520363085 98.67678465808561 536.1947112136274 98.70812082602 435.1011963763263 194.56876108654853 
92.0 0.16281574057571138 92.0 1489.8204297894245 262.63520536685957 1359.0940457647532 196.0 
98.48293450338731 0.09109773306488977 125.19188742187549 785.5482545000166 112.09732526006052 1305.4703570397166 143.6934136203793 
50.34329932215107 34.0315397625146 27.358892458058136 536.1947112136274 98.11397196271655 530.7223343130178 6.593941753229018 
32.04912679047995 1.2296013539242443 103.97626464716372 532.7746837208257 258.56955347340755 386.4838149291631 828.330192352179 
131.0 33.953530581183315 86.2254866521811 388.92681332066314 108.32641170555905 614.6162825778314 191.28885559625496 
96.0 0.09892072721218131 131.6255740382142 220.14633387424374 124.20983030957434 672.4096886064829 200.0 
99.0 0.007332786467380531 99.0 1493.0943331429246 111.59049668378003 1359.8365588566098 198.0 
100.91320748110326 65.70168799335246 39.46667846993635 534.7969964740396 266.2829857685415 353.4690270662376 306.0733289748483 
83.37882776988856 0.1867786688704956 107.0 725.039538621418 121.71291088340497 1033.3593468453369 445.48582452987523 
11.456252068400666 0.19923582456393574 101.05241034265846 865.7612844436326 402.82203757683646 201.47855182041087 144.69683970653398 
125.0 0.08944553765612476 125.0 222.46363808881742 120.47317759424337 1350.9226621461398 211.0 
88.0 0.11520009476300266 88.0 1302.3179130277958 377.4847605768477 709.0732494196967 196.0 
98.65959915859818 0.09109773306488977 125.19188742187549 785.5482545000166 85.34060338344091 1305.4703570397166 143.6299191033363 
33.03753190416159 1.2448064342102072 103.97626464716372 532.7746837208257 111.21127071129067 458.71378504443186 815.3654037862996 
85.34700448302014 0.19784862269799233 109.56177398606447 540.7863375829488 478.3896369106359 1144.5636170229557 529.420116252468 
101.0 0.01269016750249828 101.0 1464.6752986624485 91.61798469437053 821.5552806681442 200.0 
48.34692753933436 0.008402476519665275 85.95557766996143 542.3780399291871 228.6984429680938 387.77049581310894 0.24453594694440284 
89.89861216622833 0.16478432568779885 127.0 213.56010108143016 107.68880568307353 721.7978052309572 211.0 
100.77298619989259 0.09631735341737786 125.46337953006707 223.54293849903414 108.9063613577726 1028.0107059061847 182.22797335490782 
71.04981866733795 0.19609140113069962 129.36893792754603 1489.3311639612675 1360.8482596195556 669.1435478651995 209.39234006238502 
99.0 0.007332786467380531 98.88007903763642 361.5638236026232 111.59049668378003 1091.806855740823 68.14051745542086 
119.0 0.250317470118757 119.0 498.67782558128323 109.19978067816203 746.6089467823073 205.0 
107.70852836465602 0.24306535806034368 108.0 646.9060061009636 107.52870978104913 758.8176848004899 163.24845949257065 
101.0 0.015563649103715896 101.0 1488.8790503771336 92.40235255668183 1250.4626235738147 200.0 
131.0 65.30610621857649 131.0 388.92681332066314 108.32641170555905 614.6162825778314 0.0 
98.0 0.013783823192858792 98.0 779.2944705214484 214.09872907621843 658.6592417854048 200.0 
121.96872540134291 42.56698963950485 90.5930011094012 540.6672702882347 100.88131890311385 450.32702040262774 1050.771461772937 
87.0 0.019429845391079836 87.0 1359.3751035939642 810.6588396381167 200.0452944644759 196.0 
103.54624061870365 0.1174085833135976 174.44929860434638 833.7211245081971 402.82203757683646 12.043088710228517 877.7408175808878 
131.0 0.8037150296870958 131.0 215.10868615473396 124.3561527633577 674.7294272329857 209.0 
50.481769004964406 0.008402476519665275 169.12144581473765 536.4285425145097 180.40807102548567 382.0298681182335 673.0380120811262 
31.968925773674673 0.29828595724318174 113.97602171558427 533.0380456449643 250.36586825854025 360.71186749301046 198.49952429501909 
99.73280539782418 0.32245922990983655 174.6096966810864 500.01832571815385 101.92577821260679 740.1675710643885 305.67069297267676 
129.0 77.9577827038261 129.0 841.4584075391092 161.11700014205803 648.4897746825276 0.0 
11.456252068400666 0.19923582456393574 101.05241034265846 865.7612844436326 402.82203757683646 201.47855182041087 144.69683970653398 
125.0 0.032364230723145426 125.0 215.10868615473396 128.1719439874853 674.7294272329857 212.0 
