1.0 0.5067855601013534 0.4998027565845652 0.5029749983074807 0.5051316179837841 0.4972900689592736 0.501534869762654 0.49826199322144604 0.49115092744587074 0.5046931415472629 0.491488027138325 0.5006063754254892 
0.0 0.6300273138632502 0.49726973862941104 0.498251932956017 0.4997108637239789 0.4931408695636979 0.5137941850639425 0.48892928842799677 0.500429264264747 0.5062346682353047 0.5005718910174088 0.4893053152131205 
1.0 0.367724082772961 0.5057564171217225 0.5032958880274491 0.4871107861907674 0.49148530773731014 0.5021078972571147 0.5034464677109767 0.5059987112787868 0.5005097055333769 0.5059633615052361 0.4954825988572565 
0.3925149668828412 0.38753833649154723 0.49716415015507914 0.5053222229066417 0.4998429453847847 0.5078905221867096 0.4963677525867801 0.5118874145648222 0.4909471827810922 0.4620725281349702 0.48968082101498234 0.5173912469292422 
0.21691113353357572 0.5297109697845076 0.5071597366656432 0.4971258109354697 0.5015708918075727 0.50173935496549 0.4998385828548621 0.4975699527415952 0.5112659516756706 0.49601241357876713 0.4909052937366025 0.49893885927799514 
1.0 0.3831022719386835 0.49769874026221284 0.5053959699142484 0.5089664583408942 0.4944788280145356 0.502448164697708 0.5032258422942066 0.4941875286506708 0.5039165609950111 0.49975082011631067 0.5078188052877234 
1.0 0.48306391175864793 0.4996629080446591 0.5052995305566873 0.5004793316401528 0.5020749671938226 0.5061258997531821 0.5060893732888129 0.5040277891630061 0.5052768521052168 0.49814506659536983 0.5045446377401481 
0.21900006526658072 0.8613342636449035 0.5111538667349486 0.49266185557677633 0.5018200841865728 0.48091646126552406 0.5072191570840779 0.4928441775516216 0.4867557030139671 0.49817122225828037 0.4715561247607073 0.4854608209439749 
0.6106194870866753 0.7223219081616659 0.4811239875166358 0.5232628839862753 0.5228578785084586 0.49744953701950445 0.49995809831743243 0.5209332120420651 0.5081254935657273 0.5027703121795692 0.4689327212876948 0.4846067656722578 
0.6084724393110916 0.261250470097262 0.5043197579198286 0.49929967986699897 0.5046071292563137 0.5024518049031327 0.504572801645364 0.4856794666711899 0.5110055846437143 0.4936592190872149 0.4786466486846534 0.4896744815119896 
0.06534616108060443 0.41070310322332837 0.49873834787246607 0.4832970140227588 0.5087774824243885 0.5022539233726047 0.4875418394663633 0.5040725439524685 0.5061875192935621 0.49617468085544914 0.4995674208927807 0.5013493479660446 
0.8770620782317262 0.5104490281612202 0.503141034894907 0.5035875695567658 0.5096627963072057 0.4919423301924195 0.49696836409145995 0.48964608863157827 0.4883328830796298 0.5013605640585113 0.5098606979113144 0.5110799211301837 
0.7878588290644154 0.5661719141881789 0.49779622737383256 0.5035319733450125 0.4964392034235667 0.49836774827194547 0.49759411820830723 0.4884839497978679 0.5071115571231005 0.48652925098109245 0.48986322406505534 0.48580702565217615 
0.3952704218705533 0.8416073903512794 0.495020839110431 0.4850370136553242 0.5111483520085834 0.47123657652499107 0.5073264789750938 0.4984268265809399 0.4838980828614221 0.49937781482580285 0.49028759016497214 0.4906160246007907 
0.6735051991577952 0.5959724936726072 0.4923555407741209 0.5019621269854747 0.49103506574635686 0.5152705759214492 0.5208665882051494 0.4928446167647938 0.5004247566390355 0.502533109661273 0.5096623311616563 0.5198965332112782 
0.8720728442702046 0.1851583419608102 0.49643827565604914 0.5121623284734154 0.4987280273707575 0.49113565065183296 0.5037882101527026 0.5032794955009088 0.49412085201813954 0.4892158586402119 0.5008697481005395 0.5018532117040515 
0.39171409364595056 0.28095938712179713 0.4953005586528535 0.4746606735506037 0.49916906523565796 0.5111870820138729 0.5014692721318382 0.48436935327329533 0.5015257266089431 0.5034053869661935 0.49306354374486305 0.4986498238410162 
0.17803163882310968 0.8646007904700983 0.5016926904527657 0.4724278472345798 0.5165887999708201 0.48382242720812874 0.5021838609502056 0.4973416116387421 0.4946739676984353 0.5028179487829133 0.48719222726650163 0.4816423654022616 
0.6731376193930498 0.0 0.49127935744027273 0.5206274388566298 0.5093359134904414 0.5167980514186576 0.48862618967352556 0.5046298331430706 0.4869818368491404 0.4899085872480048 0.5030834677731603 0.4986267217593744 
0.05899992919151137 0.0 0.4920974187555876 0.4845167083019172 0.5200532697677153 0.4942183592722655 0.4757726171087714 0.4897768166223617 0.48377027726913807 0.48784809362196907 0.48252607874436015 0.50870366866206 
0.7239368923119517 0.8575605035086994 0.5127643170239412 0.5058884139499978 0.4950962716384889 0.495277801720579 0.4952088337256472 0.5030484970727049 0.5081030955623994 0.5074147358914123 0.49728590291961333 0.5048545643914699 
0.3330071089097497 0.9838320952819939 0.5069269043705148 0.47031571917705994 0.5297845686057131 0.446788813628624 0.5216342688190423 0.5052938866762143 0.4741007103485605 0.5132746524501792 0.47935433656547566 0.4967494419156323 
0.4592011488014204 0.24765751075277123 0.49980442812743303 0.48252960028954417 0.5359099321988742 0.4979032157362616 0.48807358158577996 0.48937264211937564 0.514978090900196 0.4699795190791049 0.5213771356888732 0.48204557918012764 
0.8909660238819491 0.4035297211028265 0.5037296534294522 0.511121958200227 0.49273889945563276 0.500407313606131 0.4865523935569044 0.4906825664619351 0.5151454581903504 0.49140621909237786 0.49346541699782664 0.4955983179502778 
0.6082442292074677 0.6407910082066648 0.5272488147790576 0.5061215043720776 0.4991731428382735 0.49486574122221033 0.5075773028385199 0.4693416670891303 0.4939754184255195 0.4737658743614496 0.49322656324455866 0.48981946539413035 
0.4814839866622194 0.0 0.5002998205265856 0.48808863356036397 0.49711845627472195 0.5312195064934453 0.4831520174734215 0.480578437945095 0.5197942405263694 0.48996000279369695 0.49246331932662935 0.49506513194717755 
0.2581945767507802 0.810875101933223 0.4715766674287856 0.48220407471488075 0.5051463268367107 0.5148162415785806 0.485913217295122 0.4945798989782156 0.4928551764457344 0.4898896527976322 0.4938028022235522 0.49236531364873753 
0.054554172638061685 0.9139601953678267 0.5199300248397558 0.5054581618982992 0.4939779930343532 0.5029219996670934 0.49053287040360605 0.49920755656785704 0.5046429746919194 0.49547888190906997 0.4994635074795646 0.4938357848156768 
0.7535872708746472 0.3871673095915009 0.49862216789591013 0.48772775213666075 0.4923454486019285 0.4903811170181683 0.5020346628670058 0.48756943966030214 0.5036071236611489 0.5111680449150885 0.4874364672973087 0.48170660459249326 
0.852270478248141 0.6034874545234866 0.5078839600235834 0.5055260650572776 0.5014809892895714 0.4886515780923575 0.5106109333924825 0.49636630406027493 0.5031150658140671 0.49640637400490795 0.5083926241793248 0.5085536558851249 
0.12586137997214114 1.0 0.5371747475809955 0.5010462310957644 0.4986883999703044 0.5016516300803793 0.4953142854843198 0.4857385416655583 0.4790812826590798 0.4926755418985502 0.48724830943410224 0.48236465720393434 
0.2547337404073373 0.38246734493056633 0.4973334902399402 0.4871476321379751 0.5109744526804696 0.5185941585036385 0.478496046525147 0.4936456783079026 0.5085970715303091 0.47598175844253415 0.4794288588926528 0.5100647027324102 
0.48158082108056177 0.3846765747643974 0.49684143163920425 0.4943941256790413 0.5149816367853457 0.5041327310300928 0.49332567521254 0.5085026879683632 0.49213765938239507 0.5185456606115484 0.49109058672934475 0.5033206119914893 
0.3131645282166569 0.0 0.49163475830894754 0.4697347809465727 0.49727926493822183 0.5064146829745533 0.50122492337719 0.48835587050334706 0.5190972913345084 0.48936109924483584 0.5170533072988335 0.4942620707658967 
0.6128254777616406 0.01488048721552715 0.4989549692539092 0.4960567075414656 0.5072520981053916 0.5053903596654763 0.4920606520021112 0.47266628141784106 0.5078279682399072 0.48450784944020264 0.5009465088664589 0.5166920748868017 
0.8250350197091508 0.4556169147670723 0.49846691498796636 0.5048742435649075 0.49222306680633254 0.48594965602206497 0.5079486732770463 0.4954557201578342 0.49665729842994216 0.49773963345547867 0.5068521762499052 0.4954326274798702 
1.0 0.44602591600518526 0.4996767501485926 0.4997778125540148 0.4986828018296501 0.4985031737748018 0.5034060173594842 0.5020747142265813 0.50139714919971 0.5022458175472462 0.4994089941432754 0.5003963621408868 
0.7636836582902531 0.6175425119136472 0.4939697372810527 0.501954644545808 0.5185932724218985 0.5145128319071686 0.49929275913723375 0.5199606689648741 0.5119708029665369 0.4879716206673975 0.5189434590823409 0.5146595334058375 
1.0 0.41934361285068233 0.49653926627952094 0.5080477682074503 0.5066177459052192 0.5019911023909241 0.5032438045963658 0.5002194672868059 0.500893206726599 0.5044179456369403 0.5017026228459188 0.5015003861127008 
1.0 0.3944173486670237 0.5021710466218077 0.498531417558989 0.5009069001129242 0.4960640479065508 0.5058990189842082 0.5022825036467206 0.491201715409257 0.5049447580089023 0.5019969436951577 0.5067891538708127 
0.8546245703804496 0.4419857320841304 0.5048923194751631 0.5008024051096093 0.49654439111839516 0.4928373983149343 0.5043378102597293 0.5094251090426998 0.4939983606926608 0.4956880162764168 0.516581021371096 0.49565070096341296 
0.31087363842795257 1.0 0.5109082834664224 0.4701719696160374 0.4896238967203443 0.4986662190839144 0.49199427609110835 0.47753658099807783 0.5017226206178652 0.5452353946443322 0.5040826906031621 0.4766032920385795 
0.7190545388151744 0.1472980871168418 0.49624050134837816 0.5086632358354847 0.5075637179344255 0.5079648908046716 0.49945263470186557 0.500210696908208 0.5024586543402894 0.4976774652585877 0.49909449391385907 0.5026925701394225 
0.5531043504843416 0.6226050207326479 0.5014844524148538 0.5019896435873699 0.508440541629446 0.4813431697113032 0.4903888745717855 0.49742282513158176 0.5004158576166546 0.5152158216716329 0.48645332834158983 0.4966303291057392 
0.14794549979979496 1.0 0.49389499728765773 0.4728285782708833 0.5161700867192927 0.4802833075747377 0.4935890580346903 0.5029405964708018 0.49206334292926635 0.5088336268434792 0.48726598562621437 0.5157487162924779 
0.8229624628343184 0.4176909440206453 0.5011767691266034 0.49566361962332245 0.5060271046203264 0.4967608659166803 0.49137678700587994 0.49168720445736325 0.5067990286327688 0.4914417859482012 0.5117035832534994 0.5033842687418864 
0.32902618276526013 0.17718655782545423 0.4861265719974264 0.494156043894805 0.49780150240948934 0.4910266874915684 0.4938564942874185 0.48800264233095353 0.5001680360047291 0.5228484167128319 0.4947750944793778 0.4828557920261598 
0.14814876574230962 0.25749121901654204 0.49123944160696187 0.4979995198182207 0.4980760441147932 0.4857571774128955 0.5052848751051293 0.48768861922849627 0.4959337413311227 0.4876208700715325 0.5065660608810564 0.4910818644632855 
0.46485093973884434 0.8808366600189114 0.4795993856729398 0.5272767492851496 0.5000235918491553 0.490959066456234 0.5097839314360639 0.49545757774941834 0.5237994491880331 0.4924907999105631 0.47568669667421015 0.47949880279258517 
0.5493340122356464 0.37579328046531174 0.5045290341267152 0.5053517181015641 0.49934298269340505 0.5110552014735545 0.4930955780727858 0.50689068476898 0.5080047831797624 0.507206197367968 0.488412675323047 0.48986113692907396 
1.0 0.4790117441569699 0.5030747948110031 0.49391943543324374 0.501005481893696 0.49606714802205365 0.5044513324588509 0.5040472311712064 0.497738019487431 0.5079558465005471 0.49529821163317106 0.49233102536189144 
0.12663236987996207 0.21817439141847478 0.4969453596527571 0.5041447785865558 0.5233474116425019 0.4987106479389031 0.4960608443427914 0.5016025650982942 0.5156159118617812 0.4872648016300803 0.48779979436435006 0.49018480633434924 
0.8932311694334167 0.5366072032674001 0.49120880360905844 0.49935853742530184 0.4997510928616237 0.5029356056811297 0.4954232505700736 0.5064136545074135 0.49854864830162293 0.49229388745907127 0.5023753960780154 0.5031052471589086 
1.0 0.41934361285068233 0.49653926627952094 0.5080477682074503 0.5066177459052192 0.5019911023909241 0.5032438045963658 0.5002194672868059 0.500893206726599 0.5044179456369403 0.5017026228459188 0.5015003861127008 
1.0 0.5067855601013534 0.4998027565845652 0.5029749983074807 0.5051316179837841 0.4972900689592736 0.501534869762654 0.49826199322144604 0.49115092744587074 0.5046931415472629 0.491488027138325 0.5006063754254892 
0.2700473415181125 0.9236851479105055 0.48055841180652886 0.4798837596460002 0.5139440654566535 0.49839473670108175 0.49532302055008487 0.4934452645266987 0.4879878209856293 0.4869218907934521 0.4849882744378079 0.48776637857590044 
0.16393502921474729 0.9803325831464151 0.5242512915101059 0.48038546083770056 0.5055944562478762 0.49106051868864076 0.5030363761179337 0.4897112671998214 0.48083727109880015 0.5163590549653139 0.5052369131210006 0.48180760620418894 
0.49265800381087677 0.012833662561349657 0.49956703196891794 0.5300142179073867 0.5069849928930122 0.5061888074420337 0.5081681666243407 0.5128641367954967 0.5047800846478596 0.4883450136374027 0.48957434839983044 0.49237174255138777 
0.01985707850627303 0.5019841177115933 0.4869861801331696 0.4837041495824883 0.5151369531073788 0.500922064753246 0.4958870926565754 0.49842548558965605 0.49879116335316454 0.49785306349611846 0.500879117601378 0.49927397054497735 
0.6453108970652286 0.25089885425494207 0.48987735580863834 0.5122001689799668 0.5209539294597408 0.5184023805222854 0.5060041187859118 0.4949329269388457 0.5018765532325843 0.4868446806824793 0.4945660041683516 0.5012319023643711 
0.26650822421471 0.3281287419045176 0.4726319133544282 0.5141002056828737 0.5030540369349819 0.48420736631488154 0.4822379942615981 0.4857066140378645 0.4896511979977797 0.5094658631237471 0.49013346582607276 0.5129975840606198 
0.8402905663419636 0.3007718957107367 0.5064267382849872 0.49302615009150075 0.5086014041211513 0.48410866201515607 0.4981515814539647 0.4940146946982247 0.4970466396981057 0.5009416808653003 0.506235090388546 0.5031065501996338 
0.639573968576419 0.24808136985374657 0.49642662385924813 0.5088932105080561 0.4945333206673984 0.5095864962155061 0.5046418836075964 0.4963697927915879 0.49608008678760057 0.5106659213579317 0.5024602732828993 0.5117396502533489 
0.504318151562326 0.2843684447326696 0.500740952302484 0.5120521271408104 0.5119449896036095 0.4974340407140101 0.5049915337005975 0.4887769973926239 0.5251456082106318 0.506805133870644 0.4825122688046434 0.4820196834865801 
0.6953650183311522 0.684171092890163 0.4988106672298449 0.497658359655227 0.5020115278032049 0.49767184137536835 0.5027218945382897 0.5003246068012066 0.4874707578696714 0.49214594616479745 0.486336533298018 0.4856612256037627 
0.9418527142726694 0.39531759599457533 0.5026211873439803 0.49564980672387515 0.5035819809638657 0.4948736479002035 0.4968916573507308 0.4948113607537123 0.5000764822863859 0.5071194935201222 0.5075150771249636 0.49889594509040813 
0.07962216538248398 0.9930996710140326 0.496945873646214 0.4955754923653201 0.5039878907665294 0.4979494981326545 0.4861287237769798 0.5069579628334993 0.5184761805367287 0.5205806572953139 0.5063029821103517 0.5024002395861273 
0.9619768593302643 0.3686603599920508 0.5016586872542815 0.5009071698332508 0.5088307231802516 0.4985284352660939 0.4937995471871064 0.48616244186335494 0.5019887333220788 0.49671921089385834 0.512448272871503 0.49617326212042595 
0.6298641465529792 0.41125450773538763 0.46999381325769707 0.49306698232908663 0.5223551954582782 0.48819910488736057 0.4958371632665846 0.522334469969809 0.5066856479156877 0.5009008119791878 0.5032652750148221 0.5071095709401039 
0.24279522713041618 0.0 0.4706270371716307 0.4784512013023753 0.5097129060910248 0.5396032991826468 0.5137052547942652 0.5119006638640061 0.5278641139149662 0.523444604736527 0.49835540316074095 0.5216313042054543 
0.8213466744427173 0.5567497114928203 0.5078358334995237 0.5033134639968626 0.5155943170891009 0.5141799404769052 0.5064388290494971 0.4874250279011738 0.501730539933253 0.4988529334833484 0.5112385019544406 0.5097367559837598 
0.32624123969533875 0.8647820984464889 0.4805454785815136 0.5115573127754321 0.5121214272034492 0.49226557312405156 0.5254202786971147 0.5150523576167679 0.49907589923864865 0.4937085269010746 0.4805930437521261 0.486044204763043 
0.870995494988768 0.44038027002135466 0.49434619839727667 0.5145325802919543 0.5023681064113121 0.49655585042745565 0.5010806564843773 0.5084017144968034 0.4964152141220051 0.4935687847192092 0.5015102482558025 0.5124638285307815 
0.31950364214817506 0.9015042265460065 0.4927063985440036 0.49875629692815676 0.4882425535892333 0.5159204981565524 0.48255178693434353 0.47523004885565967 0.4990291620075974 0.5087107047799178 0.4757703427793197 0.5096639210085719 
0.4925962391910459 0.6167273207808834 0.5025366098281665 0.4965023610182232 0.5025220137583378 0.48311269255936407 0.49816992183251246 0.4987683410568112 0.5257065486817026 0.4833353241277998 0.4962802014732435 0.4906621727858077 
0.31818379056378315 0.1775045529747991 0.4873871138370386 0.4735765993794635 0.4905202308829175 0.5036846773374608 0.5015183653081045 0.46795879124885864 0.5025046864750753 0.49838420989773013 0.4750647446630648 0.49605876524013937 
0.6953650183311522 0.684171092890163 0.4988106672298449 0.497658359655227 0.5020115278032049 0.49767184137536835 0.5027218945382897 0.5003246068012066 0.4874707578696714 0.49214594616479745 0.486336533298018 0.4856612256037627 
0.5703150286000288 0.5134571052153063 0.48932621608613847 0.49577708931151243 0.5022744382835397 0.500115757016403 0.505547753576677 0.5062069366118422 0.5057880806919084 0.5041969103333324 0.5102538545261355 0.5132698888511067 
0.24630834960838344 1.0 0.5041679190359329 0.5008438544233045 0.4791070589085484 0.5042887320275727 0.49555447526476537 0.4783081899155129 0.5303912090479274 0.4874096505183503 0.5007182065616217 0.47448692840429696 
0.19001256319797652 0.09597583935349041 0.48634037824333365 0.503997913673784 0.520791388363778 0.5064070357375563 0.4949663078273304 0.4921336634876536 0.5326020051716484 0.4822658096089876 0.5155305924714657 0.5025868001516774 
0.9333224669903635 0.5256811826476053 0.5076535902815942 0.4991407294712675 0.5017248750822747 0.49182217308880083 0.5032721617249123 0.5050781348118915 0.4993316086723038 0.5031120137073877 0.4973523753370762 0.49003441799093994 
0.7398333295538205 0.10705479152408443 0.509881195134501 0.47702554126994545 0.49516971437789237 0.5045655024238541 0.5069509411515971 0.5061077597372072 0.4999618784961516 0.5007807814272976 0.513092767861014 0.5029857063610292 
0.7039939434566446 0.28955663126563014 0.5114647741385261 0.5087759450033884 0.4846238161060339 0.5274171916667376 0.4937892042937478 0.47629872674368234 0.49964895258165026 0.4941147475169339 0.5074250401554795 0.5075927273440693 
0.3925149668828412 0.38753833649154723 0.49716415015507914 0.5053222229066417 0.4998429453847847 0.5078905221867096 0.4963677525867801 0.5118874145648222 0.4909471827810922 0.4620725281349702 0.48968082101498234 0.5173912469292422 
0.3917711278937432 0.6494515199412219 0.4870394441798704 0.498904162797727 0.4763492302424112 0.495256460782897 0.4988560223084936 0.5072890974152741 0.5154973776441607 0.4879649726007409 0.50796878628098 0.5168813732795505 
0.4658571962341505 0.2286914152557303 0.4969026962151866 0.480266080170294 0.4976831786073995 0.5062942264141062 0.5001295814298589 0.4858416687556858 0.4974996679767573 0.512547210068888 0.4942779173956655 0.5063172339277519 
0.946369132599601 0.4280313303755402 0.4846478935072087 0.5074647194657727 0.49775010496206556 0.5066145821477019 0.4982348867222669 0.5029871907510342 0.49692393444818905 0.4975506287816702 0.49903617725263066 0.5034651333081479 
0.208299406407291 0.9734799032882995 0.5158983444163695 0.47219623857598236 0.5089080591744233 0.4802635502782899 0.50867434477568 0.4843982275818368 0.47493922086133 0.514283282358663 0.5004599722553664 0.4928213187072873 
0.5444537018388482 0.6956542606737282 0.4862713656830736 0.5147421303810921 0.47724300555623916 0.49323473986125804 0.47784318496708 0.5004619513196877 0.5076625410840132 0.471978770366404 0.49386709121395017 0.4887838107283602 
0.11300649122710606 1.0 0.5241429281486157 0.5070518542020963 0.4913285150187639 0.50977167080969 0.49805139690116623 0.489805494391422 0.5136177026641492 0.5171660156500051 0.5025075730178798 0.4941155460972431 
0.3945177734879596 0.0 0.48973965016151916 0.46863594487864213 0.4947942496089881 0.4982685658507422 0.5158702975684977 0.5095606308295549 0.5223401085634318 0.5264488533611411 0.5047829854637167 0.5067645573130777 
0.7516239140331065 0.4967517941025183 0.5032677194534243 0.5011138792277808 0.5058243868871328 0.5080210209235254 0.4973982646199099 0.4810209631183848 0.50630501045777 0.5039515155693012 0.5016759167092383 0.4913056057753935 
0.7841794868984183 0.232202614826593 0.5050639723531734 0.5128124153906074 0.5055481354097784 0.5104121762938199 0.5045455670112523 0.5078952422606597 0.5083843831960131 0.503058141538668 0.4973899204230381 0.5009780387791924 
0.8750255473293596 0.3090744601243372 0.49749300410402275 0.4994391178517884 0.508627275628301 0.48648073029688044 0.49604992310256146 0.4981749476593947 0.5006396196107041 0.5026974953410039 0.4922938445318984 0.5033274155941052 
0.5859201851688998 0.2685414231541454 0.5042850028419181 0.517934121613258 0.5052864460834203 0.4994473326384795 0.5112100046949589 0.49637603660242946 0.5185229622883953 0.49332059703525977 0.4840293043325325 0.48735321048802166 
0.5859201851688998 0.2685414231541454 0.5042850028419181 0.517934121613258 0.5052864460834203 0.4994473326384795 0.5112100046949589 0.49637603660242946 0.5185229622883953 0.49332059703525977 0.4840293043325325 0.48735321048802166 
0.9522234814970104 0.496100957807982 0.5079059707845579 0.4954106945317247 0.49655389465011857 0.49869616487189083 0.4995637375007391 0.4979022538673689 0.5082578981948929 0.4984370238304112 0.505333160370405 0.5022617653753207 
0.3945951340124185 0.6832147807025588 0.48803452627658206 0.4902658972621955 0.5074103705619545 0.49362521954063776 0.5081436244161661 0.4779003092624434 0.4749031393937924 0.4946598303015003 0.4979225521860816 0.4847623981460466 
0.7840802242950701 0.7701455921196171 0.5168141003252813 0.5036245682143323 0.516559645382501 0.4989112569429766 0.5026033056165884 0.4991453920545187 0.5036215189312818 0.5023825495333625 0.49478915182024275 0.51206873425432 
0.9216935562824704 0.49933447209507054 0.5124837332454116 0.4978679295812177 0.5031483286652996 0.5006982178543246 0.4926315298642934 0.5002324209895161 0.5080610369205644 0.4968054689818356 0.5007684853703881 0.502808437831843 
0.8929825634158182 0.0 0.48827272443125125 0.503238600512265 0.5061544739078042 0.49252508134329487 0.5130383990319486 0.5254804044454124 0.501347272766197 0.49002800436207145 0.4988100860385869 0.49985946336793763 
0.7037497331360384 0.6610388243944537 0.49404469745711366 0.5022225584475726 0.5071948053298699 0.5237117499591954 0.5135581148098411 0.4959841631464284 0.5065465859671126 0.4924602173787536 0.5150553117352465 0.5129751743883301 
0.7390239210392804 0.504090728346994 0.500620746143332 0.5079543093955048 0.4954244004840621 0.4818070750615858 0.5061027535998508 0.4862196813416121 0.5108879477803715 0.5185522422516364 0.4899489710175404 0.4952577329676886 
0.6524012905793684 0.7589610229070051 0.48542977545482285 0.49635954381442093 0.5042891719154302 0.5033083212774478 0.5049384919537598 0.5020428749997627 0.48916304938800004 0.4942891513796027 0.48995139804991733 0.490107503434424 
0.4710741180758849 0.4674848340157669 0.5004076050201212 0.49010155865151783 0.489250054524318 0.5044570453334937 0.498434823301297 0.5058667648923278 0.48852069546236115 0.5053376072708733 0.501590442801694 0.49174759301896703 
0.23712829712761066 0.0 0.48454096925615164 0.47516196570742414 0.5055797368236892 0.5037492637276774 0.4991580868345721 0.4849027013898406 0.5142967673898644 0.4729487134439654 0.5268033820811052 0.4903148277436932 
0.32341765960960733 0.031892533646224186 0.487975586453924 0.5011423683768903 0.5093049875160036 0.48836199787065104 0.48965407748176815 0.492604695936939 0.4989123960526499 0.5184356860988908 0.48676016216318263 0.51006649938548 
0.7868480780726068 0.4016632186356547 0.5044707891574971 0.490012808465327 0.5001213817048488 0.5060400545194843 0.500568903174062 0.5157928162422662 0.5059940455858356 0.48992533999234056 0.49705076921793734 0.5068648767761894 
0.1299285004134483 1.0 0.5006522119292447 0.4828034901689172 0.5105399879911512 0.5180838173446476 0.5193087001515726 0.4900817150636325 0.4852111826614857 0.511399196814564 0.5093906687895906 0.49417863245332494 
0.20388805893204995 0.45591741436662486 0.48281860791248177 0.4999688357855179 0.5153456121698566 0.4891337181719029 0.48936557467096714 0.4997329939825197 0.499787877720821 0.502101445168943 0.49386464102575545 0.5033836831203078 
0.9663887410103675 0.47158004449329494 0.5007605155506467 0.4988905552749563 0.5023683787095032 0.48288593396499374 0.49597461579613683 0.4979571902665946 0.4863366228567188 0.5059120205671106 0.5018905527506796 0.5023770558192495 
0.47479112886820224 0.4383766947938912 0.4992215882019744 0.49641268146896156 0.4776811192868215 0.4882878267553189 0.5090312549438106 0.4789464839629646 0.5087789989633387 0.5204827976140751 0.5057822007835392 0.49028171854125835 
0.08409883799239193 0.18577273746007236 0.490371618358049 0.5007638657014732 0.5042469333002145 0.4877439983043028 0.48673252740435974 0.4982972434580599 0.5013105836094288 0.4921582715179377 0.49264721314352733 0.5007306675016445 
0.9581703250401872 0.5203570009306772 0.507266870647891 0.5022955073340628 0.5025342370151411 0.498871386841278 0.49902158716363 0.5005938483778405 0.5035185911698871 0.4985015955836759 0.49692080958832635 0.4932385782997995 
0.39073570018169634 0.17397460274409618 0.48269779252309664 0.4747930588885349 0.5138342875015376 0.5116802602565913 0.49850339908825786 0.4926526394136173 0.5139824752822642 0.5030652569716215 0.48824454521075444 0.5032118872271428 
0.5640913132651184 0.2875979982448811 0.4937026359451839 0.47637404073528256 0.4932256451981401 0.49513985456457005 0.5009077296133938 0.4859883992598776 0.5115639294719299 0.49822036659504365 0.49272273819786294 0.48777585610114105 
0.9099422718496579 0.5540797785235789 0.507125993694862 0.510072391781278 0.49955508499437407 0.4974848771120587 0.5046764911665014 0.5000352988139828 0.49102906980169514 0.5091290496262194 0.4955426179068519 0.5163070665956843 
0.4727878966486767 0.3854953308539308 0.49209628352818724 0.46344986031122315 0.5021408384921748 0.5209727932134063 0.504148653535797 0.4814247223085144 0.5095778438733147 0.48512174076080444 0.4906347964432581 0.48331500366754493 
0.785016609550482 0.5803049066211166 0.49906834306430076 0.4849406125763915 0.5061235119807412 0.5187225507523985 0.517389135202692 0.4926510065706019 0.48998044071198144 0.48846268529928116 0.5147187503896014 0.5103357134247231 
0.19243872222161554 0.9122843394946265 0.4968374249719014 0.4861046662912591 0.5107939814372104 0.4891664512018111 0.48548662591992997 0.47056966922559007 0.5053686768948542 0.5145926219267716 0.5058528347165685 0.4910437931788355 
0.7522031630413393 0.454761682983201 0.5085906809915169 0.501227935072114 0.5162866382446741 0.5001529191736314 0.5034223326069176 0.494698940436709 0.4961488338110568 0.4935020540270272 0.5055149921725337 0.5041804201009219 
0.39771842789413736 1.0 0.5204385300677657 0.4656591348993877 0.5035663873006725 0.4618605059708122 0.500807171636343 0.49778317602847016 0.48429731176619306 0.5059020218217771 0.4905621519348034 0.49015262316343106 
0.5421812741653081 0.29617549596806003 0.4962991877140449 0.4812621927374755 0.4971211032715813 0.5043970800626012 0.4895043423293812 0.4860454376630869 0.5154453333213387 0.4896811195869353 0.4890650526293681 0.48780605360625834 
0.3048667659961115 0.9722941607767701 0.5146043804478024 0.4782661760844149 0.45598526469095646 0.5049459320441452 0.4693093488579364 0.4743969418694208 0.49322268262739166 0.4872200130343299 0.5072855454669511 0.49208966552682526 
0.0429275118771746 0.0 0.4914518434323699 0.48555823719637814 0.5223723182267821 0.49390050647837647 0.4952616763136946 0.47794601670097 0.4789802344872049 0.5028702824018318 0.49091363096590757 0.5036676317315457 
0.8952392100581856 0.3804232285036917 0.5176745865058443 0.48515729390912476 0.4949404900830533 0.5022431055037944 0.5020168781571283 0.4975439737167978 0.48986625302126224 0.5115427344820709 0.5162965810291827 0.4915624457084204 
0.16243722763279178 0.3331452775204128 0.4908125073888246 0.49661537642120457 0.5159048266733777 0.5017858948435696 0.4945972081346576 0.4974637262920932 0.5120668038248849 0.4870328573392726 0.49343694093480367 0.49412643280525936 
0.9163406500803742 0.5676862210199947 0.5000348022079184 0.500849469477123 0.49642783157880593 0.5001266765513463 0.49935919351889163 0.5112645975999028 0.5027192517651928 0.4955733156472482 0.49326349451807916 0.49801781864105626 
0.8446516739084462 0.5046369050583936 0.5044618764567437 0.49851477115569065 0.5064735240426563 0.494976990407088 0.49906380663775224 0.48254909906224797 0.4944355518465796 0.5025907796584809 0.510065672078456 0.5038544743560072 
0.9624072960288552 0.35793811802661757 0.49615737454633463 0.5114947208195031 0.49339346120583627 0.49561242790440796 0.49773510791309694 0.49198416812253054 0.49228601067804023 0.4966516154749065 0.49939472859897294 0.503105318778102 
0.6262275377482692 0.3144415106439967 0.5020384046755529 0.5140280339990866 0.5124639787140847 0.49845338391527877 0.5054089041789738 0.5036278352799515 0.5190982948169327 0.48415648863969263 0.4797802251741836 0.49407792182579957 
0.09833997124160494 0.9362606390623682 0.4981579573453905 0.49920404051629486 0.5041661513504908 0.4850138980434703 0.5257585080515578 0.48199905507602603 0.48664990104242123 0.5075494300090342 0.5160226883702019 0.48463088216715755 
0.8202952367698093 0.2361492443929262 0.49132384383612027 0.5124182604675964 0.5035329965805101 0.4999345559589514 0.49970067985283884 0.48312406437375977 0.4892438516432893 0.49294963482982285 0.5054724487260973 0.5146313802618645 
0.11034450168901916 0.3323541777025507 0.4931662464617246 0.4957641370613271 0.49729756369212635 0.4854041913473433 0.48444188108784353 0.5112573051528843 0.5051582694144482 0.47826189949231324 0.5022025669763379 0.49180296850419597 
0.9218531726246247 0.5556803099337226 0.5012841760009417 0.5036164038051207 0.5074824178484987 0.49686717949208814 0.5011993263431505 0.48723986814542875 0.49243111246435955 0.5002621018773985 0.5061027118185514 0.5085850318984707 
0.9624072960288552 0.5606342963184512 0.5033470938774336 0.5029703726937692 0.5039181382024664 0.5003317078165174 0.5022259378792354 0.4927137480185599 0.5000239665094882 0.49883261763998077 0.4996327676570574 0.49966436048327856 
0.017094337701004082 1.0 0.48821632561020917 0.5131145539292734 0.4895471593808932 0.48105193901592136 0.4872760302742717 0.505600565396334 0.5156753873651969 0.531949471066354 0.5085022184140933 0.4939933126305448 
0.5089263208613637 0.0 0.4887984595833026 0.4799021274683758 0.5085902647070984 0.5065469844699676 0.48650816779918493 0.48388793950117404 0.5185307023802597 0.4878615669434312 0.4912476313518336 0.4878379170781997 
0.08263827200680399 0.0 0.4898131895052143 0.48894123540136875 0.506400647130272 0.4898474955647964 0.4691934652189119 0.5092307859653562 0.50132343613684 0.47592232568871207 0.48964803827419073 0.5013213432863901 
0.7929000428292099 0.44883873414420344 0.5095306280637767 0.5055415107282375 0.49607693458151036 0.5000469067203613 0.5029044548874413 0.5105910821918402 0.5011814855145567 0.5057087742798271 0.49327518498787126 0.4931927003988883 
0.7061186853900671 0.2537746777041918 0.49854407187841165 0.5165238685011841 0.5116465182018841 0.5043616717251916 0.49771427272974295 0.45911375745603455 0.5083837337987189 0.501363687291825 0.477459875320652 0.4944099761799405 
0.6910254607385604 0.33730744600580315 0.4958169089133999 0.49167670791313695 0.48787454694874793 0.5081657930825756 0.47675264332713974 0.5094449981595998 0.4854335424866866 0.5002280268795517 0.4940412610771501 0.4890429294975746 
0.8122412695851663 0.4988247819555671 0.5057827180185804 0.49344197275461554 0.5032842517781071 0.4980116506217565 0.5011592491840445 0.4939259717131489 0.5005382206135294 0.5038209952584505 0.5102706462455977 0.49662902758183053 
0.18260272672416442 0.44646143889601414 0.5001369796560741 0.4972394868261677 0.5007651408679472 0.4839233389983473 0.4906039588451814 0.5029545028671123 0.502704989193028 0.4914757463406854 0.5038409604056854 0.4982234668175637 
0.25411234910499075 0.8931496657061191 0.5024835128811962 0.5342355430048173 0.5100475633601018 0.5090661612301417 0.529428693178353 0.4763935284341023 0.512338427648529 0.5031120720847826 0.49987431821613015 0.5021013102975963 
0.18483994588491454 0.967490139538443 0.49806110165795064 0.48063385196775704 0.5160131293170449 0.4710724800939393 0.5030365739457763 0.5080016096385415 0.49149467989864226 0.5055159322718963 0.48129733306474415 0.4995656543599639 
0.6105090610183885 0.7315748159076438 0.4972657677459227 0.5031585071696715 0.5087815699350831 0.5293522167107575 0.49508832301905287 0.48509814562244613 0.5015975150758588 0.5102128862671547 0.4869877499510733 0.49996858511772535 
0.7128137779614936 0.6705546773394275 0.49856482842261163 0.49762443703974835 0.4971142285811694 0.47746204858498387 0.4941136991776502 0.4960672018373877 0.5066360965187213 0.49982056015635246 0.5009071125823555 0.49910608941218093 
0.18669362123027375 1.0 0.5328338007648213 0.4798142481173019 0.5057330320062732 0.5024974244691454 0.4844854572753231 0.49256714667320867 0.4864253904400469 0.49424368782111894 0.4940070413226443 0.4882096141619445 
0.2405190888956372 0.3310325596213962 0.4805453408351764 0.5057834107319779 0.5187830632948054 0.5011874823273388 0.4934952647215348 0.4846883807345833 0.5043132681165506 0.5026348391549895 0.4874023903596711 0.5047237405834712 
0.5841603969938503 0.2893847817912754 0.5054663214111065 0.503399339290973 0.49397406914758524 0.5187543830721183 0.49221647095247967 0.5244471108151529 0.5080803857518139 0.4933592586852549 0.4993926218732423 0.5095645316339746 
0.6626501466627222 0.2790296787247011 0.4918836860541863 0.49724315161799204 0.5001080996308045 0.4951523357420647 0.4935244696030018 0.49522199148693663 0.4893300278031091 0.4949474217196665 0.4966843319695133 0.49662176311934836 
0.6634824478301925 0.29350062185964665 0.4732014732114419 0.5082824585903581 0.5076362027300738 0.49719458078413603 0.49868891045443253 0.5063572708829439 0.48597979037157973 0.4920784117365399 0.4944571040220489 0.4969801879744149 
0.34586281578948475 0.725076498641146 0.4841335504219959 0.49301437419380856 0.5054599047252833 0.48480539916388576 0.4781953008984735 0.4931606453243039 0.4786278864981082 0.49658484110023715 0.49374661321885693 0.496944395282718 
0.21833312105414537 0.9414248117923265 0.48988993516830603 0.48533279231306686 0.5079907396002588 0.49985249746779703 0.482485214193891 0.4886940657904052 0.5049752197582379 0.5153956509352211 0.49746492852981294 0.5197039687246865 
0.5639405247866565 0.64147633995321 0.4764449222620484 0.5033701511559201 0.5025468261084372 0.49539080676067226 0.49608916172044676 0.4981991740833212 0.49430110081737794 0.4982813768981846 0.4939414482633264 0.47724954186691293 
0.6269589504255167 0.3029244345799743 0.500050955877659 0.5048054147631975 0.49658049651608416 0.5038065628605275 0.4939813240110493 0.5029105173810147 0.5019782523875409 0.49677431195740573 0.4890352827048413 0.48819806999279813 
0.9344758162079356 0.38597866550420074 0.49804341173852307 0.49894542992595386 0.5038368265837002 0.4931322260357853 0.5022480556578486 0.49255963239302736 0.5002867638396173 0.4963075834882246 0.4971303800031913 0.5008780232282949 
0.7799968329779756 0.5427481676386812 0.5018803246893778 0.5014075017009394 0.5051579794291848 0.5065268129255334 0.4995172088842353 0.48663537889519853 0.49956937406430846 0.499756016551821 0.5030602255901888 0.49872883416067304 
0.15568722009365552 1.0 0.537816862919712 0.48938278179427985 0.5008088436325111 0.5145537754131437 0.4856743995783767 0.48848247957875957 0.48751505515707644 0.4898585839265117 0.4826259488220499 0.48819554212002486 
0.3642746854693919 0.8358474912583163 0.48905348747990085 0.5006652256846031 0.4857615271303239 0.5186840050462976 0.48435252369863835 0.47700234330677377 0.4992724987708794 0.5054920573987838 0.45566414013097534 0.5090906738953291 
0.29039992991227837 0.004541962774622821 0.4830376415711305 0.4790654612885633 0.5009003794202628 0.5193147523489224 0.5076255127196294 0.49691429304495527 0.5222694340665468 0.5155829432072061 0.4966775305987054 0.5142842026969032 
0.37137539068515407 1.0 0.47464019201641444 0.5094117111462045 0.5142259395202838 0.4749472783603292 0.5317782663886848 0.4931837093591197 0.49529189010987207 0.5008705084611158 0.4650920295780975 0.4897079059603988 
0.08599918504681181 0.9970054105170971 0.4939679292125106 0.4939814084086687 0.5047685783490552 0.4979538365114875 0.482955859333623 0.5099871182203016 0.5195380091628512 0.5228552593809552 0.504889287823662 0.5020738290343326 
0.2825778410746332 0.3117661435631843 0.48868780966060443 0.49702145239163953 0.5237193209477906 0.5092008600770948 0.4880643387261437 0.5018037995028278 0.5115476933752117 0.47672098393896467 0.5027352073519973 0.4910314510155197 
0.46199540857228477 0.5062096178217229 0.5077180034435151 0.5131036937240657 0.49471712866110007 0.49933574486065196 0.5009740264732352 0.4668559234000073 0.5070012920717728 0.5042897632554197 0.49905752551589955 0.49275271578692403 
1.0 0.367724082772961 0.5057564171217225 0.5032958880274491 0.4871107861907674 0.49148530773731014 0.5021078972571147 0.5034464677109767 0.5059987112787868 0.5005097055333769 0.5059633615052361 0.4954825988572565 
0.683510862572592 0.7927634350257791 0.4906918677191915 0.4980251004613659 0.5057295448280332 0.5067154633150986 0.5043614778895944 0.4760670300473758 0.5044631118419103 0.5072766796828544 0.4926436982629985 0.5065654598585622 
0.36818751244927567 0.3127336879134962 0.4987624318291289 0.4766651330424987 0.49004559376405404 0.5113788392394877 0.49913918067822555 0.5033038162674011 0.4904100643383073 0.5078049954788364 0.4904611898354211 0.4938704186355168 
0.45551953507470583 0.0 0.4662622606735738 0.5225276901658926 0.4937005389561997 0.5049198361857535 0.48959264843161165 0.46854724762582334 0.48690068968730627 0.4937461816862411 0.4910137583839152 0.5333438591781312 
0.8091079592497231 0.39424627598935014 0.5017860750224105 0.4964421979416563 0.5003249398285466 0.5028814507469334 0.4991735930485933 0.48025779532474633 0.5076375569600472 0.5092670659269665 0.5036101925898342 0.49675152365503833 
0.8016918083219438 0.4205822012425041 0.509828882788119 0.5045233659498644 0.48601082435456194 0.5083544122143782 0.5007723128837751 0.5049827485311693 0.5054935039352665 0.4974728917296673 0.5066210144394914 0.5044727962899974 
0.1351914604711393 0.992188520993871 0.4998508861550645 0.4760167461841861 0.5146087115542409 0.48027463081707167 0.49993478692140386 0.49688228569719695 0.4899396856770214 0.5042844226721965 0.49009337419959387 0.5164015373960673 
0.9025016286935561 0.34192941179008 0.5080463473024296 0.48777524199734534 0.4920159409978293 0.4884247915909734 0.4911955789648446 0.4908135588679312 0.5025465304353649 0.48775531210166706 0.5100980766457403 0.49275434744872293 
0.1557394190370181 0.3773856827485259 0.4871634993926908 0.4844293274277747 0.5183196739472291 0.5053875631313998 0.48675209447831413 0.5004580070214242 0.5165585275479938 0.4940640502087588 0.4900047043676321 0.4985454541239309 
1.0 0.44602591600518526 0.4996767501485926 0.4997778125540148 0.4986828018296501 0.4985031737748018 0.5034060173594842 0.5020747142265813 0.50139714919971 0.5022458175472462 0.4994089941432754 0.5003963621408868 
0.3667199222528943 0.1522565113469448 0.4798582826344936 0.4768637110493955 0.5120434271628734 0.5121186066035655 0.49469037111285497 0.5157287454778839 0.5090951873482887 0.5072948004869784 0.48323269203425817 0.5007135137147067 
0.4217785986884875 0.928404786956242 0.5073279270816078 0.47966712303772907 0.5009668359597627 0.4769125313303159 0.5036890177787874 0.4957313595449805 0.48933195641239513 0.4924411760831424 0.49573173648001245 0.476919525998726 
0.9147574355930562 0.4067575283374709 0.5102298460301371 0.4991561000044552 0.4913268974660526 0.4923923083756728 0.5052346071325057 0.5108400657980513 0.5081939343204505 0.5015436504704269 0.5051605787513498 0.48804301983486903 
0.653327329284495 0.16870154379560565 0.4974999355562303 0.4910495524176554 0.48194387894163254 0.5087576315851493 0.5040451508523706 0.5008608475987276 0.4899222538152754 0.4864789068748293 0.5037330737541714 0.5044735777580278 
0.9467403663166509 0.17794895642242126 0.5043570001329947 0.49704998443852655 0.4937339211861958 0.49077296660391445 0.4962558065204676 0.4814560372993543 0.4972385078940088 0.4921999858307821 0.5120731183158174 0.5004813459283424 
0.4391288763626322 0.3144542963049948 0.49473518049360093 0.4766245150554008 0.4998761884994078 0.5093136620204362 0.49972399273255214 0.48140075057017523 0.5020428042585077 0.4928069553244391 0.4898926049194722 0.4867423097467135 
0.7223925897859904 0.4474319810251057 0.48500525031043606 0.502809596798409 0.5012452366526082 0.4972134356340595 0.5099198785874082 0.5108278191770355 0.4971527859010031 0.49489315400089 0.49785227187199926 0.5015788723598957 
0.5356917297736211 0.48546512140028425 0.5012948509895057 0.5031370941535116 0.4946030549288949 0.5008321775590711 0.49995087550944284 0.5041105514318828 0.5049493062927151 0.5300558948105416 0.5087048019417615 0.5016315205299168 
0.3613740589957646 0.5976333418246165 0.48531815804056466 0.49982988102627307 0.5096980571117754 0.5218622902519051 0.5020070474989407 0.4938122471914862 0.5131890965048789 0.4988154838431605 0.49245179933239563 0.5063215080293247 
0.844485706192357 0.4549013962724531 0.5096851113477829 0.48547644380829175 0.5014105241270295 0.48949648831797965 0.5028012894838537 0.5012165645310991 0.5015070671627504 0.5078859739650798 0.5174810669010065 0.494529221002988 
0.9001234842846311 0.5128084864955692 0.5076890150570608 0.4920053237296566 0.4922835236121855 0.49084982256878046 0.5018371009867222 0.49813851088815647 0.5045431760373753 0.4989754022594085 0.513944599963633 0.4892396664994647 
0.3054942922274446 0.0 0.5023521880047891 0.5044378663624707 0.5035971889838797 0.5076286839577936 0.4892413459523205 0.48682207226599455 0.5370951501126586 0.4929016693903401 0.5072949439596168 0.49844244079650185 
0.9476196050290928 0.4267255046725257 0.516086762796854 0.49444941955006366 0.5017905662672648 0.499929601317502 0.5003504294827483 0.49373353643628803 0.4970920917979218 0.5064863050010873 0.5084373528438781 0.49001089183348157 
0.424881642793989 0.8769671645955348 0.49374969662640894 0.49518032397242867 0.500155103242456 0.48883472922356364 0.4927052673711474 0.4996879275677475 0.48604287604302343 0.4908831350682451 0.5130558281561384 0.5235870250244377 
0.2843905889394703 1.0 0.4764230313459712 0.4657014789173023 0.49673807026645195 0.49815493325746774 0.5063857586098215 0.5279514273505493 0.5045459772205978 0.4979768422692461 0.48121262282256005 0.5168282356064189 
0.5924199729424573 0.794820408642072 0.5103778038879325 0.47764903735090025 0.5154011742876692 0.480818625681528 0.5005365902370593 0.5082428656211841 0.49639652334651807 0.5022900612166041 0.4930649945826333 0.48201203357086964 
0.6676875899500645 0.6475280774563843 0.5091615896864563 0.5031736778584729 0.5017230204445717 0.4946158672549068 0.49639465116701176 0.5025080805021068 0.49340053893749924 0.4933250068349836 0.48399287685020653 0.4867324623069441 
0.03072331618216392 0.8838121299490088 0.4972801989569027 0.5038586437755415 0.495601623354331 0.49448042750668636 0.5045857274102911 0.5001361383901283 0.5128914252876705 0.5032942494858142 0.5153281884722298 0.4957424532016557 
0.93834443278592 0.5830492805138249 0.5060514971404017 0.5027039486110828 0.4905793504820145 0.5042313920134764 0.5048960448610265 0.5079296923052543 0.48894146026237983 0.5038036000224477 0.49959635144898806 0.49762928693721187 
0.5079599685371512 0.6645929861165496 0.48675753491011176 0.5057702918934412 0.5117232826126276 0.5111540893608745 0.5054482593822313 0.5070505929047253 0.4986258331139551 0.5208701655151272 0.48877316245837304 0.501442742770325 
0.7750039520613203 0.7233798238303393 0.5136932051524923 0.5061722365341322 0.5157944658377042 0.5055810483581051 0.5013375124662631 0.5002610313343708 0.5042602501037948 0.5027345408653034 0.48772759607374677 0.5177668971076157 
0.4246663110333516 0.2813861929221382 0.49623712224037353 0.48702802996400296 0.5044244179652286 0.5040681006309278 0.5025803880232229 0.49838051300260244 0.5086803240290054 0.5150708871963532 0.49935540935928746 0.5010264974839043 
0.29094326163413087 1.0 0.512809387058637 0.4729488781823228 0.47085516131045446 0.49838095547915673 0.4750010982051674 0.4782977868832826 0.4952852168406059 0.4895581981076398 0.48704117684395215 0.48228531184054635 
0.8837054285453387 0.3009409980046349 0.5087289595627847 0.4839602018588785 0.5043765021979625 0.49000433092808043 0.49931595252301153 0.4864776014523159 0.5015230417456733 0.506038644415247 0.5190356126538014 0.49864759752714816 
1.0 0.4683037549272847 0.4914839721646359 0.5059649625419064 0.503850854040705 0.5010316273686302 0.5037034874800858 0.49757752927685744 0.49811291214261477 0.5038430284521752 0.49872916851571236 0.5004823880984187 
0.7989018187891982 0.5440633955685559 0.4948518916165081 0.49899921694295535 0.5027947554914769 0.5103015041731818 0.4997369177388474 0.48983716689371787 0.5003022905390787 0.5104731125424863 0.49169346169669575 0.5176953344415846 
0.4193662489843608 0.7482964866188213 0.4881169069273412 0.49483191079392563 0.5075224646410492 0.4845946883292908 0.5098083290237341 0.48141543240168905 0.48177714103562785 0.49553146269439363 0.4949560833422738 0.49146068672853727 
0.4898415488148151 0.11995861940577932 0.4959185148183061 0.478944906658778 0.5025394954527804 0.48740095331999694 0.5170940404978781 0.4922742518955869 0.4913167181833513 0.49528095824592655 0.514185619856213 0.49784459880595355 
0.33105110393451187 0.049286308623516156 0.47896315156582914 0.48716908793328373 0.5245740108710863 0.5271327874192193 0.5092804067585109 0.4895385155692831 0.5380362947615467 0.48284019876173523 0.48147429549855797 0.4977020578613479 
0.5203604321543251 0.7186758067285794 0.5214489863651075 0.4946818320618511 0.4884691228129388 0.49740564626838024 0.49635380543389007 0.4811064447341381 0.5060599100046717 0.5155271120140301 0.513446390499796 0.5018220071476849 
0.6646972457883493 0.3268410795395228 0.5030915513248707 0.5091560783725113 0.48944132237296345 0.5258265739324707 0.496338408379304 0.5044426718981789 0.49676529567007205 0.4909953315824309 0.5036639379368102 0.5052772341624444 
0.6064801513952227 0.2909724675508382 0.49557852002699093 0.48814565174814356 0.4929553418203915 0.4948445959635332 0.5031462204542279 0.49442093911884144 0.504830389005031 0.5017669627802789 0.49270785323559957 0.487971864294411 
0.46199540857228477 0.5062096178217229 0.5077180034435151 0.5131036937240657 0.49471712866110007 0.49933574486065196 0.5009740264732352 0.4668559234000073 0.5070012920717728 0.5042897632554197 0.49905752551589955 0.49275271578692403 
0.5191009006156682 0.3924103765022741 0.4959765480208127 0.49585073658438217 0.5031666306470838 0.49995703405660114 0.49781652932843135 0.50921567659746 0.5035319786176535 0.5114036280054708 0.5049593276797428 0.5066037208900469 
0.2953586586370067 0.0 0.48935626309344793 0.4823995863577426 0.4987775146494784 0.4949135656271519 0.4995157392702887 0.4860456984420851 0.5071343175216086 0.4866284262941868 0.5227156673351016 0.4914060501152173 
0.5344355575252129 0.4808298005942262 0.532571373272974 0.4983858897381269 0.49540477364239344 0.4929402011740744 0.4999690444622172 0.47731884695998306 0.5048985808870666 0.47263974481597304 0.4876874354608716 0.4903090485773272 
0.8658537971394613 0.4862390230616759 0.4990112854943176 0.49702944288797335 0.49899212491265066 0.49989303475094926 0.5034114815772441 0.49148662687837374 0.49416628417312425 0.5008760678920061 0.5063788103517353 0.5115979804255973 
0.7203261017876084 0.13937777384678496 0.5003672616577526 0.49883130192989583 0.5160136311068473 0.501394581404286 0.5042413595972467 0.49025248881889927 0.48867614869083176 0.48462155852069194 0.5162408325248247 0.49629210594752393 
0.5589076100934446 0.6610897975943245 0.507564292039498 0.513932659244069 0.5086502019708261 0.49558065265223183 0.5184769661447659 0.4856162161661908 0.5013560371542252 0.4993038066461274 0.49945481967377836 0.5004948225571937 
0.5458327161736081 0.1862798890302987 0.4784239598836919 0.5028434775958786 0.4874923031830188 0.49502765323805265 0.4871305390730677 0.47701141241098644 0.4876793447522708 0.50273647693841 0.4914624561073822 0.5146134454700598 
0.2747325988269582 0.9671609618336968 0.49635930960810637 0.4968473681717104 0.4907235800481427 0.5131569912668072 0.4807510501700487 0.4734577544045456 0.4987858252443153 0.5119293521610516 0.495876545427664 0.5102371681218147 
0.5457415979413888 0.3735240599919255 0.5035829928133371 0.4923126933458513 0.5233618800993527 0.48634707478662603 0.500234374279477 0.5193856868433819 0.5053546843378067 0.5074672939760564 0.5113986174004788 0.49410636143672854 
0.23083637688682165 0.9122843394946265 0.4927296703609654 0.47917621110044384 0.5059115001763212 0.49173002644635977 0.4907836257946788 0.498425543592266 0.4956061595445178 0.5109968404792217 0.49741571475296065 0.49780842749468934 
0.5610567248033943 0.6308076432171855 0.49983811886432544 0.508864344545501 0.5042234121997913 0.48701843053179683 0.4995210356342497 0.523900565295137 0.5262447926090389 0.49562375296974515 0.4948689375957567 0.5024435324301526 
0.6361039891452324 0.7356676358162507 0.4996787453410714 0.5094518064816236 0.4901518457545148 0.505693174676289 0.49650234269138765 0.5025436805625483 0.5020315200824887 0.4919910249911013 0.49569536780621165 0.4825921366352095 
0.739745589109533 0.2247488720093812 0.49710108677787535 0.5190588534675262 0.5062945491680144 0.5071413950625006 0.494205339018834 0.5027076367191041 0.4873100425860293 0.4892730416211649 0.5077325329058932 0.5015572646322256 
0.869364209205629 0.36905219480343354 0.5050690376509113 0.4965344466675544 0.5079400581049257 0.4874142169507156 0.5017875811068702 0.496506925778837 0.49550663313531274 0.49909651827423807 0.4956645828316625 0.5011078752054481 
0.11034450168901916 0.3323541777025507 0.4931662464617246 0.4957641370613271 0.49729756369212635 0.4854041913473433 0.48444188108784353 0.5112573051528843 0.5051582694144482 0.47826189949231324 0.5022025669763379 0.49180296850419597 
0.9633851716430974 0.3707718430151836 0.5005837702469474 0.5138210867742252 0.48764471203093995 0.4982329054436359 0.49665103513665937 0.495803886017691 0.49679103943122943 0.5036408844057271 0.49488075049564384 0.5080718584436632 
0.22739436000370927 0.6846080589343138 0.48350210532420146 0.5042469399462446 0.5043540278579524 0.5072329589544626 0.49440736163527355 0.49869814917398564 0.49234586454753354 0.5033459611768275 0.5035948750661212 0.5102453002236957 
0.22931089966969365 0.41919237964859557 0.490076049076211 0.4935582339617465 0.5131600324251631 0.5038639383377708 0.4839308105980571 0.49668933614521116 0.504192474625565 0.4890416018057385 0.4866467499592041 0.5067241929263591 
0.5747412993725178 0.47504066602098477 0.4845380205481583 0.5027270940649241 0.5154449642007073 0.5015532494212809 0.5028155716319975 0.5020906074054183 0.49372269069330116 0.48193171115538214 0.49515189820620953 0.5061188646672623 
0.5217357452042881 0.2438302788737736 0.48499827477463414 0.5086887062530319 0.4985937824799017 0.5177816176503459 0.49888945039306254 0.4903697706854984 0.5055569302341876 0.48756762161663847 0.5085865682455184 0.5028976151231203 
0.5203604321543251 0.7186758067285794 0.5214489863651075 0.4946818320618511 0.4884691228129388 0.49740564626838024 0.49635380543389007 0.4811064447341381 0.5060599100046717 0.5155271120140301 0.513446390499796 0.5018220071476849 
0.7441456885404092 0.19354592095306025 0.496404078978572 0.5071116226385365 0.5133152314076765 0.4963570899950682 0.5152300102541463 0.5098258733788605 0.49709441652669173 0.48147787606006737 0.5004046997328939 0.5116613360176415 
0.7199957433664061 0.4510705644418741 0.4896855769538312 0.48583621980606523 0.47222460299500263 0.47584873484789353 0.4993329080137133 0.4922853511313967 0.5071404848883554 0.5056488902558142 0.4863599107933921 0.4818952322182472 
0.8468056828618447 0.42474565770388023 0.5025903621040194 0.5057526792369158 0.49295197697535265 0.4931822148826573 0.48838830455813687 0.5063417188200152 0.5092674703688476 0.4916774327589232 0.48955214119527096 0.49525556211129207 
0.18605480255581902 0.4160239628223948 0.4982321641164022 0.5044286824512829 0.5062740893586573 0.5035525600733507 0.49364877232777044 0.4916007347787569 0.5218237094153435 0.4924318313153505 0.504165265502604 0.49840667154535223 
0.4152406748426255 0.24918508633009806 0.49183868547657805 0.4726562140587087 0.5082925367072619 0.5109953247882582 0.503799363585451 0.5040865178264469 0.5126413888795789 0.4990057784535507 0.49566589765430497 0.5034292290465157 
0.5827487505951245 0.1939465482609079 0.48931194771036196 0.4984512675115704 0.5051728686759597 0.5028349008485488 0.500314786017521 0.5105656210582267 0.5029335773296 0.5006774469657123 0.49689954561293537 0.5130386565002711 
0.3672091189850214 0.20574890353579525 0.486159665699372 0.4767975183804299 0.5047108160299336 0.5118720174822062 0.4961733076346452 0.511587102407723 0.5028668130116283 0.5074648654842644 0.4856421913013125 0.4984324820216434 
0.2714340490346204 0.0 0.47907212884428285 0.4859745439609189 0.5121699289351673 0.5039213742378914 0.5008305311182364 0.49299356164105534 0.5118904379951228 0.48146113157025217 0.520176579649231 0.49497026281337075 
0.2906537737989964 0.8824488563249226 0.4753308843156167 0.47727094344185933 0.5074454560121726 0.4855907950588214 0.4850256516470374 0.49863743295951674 0.5179309038049118 0.5205193574178679 0.5119959482095351 0.5181312208867859 
0.4424192648013415 0.206909668293996 0.5051831527250777 0.484567734700023 0.5160751833549593 0.509918374979976 0.49941755291775625 0.5188668224909585 0.5051763977893444 0.4966707804311135 0.5028293826309047 0.49658816731697103 
0.6639914225889865 0.27912196277433904 0.4950143644744984 0.50668204248281 0.49504072213715067 0.5178668328206859 0.5003875659118246 0.4975019270197158 0.4941918914589651 0.4946544257226596 0.5024173998066568 0.5070142965955926 
0.9501873978748656 0.658350374140577 0.5119120985137975 0.5034228457438502 0.4996063212108644 0.5004281831884215 0.5047522237856711 0.5129057944774066 0.5057306248496095 0.49882055920137497 0.4879655893540591 0.5070209045469407 
0.49467452482064594 0.15216456018369567 0.49799893270438805 0.49451865047336696 0.5179689310693698 0.5062444637449608 0.5162242208083425 0.49895519279198186 0.5180051032034682 0.4939744871892292 0.4889083446678242 0.4947570742014671 
0.8725562487010459 0.5296064313403306 0.4882310492039855 0.49840555627734023 0.4945329240316657 0.4991090419054438 0.49196244048744264 0.5060188300044258 0.49746806536715066 0.49274542899330753 0.4982862578958895 0.4976012862473652 
1.0 0.4683037549272847 0.4914839721646359 0.5059649625419064 0.503850854040705 0.5010316273686302 0.4943053078618137 0.49757752927685744 0.49811291214261477 0.5038430284521752 0.49872916851571236 0.5004823880984187 
0.844485706192357 0.39190602933285557 0.5094390954754164 0.4870871397898087 0.4999616339475196 0.48881465081783315 0.503240737965674 0.5023951613364537 0.498018438316599 0.5037865793622655 0.5186667662215618 0.48966867380075724 
0.3545443498348072 0.09961003598497212 0.5069961735421477 0.5055368947620944 0.5071635155331038 0.4878121036297419 0.49793991280708955 0.5112577614430501 0.5052141044026461 0.4867971164915071 0.5153566808254137 0.4966851993710604 
0.6453108970652286 0.25089885425494207 0.48987735580863834 0.5122001689799668 0.5209539294597408 0.5184023805222854 0.5060041187859118 0.4949329269388457 0.5018765532325843 0.4868446806824793 0.4945660041683516 0.5012319023643711 
0.4985482186802318 0.9839254537221706 0.5110144827628094 0.5008035441180597 0.473754092808986 0.4933041042770948 0.5010356890308327 0.47714537975895666 0.52087980288205 0.48843994254277306 0.5076817120712915 0.47712516460243326 
0.9557886832590059 0.4160054032970053 0.5080186630945627 0.49881867800269036 0.4956090006188347 0.495568378429015 0.4966353437522405 0.49884287699239427 0.507807810361957 0.4938173812176083 0.5075702215499291 0.5010508986472455 
0.3003094412052988 1.0 0.49404694165524393 0.5043134948581766 0.469851230694854 0.5053618806309275 0.5049724785016718 0.497599771385962 0.5229877014666557 0.4996269783645719 0.4557423027996513 0.5105262212399698 
1.0 0.4790117441569699 0.5030747948110031 0.49391943543324374 0.501005481893696 0.49606714802205365 0.5044513324588509 0.5040472311712064 0.497738019487431 0.5079558465005471 0.49529821163317106 0.49233102536189144 
0.8146739114429759 0.042465734341389505 0.4794709582892747 0.5192225557222594 0.4899608446053702 0.4838636712645591 0.4897533022032169 0.4904589278995223 0.5085981470146743 0.4821030689445272 0.49647881572482455 0.5122465818656892 
0.8129790393958156 0.5535571255955261 0.49698950232876854 0.48815905692292405 0.508506015037008 0.5158112072590519 0.512937384689127 0.48733918331118153 0.4950962720444326 0.488313402867714 0.5198324524614146 0.5087808121654069 
0.6827069842870581 0.6825110650092482 0.48532851710543756 0.49114663985290535 0.5025278028189128 0.5104374798902737 0.507370965445635 0.5015755480832493 0.5049973378574104 0.5068997684302063 0.5182240679616337 0.5041672721899969 
0.060491106389500504 0.8788334227545125 0.5058797069473241 0.5003577442352742 0.5016458280189517 0.49793648299615545 0.4956473171070502 0.49787049667309186 0.5152906946583613 0.5137568510383899 0.510544064970421 0.5033794712415114 
0.16243722763279178 0.3331452775204128 0.4908125073888246 0.49661537642120457 0.5159048266733777 0.5017858948435696 0.4945972081346576 0.4974637262920932 0.5120668038248849 0.4870328573392726 0.49343694093480367 0.49412643280525936 
0.448867650844895 0.7453446663588239 0.48240747853880095 0.5159012906410549 0.4845644797072688 0.5091663499636563 0.4955244985429119 0.5081253789736156 0.5087645010592665 0.5038962224277814 0.5084279077149958 0.5096986631929564 
0.5827487505951245 0.1939465482609079 0.48931194771036196 0.4984512675115704 0.5051728686759597 0.5028349008485488 0.500314786017521 0.5105656210582267 0.5029335773296 0.5006774469657123 0.49689954561293537 0.5130386565002711 
0.3377601162712301 0.08311688181586602 0.48729058187179997 0.4874438964672919 0.5100601546501166 0.4967532759029527 0.49809561226625326 0.48083727780479407 0.5205923153167362 0.4895250307006951 0.4882436101028932 0.5067184250761078 
0.41177532463536237 0.1707831285309978 0.4942418918200777 0.48106432398824417 0.5060637067648743 0.5036560413886081 0.5017898275324819 0.5062949910500325 0.5066023009313002 0.5127185131075925 0.49748745813050865 0.5149303441766191 
0.7686344397906256 0.532931204975564 0.5120903006554817 0.4937442715345174 0.5082716509497496 0.4991645200861146 0.5029377706146947 0.4981390116861371 0.5016127548207532 0.5026133580005958 0.510994338457835 0.4952747165286743 
0.042258532867614704 0.6328200710932121 0.4995130306065029 0.5047856875824863 0.49921930591403263 0.4909696483692516 0.5042730192388507 0.4898964039457852 0.5029859608546907 0.5058028589386709 0.5103454451544946 0.4979392837949399 
0.9624072960288552 0.35793811802661757 0.49615737454633463 0.5114947208195031 0.49339346120583627 0.49561242790440796 0.49773510791309694 0.49198416812253054 0.49228601067804023 0.4966516154749065 0.49939472859897294 0.503105318778102 
0.44950420310587025 0.0 0.4930874721791113 0.498407568176199 0.5012841994407831 0.5020397819484883 0.48926468091945036 0.48454924683688094 0.5067132790030521 0.51889488659287 0.48966844684689526 0.5042369688958892 
0.5951266882626007 0.472374879727144 0.4820944419641221 0.5028601736462068 0.5221470520892928 0.4943619763725561 0.50236407426286 0.49270623677681935 0.4988810063867546 0.49289174710862965 0.4996509600553116 0.49987188029694085 
0.07819966706034562 0.9397038691623641 0.4918750958152892 0.4978471948502491 0.50193566061026 0.48476848575956527 0.5234199994976899 0.48759570531010077 0.49557818385058183 0.5083062770520388 0.5189776714194327 0.48617799397589223 
0.45394595833794976 0.33676032709743636 0.49190807225757716 0.5144785129293418 0.49936403457525474 0.4878490373855613 0.5024261212181023 0.5145412796001239 0.4963270037621774 0.5066445274623046 0.4950062462009055 0.4977932077819794 
0.9375127736646798 0.4256323106559414 0.48914495090574345 0.506418812688306 0.5077110417983934 0.496239968563795 0.4987789395392624 0.4955237512831945 0.5028318642433384 0.502719397118226 0.4938776189340827 0.498751518960065 
0.24550301674474417 0.93400998648366 0.48642610987557683 0.486123696572837 0.5022609524225453 0.4862331139997725 0.48722789903451813 0.49127794394570345 0.51939104467751 0.5099998803177384 0.5024660321403004 0.50788797532812 
0.6521348738880232 0.26079725655352215 0.493085517686579 0.5183977438934938 0.5042485868524722 0.5101100484491663 0.5228300677332811 0.5094733135204085 0.48749494089758016 0.4976347389189808 0.5002525772954172 0.516781459068002 
0.12249319072001372 0.5 0.4915838074708223 0.49682430069551237 0.5049294348842724 0.4941772231388129 0.48539730425689165 0.48924566093369404 0.5107205991710145 0.5082807991783235 0.49964578414874 0.4943295325419469 
0.17472793943189924 0.9833000508008657 0.47726203502503795 0.4776029638852324 0.5113957842021493 0.47635989969078574 0.49423179664911554 0.49936103898433254 0.5077419086879109 0.5187037141676536 0.4953354060923937 0.5241012540405293 
0.7569699705811177 0.43749917181534287 0.4997076401823558 0.506631188226575 0.4951034781235967 0.49529987518084245 0.5072883443310245 0.5246973875834046 0.5002354374468629 0.4885086095063528 0.4990826422358139 0.4900950588753521 
0.4235065112127129 0.0 0.49325970694987464 0.47512017443921606 0.4955689851642327 0.5092522127316432 0.5049642042034723 0.4998998998680683 0.521491485884411 0.5142859031719931 0.5006764300846875 0.5028647488577777 
0.633910321683762 0.6668608279214402 0.4875391786829504 0.49818846374898557 0.5038486872583581 0.5099670588877223 0.5072154262229661 0.4971648462916317 0.5058952935360618 0.5013977571965141 0.5060281708987098 0.5132802329140194 
0.7988670139612035 0.5587287806820369 0.4779312199705208 0.49707383732689714 0.5124233628867582 0.5069313929182704 0.49917932871535253 0.528253457950429 0.5056120977243987 0.48718063472095785 0.5117171629016359 0.5047149383285862 
0.3334595673525481 1.0 0.5178111146868609 0.47472998131629507 0.47994945606129935 0.5075007083155221 0.4967253521120947 0.4807210604972292 0.5258504441335174 0.5301715077348181 0.514705166386368 0.5149407678630551 
0.36187824722212 0.9622173201546612 0.49938429326788 0.4699738300695994 0.5075774156274278 0.49230612594774065 0.5052766337131724 0.47888018738164256 0.5235838231535846 0.5297405538718754 0.5078591419674819 0.4793290403886271 
0.342384551506576 0.0 0.4787450100423948 0.5107700930605981 0.508663363013493 0.4792608379614657 0.5042986297294941 0.4802258271087394 0.5124099780458005 0.4841024793693637 0.514242624089642 0.4968739002901141 
0.7774582249968511 0.3877429362866114 0.5039305238041523 0.5139526859195782 0.5001654036305846 0.4887045118256297 0.5061170553636024 0.49986554295863755 0.4850826538916946 0.5009177792715787 0.48845603489071154 0.5048859531718518 
0.1689182304753398 0.47983865580317964 0.49864372469108076 0.49464438932827837 0.5050382321503828 0.5030428237702724 0.4952629166256255 0.49576290654564215 0.5138019706035162 0.4983309516152361 0.4914023214506872 0.49638599853147897 
0.44481265181443785 0.9717708021838043 0.49518560041194937 0.4941690407187844 0.511372540166773 0.45317551410229717 0.5106558881902297 0.5054570728594312 0.497646086145093 0.5011210796115895 0.4843546524773566 0.504012601765772 
0.7386469915132341 0.528746623784542 0.495924815879232 0.4995015394050161 0.4947216417692688 0.49887368537416155 0.49259558871897346 0.48584572988922325 0.4974082081953639 0.5006590996202936 0.49488194922593703 0.48772091233758624 
0.08409883799239193 0.18577273746007236 0.490371618358049 0.5007638657014732 0.5042469333002145 0.4877439983043028 0.48673252740435974 0.4982972434580599 0.5013105836094288 0.4921582715179377 0.49264721314352733 0.5007306675016445 
0.3093015793750852 0.7582120033274289 0.4889634156150283 0.474956349314821 0.5121890913658274 0.47963182338362187 0.5028146623091165 0.5075631555792481 0.4838354212687707 0.5192101764585394 0.49698339213696424 0.5059473120613065 
0.8326813001607485 0.6563606978830194 0.4969948096048336 0.5077795035210024 0.4918501812639159 0.504186205080639 0.4942670545789324 0.5184819640285994 0.5077004840429546 0.4831907847939493 0.4912287774029873 0.5037046119202211 
0.5074002702829814 0.42476737049537594 0.5008398425522989 0.49833575829472515 0.5056330719854463 0.5096496129681187 0.49175297772647475 0.5031823262628673 0.501383089387552 0.515811192540791 0.4954391172059246 0.49994789699189995 
0.20412834267929814 0.9578443308754782 0.4876279292250335 0.49024503766488803 0.49968367015523873 0.5015631524202115 0.486094297916998 0.49131349924307366 0.5002648153551763 0.5080529668373901 0.4819856493038896 0.5161777181788028 
0.44481265181443785 0.9717708021838043 0.49518560041194937 0.4941690407187844 0.511372540166773 0.45317551410229717 0.5106558881902297 0.5054570728594312 0.497646086145093 0.5011210796115895 0.4843546524773566 0.504012601765772 
0.26300609916300965 0.15421719433197298 0.4880590957552006 0.4789173291239049 0.5013575284354392 0.5302351936492653 0.49782572984907625 0.5033184932965096 0.5162718121733332 0.5088113070781256 0.4922701549935852 0.5159573415250545 
0.9581703250401872 0.5203570009306772 0.507266870647891 0.5022955073340628 0.5025342370151411 0.498871386841278 0.49902158716363 0.5005938483778405 0.5035185911698871 0.4985015955836759 0.49692080958832635 0.4932385782997995 
0.26143756439839744 0.909856748244015 0.5052456847100827 0.4705567717713792 0.48651395312435003 0.5176307529346768 0.48826882415906026 0.4897557339555113 0.4980666151277395 0.5347707712474573 0.4962881971162138 0.49491744260679316 
0.6927831733888943 0.610961013678675 0.5144954899631804 0.5020120992607431 0.5151327777724697 0.5088325518542496 0.5030742517455356 0.49506145884117514 0.5017184424787561 0.4973407420361119 0.5045076100146635 0.49602021205436053 
1.0 0.48969419398451575 0.4965134151251759 0.5073394115888719 0.502787459729769 0.4997429648723265 0.4944673621784501 0.5031451200551087 0.4986299228270984 0.5082003426249975 0.49599454159612577 0.4991442926536681 
0.7562995789181985 0.5728978330518502 0.4946622712477977 0.4997710463355291 0.5020367867293629 0.48777819054811167 0.5041526478385829 0.5008916054869824 0.5132790833760136 0.5106876356046283 0.5077968179811739 0.49386729354218917 
0.9248145920577104 0.5391054730846749 0.49584227675914294 0.505776407330712 0.5026460990778341 0.5053106445002181 0.503123805774935 0.4872352186221041 0.49342473384649316 0.49634938972945664 0.49745466072976074 0.5141655501657426 
0.7192025552608508 0.6987575223032918 0.5086298329305416 0.5148353599523284 0.5002942891854261 0.48835346329723717 0.5102628912051951 0.478160777229808 0.500900598651645 0.4973267653578624 0.49240594651310543 0.48874106122320266 
0.15799165148463368 0.7080119814111974 0.4994421880228235 0.47587714191332586 0.5084070386749042 0.5108181887089992 0.5064787362396715 0.4908412249211947 0.5035174460384145 0.5019155140649573 0.5067779671460972 0.4962926519993386 
0.866644933980727 0.42875954361866275 0.508102297659603 0.5016943280198848 0.5017100379618282 0.4905549010431781 0.5025721642911214 0.5036948139495299 0.5013207852085846 0.5050222118338692 0.4916611261640181 0.4982018323387936 
