0.6651462545223701 0.5830850056732685 0.7576727253869677 4.897681162273694E-6 
5.810791197130224E-8 4.141380279491416E-8 9.925545692416419E-8 1.278611492064227 
0.2494182512010655 0.7480333868663482 2.2865169118897963 0.34572452550619837 
0.8100266215335089 0.5815796508864318 0.7881295838609458 0.0019466507787862298 
0.5839678336275267 0.7780481579941846 0.7825056675146154 5.250065643002393E-6 
0.03103162094460014 0.03262881517984439 0.04735673773818357 1.0330740500563618 
0.18534548049081526 0.21068152283520802 0.3216596159509551 1.0088060117709021 
0.2163552754341266 0.19392327977506726 0.32342040671527394 0.9829215426539825 
0.21504254706986262 0.23570909632426407 0.29089516598109016 0.9870991233617913 
0.010260796349452931 0.011030682140924892 0.016181499219167277 1.0502986294892513 
0.7699817167160067 0.29842090702606716 1.901323173527126 0.5097082468371407 
0.03103162094460014 0.03262881517984439 0.04735673773818357 1.0330740500563618 
1.942001862149857E-7 1.5000503931756748E-7 3.224118378263352E-7 1.2135203608071394 
0.27024063033207313 0.7312815952703576 2.0493579775335444 0.3538298046706641 
0.37710124552359553 0.38635130561588343 0.5310004681156391 0.6784743365724903 
0.2757743644000696 0.7322364662116551 2.0774580918101115 0.31731663306584973 
0.0060553593493332695 0.005189753418318047 0.009481072445249069 1.1263574657208708 
0.2641764143288797 0.28419430159046055 0.4220101706054573 0.8895281583058209 
0.32629536840331747 0.6598270080607005 1.5139272749363366 0.4230318896337856 
0.8100266215335089 0.5815796508864318 0.7881295838609458 0.0019466507787862298 
0.3288326261879735 0.6675802173857209 1.4839104150246785 0.4377333265149698 
0.6360905470477072 0.35966256947659525 1.3130307513134483 0.414287287846007 
0.7229482844958147 0.33716216535353394 1.6625001067302674 0.21778480449371893 
0.4649568233796131 0.411377037435368 0.7063904574929395 0.5545908908810201 
0.2575348696013193 0.7424953617510629 2.1947933114900344 0.33402256333086616 
0.658806759621476 0.33152557395786286 1.4694956912014632 0.38935697394441354 
0.2494182512010655 0.7480333868663482 2.2865169118897963 0.34572452550619837 
0.6846512682057715 0.30154317112859025 1.7179685993219709 0.4607467296556676 
0.7024314966311394 0.311744063492963 1.731006720124648 0.07539481091626178 
0.2852926714514794 0.7331437692242586 1.9814307073065753 0.01566669226814815 
0.19267457724299156 0.22030498339423157 0.33586251387435223 1.004990894681144 
0.48161320269798014 0.5253196597589346 0.7793800760835916 0.1164365060595369 
1.860138506251631E-7 1.5677098901648274E-7 2.969035586504857E-7 1.1496162929494038 
0.22217543522178873 0.23052581547115322 0.3319407805146624 0.9143283687942415 
0.2641764143288797 0.28419430159046055 0.4220101706054573 0.8895281583058209 
0.21005272847309087 0.20088065152456638 0.30418651601230295 0.9407085822859056 
0.36763979425528687 0.37520903215362134 0.5363176326637169 0.681153151377268 
0.5171295962615625 0.3400385277523102 0.9822783589638376 0.7808176771711283 
0.3687107667982083 0.602330274364282 1.175227503840462 0.5196818869239406 
0.5674269179785812 0.45308126146497485 0.9477067364131626 0.17400653205704766 
0.6959754700636968 0.26973839317915355 1.9338603973227222 0.5097082468371407 
0.3479360569573035 0.618436270901199 1.2974033938273475 0.5607644018677429 
1.9163728122525443E-7 1.5186589403241386E-7 3.1266492266521596E-7 1.1888114488291275 
0.3835839904235299 0.6395616616006101 1.2520516460987903 0.19898871077238942 
0.619085041685931 0.4015986974542208 1.1850056992824858 0.20979599652974937 
0.3001021265866395 0.5499134232187814 1.1497602092101573 0.8805935644170049 
0.6959754700636968 0.26973839317915355 1.9338603973227222 0.5097082468371407 
0.5430777464096178 0.30923040341181185 1.093803244888736 0.8477511315862932 
0.2767775304839941 0.7398146770285698 2.0245764521896175 0.30908135620627253 
0.5839678336275267 0.7780481579941846 0.7825056675146154 5.250065643002393E-6 
0.2922823398438962 0.7108418042892011 1.8402947103807559 0.2857501917235845 
0.3537233956324487 0.4121839833664815 0.6268172698575902 0.734513567086425 
0.370585247884948 0.6729610010445924 1.4260711117160172 0.053599291900151905 
0.6491284301224427 0.38455553014595106 1.2916032367727468 0.020471272078469795 
0.450399470417599 0.4675724562210676 0.673447088390624 0.41759752200234723 
0.3084993820494518 0.6499072538714876 1.5016300849438966 0.6172076036035565 
0.22217543522178873 0.23052581547115322 0.3319407805146624 0.9143283687942415 
0.6820050419324631 0.3790265528182393 1.3478441849155747 0.13293540834280743 
0.38338865223618784 0.5350467315597504 0.998374381014844 0.6340741321449799 
0.40320971828305324 0.45835297646868367 0.6965981685354868 0.5819030830179424 
0.6769770123260664 0.3207817025017748 1.5884722188743567 0.32343149624868234 
0.2733233436948217 0.6846107419079828 1.8003984523084924 0.7061754756706079 
0.19548817803783455 0.21419341299520428 0.31850040719652617 0.9738321075971911 
0.6073746571714692 0.38955046539154536 1.1353891049464293 0.3792706978050297 
0.7450265866673157 0.3178027408644927 1.7206156984584486 0.4577095192891569 
0.4349276798340755 0.5646776486821158 0.9610750465913843 0.3129932857426109 
0.5973204144544009 0.43051512140015513 1.0253414684045605 0.07113718010228537 
0.7082465876243299 0.3076739634805697 1.9006567371215495 0.29613619773562844 
0.4728027265352767 0.5465469970412277 0.8403857651294723 0.028489109450921944 
0.4337505218595659 0.5899453762724841 0.9917539357112314 0.12787043032922574 
0.5028257394655713 0.3358257883381446 0.9134522750205273 0.7915941825668364 
0.3922114324795887 0.42283547172816477 0.6211760715852543 0.6240984889769055 
0.28362669461985146 0.6632675798202573 1.6596439663235756 0.7406230355335014 
0.7167750846237149 0.29581461709500906 1.911735038116218 0.17828145382428146 
0.5780416890017827 0.32288558390833905 1.2160050734612307 0.7608524352092254 
0.6759306240226106 0.29607861760420595 1.845691753709309 0.5670103563990129 
0.2525183148208519 0.745487127979076 2.248475515022568 0.3489237582024259 
0.4361449752855818 0.6287171343232326 1.044648894151163 0.04712819949304655 
0.5576246549784666 0.35374135411175367 1.0603892883246209 0.6605092563464485 
0.4162963188959581 0.546481505831818 0.9106288548797005 0.43567874174642734 
0.2922823398438962 0.7108418042892011 1.8402947103807559 0.2857501917235845 
0.6601562466542537 0.3683179954597299 1.3660184929114627 0.002097814046581888 
0.3066649723195992 0.6944590723942978 1.799048708605074 0.7238143213529984 
0.5507733113073693 0.35310251971694584 1.0153150811605922 0.6669294576668212 
0.45745712798747573 0.4032595650965171 0.6910514557484592 0.5788096587861778 
0.7450265866673157 0.3178027408644927 1.7206156984584486 0.4577095192891569 
0.5106407340237235 0.4861305770488719 0.7427665072548109 0.14638238727008593 
0.0060553593493332695 0.005189753418318047 0.009481072445249069 1.1263574657208708 
0.460175320369518 0.5683499309946672 0.8930251307598754 0.012144794160029584 
0.2575348696013193 0.7424953617510629 2.1947933114900344 0.33402256333086616 
0.4895792346559561 0.32706224998032074 0.8943237465216303 0.8415719315558953 
0.4074186103691518 0.6303309360173234 1.2961200396142114 0.0406724908885293 
0.3646097399010796 0.5134802569167516 0.9110333661929081 0.6957885826674194 
0.3174737596582132 0.7092179798949081 1.733645163662857 0.023082377915823953 
0.19267457724299156 0.22030498339423157 0.33586251387435223 1.004990894681144 
0.4748895527854541 0.4995815454255649 0.7303014987082947 0.2667131863232936 
0.6775915320838282 0.3825708247827466 1.3248251700575329 0.13114695566429901 
0.40371603842923864 0.6164652996583933 1.1760619167765995 0.2584131320777595 
0.6098809370613721 0.2852381671789214 1.425668709767792 0.8705720440168763 
0.6938154772391943 0.3099489505572715 1.7615991217780114 0.22760848278392973 
0.4748895527854541 0.4995815454255649 0.7303014987082947 0.2667131863232936 
0.5491182014365905 0.4581423999716946 0.881863321400864 0.21692125901771503 
0.20181543736118956 0.20828381754379158 0.2991189785402373 0.931574039889463 
0.32446225962712 0.5385455339183491 1.0424372341649728 0.8187443639046345 
0.3228203129312913 0.6919320687078332 1.783247657037691 0.4805904480156979 
0.5426528155974635 0.46506912040889953 0.8323949958888549 0.23477554748349286 
0.6681944049694267 0.36570381741152336 1.4231829118021113 0.23706866268025703 
0.5885321586516387 0.3449988069809141 1.1218551425639711 0.7114797091887584 
0.38701756072089616 0.6001765152692211 1.0790431019829947 0.47230807577563644 
0.45135881212938866 0.5919964388946843 1.016878839163227 0.10842729785231081 
0.5644578192153822 0.4550782602598634 0.9355095170557842 0.17250357673568137 
0.3084993820494518 0.6499072538714876 1.5016300849438966 0.6172076036035565 
0.36198150532724993 0.39432296409635176 0.5798601118108506 0.7042266789647884 
0.19785388742591148 0.2110514093851992 0.3085761991352112 0.9532193998040099 
0.5028257394655713 0.3358257883381446 0.9134522750205273 0.7915941825668364 
0.35119208090579124 0.6831836778631779 1.6122570417641326 0.005224188578213486 
0.31823906706920996 0.6925673714445094 1.6372902916038334 0.25876451768690145 
0.6050282839040294 0.29139373074891745 1.379217960253274 0.8470285210418514 
0.32446225962712 0.5385455339183491 1.0424372341649728 0.8187443639046345 
0.35933599081229506 0.4066752713419362 0.6168241441620054 0.7173732673946801 
0.6025777992997279 0.419647797771767 1.0706583336915574 0.16363299569570275 
0.4895792346559561 0.32706224998032074 0.8943237465216303 0.8415719315558953 
0.3834027347754373 0.6109543436466913 1.1259928381880824 0.4853868257150968 
0.598578662543744 0.4252960349481074 1.057849899507356 0.14040934163511778 
0.4620407444833132 0.5670974357846563 0.8974973740531791 0.03832365092692807 
0.2537860691012572 0.7450838637628647 2.2365875815756002 0.3389190277640271 
0.5780416890017827 0.32288558390833905 1.2160050734612307 0.7608524352092254 
0.7080654473471978 0.28058753875375286 1.9298644988111253 0.2649913172072726 
0.2791879425751205 0.7371975047640524 2.0346357849583723 0.016034971451868524 
0.5634061316223635 0.46112892782230197 0.9704098230203346 0.17681344944593333 
0.38784276545716634 0.6353813128503925 1.2102351474081983 0.19400700134562296 
0.3646097399010796 0.5134802569167516 0.9110333661929081 0.6957885826674194 
0.3134652223722376 0.46045826488888053 0.79667184909567 0.8844809736690173 
0.5077111230472823 0.34706850176980686 0.9126938109170813 0.7401711706093463 
0.5238614591256191 0.47850156611140854 0.7804383382616787 0.15011042467189395 
0.34938036129957606 0.680571896657569 1.6077453027145565 0.026959318795227793 
0.6681944049694267 0.36570381741152336 1.4231829118021113 0.23706866268025703 
0.38401670888189204 0.6223153141743705 1.2057491116086683 0.3850735464024876 
0.5312673006651145 0.47298367538876174 0.8048136319994967 0.15771125209610687 
0.3019330872625419 0.7042317896911778 1.7612796350115243 0.2752030052661186 
0.3558221244793753 0.6778018612825046 1.4558898108059226 0.008886803107019144 
0.6155203041486215 0.3939446802319492 1.1323073846024154 0.3799423712704262 
0.736660584797013 0.2857872903970165 2.0380353355456005 0.2320667677219046 
0.5733171404224973 0.45848357705801074 0.9472678931495707 0.046308462755115576 
0.689463579982273 0.2851486603778297 1.914539598806704 0.5052508561579142 
0.5106407340237235 0.4861305770488719 0.7427665072548109 0.14638238727008593 
0.6283362090500336 0.41018995761398025 1.179784377789974 0.02881592604570354 
0.5336654074895021 0.467933788179682 0.8244797484490786 0.21435427730783144 
0.7082465876243299 0.3076739634805697 1.9006567371215495 0.29613619773562844 
0.20181543736118956 0.20828381754379158 0.2991189785402373 0.931574039889463 
0.5312673006651145 0.47298367538876174 0.8048136319994967 0.15771125209610687 
0.736660584797013 0.2857872903970165 2.0380353355456005 0.2320667677219046 
0.4250007365125025 0.6117266982412667 1.0416165863911837 0.18756513409667608 
0.45135881212938866 0.5919964388946843 1.016878839163227 0.10842729785231081 
0.6651462545223701 0.5830850056732685 0.7576727253869677 4.897681162273694E-6 
0.35700809022708674 0.6078759447782989 1.206192726226822 0.5193813501023341 
0.3019330872625419 0.7042317896911778 1.7612796350115243 0.2752030052661186 
0.3269420381780267 0.6092680639796452 1.2449760576731375 0.7825712892914707 
0.5641562204946344 0.4261568473403792 0.9394345950298855 0.33148085528113513 
0.6459147777828338 0.4080779513928001 1.1789157595448785 0.11991378243472045 
0.6050282839040294 0.29139373074891745 1.379217960253274 0.8470285210418514 
0.6111105657727528 0.4089946443291681 1.1452665207965471 0.2600285817052743 
0.6293863882138344 0.39573863535373954 1.2373417084725218 0.16276889283173815 
0.7062538074272924 0.3535984968036031 1.5006332654180288 0.06750731794245908 
0.628397129143577 0.41517127034336365 1.1205986642502364 0.05851058017306588 
