0.4187620737815973 0.6113231642684862 1.0783069550050857 4.360657494582219E-7 
0.6437498584666783 0.924271227469853 0.752880139048867 0.14769722497186624 
0.9013568978067359 0.6112105117010204 0.7527629966829169 0.03535565339152546 
0.6963383648224627 0.2974403136942971 2.379597052057964 0.5288606025379432 
5.07579468355269E-7 2.446441365760615E-7 1.1641213013923428E-6 1.7558618933473726 
0.11650181853130404 0.12240401564730341 0.1781964642259967 1.0094663086684703 
6.331560024554881E-6 1.064265802584916E-5 2.2773071716608967E-5 1.5797805420200148 
1.0203130256624812E-5 6.697391056980283E-6 1.857902212986671E-5 1.354712518557754 
0.3158672905457784 0.7817678975466545 1.8780529328687885 0.1000576986040972 
0.7784076082652591 0.3443030573326529 1.9817759964626345 1.8007348682980243E-6 
0.1586180173324174 0.1718024322054515 0.25226755865251377 0.9972927436906261 
7.551240033591086E-6 9.285312041544664E-6 1.520017423748471E-5 1.1790248364623022 
7.948706260535302E-6 8.669740082925839E-6 1.2996734089815906E-5 1.0682591111422373 
0.7325845756123118 0.2388987761567298 2.291729769032008 0.684400483154341 
0.1929989809753772 0.17873182089718279 0.286845577683266 0.9844066997848443 
0.2022830959907098 0.22195889579843142 0.3295884990603568 0.9706466229103445 
7.26230411726859E-6 9.744528107463437E-6 1.773591348775671E-5 1.3102842427293624 
0.2716448961177885 0.6239849633421118 1.5621174989201454 0.9062209718790071 
0.7049473860584587 0.3058758025318557 1.8035777431770565 0.11881867608127182 
0.7404846041884207 0.2996595308104882 1.8875899352321763 0.13991789071037414 
6.625502148334055E-6 1.0393029775772787E-5 2.0841616645979558E-5 1.4756287296567598 
0.1929989809753772 0.17873182089718279 0.286845577683266 0.9844066997848443 
0.7232369732087881 0.2759591199365801 2.0756879867492035 0.13426597732057044 
0.1586180173324174 0.1718024322054515 0.25226755865251377 0.9972927436906261 
0.7229172736926571 0.26507060225204315 2.023601167264242 0.5667456680452254 
6.625502148334055E-6 1.0393029775772787E-5 2.0841616645979558E-5 1.4756287296567598 
0.22959024985931165 0.2596980288383649 0.3961156896576164 0.9592750688140865 
0.5921230753518425 0.33178200755814474 1.2080894379721783 0.7122734269916003 
0.7273170502483892 0.24587834152984742 2.207101721288017 0.6614774791471214 
0.41699935416584466 0.6683774787885897 1.2899111589806984 0.16477344643542483 
0.3000895054945383 0.3429645511802217 0.51868208299565 0.8477496408854861 
0.2022830959907098 0.22195889579843142 0.3295884990603568 0.9706466229103445 
0.511168801294042 0.47052036999147323 0.7628785252944021 0.25769160523999324 
0.2893779923930662 0.2882665986445826 0.44674476780993505 0.8737093800751048 
0.2843270095961803 0.7064301118549667 2.1582837485009887 0.36721192731105934 
0.3500216900622859 0.6875711622233333 1.87533740401856 0.02509953573826218 
0.3108019136613734 0.69722688452395 1.7979256948293478 0.11717797693398926 
0.66269001124321 0.337118364813301 1.6428401251876392 0.47301803706347695 
0.6117218391514149 0.30307839227024846 1.4200252692931294 0.7743468374529707 
0.49347468501181924 0.4178401944605601 0.7622496788854582 0.522994386246331 
0.4638098182566394 0.48138768595521203 0.6930020064250395 0.35264076749542805 
0.3188351859733575 0.5838721825793692 1.3061109033254268 0.79633126587543 
0.7191458189929237 0.347839084365214 1.6079632788580231 0.20697616962987384 
0.24563108916398227 0.22584787163348655 0.36770768341005494 0.9442068050331887 
0.43911187848146926 0.5436788595863334 0.8746127925662582 0.3235736585349487 
0.32723504739403525 0.580690820987624 1.358027173890083 0.8237707421726556 
0.33085691690732755 0.7054603675845659 2.1275236623848524 0.019747754213180455 
0.34465975203466714 0.729648289692124 1.6789688041749171 0.02800591164777442 
0.7784076082652591 0.3443030573326529 1.9817759964626345 1.8007348682980243E-6 
0.404429000836698 0.5886394279807269 1.1049556897200588 0.3905175404511771 
0.29979306960420093 0.7661461480332795 2.136477855658055 0.6518300375153355 
0.4027617575597434 0.5040311596771773 0.7929716133692131 0.5603862999144258 
0.4862980066147921 0.4370024752767154 0.7336851333872396 0.4602670035780142 
0.7171914674584178 0.2860697927295941 1.977518641998247 0.1286648368985696 
0.7028915141799447 0.3809034358915624 1.5240617546042368 0.003806756133814371 
0.33375034704075157 0.30570328670695346 0.5102894908143024 0.8406414377258363 
0.5267666699505058 0.46662031259475634 0.8301951408539742 0.3103435906018619 
0.35228624015557813 0.7484082915819396 1.5964386424411725 0.0010833233051444973 
0.4314095417774264 0.44768725103730855 0.6445648509911178 0.49953559113790613 
0.2893779923930662 0.2882665986445826 0.44674476780993505 0.8737093800751048 
0.5111852345299315 0.45716986462842146 0.7607132951145946 0.3311840429645391 
0.3858606376934359 0.6467103870131897 1.3413683064096438 0.09323308055197661 
0.4578912602612603 0.42968220085346265 0.6709996285877146 0.5042591559201475 
0.44985045782081157 0.5214253977613713 0.8135624269426761 0.344944219257534 
0.7273170502483892 0.24587834152984742 2.207101721288017 0.6614774791471214 
0.2813717022800599 0.36400696808167543 0.5959083747261807 0.9278528726747486 
0.2581323095549961 0.698514406400048 2.3287636927832587 0.6961099889353521 
0.4515251296437634 0.574421318346225 0.9381154513542532 0.007731389294279584 
0.26284745345549343 0.2335623527862309 0.39236277631469224 0.9441959680186627 
0.49222779896234986 0.41274454032399743 0.7720416738904017 0.5505477551283673 
0.6388143243645321 0.38145144951281545 1.6476702130906347 0.40323835930155394 
0.3233096984891352 0.665984447108862 1.7559867252072447 0.49376847858376216 
0.5836389201020661 0.4114266692435991 0.9904130281246389 0.3951367062266538 
0.35383679740583635 0.7317197708258101 1.550959490359526 0.08510628573673398 
0.2813717022800599 0.36400696808167543 0.5959083747261807 0.9278528726747486 
0.4619399524774623 0.5716530822493009 0.5776625231193839 0.7276000342113282 
0.5676250210257666 0.7117160625982006 0.7229491045658675 0.170926122058907 
0.5537888284005176 0.35020025739839683 1.0337689615542796 0.6651642644766537 
0.2527302879691223 0.22266437721177718 0.381601047661513 0.9678846677449751 
0.35921431719563784 0.6785722536473664 1.4322016923473713 0.05435438551820639 
0.630937935355253 0.4940199087876196 0.8888642438812234 0.08914344176203484 
0.36225789838631484 0.6864235947630489 1.4003971889707163 0.2758545340294344 
0.6721343204734411 0.35784910278530124 1.5872816139841541 0.18840589394410062 
0.710444075821378 0.2910302998452414 1.9163569295408232 0.14116376470116407 
0.29979306960420093 0.7661461480332795 2.136477855658055 0.6518300375153355 
0.2946292872091943 0.6176354403881934 1.4064099196127602 0.8318323545182706 
0.24378666169906324 0.27152531346971354 0.4065303439824452 0.9316105134461631 
0.6263296318449599 0.41396036980500217 1.1291674559988354 0.2336220149163284 
0.3526047758675299 0.6756036312268082 1.7165708637807489 0.13825358888969377 
0.5985053764888242 0.39148026570389427 1.0837998621138625 0.4218082860071915 
0.36991575000183335 0.5406920542169485 1.04032963468167 0.6694663183253315 
0.33478018688714495 0.4841840743215575 0.9081162230976516 0.8393560357193374 
0.2581323095549961 0.698514406400048 2.3287636927832587 0.6961099889353521 
0.4862980066147921 0.4370024752767154 0.7336851333872396 0.4602670035780142 
0.6496199875021843 0.3839150208777622 1.3874163795311325 0.1527585698403405 
0.3220732213238773 0.6314117452923791 1.3034804575003178 0.7885313638769708 
0.37694698761404766 0.5399855379062676 0.9158822596750639 0.6265263794036526 
0.6480992480754724 0.35296474245721104 1.3688975190096262 0.37407906455611606 
0.6721343204734411 0.35784910278530124 1.5872816139841541 0.18840589394410062 
0.6873204262372358 0.291502545710225 1.7468450719992272 0.5357441175261337 
0.6318912089235976 0.39841003551205917 1.2305315318587224 0.01845132395306379 
0.3642827089553908 0.6771769153462236 1.3787557944508784 0.44449370616569933 
0.24378666169906324 0.27152531346971354 0.4065303439824452 0.9316105134461631 
0.6873204262372358 0.291502545710225 1.7468450719992272 0.5357441175261337 
0.6447305628816653 0.37521587545170226 1.7282283872803843 0.41984983320879016 
0.5426422459056203 0.3833603873969945 0.9526503740959084 0.5852632792349339 
0.3158672905457784 0.7817678975466545 1.8780529328687885 0.1000576986040972 
0.4609655034865373 0.5603675077757087 0.895372226799385 0.21717755152574178 
0.44597581901779065 0.5461010699171936 0.8979897027839662 0.30870253524889585 
0.6231995474973486 0.43402034733011957 1.1992909856648657 0.2197112011542529 
0.6189074517825627 0.4278792835321359 1.2439917553324786 0.017352740268285677 
0.5663265815560738 0.4324346880748414 0.9670752897515692 0.29999956619506035 
0.3462076090807622 0.6541026933984477 1.498222086325637 0.39634720847600385 
0.62597106874168 0.4143350444886475 1.1581300124495522 0.046163374073000175 
0.34662319227335553 0.5700462185088364 1.066117152849757 0.7028736914729719 
0.34075213267005566 0.592175544604408 1.1933667589813206 0.6269393227512425 
0.563338693812757 0.3432593398683075 1.1758196851074956 0.7390601079677519 
7.092980000520908E-6 9.878406884652538E-6 1.786291262402802E-5 1.3169530829717255 
0.35554070694270323 0.4969537362334781 0.9121115892216551 0.7654903187241805 
0.5426422459056203 0.3833603873969945 0.9526503740959084 0.5852632792349339 
0.5267666699505058 0.46662031259475634 0.8301951408539742 0.3103435906018619 
0.6189074517825627 0.4278792835321359 1.2439917553324786 0.017352740268285677 
0.43924567599960984 0.5902469461253333 1.0147834017022044 0.06974026052038702 
0.38117414600656263 0.6169837323477695 1.1778027301679217 0.5064989016226684 
0.38123869276386163 0.5370985825205119 0.9021991629433289 0.6123283372714626 
0.30777882553640845 0.6341208105263438 1.3760077750285753 0.8447798591332508 
0.38691717581327584 0.6393989970524283 1.2186675442083603 0.3735229092711196 
0.6673882710862254 0.35961925265066425 1.4772278180974632 0.11753849679160457 
0.39578646523077443 0.6467894682753519 1.4629637258064914 0.08617618940087475 
0.4454123506161822 0.6016926778774362 0.9877355560994062 0.04145507184901513 
0.3935409585476867 0.6029021305662836 1.1276682912337024 0.3509822837467908 
0.5619802186019979 0.7126759846047871 0.7162776943913304 0.26062860785471575 
0.6245265680323759 0.39639125619077237 1.4788988744317328 0.3688221727892787 
0.4634536593618312 0.4818256741866916 0.6942051882497621 0.3535639456866405 
0.710444075821378 0.2910302998452414 1.9163569295408232 0.14116376470116407 
0.303977639807718 0.676211722071203 1.7312711735594772 0.48825515770840616 
0.6639520518953216 0.3439584933627868 1.6456750785262575 0.42873488650206454 
0.43924567599960984 0.5902469461253333 1.0147834017022044 0.06974026052038702 
0.4484373509035633 0.6020449301243803 0.9641810472039497 0.17427440583342999 
0.3261533207112854 0.6639965268933363 1.7287304602440472 0.4872137252950158 
0.4293704433933423 0.5979673544527546 1.0546402357902875 0.2919231269273721 
0.7369621623240217 0.3518172280398952 1.5946168623066823 0.05400986149410787 
0.42247343776085994 0.6129779337327902 1.0728207445775526 0.04367764014886135 
0.5882500974052647 0.4321810532055063 1.0317210019604348 0.27325538267919514 
0.4506346260668234 0.5343173373722303 0.8239515782926988 0.32428651203780157 
0.5814010452794558 0.44866201142838213 1.1704622245120575 0.25890539434005355 
0.3430178805980761 0.504688630154223 0.9008960253965667 0.7586740817190745 
0.4466408859561669 0.43162239349708703 0.6453888046781356 0.4996323638036082 
0.23083239704095218 0.25972469827890526 0.38983315894582843 0.9517112994213319 
0.4619399524774623 0.5716530822493009 0.5776625231193839 0.7276000342113282 
0.3899589441734047 0.5168342894342433 0.9109903728407709 0.6085909515444005 
0.5166874581203639 0.386368603985043 0.899094701845126 0.6066182193890773 
0.3631190668477601 0.6268380293556374 1.4132809876362216 0.48462150364901874 
0.3462076090807622 0.6541026933984477 1.498222086325637 0.39634720847600385 
0.5631261072307677 0.7141291448401909 0.7139265455632335 0.26062860785471575 
0.36567649249908524 0.44417021597200707 0.7201125237463669 0.7141614030080347 
0.40437264736654616 0.6053322146929005 1.1645186078976018 0.31046534525974384 
0.3213500172294701 0.7366426935120785 1.678768805752975 0.4797043498513067 
0.356901969224561 0.6428108038764523 1.408506139907334 0.39233649660748776 
0.3743622656031733 0.6248163151515543 1.2297854236363495 0.34120782485806866 
0.39578646523077443 0.6467894682753519 1.4629637258064914 0.08617618940087475 
0.42218917620042096 0.5675551174416316 0.9453822934174702 0.3480863953825698 
0.5985053764888242 0.39148026570389427 1.0837998621138625 0.4218082860071915 
0.4293704433933423 0.5979673544527546 1.0546402357902875 0.2919231269273721 
0.3213500172294701 0.7366426935120785 1.678768805752975 0.4797043498513067 
