5.67357821670833E-6 0.03947242489012465 0.2211750400068243 0.5115628262392831 0.6128498819378266 0.4958924952191312 0.2445332153472839 0.43329777796935626 0.42914551866572337 0.5119673906331352 0.42673741994040343 0.5296582422561746 
0.9998740434686394 0.9834019937581476 0.012453425669264051 0.4873590684847865 0.9281032621644064 0.9864691475766586 0.5576078484579827 0.7514275473578994 0.2540528371220341 0.44705402560383956 0.004140898853672359 0.5874089144154436 
0.9998740434686394 0.9936517209924066 0.9877610701495452 0.9664567254157943 0.677465334131232 0.9830969897955298 0.27885642746460193 0.9721700237125208 0.4606263639600161 0.44705402560383956 0.016421329227731173 0.43584362182613084 
0.9998740434686394 0.025852432182834062 0.9987856275973106 0.4678251956891861 0.9751865874591628 0.6680671279323628 0.5859236025675764 0.4439032379824508 0.4290998320449985 0.5251384135844734 0.4257163698295128 0.5656042565777417 
0.02897849137021552 0.9696298923806201 0.012453351498025648 0.9719113615314945 0.9768491652071234 0.9617272326017462 0.6412632487914182 0.6794119517402826 0.4274213724010242 0.4454848148858105 6.222045450920391E-5 0.5868853399412758 
0.024808595402202316 0.9728306219111481 0.9877610701495452 0.9664567254157943 0.7240350217616282 0.9792803820076152 0.27885642746460193 0.9721700237125208 0.4606263639600161 0.4482943607895719 0.46478331306324056 0.43506698224299706 
0.06057705482558111 0.9832199481448477 0.017100212417832383 0.6123390104709507 0.8964623341099419 0.4464311953659627 0.49769601988999446 0.6554137482935707 0.6724926412187051 0.4090093312733402 0.036639807981233674 0.39470159020177054 
0.37274423278385 0.9732577493811442 0.9766656203711637 0.46477366990758384 0.5116027329366127 0.4521077929080301 0.47445387213212425 0.4335876987506904 0.4514750394160881 0.44596429842407015 0.4302289467318743 0.4998673457402344 
0.9955770674642789 0.9918868815910085 0.2804045048935294 0.4677544436896359 0.5173587039734422 0.37243859704864907 0.4804757583556275 0.4430840806229948 0.4521189958109106 0.5169129147375793 0.4338931659276332 0.5206996387391549 
0.8373093333636741 0.96984831362393 0.2804045048935294 0.46705692479251965 0.5116027329366127 0.46327541944900186 0.47445387213212425 0.4430840806229948 0.4514750394160881 0.44596429842407015 0.4338591972628522 0.573673272107733 
0.191261497914824 0.9733539797698433 0.9854143955378194 0.4835936832350425 0.5291497798549009 0.31921762358077144 0.6767967950934852 0.8800894681880967 0.6847677152591104 0.4918891754506062 0.42335202371468494 0.6101785334362215 
0.7846389907450646 0.9716934031320552 0.06084138673322782 0.5658081100211351 0.5197333173336738 0.4245661395499291 0.49864274498690997 0.5627303006481905 0.43661029848252036 0.6035477460933919 0.5247206368905498 0.5659525172230295 
0.9998740434686394 0.988084184482243 0.9992101303870007 0.485228468939041 0.9759449324567213 0.6681454077023079 0.5859236025675764 0.9435827374384781 0.4280113769199775 0.1586602953518698 0.30997958282367044 0.41023582685909016 
3.6374255687873086E-4 0.9837623667595167 0.96829231303504 0.9803564248410807 0.9264171105889205 0.4938741440824333 0.5816216089152209 0.6511045212420781 0.41911823819643157 0.5497506113803481 0.001212085559324616 0.5063025048791476 
0.7177138808652506 0.9967428856646691 0.15403378285529185 0.48351676464727433 0.6322295530596495 0.3981317934524539 0.5347771249850266 0.5663716916178642 0.4432162726925034 0.454475047083114 0.5582590528321945 0.5056161548833119 
0.9998745575825408 0.9936517209924066 0.9876656435865506 0.43307081954459137 0.677465334131232 0.9830969897955298 0.07559786999351292 0.9721700237125208 0.4606263639600161 0.44704715456517224 0.016421329227731173 0.6089665389193382 
0.8373093333636741 2.215166175045802E-6 0.2804045048935294 0.4677544436896359 0.5105305521149771 0.37243859704864907 0.47445387213212425 0.4430840806229948 0.4521189958109106 0.5169129147375793 0.4339837746726713 0.5206996387391549 
0.9998745285871433 0.9567138714247108 0.9354855887446719 0.510775978803772 0.5689184384469974 0.4605201347093118 0.49338463945439975 0.4424180510460439 0.42853710368819986 0.4453721275407293 0.8845331839354149 0.5693484808531687 
0.19836760909246184 0.9852804229691038 0.026111019230959598 0.9774305453316656 0.9772789628141603 0.9305794578514618 0.05322618137842496 0.6727009287199378 0.42740554758518945 0.09619862755757014 0.01302611174023761 0.7170456940590018 
0.03961969183563402 0.11800419269317786 0.07510536892028635 0.487190829766683 0.519219748257393 0.3944117185736503 0.5648397030704606 0.6027063416175923 0.459250927802541 0.5166358707942652 0.4177564652580329 0.5854972402301128 
0.07342389864911511 0.9908074907683863 0.9799176449488699 0.9091799286497605 0.9883936394627583 0.9953588746472893 0.2571752526562753 0.9761748473539227 0.48954559631956457 0.07328050332898728 0.012963119367749965 0.6109944243530571 
0.4052359936931256 0.9527085141863033 0.26675518816531507 0.9099930639342213 0.5380719440719544 0.7795020283679948 0.5813787311856633 0.6975353630376787 0.48719910715022 0.39114711644803585 0.4337936186901316 0.5168800790436554 
0.2684592140028231 0.9920766153080106 0.1801786272227815 0.5298669703290063 0.6163268505799671 0.5211181701810442 0.5222482145539835 0.3797113423208341 0.4190020498906729 0.4034792121548522 0.41483198465688653 0.5600788282394171 
0.9998740434686394 0.9959150730278743 0.9997471980414716 0.4873590684847865 0.04016934651867288 0.9753637056126596 0.5576074044243893 0.7486940334043718 0.4339926585667977 0.44705402560383956 0.004140898853672359 0.5865076558761781 
0.42641480326364994 0.07537727223615887 0.13037939944228755 0.4945919686490551 0.5068027826318409 0.5508636224525445 0.49860559832773127 0.627641889358968 0.38897635160856886 0.5153325156025427 0.43311238807396124 0.49972025614898624 
0.2776051687675999 0.9728902433432016 0.9877610701495452 0.9664567254157943 0.7260003669303873 0.5877310784712368 0.393044718258302 0.9721700237125208 0.4606263639600161 0.6049120180144666 0.6038561195059875 0.42988727468475524 
8.450962071530482E-4 0.9830615154390494 0.009312777026850447 0.9260941274243273 0.8973367555087528 0.9929610230729659 0.4883501300495108 0.8260487606996885 0.7138580017782996 0.48542868990569676 0.5008704253276863 0.590106334396574 
0.2659066365883371 0.9894608802510523 0.9847401691505588 0.9484954232409234 0.5024291887686064 0.4329292414565835 0.4984103701964628 0.6146721455252719 0.5927110124545585 0.4026971998054274 0.5425493195938311 0.5631675028486578 
0.0424574849891331 0.9721316567160772 0.2698189040880107 0.546246396987318 0.5057557324364158 0.5113429555226758 0.49838380564503815 0.5751382954085937 0.4626299873675859 0.42448730962248693 0.0057979005899680275 0.50667470811029 
0.18362629322562185 0.9921295191522785 0.051753727584734455 0.9758791463498581 0.5597021205355288 0.42571295202382214 0.1809507732735327 0.48292679287425166 0.4658984986987149 0.5965311782312872 0.3530422313542356 0.6384513269862894 
0.050204365491082856 0.9832911740091701 0.009274679095078231 0.9792067663732771 0.9267036337139526 0.9863432073800904 0.08269996909916338 0.9801995907317574 0.4854280350473473 0.45425316733458143 0.4637817572871368 0.5062872077420288 
0.3305986172616718 0.9712259914949867 0.05903821791448299 0.47937094283151077 0.5185077880153134 0.4236536512777116 0.3704380755211557 0.5458176139103623 0.6734315326602178 0.4804504441532236 0.4318408697174548 0.5625190499363605 
0.9998745291288643 0.9983008530144234 0.008441733312871035 0.9805782143342563 0.9264656563888662 0.42451729289017537 0.6727778000697568 0.6605558438615419 0.7029139630081876 0.45418139141718444 0.45713344631221753 0.6101546144102806 
0.9998740434686394 0.988084184482243 0.9987856275973106 0.485228468939041 0.9759449324567213 0.6681454077023079 0.5859236025675764 0.8295740491262669 0.4280113769199775 0.16203221265608808 0.4258953009888613 0.4270182243522074 
0.9998745291288643 0.9982986824118137 0.9772857178326708 0.44901900879483253 0.0440311189026352 0.42667747867535294 0.5614510567237363 0.6601786940471623 0.4292596979414073 0.45796582916648415 0.45713344631221753 0.6101546144102806 
0.05808486100080429 0.9918057400171523 0.9865959417812771 0.9774305453316656 0.9772789628141603 0.9982244850916941 0.2594489666644735 0.9798282632614503 0.705981948581096 0.09619862755757014 0.012963119367749965 0.6109944243530571 
0.028474218764476533 0.9771053615032886 0.9969535303004354 0.9968786741999685 0.9278310235889781 0.9898129160290581 0.06652982277595001 0.8181495078272116 0.4252122846757792 0.43765496890600336 0.01592862220888519 0.5062812662352388 
0.3252117313439206 0.9918786976932354 0.05714409914283053 0.9764589637371229 0.5521365934104334 0.42394385830198306 0.4725290552289435 0.48292679287425166 0.5916927520147254 0.4804504441532236 0.4356136736516593 0.5625336628345348 
0.025939620695323663 0.9719787491273892 0.9691057546340885 0.9096397788635777 0.9291406005535904 0.989867372303877 0.6901092615369748 0.9842796879865765 0.5431803760201634 0.10344328457441884 0.01592862220888519 0.5025704748851687 
0.5981417164840355 0.9915785793241985 0.07415466680424275 0.9953934421846253 0.9047849005641715 0.6699904221054753 0.4941027022692095 0.6729361626343691 0.43799041849760967 0.6360014468238797 0.4336356870523864 0.5286890676813216 
0.12645211903633718 0.9916862009946539 0.1303762629833509 0.7856639785621116 0.9302497806660588 0.9605665180503599 0.6180374824356707 0.5722078416234411 0.6729688979683939 0.45442925894742325 0.5673253734879905 0.4345229457474734 
0.9998740434686394 0.9975024492297254 0.9989769607758282 0.5211528728913927 0.5017963225182336 0.9961676860059899 0.6179069196617025 0.837259221834457 0.41082502782420954 0.4330985631625619 0.4257628156615474 0.5842707867667821 
0.009441863630071975 0.9917885444781687 0.9701842226056486 0.9769010148677333 0.8949092539163324 0.9929610230729659 0.4982027298007581 0.9805855954805579 0.42711922522249274 0.4801675025749827 0.5075895764816918 0.590106334396574 
0.6252830738532691 0.9355272708285007 0.9360766915325496 0.6293297043764801 0.5067539716061744 0.429244703727606 0.6253056885577444 0.5599963146978338 0.5902892378649109 0.5457634324602333 0.5435018605395036 0.5625896721364658 
0.05681630287089296 0.9918057400171523 0.9865959417812771 0.5364809563279591 0.9702271800017019 0.32915291690379755 0.24141425200712804 0.8917003022809606 0.6794356813310021 0.4918891754506062 0.012963119367749965 0.6109944243530571 
0.05808486100080429 0.994391673468894 0.9865959417812771 0.5238822323854604 0.9637373714799979 0.9982244850916941 0.4317831261847196 0.9982955786818267 0.5985344899614072 0.4682926793245595 0.012963119367749965 0.6109944243530571 
0.5708274799331486 0.9991318521181396 0.9866472739387786 0.5458780613157085 0.5061174378676835 0.41914679258405796 0.47704636390646304 0.6219826824462061 0.46311610637727335 0.42462937684447855 0.418156049315799 0.5821978593307113 
0.17797495596838483 0.9958015900768337 0.953917105320327 0.5825695484121804 0.5188554509125457 0.29084809405687473 0.5752175565995228 0.40581043239076725 0.46847142662428376 0.4906117393867627 0.020355396564400247 0.5075484874655064 
0.9998745575825408 0.9937509075417477 0.9881926341993653 0.5605063049322806 0.6826354011934406 0.27683412675434876 0.04599259743639106 0.9793402898314354 0.4606263639600161 0.446057660576449 0.010349952943227853 0.5310688995184638 
0.05302007767310937 0.9916308489321664 0.13056778336260316 0.49866934285249104 0.8949092539163324 0.9892451398799458 0.08894896077022368 0.977420826182505 0.6810784621098679 0.4807977500636328 0.45832451088172665 0.5625124807627724 
0.0633377274110625 0.99710184888936 0.9866333511611803 0.9686887102858796 0.609954269104772 0.9760622265487584 0.5208979515080914 0.9726619477001299 0.37997347936123466 0.45473848645294934 0.4215673394253766 0.5600788282394171 
0.005284111269844793 0.9998872149575212 0.012610851045245904 0.4810015366066227 0.8722281817750288 0.34335059010788327 0.6394878041725662 0.6794119517402826 0.4273725176292214 0.454387757211684 4.964138833885579E-4 0.5062872077420288 
0.14370630176777344 0.9848996423613824 0.9519404879563816 0.5900685759257938 0.5589606982483437 0.47947449657869645 0.4982332904089607 0.5644663367898015 0.6033448983613889 0.5070391835369787 0.5960691183489648 0.5631741956224997 
0.014990181197029401 0.9583309331737748 0.9874237212058521 0.969114952181639 0.6594342174534004 0.4342937640911759 0.49769696930612717 0.6016016817779803 0.4468245715653645 0.6992365822895227 0.10451457103883502 0.5857098271233048 
0.05469527680955227 0.9943462940139111 0.9776838165143519 0.506470435904444 0.4407939082867712 0.5229044834680076 0.48884553030683 0.38144407168749406 0.8336075015147769 0.46426695084405567 0.01300782892435215 0.5213414428469256 
0.05808486100080429 0.9944034540975792 0.9861147631590126 0.9774305453316656 0.450621709641894 0.3086765936568173 0.6990189565033926 0.8845096255796988 0.7111668378906889 0.4682926793245595 0.011483033935586584 0.6109944243530571 
0.18362629322562185 0.9921232199068118 0.051753727584734455 0.9764589637371229 0.5605635823808103 0.42571295202382214 0.17863119703278055 0.48292679287425166 0.5934134664745907 0.5965311782312872 0.43363467745045475 0.6384513269862894 
0.3107789750015485 0.9854346882483865 0.15603297687675577 0.5926173129095383 0.5761392657995253 0.30628941799860326 0.47699900404841855 0.8089883993309375 0.42720610750802224 0.45650893620590155 0.4983857258189152 0.5866510783697195 
0.21074719407303433 0.9793940475565283 0.15603297687675577 0.5926173129095383 0.5761392657995253 0.30628941799860326 0.47811533937645845 0.8093312254394629 0.41891851626033955 0.45650893620590155 0.4990703361219324 0.5870475540455279 
0.9998740434686394 0.9959150730278743 0.9997471980414716 0.4908909821156239 0.5612941166349361 0.43288073124819226 0.5593206274441453 0.4820734519996678 0.588017393444624 0.44705402560383956 0.004140898853672359 0.5893176767332974 
0.05808486100080429 0.9918057400171523 0.9865959417812771 0.988082073389897 0.97182812164871 0.9982244850916941 0.26322650333731734 0.9798282632614503 0.702308006037493 0.0017504799400851756 4.7462938407685784E-4 0.6109944243530571 
0.7177138808652506 0.9967071520871867 0.08376294830644151 0.48351676464727433 0.6322295530596495 0.3981317934524539 0.49664228928614923 0.5663716916178642 0.4432162726925034 0.454475047083114 0.5582590528321945 0.5789791470106218 
0.05808486100080429 0.9928052387252625 0.955894422932988 0.9880697746555249 0.9815513094564164 0.9951783536105956 0.17680979337900493 0.9798282632614503 0.4898209110164435 0.39434047846934567 0.003961593334742608 0.6109944243530571 
0.18303015833269803 0.9169436939240262 0.2698189040880107 0.7497292199449621 0.5057557324364158 0.5300485434274457 0.4751387742033111 0.7027666761652607 0.47955166958522283 0.6059740222900549 0.435674307607853 0.6079412417572334 
0.9998740434686394 0.025985045597726693 0.26641262191891935 0.4472537945334927 0.9751865874591628 0.6680671279323628 0.5859236025675764 0.6485416728206521 0.4290998320449985 0.32670599886887386 0.4235111614329898 0.5656042565777417 
0.05967624718017001 0.03947242489012465 0.9973831376901665 0.48102268735705667 0.6128498819378266 0.49315915169742325 0.2445332153472839 0.9858182930546424 0.42914551866572337 0.5119673906331352 0.429847786415357 0.6103712348845708 
0.32955551915012327 0.9721414980474625 0.9350935501021957 0.47937094283151077 0.5185077880153134 0.9585145375734121 0.3713649599192538 0.6039684549894622 0.6874262801628904 0.48560721835132226 0.12351014900703267 0.5625190499363605 
0.03865488095025722 0.9974408152979328 0.9874237212058521 0.969114952181639 0.9828379585528941 0.9880137594911527 0.49769696930612717 0.6107401760770019 0.4468245715653645 0.03280568872892464 0.10485005808631442 0.6105525643941487 
0.1989665821944916 0.9758908117850414 0.07425055786855755 0.9238557039325125 0.5048128345346441 0.9314189656233238 0.09344746091574344 0.5985607635236466 0.4102388276713235 0.34537092361038196 0.060086483665824475 0.7266063329934043 
0.02412983816082087 0.9992854135803401 0.012610851045245904 0.9791790634842558 0.10014129909120234 0.993703593282294 0.6398349736365483 0.6792442540550888 0.4230455411209634 0.454387757211684 0.11218662103338581 0.5635202126300414 
0.23714029296549083 0.9810868426413882 0.0012060995268108887 0.7281382362025147 0.043398869545063945 0.29425471954351423 0.6165923194265616 0.4556275082752941 0.3773348089240405 0.4542264296801575 0.5300318743556458 0.5506686166981126 
0.05808486100080429 0.9944034540975792 0.9865959417812771 0.9774305453316656 0.450621709641894 0.9982244850916941 0.4317831261847196 0.9982955786818267 0.705981948581096 0.4682926793245595 0.012963119367749965 0.6109944243530571 
0.06322108568748155 0.9915785793241985 0.05017460112195121 0.6315495248800294 0.8387953951163987 0.9897120102275521 0.12217686385211524 0.6964689274926397 0.7027589140753955 0.44264752601676266 0.4329627876180975 0.38902943966859016 
0.6355983550216784 0.9709863613388129 0.2694920901952011 0.5595776353578497 0.5104027648478279 0.3932072216837977 0.4742256201002734 0.562509247809806 0.46194581436805854 0.5139437575491146 0.574109840681862 0.530152221168531 
0.9998651856210189 0.9881397922890942 0.9996748404010856 0.5006917101946893 0.04511010522902631 0.6681454077023079 0.5848072672395365 0.6490927064258636 0.42717668545617754 0.16205347029157993 0.4152550183172343 0.555569678091249 
0.37274423278385 0.9732577493811442 0.2804045048935294 0.46477366990758384 0.5116027329366127 0.46081809919618 0.47445387213212425 0.4335876987506904 0.4514750394160881 0.44596429842407015 0.43395725820304915 0.573673272107733 
0.2617148623851956 0.9985019847870235 0.9960040548629615 0.9434856036127566 0.9736574189316903 0.4235199301312492 0.5071747326244631 0.9897393411991285 0.7057272063029376 0.7055236154479714 0.4962741087707177 0.49572887669921256 
0.05780504807493275 0.9707044601564343 0.1303510828909003 0.5654777633656471 0.5200999370109216 0.42047645699429553 0.49805228216919184 0.9479044714494381 0.5913793902882275 0.5189631686962621 0.4220383406971035 0.5625190499363605 
0.24216366053452681 0.9810868426413882 0.0012060995268108887 0.729169513057143 0.043398869545063945 0.29425471954351423 0.24223484925304287 0.45557844746289766 0.3773348089240405 0.4543070716028486 0.5301844415078424 0.5506686166981126 
0.02926514345733293 0.9827993457438411 0.008189520250005577 0.8202683063283043 0.8964623341099419 0.9903783606730705 0.5960304661890632 0.6605836320094828 0.6724926412187051 0.4520728502025826 0.4545892890230809 0.6488326651825422 
0.052475630135490836 0.9912146273878065 0.14602342496888515 0.5654777633656471 0.9136217951132363 0.4203374058544712 0.4645762245377529 0.5627303006481905 0.5913793902882275 0.5189631686962621 0.5435018605395036 0.4381237662824122 
0.05681630287089296 0.9918057400171523 0.9865959417812771 0.5365293050946641 0.6088368524563692 0.32915291690379755 0.24141425200712804 0.8917003022809606 0.6794356813310021 0.494236863417712 0.02281992659403148 0.6109944243530571 
0.06436800177968743 0.9918057400171523 0.9865959417812771 0.9774305453316656 0.9772789628141603 0.9991441077493219 0.07019824174314272 0.9801097093549103 0.7439440843881482 0.09619862755757014 0.012963119367749965 0.49628280178861295 
0.1989665821944916 0.9974601269019032 0.031678459063494965 0.9221694509016775 0.9368957855743738 0.9361703659649404 0.5102544157118387 0.6953926581139761 0.4102178903101874 0.4173151486170164 0.054120078875131566 0.7239992664182036 
0.6306885905695017 0.9915785793241985 0.05243414731402679 0.6314159011587921 0.8387953951163987 0.9897120102275521 0.1056050172844617 0.6964689274926397 0.7027589140753955 0.44264752601676266 0.4418645813957083 0.38902943966859016 
0.23636836725419239 0.9986519241149526 0.9960040548629615 0.5255225320135601 0.9736574189316903 0.4242246260345118 0.5031268530049153 0.5525224957423082 0.6000049912095449 0.484807330546232 0.49371675806648024 0.8639745784755325 
0.028474218764476533 0.9877102603591114 0.9969535303004354 0.9968786741999685 0.9258874123317317 0.334184306667621 0.06652982277595001 0.832979788809472 0.4252122846757792 0.43765496890600336 0.11059801600278937 0.5062812662352388 
0.009441863630071975 0.9830615154390494 0.005848909300145342 0.9192069725201155 0.8949092539163324 0.9929610230729659 0.4982027298007581 0.8175145807572749 0.42711922522249274 0.4801675025749827 0.5008704253276863 0.590106334396574 
0.3350940645261877 0.9879545617313806 0.13820415715708534 0.5115354084763157 0.6328619274687175 0.9593269373284296 0.6119871247977188 0.6822729268088786 0.4280113769199775 0.1922334457253398 0.7122799411260056 0.3846954460771665 
0.046139023022750435 0.9915785793241985 0.05017460112195121 0.6315495248800294 0.9007556753616697 0.9890637277743385 0.12217686385211524 0.9029465235943076 0.43799041849760967 0.4407805051864386 0.4670553149350638 0.38902943966859016 
0.7000307903002376 0.9991318521181396 0.9866472739387786 0.5458780613157085 0.5161091825174058 0.41914679258405796 0.477106951061181 0.6216684803505201 0.4183461773939636 0.5168214520760175 0.418156049315799 0.4605210717696828 
0.009441863630071975 0.9827366491005405 0.004247404455033632 0.9192069725201155 0.8908949760911848 0.4250447607887894 0.41442757988018153 0.4522016238762228 0.42711922522249274 0.4801675025749827 0.5291841449586837 0.590106334396574 
0.18303015833269803 0.9853717976410324 0.2698189040880107 0.7495712204734724 0.5057557324364158 0.5147530736781739 0.4751387742033111 0.7027666761652607 0.4798608591336481 0.6070703572551475 0.435674307607853 0.5836321424969011 
0.05681630287089296 0.9728966964934301 0.2832544557340297 0.45671322073901816 0.4969790052284422 0.4586739738169107 0.26075067125352197 0.4426695307624987 0.45266963838085983 0.4493127035130613 0.4379158436720793 0.57355188290476 
0.015135334592266125 0.9718971058660631 0.0025008181831801535 0.5199145611875694 0.6378996786366565 0.4271055786965881 0.5517619533175927 0.6461896589793282 0.4587413094060544 0.4537058327509316 0.024014496798497792 0.5855712428257728 
0.9998745285871433 0.8670320647830442 0.769510760874753 0.5660741207762178 0.5325644159656714 0.4389897606752469 0.5892039503127198 0.43968259198763715 0.39502988162895464 0.5929752582361835 0.2574854274721759 0.5036112146486034 
0.10417794176661499 0.9989047062313586 0.22094556445594038 0.5323751004200257 0.5606849099178444 0.4251385311532353 0.5584762104740468 0.36848038223517876 0.42933900384932305 0.416778790942923 0.41239442996616915 0.5646106022191139 
0.4191091827484087 0.04026309661490249 0.9048125029327669 0.4945919686490551 0.5068027826318409 0.5564546749024389 0.4819961943165638 0.6269347452237677 0.6445161723301139 0.5454446313645951 0.43311238807396124 0.5004035942381087 
0.05808486100080429 0.9918057400171523 0.9865959417812771 0.9880697746555249 0.97182812164871 0.9982244850916941 0.26322650333731734 0.9798282632614503 0.702308006037493 0.39434047846934567 4.7462938407685784E-4 0.6109944243530571 
0.9998740434686394 0.9975024492297254 0.9989769607758282 0.5211528728913927 0.5017963225182336 0.9961676860059899 0.6179069196617025 0.837259221834457 0.41082502782420954 0.4330985631625619 0.4257628156615474 0.5842707867667821 
0.040295579530300316 0.9915785793241985 0.008316442012021655 0.6315495248800294 0.8909217831970455 0.42461397782359006 0.5000331889432441 0.6702146053681755 0.43405215332508795 0.4810208438484636 0.5336058162110858 0.5901574058520667 
0.4167538382672042 0.04026309661490249 0.936172160137587 0.49493615611122865 0.478149395665056 0.9445170094289517 0.6255669931901849 0.6285724023401151 0.3887950817792484 0.5454446313645951 0.43311238807396124 0.49972025614898624 
0.5709542319439875 0.9720153576687058 0.2698189040880107 0.6033988096513972 0.5057557324364158 0.5087040042935502 0.5011970596592438 0.5756431041024332 0.59505019035145 0.4249835939987941 0.5478681329282613 0.5867985331268103 
0.040295579530300316 0.9915785793241985 0.008316442012021655 0.6315495248800294 0.8910116283512721 0.42461397782359006 0.5000331889432441 0.8311862962709856 0.43405215332508795 0.4810208438484636 0.5358525751911347 0.5901574058520667 
0.23636836725419239 0.9986637047321746 0.9960040548629615 0.9787882151659588 0.46033186411070387 0.4242246260345118 0.5031268530049153 0.5525224957423082 0.7074524498292335 0.5846389510907939 0.49371675806648024 0.8641967815309853 
0.7649845233526698 0.9712694794907228 0.1317598842821761 0.5324184031850225 0.5194797699068038 0.4236536512777116 0.49864274498690997 0.5370456019699583 0.5913793902882275 0.5074383877455658 0.5434270273620876 0.5625190499363605 
0.8423371344743918 0.007743481740877467 0.9998435044475609 0.5203531961267174 0.9670807068302594 0.5440832713907569 0.5796032650524537 0.8279363920099194 0.41100629765353003 0.16203221265608808 0.39558057273303204 0.4300718198850402 
0.2843562313642938 0.9856874366844068 0.9883525749091033 0.5525250308002507 0.9711820752847151 0.9701133721362414 0.4767902594364387 0.5671644262826777 0.5062944980865594 0.5003032531587962 0.012151125707646204 0.5009642110454274 
0.2684592140028231 0.9920766153080106 0.1801786272227815 0.5298186215623012 0.9775696932287956 0.5211181701810442 0.5222482145539835 0.3797113423208341 0.4190020498906729 0.40113152418774634 0.4054362501738978 0.5600788282394171 
0.028474218764476533 0.9877102603591114 0.9969535303004354 0.9968786741999685 0.9257975671775052 0.32891921432682536 0.06652982277595001 0.6720080979066619 0.4252122846757792 0.4699865563922438 0.10835127032224856 0.5062812662352388 
0.07279157106735862 0.9699832817990433 0.16000107668616412 0.5597112590790869 0.5467121538250431 0.3875786222373595 0.4743245468306996 0.562509247809806 0.46438626623837137 0.5139437575491146 0.4331530393189815 0.6433071402655727 
0.6980768967558795 0.991475416342736 0.22085030163001873 0.5466532511714528 0.3940957233196995 0.4242279555207871 0.49799114857475135 0.5632246931365296 0.6029844802854751 0.48158516238711047 0.5966011939447082 0.5624887521427783 
0.05808486100080429 0.9855808746128336 0.9698584100048133 0.9970799460484712 0.9939329161120977 0.9900435351439717 0.37526152746240143 0.558097417645895 0.7024099151611846 0.09370642695372819 0.027101128383104522 0.562781989630158 
0.16766200590125713 0.9917147629664761 0.9865959417812771 0.9899352212614343 0.9835299102812161 0.4586739738169107 0.26075067125352197 0.4471370531993993 0.6808616125114759 0.4918891754506062 0.4375833136701437 0.6114055035092195 
0.058089276186772607 0.9918057400171523 0.986883016506817 0.9774305453316656 0.9772789628141603 0.9982244850916941 0.2594489666644735 0.9798282632614503 0.7059578748403162 0.0879890115689049 0.012963119367749965 0.6109944243530571 
0.051764280209494584 0.9695578107234631 0.051130998693626584 0.9719113615314945 0.10014129909120234 0.9936878414010644 0.6364546093579437 0.679225367512712 0.7076808117224518 0.45442586121844625 0.4314186011955514 0.5868853399412758 
0.05506078533049252 0.8730145261536811 0.03285989772362878 0.5655825397619881 0.51442999793167 0.30422648682300196 0.17470786226531276 0.2889337537066983 0.5032926857606421 0.5932350244718196 0.44371091300242166 0.5036185187024983 
0.33433037961218937 0.9921232199068118 0.16509455850854637 0.9740115564852916 0.5605635823808103 0.42394385830198306 0.05210091369193366 0.48292679287425166 0.5916927520147254 0.4804504441532236 0.43362741162271484 0.454743148216338 
0.18081029389976097 0.999219448491229 0.017821165117007574 0.989468130437692 0.9410487420799771 0.9732195040829824 0.13351479436297164 0.96981118877179 0.44574674197566533 0.598534449090661 0.43155488962805155 0.6383034740375778 
0.18124588360611077 0.9958015900768337 0.9527969188017962 0.5825695484121804 0.5188554509125457 0.29084809405687473 0.5752175565995228 0.3669326278695633 0.46847142662428376 0.16295998680389737 0.020355396564400247 0.42775389442413353 
0.05788681130152262 0.9915608315608874 0.9498942918968432 0.9880369729624627 0.5221889483719507 0.9955607487593776 0.3761245522524754 0.9952340331669953 0.6804663837580185 0.408169200229875 0.5414447324153334 0.6116991164928433 
0.023833630424058068 0.9880664898529815 0.9771946772095227 0.561437064459261 0.5683452919997348 0.3214684627273774 0.49769696930612717 0.6222980224529435 0.45847000168472796 0.6064665193575722 0.1268059150241895 0.5857395007739299 
0.010758419194062861 0.991788406085859 0.9701842226056486 0.9496510959964501 0.8952983061708235 0.9929610230729659 0.4982027298007581 0.9805855954805579 0.42711922522249274 0.4801019932266051 0.009199365034165269 0.6117618350627305 
0.009441863630071975 0.9830615154390494 0.005848909300145342 0.9192069725201155 0.8949092539163324 0.9983942886394294 0.49496261277254855 0.8175145807572749 0.42711922522249274 0.4801675025749827 0.033444789585564905 0.590106334396574 
0.25301300581236486 0.021209341313396246 0.01706444260405779 0.5595356438653811 0.38144535461218304 0.4220237655033521 0.4417203949660699 0.5632246931365296 0.6029844802854751 0.4830745752900732 0.6028608494563311 0.5624887521427783 
0.35979016701549515 0.9676237381258544 0.966834391563415 0.7424916299011269 0.45546576899104096 0.9915886717179497 0.5877108529050894 0.6589945290649228 0.43148194128379547 0.44377190971268293 0.45655105588652395 0.6126665384022383 
0.05925006161238157 0.9989092642744052 0.8376299519165483 0.9899352212614343 0.9782081767596319 0.42507499139896704 0.26075067125352197 0.42152456433063445 0.6808616125114759 0.4494338742568875 0.01298021569013076 0.6114055035092195 
0.05808486100080429 0.9918057400171523 0.9865959417812771 0.9880697746555249 0.97182812164871 0.9984033868107502 0.376765097999159 0.9798282632614503 0.702308006037493 0.39434047846934567 4.7462938407685784E-4 0.6109944243530571 
0.9998740434686394 0.9959150730278743 0.9997471980414716 0.4873590684847865 0.04016934651867288 0.9753637056126596 0.557668842234492 0.818819616869051 0.4250419891828558 0.44708205678955304 0.004140898853672359 0.5362041127792295 
0.09701962088823746 0.9744714433279869 0.990937190930005 0.4835936832350425 0.9702271800017019 0.9978430826706824 0.4250085901801546 0.9999129160305349 0.4092535674459924 0.49182425213655884 0.42851866827105245 0.5632132678445846 
0.6914061078119016 4.105222165184941E-5 0.29184576491580083 0.5456404860389329 0.5107695735485533 0.42280636165023366 0.4936693757879197 0.6808811872478513 0.42236217188765174 0.5930212637478419 0.516783236827967 0.44922379941511537 
0.05808486100080429 0.9918057400171523 0.2884320666015843 0.9774305453316656 0.9772789628141603 0.9979099645971883 0.07019824174314272 0.9801097093549103 0.7372603534607496 0.09619862755757014 0.01723537634202657 0.49628280178861295 
0.5709542319439875 0.9718946480482591 0.2698189040880107 0.5589412112769062 0.5061234507899287 0.459857372197164 0.4934220659243303 0.44203621657943765 0.46311284704745753 0.4249835939987941 0.4356436737370845 0.5840167992741406 
0.7341602766144852 0.9712694794907228 0.1317598842821761 0.5324184031850225 0.9716724327927105 0.4236536512777116 0.4970625175150041 0.5466410097988404 0.5913793902882275 0.5074383877455658 0.5434270273620876 0.563334940853196 
3.48573870540686E-5 0.991626719542919 0.17646212068244188 0.5115628262392831 0.6128498819378266 0.4958924952191312 0.2445332153472839 0.4510553484591356 0.4271869078708535 0.5119673906331352 0.4374644335522512 0.5269732642030858 
0.6402493964157052 0.9699832817990433 0.1622606228761001 0.5595776353578497 0.5467121538250431 0.3875786222373595 0.4743245468306996 0.562509247809806 0.46438626623837137 0.5139437575491146 0.4420548330965923 0.6433071402655727 
0.5709542319439875 0.9561444582454259 0.0026960007784715585 0.5599179695319543 0.5194015285139217 0.674044761661786 0.4725036514851054 0.5152919618488558 0.5894607821439344 0.4362088624152492 0.43830642523684016 0.530152221168531 
0.07342389864911511 0.9918057400171523 0.986883016506817 0.999765026717675 0.9883936394627583 0.9982244850916941 0.2571752526562753 0.9798282632614503 0.7059578748403162 0.07271769424932092 0.012963119367749965 0.6109944243530571 
0.12466152303972594 0.9967071520871867 0.29174924132456825 0.9198275696978175 0.67964020044909 0.41858625121795423 0.44508456404719565 0.9755112485761372 0.44305780280748885 0.46402547408206046 0.43071440695394303 0.5256844015235695 
0.05808486100080429 0.9944034540975792 0.9987261298260188 0.4682371311426075 0.450621709641894 0.9982244850916941 0.4309042093773977 0.4430684119924139 0.4241079651264132 0.4682926793245595 0.4426846270773759 0.6089537491278385 
0.3809063173905546 0.9680443405268611 0.9778273173729197 0.6300267809590634 0.4789164719963768 0.4555673958277863 0.48937640660602066 0.6589945290649228 0.4314036224954102 0.44405579390583627 0.5445280494460157 0.38162234379971 
0.26678982042422833 0.9984148502357555 0.9952858524694184 0.938906817704961 0.5024291887686064 0.3408174828671572 0.16739156492570126 0.6033797362286282 0.4981223472319548 0.4026971998054274 0.5295020892990343 0.5631675028486578 
0.0609938195686867 0.946899574607431 0.936265169444776 0.5599043935938592 0.5172358364226954 0.3774649999277567 0.6584844065594453 0.6062642647697728 0.4592662618740176 0.17319890745895064 0.5573466704823196 0.42682485332319786 
0.16043724314400457 0.9733539797698433 0.9854143955378194 0.4835936832350425 0.9702271800017019 0.31921762358077144 0.6752165676215793 0.8896848767891858 0.6847677152591104 0.4918891754506062 0.42335202371468494 0.6109944243530571 
6.037242458041131E-4 0.9983796325405878 0.9683925495026413 0.9844384710228026 0.9925527572192759 0.5005366433514354 0.6049876093560553 0.5450403625606713 0.419030477088869 0.7075236328309719 0.4286093030513085 0.5065104836582278 
0.023833630424058068 0.9880664898529815 0.9701687140235866 0.561437064459261 0.900129977561648 0.2739196554318365 0.49770882976164 0.6222980224529435 0.42761340574013 0.47954812790088264 0.12535810443201512 0.5857395007739299 
3.6374255687873086E-4 0.9837623667595167 0.9688193036478633 0.9791018036491682 0.9264171105889205 0.4995205497583836 0.5816216089152209 0.6583936782596022 0.41911823819643157 0.42790492671255304 0.001212085559324616 0.5063025048791476 
0.9998745285871433 0.8673566000393841 0.781976650283041 0.5660741207762178 0.5325644159656714 0.43899771421029976 0.5892039503127198 0.8049955488664335 0.39502988162895464 0.5929752582361835 0.2574854274721759 0.5036112146486034 
0.12499687980364806 0.9967071520871867 0.9581730088356227 0.9198275696978175 0.6851473855110121 0.4210092231781252 0.44508456404719565 0.9755112485761372 0.44331224365680416 0.4635912269441622 0.44463310575081394 0.525482660827581 
0.19831547327600627 0.991815338806755 0.08290524975834837 0.5607008114829274 0.9629636366512273 0.518703167167964 0.04257206614369441 0.39011699746174017 0.640886354827916 0.5192387948631274 0.4168711826200326 0.5105037915508299 
0.024730226379455773 0.9719787491273892 0.9969630892234628 0.9977285293966095 0.9291406005535904 0.989867372303877 0.6657170279436321 0.9839565240352816 0.5431803760201634 0.0967287965722465 0.01592862220888519 0.5057003143213376 
0.02965025051457036 0.983173511735672 0.1592557405677377 0.5626578018177522 0.9772789628141603 0.5104420327494414 0.054140036657119084 0.8397395721775045 0.42720610750802224 0.45244885903491644 0.5437014047468963 0.5296746668220939 
0.19831547327600627 0.9855904734024363 0.08290524975834837 0.5607008114829274 0.972409709456498 0.5160346536261876 0.04257206614369441 0.39011699746174017 0.7145645336045031 0.09619862755757014 0.4168711826200326 0.5105784092401149 
0.060876691439802275 0.946899574607431 0.936172160137587 0.541775557378726 0.5172358364226954 0.3774649999277567 0.6584844065594453 0.6585814031166046 0.42792844995129886 0.17189574910511699 0.5573466704823196 0.42682485332319786 
0.7778897729597106 0.9712259914949867 0.1303510828909003 0.5654777633656471 0.5197333173336738 0.4236536512777116 0.49864274498690997 0.5627303006481905 0.5913793902882275 0.5189631686962621 0.5435018605395036 0.5625190499363605 
0.09701962088823746 0.9744714433279869 0.98606867230097 0.4835936832350425 0.9702271800017019 0.3213399993110767 0.6922444204988275 0.8896848767891858 0.4144384567555852 0.49182425213655884 0.4261584895856173 0.5632132678445846 
0.14370630176777344 0.9718593799570887 0.00917297268728201 0.5884774659684486 0.5222373286763646 0.47947449657869645 0.49828410635543663 0.5640401404456759 0.6033448983613889 0.6039394489132277 0.5251494818111752 0.565920079334138 
0.25301300581236486 0.9859479909169857 0.01706444260405779 0.5601016643911684 0.38361915204473473 0.35975470278531174 0.4417203949660699 0.5659215689621453 0.6029844802854751 0.5934285453707413 0.6028608494563311 0.562405328010161 
0.9998740434686394 0.9715936229817189 0.9970755954096973 0.485228468939041 0.9759449324567213 0.6681454077023079 0.5023816229179481 0.5749851419940584 0.4280113769199775 0.29445389853346565 0.4258953009888613 0.5887232240221623 
0.029695907127943677 0.9561444582454259 0.01241822721783224 0.6184145967057083 0.5185400666686404 0.3698686429735231 0.1115630757819906 0.5120364069273622 0.45418617829986946 0.4362088624152492 0.46715315887878395 0.5858013383517775 
0.05808486100080429 0.9921237523609141 0.0012102735945718687 0.49749752917029577 0.4788930593078043 0.3077570210164591 0.17470786226531276 0.965889337894107 0.3704617946286844 0.5928021642161155 0.42126937322019825 0.5064144268510473 
0.777072256768477 0.9712259914949867 0.1303510828909003 0.5654777633656471 0.6078186139185543 0.4236536512777116 0.49864274498690997 0.5627303006481905 0.5157222726563226 0.5189631686962621 0.43127740134832676 0.5625190499363605 
6.037242458041131E-4 0.9837623667595167 0.9688193036478633 0.9844384710228026 0.9925527572192759 0.4995205497583836 0.6049876093560553 0.5450403625606713 0.419030477088869 0.4282827270457418 0.4294408775202916 0.5065104836582278 
0.05808486100080429 0.9918057400171523 0.9698584100048133 0.9970799460484712 0.9631474514417205 0.9950571340691814 0.37526152746240143 0.558097417645895 0.7024929967978707 0.516746539521149 0.027101128383104522 0.5627073719408731 
0.9998745575825408 0.9937509075417477 0.9876656435865506 0.5620193834794984 0.6826354011934406 0.2711877210783984 0.04599259743639106 0.9721700237125208 0.4606263639600161 0.446057660576449 0.010349952943227853 0.5310688995184638 
