0.9999989784784481 0.5034027473221073 0.9324831649099743 0.7190494307028856 0.361732413500165 0.597516823215931 0.5215526767428307 0.43336892331006815 0.07668378179034013 0.4464485059904562 0.38133924343634895 0.5496114682453263 
9.286681497758242E-8 0.9591869652449909 0.9235952960326089 0.4908316073961297 0.4487799151836356 0.6579320146350327 0.4646230454211483 0.4019258203565719 0.3245885640699749 0.29960323417552315 0.5267954373183931 0.5353013602608407 
0.9999989784784481 0.4707439404319508 0.047289402702509475 0.5817965779157459 0.3470778877982533 0.597516823215931 0.41629511369374395 0.43336892331006815 0.07668378179034013 0.4480260263065949 0.3766820175836616 0.5496114682453263 
0.9999989784784481 0.5034027473221073 0.017241992970346287 0.7190494307028856 0.3588405678382196 0.34505887883694963 0.5011916986253202 0.43336892331006815 0.07668378179034013 0.47462865378280716 0.4058533189469345 0.7888975876695843 
0.21782885686256895 0.9995460544434291 0.99682006495797 0.38524048408426115 0.3689761982290305 0.06845466598407157 0.2065745791692137 0.016487878376114457 0.7786723653844185 0.15540826287394724 0.036679657663567594 0.5857283560143286 
0.0026032290977301836 0.9814499670229144 0.07588025557511313 0.5039611748551199 0.3591940879339997 0.5624026901142053 0.11764017177728261 0.0906470736970359 0.506932187445301 0.24315361133250513 0.019321038927679196 0.9831335223996918 
0.17853507005923117 0.9979399703317471 0.08473000658229193 0.44315822521393655 0.3280857829863252 0.972796477239317 0.0639129114489052 0.4766950118339047 0.15346567083361198 0.36347631063489627 0.01523714305458492 0.9150853811218953 
0.9260710333321649 0.9985414756512498 0.0624525928166112 0.5023989401019342 0.31679656529448325 0.5412745642757819 0.48094498487031256 0.4090321842188657 0.43515305132877036 0.48873495754069807 0.338884311157778 0.5427737184587973 
0.002503325602865189 0.12363091631739764 0.0760967435150176 0.508047218986015 0.3301723449860288 0.6114365147488725 0.259317017948785 0.1195890852323776 0.4205634958494611 0.24776290287911215 0.5963941157093922 0.5442580424396919 
0.9257573124397571 0.9840846250643526 0.941213178206342 0.5036162413072949 0.35881352127299965 0.43768497370627524 0.38852008820504064 0.4858712011035849 0.5793048662463245 0.4895943486204001 0.4278765621788995 0.5677138786209347 
0.748133513309301 0.9977058666581538 0.9418354113221511 0.33668158137349 0.36096304110223276 0.44488142237992284 0.5051392550742434 0.4558162998778604 0.622444901638158 0.5752506010881085 0.2911290221261813 0.5438591884040527 
0.22968020761278796 0.9687569419388681 0.995617904712413 0.5123675612341538 0.3916776309052306 0.9475389250578893 0.0668988581742127 0.08245755090029841 0.5770053539589381 0.15372439424350018 0.02417902781391998 0.2714425749939747 
1.779834991458176E-6 0.11698170302909344 0.06576205132982654 0.5277567146750457 0.7492760603406168 0.624208640415535 0.2583521793028322 0.11484705673055255 0.42074462100229365 0.5624938659549501 0.6248488583662709 0.9052623106089885 
0.748133513309301 0.989609262806806 0.0061327693889438595 0.5040687916694757 0.4771217606568818 0.3797299576270392 0.42841515783741196 0.5614904293092171 0.31931728401703285 0.3592908261067165 0.28896020672767514 0.5432029064510354 
0.25347111577041126 0.9895442485507974 0.8927438943335608 0.501757950053618 0.43779321954756567 0.9521254965892415 0.4078659239677223 0.5010942349960534 0.37211824480295497 0.0636819484119405 0.5545908427500169 0.5490836737105563 
0.7485166464209831 0.9732763081247533 0.022631552584766054 0.49558982638435917 0.4755599867024808 0.5012948003774397 0.4288900964983877 0.45974183014230396 0.45941147752244305 0.5708395682390135 0.42060087583441697 0.5396051580837526 
0.9999952674890435 0.5034027473221073 0.017241992970346287 0.7190494307028856 0.3588405678382196 0.34796808702575605 0.5011916986253202 0.433779061928901 0.0666053825835407 0.47451781543138843 0.4079185614983061 0.7888975876695843 
0.5733327783461624 0.6369200245455908 0.9828665735458685 0.3374373804456433 0.390158368412299 0.5238823713919558 0.4299495045094899 0.5481625905549169 0.42303735073452636 0.469094556492809 0.42204480791205057 0.5419009675025411 
0.09079203035647923 0.9999936125776997 0.04220729556953684 0.019111470599683364 0.25245137037852067 0.07770082341427242 0.0030716001813900773 0.09616459746308564 0.13783265110944365 0.1495901156101176 0.03188628389377812 0.9784273134774233 
0.5730897438226474 0.9900099646419036 0.951186065170738 0.338020286580623 0.390158368412299 0.5238823713919558 0.38848516026370294 0.5481625905549169 0.4855988397996194 0.5832529391584106 0.29207662669157525 0.5159618078467328 
0.024299607840286785 0.9997182867436251 0.08569647610927623 0.05751900482397851 0.3701090549294461 0.9434835927359 0.3508365083622656 0.4093192550980557 0.06380006329401147 0.3669130058404311 0.012263046438164199 0.663576952671884 
0.07784231633742406 0.9889108239101705 0.09412623240274293 0.6846275539608329 0.7519671491558746 0.6949572529006639 0.4455285656209253 0.11484705673055255 0.4368985316817491 0.6436203476960516 0.28954681852600406 0.48375201417465963 
0.24801011802383446 0.9894121618191019 0.8758823301417058 0.34029665591277214 0.3686672346548295 0.41905792945186726 0.5732957000938459 0.034561005759932484 0.41851409436940157 0.4526873956045164 0.3542242511493784 0.5042505286321969 
0.4028533907289711 0.990783286318011 0.9967998127084926 0.5120407629636196 0.32760483319952277 0.4994882694893922 0.5065902424811233 0.024074189293846138 0.44984704511677154 0.15004028483263826 0.011313844493708619 0.9957213645563233 
0.21369656629663303 0.9920561602168461 0.030497664582296635 0.5838620592888798 0.7383007991861396 0.6941435398656044 0.38803678324881297 7.493794961816458E-4 0.4158213905334265 0.5765508624167321 0.4119735941705486 0.5148345662249159 
0.21615322178061913 0.9810980943603402 0.995617904712413 0.019111470599683364 0.35924740775945846 0.9475389250578893 0.0668988581742127 0.09616459746308564 0.48876809578438896 0.15601052444117386 0.02417902781391998 0.9830479243175649 
0.07502761929980213 0.9994106717869269 0.051423245191471845 0.05751900482397851 0.29860441298942986 0.5238635617080531 0.35337739951844593 0.4097096586458052 0.14611547633755362 0.4535372535247243 0.38891802444474716 0.9908457949409862 
0.187647691057618 0.9954063825779674 0.14133508810886283 0.578960333120436 0.24889573530281084 0.5462830591753375 0.38185370041683636 0.48587710717588983 0.43973548659796746 0.027778755268541205 0.2152649084303333 0.5652830099705721 
0.6739517624543001 0.9908756665828319 0.19897176053501564 0.523912557368919 0.3736309860601448 0.3960350334194933 0.5045782451225364 0.5776336733377287 0.5670727037735729 0.6024670052647834 0.5584852664794495 0.516386176725557 
0.02970539483117421 0.9840569093090472 0.9962463355552896 0.018028593133924492 0.3250294796146367 0.8810467123686628 0.10846242481731075 0.013640610554585713 0.7648948729255715 0.06824327961888738 0.03543650608981985 0.9874043304577859 
0.3890507408488335 0.6277705729503062 0.25727387267713 0.2528096710333191 0.4056521860873743 0.5342168733749975 0.5064881946071413 0.4075822389614436 0.42870240184648645 0.4458998614732331 0.41945391115963815 0.5431017753363484 
0.487158021713193 0.9908690993936593 0.013126777587692859 0.6021602463082963 0.361794021144634 0.35967848594305235 0.5041035101119614 0.4034895462869372 0.36438426750830544 0.10952655647542614 0.5579821429084543 0.6097123702097922 
1.3081742481697856E-4 0.9999936125776997 0.9098262171913349 0.02982271199475181 0.34358163784997314 0.07770082341427242 0.032035630369028345 0.0075184824387211635 0.6964853023911506 0.34740000476921135 0.03049399757657381 0.9784774182051865 
0.008835355392537825 0.9963188682414305 0.06647852410959992 0.4999744589545557 0.5712235829941714 0.9302750927250043 0.43485362596083826 0.48697069495849993 0.4497622484193639 0.40073955499725095 0.4725012822951277 0.6489710944233074 
0.7485166464209831 0.9896299737351769 0.022049349903030264 0.49631961680295233 0.4742123462022131 0.5012948003774397 0.4178569323624352 0.46302687385288155 0.45941147752244305 0.5708395682390135 0.2895784659112763 0.6453892318918949 
0.010177734937069517 0.9348926661341981 0.022223834849270763 0.1211223526870866 0.45234806609762435 0.9813623369568036 0.3853567654348801 0.40818731192499963 0.4217098973762375 0.28882724877827254 0.5555909622739273 0.5282829165790176 
0.6739517624543001 0.9908756665828319 0.19998484405025838 0.5282439525726168 0.3736309860601448 0.3977573763379033 0.5058249364975552 0.4598390762793343 0.5670727037735729 0.4606097689864143 0.5584852664794495 0.5431031773850176 
0.5730897438226474 0.9900099646419036 0.1528187163547604 0.3341880972028995 0.390158368412299 0.3454413015383917 0.504549241611551 0.5481625905549169 0.4870420634787519 0.5997699732070481 0.29207662669157525 0.516246915881936 
0.03629433365509595 0.9663185817280486 0.0567756665931925 0.0014945465772905897 0.33421460207310255 0.9478885082415975 0.06467898042271594 0.09888650351616343 0.46086129459480574 0.15556382074028768 0.5979578136099177 0.9119721023879732 
0.21615322178061913 0.9982529817923634 0.995617904712413 0.6815469769576226 0.35921876280552933 0.9735005074705332 0.06698701720753056 0.09665636164049166 0.48876809578438896 0.3120418821559888 0.02417902781391998 0.9830479243175649 
0.25345750557063335 0.9891864077431368 0.9820122388980745 0.5091849951689881 0.45214282362629177 0.9704547595224152 0.4225029178694349 0.5010942349960534 0.3751254674578868 0.0636819484119405 0.5558528203327514 0.4964426308103161 
0.2659513811644779 0.9922857528522808 0.995617904712413 0.019111470599683364 0.35924740775945846 0.8742797677442028 0.060708698472478534 0.41002460339739005 0.421617451852643 0.1550526024469358 0.02417902781391998 0.9773069397551136 
0.2074642957740025 0.9980761979701568 0.01838179263846418 0.040068557431463925 0.32842245595498876 0.9481747186425055 0.07365037911533698 0.03913272783146607 0.4862508617857911 0.0655560454955057 0.01887363210450395 0.6550706771002015 
0.0058948293545224035 0.9943091891530497 0.010075385431639994 0.01672370446263564 0.399580798132861 0.9740901213255136 0.0619051270273126 0.015755856522594702 0.14011921958693407 0.21244866321940045 0.3755739223608554 0.9077218909905832 
0.02970539483117421 0.9840569093090472 0.9723933921776524 0.018028593133924492 0.3250294796146367 0.91374869955374 0.10846242481731075 0.013640610554585713 0.13382852169218756 0.06809010321202232 0.41784219765899283 0.9820085925743134 
0.23061971255036223 0.996937126677465 0.9339582153598884 0.3416503365684246 0.3890741645817191 0.9325076515636779 0.03942542752542417 0.3486486629563106 0.1300743171235272 0.44139242701611325 0.3684935393795091 0.5196077432122886 
0.748133513309301 0.9941443672767559 0.9553348955220841 0.5039982422685999 0.4771217606568818 0.3637371739372517 0.472444267491148 0.40731328692714003 0.622444901638158 0.5752506010881085 0.2911290221261813 0.5405722119866399 
0.03223378175728857 0.9982529817923634 0.0019008480841570252 0.6815469769576226 0.26419035481226516 0.9391847265665143 0.06698701720753056 0.09665636164049166 0.4884731526393615 0.07248360955414895 0.3098093580225134 0.9830479243175649 
0.18136566583791056 0.994276113397323 0.047424049815441904 0.722581980694983 0.3243452423863017 0.5954643005607267 0.46049706070845586 0.27087416304603495 0.4393594452453987 0.09692431934651136 0.21455827642715017 0.8196565482790965 
0.025104865533053022 0.9900099646419036 0.11062870501036554 0.338020286580623 0.3903130835331454 0.5279529295606497 0.3898843565543986 0.5475235915977629 0.5215808441204755 0.5832529391584106 0.29207662669157525 0.7926222716752529 
0.23051841386074548 0.9982698953722153 0.9404722800739106 0.5136758553214236 0.4361985034000921 0.4014122021531623 0.40790821964251645 0.09837733088739264 0.483471873543318 0.15601052444117386 0.04174416592442687 0.4928604114764465 
0.006762881873841214 0.9897757677405334 0.023021256864560136 0.33699750884227425 0.3279805299162194 0.9726234793264011 0.43760509455063135 0.03947495179288152 0.04809386862422782 0.31769358773097023 0.5907859917308189 0.9141448244467638 
0.748133513309301 0.9953854373724796 0.9420799356889901 0.5281999074907415 0.4770797974521567 0.44395222294076586 0.3910365962542701 0.47371662468944437 0.6194206055964766 0.4095673113164331 0.3752118613787124 0.5871543597424971 
0.2913734262748724 0.9596451366485744 0.014001320795544725 0.5020905571772514 0.42693085212331133 0.6551441099517563 0.4168003985709683 0.4731533800849415 0.3747335851952718 0.3632673549994785 0.5226054677462713 0.9648234720212473 
0.40956637146779223 0.9945570896387995 0.980465873032019 0.4926792209866465 0.4474756793694053 0.6449301883490816 0.4188390881011315 0.40907304571249153 0.3663600042771118 0.293273573310872 0.4547403527405056 0.5680694610074153 
0.17725242663916108 0.9979131080847338 0.14133508810886283 0.4445588157629487 0.2511203347938646 0.9378202128070678 0.0564882704403685 0.2770477055803987 0.43973548659796746 0.3642601437752645 0.2152649084303333 0.9044137075600229 
0.23051841386074548 0.993280676802175 0.012401708738023653 0.6013153792248705 0.4533951584705515 0.9493806924071424 0.42012679096128763 0.09837733088739264 0.48120763634858243 0.10326719626514613 0.04349844394294161 0.4927782802469799 
0.1746725334281512 0.9841324338469508 0.14499026227873407 0.01888495843601745 0.34919439882260445 0.3978950204640055 0.03992260442652165 0.3981220470375747 0.13424562955156544 0.35012581639999785 0.5579821429084543 0.5176370877848617 
0.005049633106359086 0.9859829090113267 0.9737557613236962 0.7176790462570037 0.33344743656037756 0.9552437858904196 0.4306475884424702 0.46201062494818285 0.5819940266695489 0.4620366831066214 0.4222013712924859 0.7903220729729398 
0.0775301545096115 0.9912005642719598 0.9953155679275462 0.4441723308000526 0.328523711648651 0.9376382372714964 0.5882433120327281 0.00766242253435423 0.7616504248333378 0.06557289005009886 0.01757899791490892 0.5097833628638326 
0.21782885686256895 0.9929989117666571 0.9729673897418898 0.38524048408426115 0.3689761982290305 0.10107297189645265 0.19537432826416254 0.016487878376114457 0.15348839433596692 0.155255086467082 0.4190692827518525 0.5808485621196223 
0.2751753546014006 0.999488312986516 0.9500722925231394 0.030476194798007936 0.3887590464605648 0.9460217106085844 0.0406569996114221 0.009805593339992369 0.14029909516589845 0.45879230992691633 0.3498579404455236 0.9860973785722333 
0.021788343516437436 0.9949715990091271 0.9777292727702045 0.09133255888343933 0.4474756793694053 0.4378020426659157 0.4188390881011315 0.4638142856681294 0.5778221562223551 0.2625341534541698 0.00968085003306468 0.5526159331273376 
0.9276528041532176 0.9701784752668227 0.15251142512374194 0.4987686275821217 0.35881352127299965 0.43778074991110105 0.42925359060643237 0.4596268484636372 0.5793048662463245 0.4895943486204001 0.4234281740922225 0.5691978929106213 
0.18173880006195148 0.999488312986516 0.9967998127084926 0.03682595023652062 0.32760483319952277 0.36905600306452985 0.04065983006192125 0.009805593339992369 0.5823096021612016 0.15566280241639552 0.015456210670552584 0.9922457506560742 
0.29261736920323866 0.9998760861228444 0.8861828332384996 0.5159738960703582 0.3649893066259486 0.9630681065657872 0.31379690251128145 0.5171717146691106 0.45058601454768465 0.36015613199020424 0.3947285063924605 0.9821405501558755 
0.006762763602307091 0.9970142666047584 0.019344664074018504 0.038983567773888284 0.3279879695230494 0.9740901213255136 0.0639434165941658 0.03947495179288152 0.04809386862422782 0.10339266931558806 0.011854446098445237 0.9141448244467638 
9.286681497758242E-8 0.9592465578321899 0.9230571061097211 0.48831740897804293 0.3582681528005372 0.6579320146350327 0.4238975014671197 0.0049084508262451365 0.5235877795050099 0.300200944945311 0.5267954373183931 0.9441001276611426 
0.32555893622890864 0.9697053649207582 0.15251142512374194 0.5870162595877846 0.35796235340949584 0.43778074991110105 0.42925359060643237 0.4579324520972195 0.5771869041412127 0.6162446513778721 0.4311082038533622 0.5691978929106213 
0.27298496743877676 0.9840799248694458 0.04656055697292283 0.018716077199120607 0.45229724060653237 0.5071389660992154 0.41242320871479926 0.46274256040780115 0.37114527975315675 0.5669030082681445 0.422664937645987 0.5504452721584508 
0.22808677722313125 0.9906068971745989 0.9825692125323547 0.06082943203907214 0.2868329349331403 0.9324976055431937 0.4369461101125641 0.43296951050983296 0.69580886180238 0.13850887374670165 0.2857311201682221 0.9167493458327667 
0.9999952429346598 0.9686616351625884 0.9223453485830574 0.5101556541756478 0.3653134432747698 0.36656728555130647 0.42846614360030105 0.4571087497759877 0.5764551341316292 0.5893702054632383 0.2927051936525382 0.25127739672138055 
0.005897387638088683 0.9895723145963705 0.01827601295475023 0.01672370446263564 0.399580798132861 0.9740901213255136 0.0619051270273126 0.022726544726292486 0.14011921958693407 0.1493129458423 0.08846902108836682 0.9077218909905832 
0.23689583375185042 0.994349832285596 0.9081318116638246 0.4675338599615437 0.35964489392413734 0.5418645776918546 0.5229309424239296 0.47284697818141697 0.5697762227571118 0.5589536897567574 0.37883767659060025 0.549068409587262 
0.2800542734073487 0.9894138349757394 0.06432325420121549 0.501962946133715 0.3886703836284423 0.5748476453956102 0.4452318952375249 0.38787691011550673 0.37211824480295497 0.4623324175103988 0.35387904359081124 0.5454791736913817 
0.03629433365509595 0.9990919682772725 0.0567756665931925 0.0014945465772905897 0.33421460207310255 0.9478885082415975 0.06467898042271594 0.09888650351616343 0.46086129459480574 0.15556382074028768 0.5979578136099177 0.9119721023879732 
0.21615322178061913 0.9921220704869246 0.995617904712413 0.019111470599683364 0.35924740775945846 0.9433105205246003 0.060708698472478534 0.001049439142463554 0.48876809578438896 0.15601052444117386 0.02417902781391998 0.9379992629341396 
0.08315885886580116 0.9998834432598416 0.10761927803303234 0.5030777721652674 0.32791611945280646 0.06434576177307444 0.033684905922952695 0.09634248331746173 0.3983744853720236 0.14895314622625877 0.3580854203133301 0.9626963726602357 
0.17222827869892104 0.9894138349757394 0.972659796392038 0.5014210995637868 0.429331184231583 0.9549429725012851 0.4452318952375249 0.02465360350831508 0.36531205131127553 0.4623324175103988 0.35302329645060915 0.5503228870277515 
0.22861828921223706 0.9947010249521617 0.13727405950792015 0.5090184975012851 0.44965042225065943 0.6579320146350327 0.4646230454211483 0.4019258203565719 0.32828587865967523 0.29960323417552315 0.52881254158367 0.5354619846946882 
0.27848166357594295 0.9922857528522808 0.9934605474442704 0.008692779491741139 0.35924740775945846 0.8764514817623522 0.06448681917179763 0.03591446528559655 0.4598520339751688 0.15747475326160087 0.19738607809515327 0.9773069397551136 
0.17766299512357725 0.9910701384420705 0.050253583660432866 0.0388860815527341 0.3519631581569897 0.8884617160457463 0.03939871192925018 0.42423764815865905 0.14235717158864053 0.574673529676861 0.025659116856989184 0.9834188492482414 
0.17854272388870973 0.9954759834379271 0.06315799978001935 0.5791036104567613 0.37024857299112607 0.5473273509465344 0.38396099088384206 0.4766950118339047 0.14771137363819048 0.0530202629647801 0.015270184919436991 0.6420843904027878 
0.18661771886789957 0.9894138349757394 0.07163410270560466 0.501962946133715 0.3275161703674003 0.5723681322012515 0.4452318952375249 0.38787691011550673 0.3731968373746701 0.15920291000076794 0.028237530008740658 0.5891190725329133 
0.1815590390561455 0.9993128441741644 0.09703945890611226 0.5275262197808528 0.42937961700624233 0.9432301198884093 0.0700475708967083 0.0037855066260708836 0.1399519637740273 0.33715628906290207 0.35497848060433157 0.9867766602554842 
0.21265649056226477 0.9962620405227514 0.965493636146677 0.04841829134039258 0.7358961407919629 0.5990168216024659 0.46901175627866504 0.4347587041534662 0.45526402306192076 0.6057651363932401 0.29036380732403766 0.5513151604912253 
0.23879775677673098 0.9980134852783922 0.989876810674895 0.509343411194517 0.3339019382894425 0.9552445350333346 0.4306698641064888 0.08741278278468463 0.41751171001747256 0.6059448830557616 0.016549359990177107 0.7909226536388891 
0.2659513811644779 0.9922857528522808 0.995617904712413 0.019111470599683364 0.35924740775945846 0.8025642363448208 0.060708698472478534 0.41002460339739005 0.421617451852643 0.1550526024469358 0.02417902781391998 0.9773069397551136 
0.22861828921223706 0.9947010249521617 0.13727405950792015 0.5090184975012851 0.44965042225065943 0.6579320146350327 0.4646230454211483 0.4019258203565719 0.32828587865967523 0.29960323417552315 0.52881254158367 0.5354619846946882 
0.02163239946099537 0.9999039064388826 0.03867497783254353 0.03850135925509904 0.45208775876658547 0.43195828152236737 0.41974250371661226 0.4641929237492763 0.5979729586130753 0.10153703394188793 0.009682532893117341 0.9141448244467638 
0.2074642957740025 0.9980761979701568 0.01838179263846418 0.04206985484177983 0.32842245595498876 0.8753749121742619 0.07365037911533698 0.03774667865456424 0.4862508617857911 0.0655560454955057 0.01887363210450395 0.6550706771002015 
0.0016248941234275893 0.9909613197028421 0.25727387267713 0.4996564981778516 0.3294842192498439 0.5403348053676218 0.5073477283445346 0.4851534420165348 0.42862450919598305 0.25572665324363847 0.5959510534359741 0.7444231089288516 
0.25316302498870735 0.9894138349757394 0.972659796392038 0.501757950053618 0.429331184231583 0.9549429725012851 0.4452318952375249 0.02465360350831508 0.37211824480295497 0.4623324175103988 0.35302329645060915 0.5503228870277515 
0.23061971255036223 0.9890032315874271 0.9339582153598884 0.34086489799525 0.38911684069107594 0.3636117027495718 0.4341017926236921 0.3486486629563106 0.5710062265535621 0.44139242701611325 0.37854118003128207 0.512292403383818 
0.18173880006195148 0.999488312986516 0.9577089035184704 0.05766084673129794 0.32760483319952277 0.9435437422682066 0.0406569996114221 0.009805593339992369 0.14137768773756026 0.15566280241639552 0.02417902781391998 0.9860973785722333 
0.25475304011570976 0.9923702480202297 0.044234213438730685 0.5519479667678185 0.4279035928122782 0.9521254965892415 0.4095971743355981 0.09625872844587002 0.45114410719696707 0.054323533029660996 0.36408846398605127 0.5503228870277515 
0.07874256440592543 0.9910313485225546 0.9891242722748281 0.578960333120436 0.339676928713871 0.9425366842513717 0.38018296242104255 0.2770477055803987 0.762881928804838 0.05390749437926439 0.2152649084303333 0.9044137075600229 
0.17853507005923117 0.9983023664204536 0.09906804437428673 0.4447020930992741 0.37247317248217987 0.9381691441988731 0.05859520156440798 0.4766950118339047 0.45961204347486817 0.3635360303569573 0.015270184919436991 0.6325761271204723 
0.9781059082897863 0.9810027875840605 0.9223453485830574 0.017516302999262212 0.3593761977825684 0.36656728555130647 0.42846614360030105 0.4633063729938173 0.4882178759570801 0.5916563359730216 0.2927051936525382 0.9614245821992485 
0.18388151506255385 0.9828627531363319 0.9767819053982718 0.03589560614844465 0.32760483319952277 0.9022614333975305 0.43025979209036197 0.009279574771541052 0.5090556723189248 0.19374020974431566 0.31811077623952555 0.9743397821251144 
0.1756052591319306 0.9890032315874271 0.94344938054555 0.5123375790320897 0.3893504005086831 0.36373612193627164 0.5054227005146046 0.40331845492742446 0.5710062265535621 0.0981469573648228 0.5641851264181641 0.6965222068138348 
0.2275098652821542 0.9897673135258881 0.94344938054555 0.5881248130800917 0.3891822662737139 0.3636117027495718 0.5045944295373709 0.36835992308308196 0.571725368307831 0.4417668154336157 0.37854118003128207 0.512968798105077 
0.001039422944187348 0.9909613197028421 0.954700235724318 0.528113972436881 0.4491612637544912 0.270069881649028 0.5079864267297144 0.4075822389614436 0.42862450919598305 0.4606097689864143 0.5810161319155616 0.7312145520981954 
0.05477284686665998 0.9905144680468225 0.9891242722748281 0.578960333120436 0.339676928713871 0.34614443215245916 0.38167628022342887 0.04863961494966185 0.762881928804838 0.009513522901435645 0.2152649084303333 0.5626280267089429 
0.006774291178414526 0.9900474932749458 0.018801482916726953 0.038983567773888284 0.35679735450165645 0.5322950217230409 0.06781963013861977 0.5589806908668729 0.4172880759471814 0.09312546368383665 0.005425830877153228 0.9526596015744211 
0.2275098652821542 0.9897673135258881 0.94344938054555 0.5041451649367105 0.3891822662737139 0.17034851277206398 0.04586908112572649 0.36835992308308196 0.571725368307831 0.4417668154336157 0.3957369565400346 0.5272627135331367 
0.06489336203679945 0.9860361685567891 0.9414422851596844 0.7176790462570037 0.4092674582258274 0.5809634612212309 0.4306676111194394 0.4630971653265521 0.5099837274711498 0.4556875488686234 0.4315999488565807 0.7847156677424408 
0.21265649056226477 0.9962620405227514 0.9654668445636528 0.5072368424261889 0.38746198370221496 0.9426600568912787 0.47372432991783664 0.01612317761281612 0.45365184561913674 0.0681548556685731 0.286635141506893 0.9804111053592879 
0.9999952429346598 0.9686616351625884 0.9223453485830574 0.5101556541756478 0.36473584500707723 0.6650668060092867 0.42846614360030105 0.4571087497759877 0.5764551341316292 0.5890071320281052 0.2927051936525382 0.5332157617813551 
0.026597360505997994 0.9840620449658805 0.9956720392998947 0.038983567773888284 0.43671221213696754 0.6030963749559339 0.06788107217291811 0.42866877432519607 0.7844173427798463 0.6223967885355965 0.028668787500744725 0.9900259193636718 
0.25316302498870735 0.9894138349757394 0.9603557810789617 0.5543702428172786 0.4279035928122782 0.9521254965892415 0.4095971743355981 0.021742234302500975 0.45114410719696707 0.05334967424021872 0.36035941037406954 0.5503228870277515 
0.05124386970247913 0.6323871326415771 0.06225232105553813 0.4958414964979234 0.3528344664118214 0.535694796799371 0.42987000019395377 0.4474707168745236 0.42282949964523187 0.3174855284838229 0.4357119842702059 0.586638825645561 
0.03776311349700781 0.984470612575665 0.004228092459505561 0.5150252984679784 0.3276420067188905 0.9443038412340244 0.5057984230693104 0.39382664898443276 0.5681525151292272 0.14913478019242307 0.47990617078045006 0.8718036044902397 
9.286681497758242E-8 0.9594015863116672 0.9195592799296315 0.4908055539968235 0.4481349198673711 0.6052886357404149 0.41147386681841114 0.40174995453990087 0.3245885640699749 0.29960323417552315 0.5260890282360733 0.5996930941216851 
0.00665650707161515 0.9989789392855122 0.07568256512178739 0.020637219572038512 0.7549824104929405 0.624450951371589 0.0647671394560338 0.1142492917476986 0.4172880759471814 0.10359204553610216 0.6117219292189245 0.9077218909905832 
0.018121876911352586 0.9999821858293896 0.9562926824108432 0.07101789465995653 0.45206938593343865 0.9817642210060786 0.18111683417285773 0.40959261798474406 0.3177198730518745 0.2915063432467536 0.5591078209373553 0.5505719297864902 
0.25316302498870735 0.9893574651916239 0.9813679503665603 0.4450785962188935 0.4279035928122782 0.9521254965892415 0.4095971743355981 0.4730448932966732 0.14723029727664555 0.06560349556671125 0.3643913760725956 0.5503228870277515 
0.13091755502525304 0.9980765671873647 0.987119814355292 0.08960600282663916 0.45733168592363316 0.43548477450142065 0.4486040164530256 0.46000141836391123 0.4144542519069776 0.2625341534541698 0.21196250727388857 0.9167958049252513 
0.7486743958884523 0.9908466233430787 0.07960895090997935 0.5366656365172413 0.3985982623148194 0.54211249857984 0.4451794365599888 0.4018388523129688 0.3879622012642395 0.46384066471849955 0.5579734538010868 0.542948042062125 
0.2275098652821542 0.9662090939064696 0.94344938054555 0.5881248130800917 0.3891822662737139 0.4446764959265136 0.5045944295373709 0.36835992308308196 0.571725368307831 0.5734141014542786 0.37854118003128207 0.512968798105077 
0.487158021713193 0.9908690993936593 0.14499026227873407 0.511365438882344 0.34919439882260445 0.3978950204640055 0.5058249364975552 0.4034895462869372 0.4427149869076563 0.35043567534825404 0.5579821429084543 0.5405136214020315 
0.17553398614737287 0.9949715990091271 0.9777292727702045 0.09306193837920176 0.4759993778589177 0.45347451187302534 0.4188390881011315 0.46130602881607935 0.5778221562223551 0.10491412571686251 0.5652245301611271 0.5503393177302078 
0.08251998600299223 0.9998517456671763 0.9932796016299977 0.4942019303682135 0.3660125717039804 0.4135907783536002 0.4480041292294706 0.318737592253854 0.36447331218945334 0.5993590190910257 0.39829649245726706 0.5446196190548951 
0.29261736920323866 0.9997095477899056 0.9932796016299977 0.5491246832929692 0.3660125717039804 0.4135907783536002 0.33369901526514445 0.5181695875430073 0.36447331218945334 0.06643117001696859 0.39829649245726706 0.9897505330839698 
0.25347111577041126 0.9895442485507974 0.9745027749389785 0.501757950053618 0.45214282362629177 0.9521254965892415 0.40936897431218094 0.5010942349960534 0.37211824480295497 0.0636819484119405 0.5558528203327514 0.5503228870277515 
0.0048818177090967085 0.994349832285596 0.9038537734164799 0.46748704395358853 0.35964489392413734 0.5418645776918546 0.5925412119939004 0.47284697818141697 0.5730556964720366 0.5563714453282 0.37883767659060025 0.6562598404270201 
0.3215328747281322 0.9932922460893048 0.030497664582296635 0.5838620592888798 0.738307393207882 0.6941435398656044 0.38803678324881297 7.493794961816458E-4 0.48127687712821077 0.5765508624167321 0.4116242227223148 0.522867511822989 
0.38844249389790275 0.6295281309216662 0.09894193614739044 0.5666130995008839 0.3735767737685645 0.5342275422782261 0.4289893239404906 0.4630195381172125 0.42284978214043445 0.4618233614399712 0.4218201981679627 0.5429470834549099 
0.18189475183346104 0.9840466207713026 0.9967998127084926 0.019112231260181065 0.32760483319952277 0.4994882694893922 0.0406569996114221 0.018529491511680457 0.14137768773756026 0.1497304258843812 0.02417902781391998 0.9791672246680765 
0.004884375992662988 0.9896129577289169 0.8931442023497633 0.46748704395358853 0.35964489392413734 0.5418645776918546 0.5242541634804151 0.48067350314104473 0.5730556964720366 0.5563714453282 0.09173277621643625 0.549068409587262 
0.007022183458039427 0.9962725437385553 0.055310376043794754 0.5075802231716563 0.35077097894943043 0.5973070146566595 0.42735613868322236 0.40233774837735575 0.44237411520549386 0.5867575614196194 0.5592393635580508 0.6577552991663506 
0.17853507005923117 0.9979399703317471 0.08481790860031646 0.4447020930992741 0.37247317248217987 0.937872044970835 0.05859520156440798 0.4766950118339047 0.14771137363819048 0.36347631063489627 0.015270184919436991 0.6420843904027878 
0.04337135560128376 0.990393673622318 0.060012866629095774 0.4965771515784777 0.3242232359573143 0.5682492849860046 0.42987000019395377 0.4474707168745236 0.4219430877716165 0.3174855284838229 0.4355640309152869 0.5876453218730234 
0.7465188091830182 0.9941325303862087 0.9563279390712598 0.5283439392014823 0.3985982623148194 0.5803190234492906 0.44499237933126307 0.4018388523129688 0.3879622012642395 0.46384066471849955 0.3670366736248874 0.5881789916368649 
0.07299376723146855 0.9942826556827855 0.9898905345607882 0.041511540019186166 0.38938567004927044 0.5393271619240164 0.4723688052680407 0.41452037166014905 0.34431250059143514 0.4334857974639598 0.21429584508498317 0.9044257548407988 
0.23061971255036223 0.996937126677465 0.9339582153598884 0.3416503365684246 0.3890741645817191 0.3636117027495718 0.03942825797592331 0.3486486629563106 0.5710062265535621 0.44139242701611325 0.35937730642941623 0.512292403383818 
0.005750194948885512 0.9840566398212615 0.9144924276626467 0.027551235137780822 0.32535428605484373 0.9367969444396446 0.11172298704219635 0.09571518522028893 0.48348904658060937 0.15606274710304255 0.02542904025452672 0.4941002120918386 
0.029838085197140703 0.9889150783479929 0.9411287207087561 0.319838609172952 0.3404065569336495 0.917274931771313 0.4443163562648146 0.3612691997316413 0.6975425321651769 0.45675780494817275 0.3774550575739774 0.9498587267710842 
0.0017261912559745213 0.9825444377352108 0.01965927007893968 0.0014945465772905897 0.33421460207310255 0.9478885082415975 0.06467898042271594 0.02840605732682399 0.46073273966805134 0.15556382074028768 0.603087907690722 0.579509717806035 
0.2370427060467922 0.9963188682414305 0.06647852410959992 0.5000212749625108 0.5712235829941714 0.9302750927250043 0.43353040490435285 0.48697069495849993 0.44648277470443903 0.40332179942580826 0.4725012822951277 0.6489710944233074 
0.006762763602307091 0.9970142666047584 0.019432566387430204 0.040541413752808314 0.3723753590189042 0.9736508058141934 0.058625706709668594 0.040141074585042125 0.04233957147047218 0.10339266931558806 0.011887487963297307 0.6411438328841093 
0.006774291178414526 0.9969302759759738 0.9627444537602816 0.5196790374278109 0.3279780257204339 0.1227592666995585 0.05221669853003294 0.0920062464001834 0.5674513865079585 0.5583182322690556 0.01920117394616158 0.5754768695730572 
0.21782885686256895 0.9929989117666571 0.9729673897418898 0.385191281512183 0.3689761982290305 0.5448063158214727 0.4291750115293729 0.016487878376114457 0.38789269264077797 0.155255086467082 0.4190692827518525 0.5425208692494995 
0.21782885686256895 0.9929989117666571 0.9700251824777213 0.3927781279431958 0.3690545919468681 0.07503001439675733 0.14377607220210772 0.016487878376114457 0.15348839433596692 0.4613810212050755 0.4224684881040828 0.9945916594547928 
0.011369222241092339 0.9844701034073305 0.984141194898701 0.0168793955964697 0.3301514178123332 0.45605233216735536 0.41493057887727297 0.4852762764722283 0.43190203600744986 0.10795343642273228 0.3840624814895777 0.6420843904027878 
0.02867184823679686 0.9840566398212615 0.011173251841083365 0.019111470599683364 0.3591940879339997 0.5764853659567483 0.11764017177728261 0.0906470736970359 0.5090556723189248 0.15594734416139702 0.02542904025452672 0.9831335223996918 
9.286681497758242E-8 0.9591869652449909 0.9235952960326089 0.4908316073961297 0.4493575134513281 0.3594324941770525 0.4646230454211483 0.4019258203565719 0.3245885640699749 0.29996630761065624 0.5267954373183931 0.25336299520086625 
0.2305874537822622 0.9894138349757394 0.8785996253116809 0.34029665591277214 0.4286369732707727 0.41905792945186726 0.5732957000938459 0.018103922485008805 0.42187050502224693 0.4526873956045164 0.3542242511493784 0.5500041227050037 
0.29261736920323866 0.9982917706055708 0.9169274320856363 0.49882595623403925 0.3677488055364824 0.4141029151802431 0.33468362613147096 0.5346783742133566 0.45279728887199877 0.3555582636368582 0.40074916393218607 0.9821729009952641 
0.21265649056226477 0.9962620405227514 0.965493636146677 0.4831685536783893 0.7358961407919629 0.6026209944526624 0.46901175627866504 0.4342846185825971 0.45505155487235693 0.6238010478242829 0.29036380732403766 0.5512785375972178 
0.18189475183346104 0.9840466207713026 0.9956361954069376 0.019112231260181065 0.4307034603642792 0.4994882694893922 0.06750092220973553 0.009166917105590255 0.14137768773756026 0.1497304258843812 0.028667524628659773 0.9791672246680765 
0.3890507408488335 0.6274870193704246 0.25727387267713 0.5876215916840514 0.40556522285133484 0.5342168733749975 0.5064881946071413 0.4075822389614436 0.42870240184648645 0.4458998614732331 0.41945391115963815 0.5431017753363484 
0.2168479161378102 0.9924011834712285 0.05160672473713501 0.38524048408426115 0.3537800895833463 0.10107297189645265 0.03214140792981926 0.016487878376114457 0.15348839433596692 0.155255086467082 0.4190692827518525 0.5808485621196223 
0.6739517624543001 0.9908756665828319 0.19897176053501564 0.523912557368919 0.3736309860601448 0.3960350334194933 0.5045782451225364 0.5005731860627348 0.3789000244739399 0.0719698763400492 0.5583858617914008 0.516386176725557 
0.05219447751375722 0.965118364241231 0.9924489852668537 0.7176790462570037 0.15854747628732357 0.6070016615381909 0.4306475884424702 0.46201062494818285 0.5099837274711498 0.4487367930188948 0.4311171731130664 0.9088895145489289 
0.9899732018313436 0.9686616351625884 0.9223453485830574 0.5101556541756478 0.36473584500707723 0.6621575978204803 0.42846614360030105 0.4566986111571549 0.5991436310999734 0.5891179703795241 0.2906399511011666 0.5332157617813551 
0.23051841386074548 0.9982698953722153 0.040754974969205826 0.5056295017649673 0.4361985034000921 0.39761433372852406 0.40790821964251645 0.09837733088739264 0.5112488371526722 0.14614330117663235 0.04174416592442687 0.985379203355327 
0.08352318385285352 0.97020425690322 0.20329303073435684 0.49444280172936145 0.340502257591606 0.5012948003774397 0.4460372253790592 0.45974183014230396 0.45941147752244305 0.5712650000087456 0.4217836577467382 0.5391629844185751 
9.286681497758242E-8 0.9592465578321899 0.9235952960326089 0.48831740897804293 0.4487799151836356 0.6579320146350327 0.46494059787458497 0.4019258203565719 0.026540778450988733 0.300200944945311 0.5267954373183931 0.5353013602608407 
0.007642556864360897 0.9989377357819514 0.9294464613335959 0.03569752747159909 0.32747417193919137 0.3630172632446572 0.04805127754002908 0.003142156505727439 0.12666263058366975 0.25243373852719 0.2911290221261813 0.9216812910026015 
0.00665650707161515 0.9952508732273289 0.9993659317248602 0.01672370446263564 0.32770883151793256 0.9324772822529224 0.0647671394560338 0.04512385453233034 0.4172880759471814 0.10359204553610216 0.3827396985204087 0.9077218909905832 
0.18173880006195148 0.999488312986516 0.9967998127084926 0.03682595023652062 0.32760483319952277 0.9435437422682066 0.0406569996114221 0.009805593339992369 0.14137768773756026 0.15566280241639552 0.02417902781391998 0.9860973785722333 
0.0016248941234275893 0.9839375265525977 0.006224320296711522 0.4996210887490119 0.36020115827807614 0.5403348053676218 0.5073477283445346 0.4182619436616629 0.4288182888984226 0.444960758134633 0.7079175498063859 0.9834807013740166 
0.05129153094669303 0.986118116292593 0.9976058920048716 0.7176790462570037 0.4239701281902432 0.5835396343789576 0.4306475884424702 0.012560360808838933 0.5154514853155268 0.4556875488686234 0.4315999488565807 0.9874899001626205 
0.23061971255036223 0.9890032315874271 0.9812253760614565 0.34086489799525 0.4477163928511414 0.6449174213214314 0.4186977840358411 0.3324225480082848 0.569147779759791 0.4329728852431347 0.37854118003128207 0.5839747115997241 
