0.3668990859597714 0.26417949998551515 0.9930944117208624 0.49173149137713557 0.5111165315607127 0.5160741376574967 0.49658508071854535 0.5146477444847288 0.5062073065411916 0.4800531156847763 0.47847848490490313 0.4904073701008287 
0.3341027921283795 0.2591800764413403 0.9930944117208624 0.49196955534089887 0.5111384813358106 0.517405306676797 0.4961594458128456 0.5145754043888608 0.5061085187954469 0.4898979616459459 0.47879352652463836 0.4920178912939619 
0.3341027921283795 0.2591800764413403 0.9930944117208624 0.49196955534089887 0.5111384813358106 0.517405306676797 0.4961594458128456 0.5145754043888608 0.5061085187954469 0.4898979616459459 0.47879352652463836 0.4920178912939619 
0.32305120820554006 0.3859895094246951 0.9930944117208624 0.4919695553408989 0.5111384813358106 0.517405306676797 0.4961594458128456 0.5145754043888608 0.506108518795447 0.4898979616459459 0.47879352652463836 0.4920178912939619 
0.49328388227467784 0.2733020506830132 0.9930944117208624 0.494953098564766 0.5090913727454496 0.5111620585633325 0.49834484808107904 0.515451446331512 0.5078389765183255 0.48076843442615613 0.4800783011227945 0.4838374321362906 
0.34017072729558695 0.2610175492907345 0.9930944117208624 0.4922888701195546 0.5111583618250551 0.5179501570015805 0.4952561149659365 0.5143788643081294 0.503849368535672 0.482158006320127 0.4812572830073991 0.49089073160667485 
0.3285852873074482 0.24430737362197835 0.9930944117208624 0.4914450086167408 0.5120260813641988 0.5187333186468924 0.4959249343122521 0.5160338924535215 0.5042365129570525 0.482822845803049 0.47928752381381745 0.49203620233905876 
0.38910646795222514 0.26633431597080853 0.9930944117208624 0.48862041093868214 0.5128347069949359 0.515408698554794 0.4967984426374509 0.5141263154473854 0.5043855568710793 0.4779660159054435 0.4767316862358225 0.4890106823761533 
0.991865903313938 0.4988186350475007 0.9912476430964121 0.519971138859449 0.5207399682472804 0.5271746345669599 0.4547253241255256 0.5674066224060264 0.5673077270843405 0.5091290575699016 0.4833648603296189 0.6276323482214197 
0.026834092970454967 0.9931952826806103 0.22887024531716174 0.5045865945613061 0.503297141045771 0.5179518935159403 0.5071551737066154 0.49247234918804617 0.493125203078608 0.5016243344411118 0.5083218781640998 0.5209177440879522 
0.43622477741210197 0.6445456967635685 0.5472583056860377 0.5002202111397298 0.4980813607257707 0.5019263485026203 0.4994271952588936 0.49840519757786494 0.49872393189828856 0.4989740196910923 0.504222839355942 0.5004648783389645 
0.41059946243881845 0.6330804756310818 0.5418938344507331 0.4999418271109267 0.49873525655608075 0.5028430361058472 0.5005282457280604 0.49969813262638063 0.49897552332081313 0.5000395651378133 0.5015344587438136 0.5018176343850644 
0.41059946243881845 0.6330804756310818 0.5418938344507331 0.4999418271109267 0.49873525655608075 0.5028430361058472 0.5005282457280604 0.49969813262638063 0.49897552332081313 0.5000395651378133 0.5015344587438136 0.5018176343850644 
0.41639218243288784 0.6414355634654599 0.5418938344507331 0.5003637578623337 0.4983013967865089 0.5024514552831914 0.5001938360549026 0.4988706185536846 0.49878195111012286 0.4997071453963523 0.5025193383406045 0.5012448990188725 
0.3782879538244853 0.6379650862562658 0.5344108008903409 0.5003922293733534 0.49850972587581976 0.5028146112324681 0.5008519337067296 0.4994983081811874 0.4989225881728676 0.5003306384115789 0.5022731706492074 0.5018523116764967 
0.35372371096386507 0.6454659125708269 0.5369366539063216 0.5003202815074255 0.498637189475247 0.5030351470056129 0.5003988114596429 0.49919360961525516 0.4987350532836536 0.5005660723651623 0.5013459066713114 0.5023953548514792 
0.9930934561263015 0.077788903911234 0.7959678984915975 0.50329955386943 0.46461742131157935 0.5082147732682969 0.5168659848106921 0.49876462304880864 0.458636228322596 0.5016038917005683 0.48306948889330514 0.48354404135820556 
0.08031211939166172 0.9931952826806103 0.19338316764043953 0.4939522478917586 0.4999069397007978 0.5212380594237446 0.5092598370343218 0.48735046586441394 0.4907961467574108 0.5014242069244336 0.5066863021768668 0.5112898972866222 
0.41996219183272965 0.6266669731230043 0.5191804583901245 0.5005366507391374 0.5018110802032497 0.5025028421247901 0.5021466246618934 0.4999678551182407 0.49913014481614415 0.5001534457761647 0.5036574898823687 0.5011536378217769 
0.41639218243288784 0.6414355634654599 0.5418938344507331 0.5003637578623337 0.4983013967865089 0.5024514552831914 0.5001938360549026 0.4988706185536846 0.49878195111012286 0.4997071453963523 0.5025193383406045 0.5012448990188725 
0.3767269924744595 0.6352152968692428 0.531164891980124 0.5006508513075415 0.4987414689079853 0.5035016688443334 0.5017271176469207 0.49980146050532387 0.4988979895337915 0.5011733968068723 0.4991123363099294 0.5028049403786885 
0.40333545351168687 0.630279140929453 0.512768257789511 0.5006833536684181 0.4985985542265188 0.5035764131833789 0.4996255561057354 0.499538497594748 0.4987278752359654 0.5011316829743037 0.5015125394728477 0.5027132477490037 
0.3291594681032448 0.6529667388853879 0.5394625069223024 0.5002483336414975 0.4987646530746742 0.5032556827787579 0.4999456892125562 0.498888911049323 0.49854751839443956 0.5008015063187456 0.5004186426934154 0.5029383980264618 
0.9930934561263015 0.077788903911234 0.7959678984915975 0.50329955386943 0.46461742131157935 0.5082147732682969 0.5168659848106921 0.49876462304880864 0.458636228322596 0.5016038917005683 0.48306948889330514 0.48354404135820556 
0.0473947866734706 0.9931952826806103 0.23351901147110987 0.5046116271948474 0.5056512416602884 0.5176573949308185 0.5065277240882469 0.49227181568798206 0.4918876331555583 0.5014362628060918 0.5084281134460116 0.5120387553856114 
0.42655731809820074 0.6210659780345074 0.5363316310263275 0.5006089509359213 0.5000386837226098 0.5027810227768605 0.5001091974618338 0.5000328767461166 0.49926403629635785 0.5000552138317294 0.5035254321228692 0.5011586177948995 
0.41824394893767936 0.6228720619377317 0.5331255307260208 0.5006823024005616 0.49843242073424443 0.5033178083061549 0.49884866318375476 0.4998181979843702 0.4990629015062685 0.5005443324307988 0.5024529569181087 0.5019384227585129 
0.3957791067786608 0.6369505354738398 0.5349064087603201 0.5006366155520316 0.49863730436332987 0.5033200908696951 0.5013980688210071 0.49948761569157246 0.4988276710024191 0.5008616502992591 0.49923542015562794 0.5025012340498765 
0.3782879538244853 0.6379650862562658 0.5344108008903409 0.5003922293733534 0.49850972587581976 0.5028146112324681 0.5008519337067296 0.4994983081811874 0.4989225881728676 0.5003306384115789 0.5022731706492074 0.5018523116764967 
0.9930934561263015 0.077788903911234 0.7959678984915975 0.50329955386943 0.46461742131157935 0.5082147732682969 0.5168659848106921 0.49876462304880864 0.5031846903571479 0.5016038917005683 0.48306948889330514 0.48354404135820556 
0.047779017881563954 0.9931952826806103 0.23563329107234537 0.49608732900445374 0.508177658906809 0.517777879179915 0.5077738391428022 0.4899277858562144 0.49029339575456 0.5018642080748025 0.507856016591719 0.511791150051724 
0.5208651298281066 0.6021725697777696 0.5116135433929295 0.4999498139336139 0.49877531331978076 0.5033203525406894 0.4989981682849344 0.5005729845685867 0.49915891742705765 0.5002136848571279 0.503028203276462 0.5016638136657378 
0.40333545351168687 0.630279140929453 0.512768257789511 0.5006833536684181 0.4985985542265188 0.5035764131833789 0.4996255561057354 0.499538497594748 0.4987278752359654 0.5011316829743037 0.5015125394728477 0.5027132477490037 
0.5208651298281066 0.6021725697777696 0.5116135433929295 0.4999498139336139 0.49877531331978076 0.5033203525406894 0.4989981682849344 0.5005729845685867 0.49915891742705765 0.5002136848571279 0.503028203276462 0.5016638136657378 
0.9930934561263015 0.1696702068675217 0.7825110303718246 0.5029094070614648 0.45866089876003624 0.5149662343715397 0.5173961876814139 0.49766352168442446 0.5049914572429925 0.5020485276652227 0.48468652119188793 0.48338598972267727 
0.0465632543036858 0.9931952826806103 0.2386795467470958 0.4968052548482577 0.5057481512992015 0.5171609578284241 0.5065248854797605 0.4934380374156546 0.4921186618582504 0.5010742745775558 0.5086612379660845 0.5121530965065748 
0.5276416944088912 0.699840438022271 0.5281789555904277 0.49976573871315527 0.5009859319982759 0.49920888754325654 0.5015575111839692 0.49973268148061173 0.4997035243617382 0.4985072519510808 0.49632559649341224 0.5016987006707782 
0.5170869564615936 0.605508267049963 0.5226826188783341 0.49992644487542065 0.4987946883881863 0.5031921913838475 0.49988442464257027 0.5005475436169989 0.4992088153102845 0.5000786685196057 0.5018896436178522 0.5015578068161741 
0.9930934561263015 0.077788903911234 0.7959678984915975 0.50329955386943 0.46461742131157935 0.5082147732682969 0.5168659848106921 0.49876462304880864 0.5031846903571479 0.5016038917005683 0.48306948889330514 0.48354404135820556 
0.0364618743300867 0.9931952826806103 0.2335720834478512 0.4998801621352139 0.5079731389075952 0.49383462150672014 0.5082375165146649 0.4896624595217286 0.491430230365452 0.5010132483270696 0.5078785122409888 0.5118101569390698 
0.5170869564615936 0.605508267049963 0.5226826188783341 0.49992644487542065 0.4987946883881863 0.5031921913838475 0.49988442464257027 0.5005475436169989 0.4992088153102845 0.5000786685196057 0.5018896436178522 0.5015578068161741 
0.9930076415004025 0.18715575340819526 0.5550968601483567 0.5077516391807803 0.4910591931087116 0.5015811965978624 0.5083424664076884 0.5101608293168096 0.5028565302383032 0.5024888150108774 0.4775977327001957 0.4959175721581698 
0.04780694327054349 0.9931952826806103 0.22578050606064798 0.4957131325316079 0.5054530096505631 0.5186552015238635 0.5081419141226631 0.4889281492294965 0.49129267563741386 0.5024297635892256 0.5075511431365046 0.5117487857320686 
0.9930076415004025 0.18715575340819526 0.5550968601483567 0.5077516391807803 0.4910591931087116 0.5015811965978624 0.5083424664076884 0.5101608293168096 0.5028565302383032 0.5024888150108774 0.4775977327001957 0.4959175721581698 
0.9930076415004025 0.1534468833544435 0.6308200488309983 0.5041759909764366 0.49725075364109256 0.4886409972827137 0.5107174837415276 0.5022199618880576 0.5046751995822578 0.4995940221071276 0.47521056095117564 0.5003963334160848 
0.3319135318179155 0.9930853708067291 1.0 0.561846093417036 0.5591167806948794 0.5338559708032858 0.4749042734792863 0.5633267502480237 0.5445448042089428 0.4495857072653429 0.46965210793316 0.5690050485875189 
0.6955354505526579 0.2874006485226188 1.0 0.49671042873964133 0.5008776174015552 0.49863470044272895 0.4992514461277238 0.49330257931132815 0.5074809918125012 0.5002620422233417 0.5039104305236735 0.4977303372559515 
0.6955354505526579 0.2874006485226188 1.0 0.49671042873964133 0.5008776174015552 0.49863470044272895 0.4992514461277238 0.49330257931132815 0.5074809918125012 0.5002620422233417 0.5039104305236735 0.4977303372559515 
0.6955354505526579 0.2874006485226188 1.0 0.49671042873964133 0.5008776174015552 0.49863470044272895 0.4992514461277238 0.49330257931132815 0.5074809918125012 0.5002620422233417 0.5039104305236735 0.4977303372559515 
0.7024071002361831 0.27867531479697105 1.0 0.49764656318936634 0.501028124924398 0.5041358908324081 0.5052900780241524 0.4948144166829057 0.5033231077259842 0.502583743133544 0.506686778586227 0.49842801198180836 
0.7024071002361831 0.27867531479697105 1.0 0.49764656318936634 0.501028124924398 0.5041358908324081 0.5052900780241524 0.4948144166829057 0.5033231077259842 0.502583743133544 0.506686778586227 0.49842801198180836 
0.6469600188222668 0.26564870694663933 1.0 0.49509530180518546 0.5007037939124839 0.5049327936765741 0.5050184650650484 0.49626684717165925 0.5059485039998048 0.5011508783369851 0.5056092200656852 0.49852111163112867 
0.9930529832611691 0.0 1.0 0.5286203842058097 0.4934262010389101 0.4681708834739313 0.5295075584878385 0.4757783841698605 0.4743384372165368 0.4486196425306903 0.47835873901875614 0.5020170899059753 
0.0 1.0 0.13009667857431845 0.5036478911939382 0.49802009492041865 0.5045048580927951 0.4975498994833104 0.4979615020084068 0.48818147708070453 0.4950509369066055 0.5036039331946023 0.5069089108392122 
0.32305120820554006 0.3859895094246951 0.9930944117208624 0.4919695553408989 0.5111384813358106 0.517405306676797 0.4961594458128456 0.5145754043888608 0.506108518795447 0.4898979616459459 0.47879352652463836 0.4920178912939619 
0.32305120820554006 0.33098409209991786 0.9930944117208624 0.4919695553408989 0.5111384813358106 0.517405306676797 0.4961594458128456 0.5145754043888608 0.506108518795447 0.4898979616459459 0.47879352652463836 0.4920178912939619 
0.32305120820554006 0.33098409209991786 0.9930944117208624 0.4919695553408989 0.5111384813358106 0.517405306676797 0.4961594458128456 0.5145754043888608 0.506108518795447 0.4898979616459459 0.47879352652463836 0.4920178912939619 
0.34017072729558695 0.2610175492907345 0.9930944117208624 0.4922888701195546 0.5111583618250551 0.5179501570015805 0.4952561149659365 0.5143788643081294 0.503849368535672 0.482158006320127 0.4812572830073991 0.49089073160667485 
0.991865903313938 0.4988186350475007 0.9912476430964121 0.519971138859449 0.5207399682472804 0.5271746345669599 0.4547253241255256 0.5674066224060264 0.5673077270843405 0.5091290575699016 0.4833648603296189 0.6276323482214197 
1.0 0.0 0.9390841069277747 0.5009223252478804 0.49248350594736595 0.49162163172214357 0.5086403203044416 0.4970404473733039 0.5027374468250738 0.50243742428366 0.4941171512666114 0.49465262463545057 
0.07469239381218373 1.0 0.510838219072279 0.503853979644831 0.49607831314043516 0.5051699426926495 0.48987994916411703 0.49716985496903965 0.49606533613258286 0.49471689832436394 0.4977307606563916 0.502930320364997 
0.17504894232043627 0.9931163596292822 0.5938843785700239 0.5174878878863304 0.5488707665127514 0.5168054449184979 0.49058041293884125 0.5203519750700832 0.48392354044892893 0.47627561514464156 0.49884629010956394 0.5425744590423975 
0.5136105178455529 0.22701171122296823 0.9877734609626883 0.4958521791412733 0.5076665396466644 0.4956155363973694 0.5347803044074625 0.45946159588490904 0.48102879647323676 0.47206314460018606 0.4687541698360953 0.520230323816931 
0.5136105178455529 0.22701171122296823 0.9877734609626883 0.4958521791412733 0.5076665396466644 0.4956155363973694 0.5347803044074625 0.45946159588490904 0.48102879647323676 0.47206314460018606 0.4687541698360953 0.520230323816931 
0.9930529832611691 0.0 0.9865273997312809 0.5289833842562178 0.4898215332071432 0.4707404106469276 0.525928297713703 0.49985805504922315 0.4761985774826937 0.45151719252774586 0.4790564475117203 0.4982089581757223 
1.0 0.0 0.9390841069277747 0.5009223252478804 0.49248350594736595 0.49162163172214357 0.5086403203044416 0.4970404473733039 0.5027374468250738 0.50243742428366 0.4941171512666114 0.49465262463545057 
0.07558113020749566 1.0 0.40364819403710156 0.5007136123452651 0.49486260297821594 0.49988271048934946 0.49651794562301194 0.4950672984453226 0.49450095240964476 0.49735429073094894 0.5058785349009893 0.5095911453641638 
0.17504894232043627 0.9931163596292822 0.5938843785700239 0.5174878878863304 0.5488707665127514 0.5168054449184979 0.49058041293884125 0.5203519750700832 0.48392354044892893 0.47627561514464156 0.49884629010956394 0.5425744590423975 
0.009030429995865306 0.9878472322774333 0.7719748946198988 0.4944978536143726 0.5485675409352668 0.5375364489300616 0.5103594332257149 0.4355068793106106 0.48513363969686685 0.49401639842792083 0.5372293419790731 0.49885333287606404 
0.9930934561263015 0.077788903911234 0.7886655124763106 0.503660587923437 0.4652629119511039 0.5064997069823849 0.518445740976403 0.49902433056768103 0.5027083068944236 0.5023570795584303 0.4815770365052179 0.48503145397464825 
1.0 0.0 1.0 0.49921678781338324 0.493944618915268 0.4900647392121943 0.5077329798577844 0.4965209770477333 0.5034166701993339 0.5008831695912042 0.4963068619044104 0.4909054074293968 
0.0 1.0 0.3591497613489519 0.5017097703303366 0.4997480897937103 0.5009294881582551 0.4942353443025146 0.49351732160399475 0.49259594552192254 0.4950781314029312 0.5036958850267436 0.5068378017552582 
0.0364618743300867 0.9931952826806103 0.2335720834478512 0.4998801621352139 0.5079731389075952 0.49383462150672014 0.5082375165146649 0.4896624595217286 0.491430230365452 0.5010132483270696 0.5078785122409888 0.5118101569390698 
0.9930934561263015 0.077788903911234 0.7886655124763106 0.503660587923437 0.4652629119511039 0.5064997069823849 0.518445740976403 0.49902433056768103 0.5027083068944236 0.5023570795584303 0.4815770365052179 0.48503145397464825 
1.0 0.0 0.985395227969426 0.4999388559213973 0.49523560019431717 0.4866346066403702 0.510892492189206 0.4970403920854781 0.5024639032738853 0.5023895453069283 0.4933219571282359 0.4938802326622822 
0.046648570918563385 1.0 0.4528969690744338 0.5023560738324766 0.5080723704174976 0.5045450106210028 0.4956286334139079 0.49577066487102894 0.4949099397320752 0.49515482674031686 0.49815403859211294 0.49573821180106104 
0.9930934561263015 0.1696702068675217 0.7825110303718246 0.5029094070614648 0.45866089876003624 0.5149662343715397 0.5173961876814139 0.49766352168442446 0.5049914572429925 0.5020485276652227 0.48468652119188793 0.48338598972267727 
1.0 0.18223170872718475 0.583056107526182 0.502673947096259 0.4926082782906107 0.49736258960806834 0.5083225256106039 0.5075374513309402 0.5038305062549087 0.5019702634971571 0.4861269369530019 0.5018655605331956 
0.07981240492476305 1.0 0.42666439613196794 0.5012196463411279 0.5042233458007805 0.5023699125407614 0.49466656072515575 0.493973921357447 0.49317848929537533 0.49647312164924756 0.5003896537750696 0.49437178677951604 
1.0 0.18223170872718475 0.583056107526182 0.502673947096259 0.4926082782906107 0.49736258960806834 0.5083225256106039 0.5075374513309402 0.5038305062549087 0.5019702634971571 0.4861269369530019 0.5018655605331956 
0.9933960151786744 1.0 0.7461686243259814 0.5230008575158844 0.5341581905612438 0.5345494747966363 0.2941946991052119 0.7499480200386162 0.7111317315331465 0.5540120184741795 0.592989051254753 0.618225731222636 
0.3537721803067673 0.993133305035504 1.0 0.5849341988937267 0.5173969577907209 0.544993808356471 0.47474143780250966 0.548205836689104 0.5139528893630988 0.4520867780892453 0.4982508301385298 0.5657831605867035 
0.7221246076166761 0.2588305011547223 1.0 0.496933341344152 0.49999784827001825 0.5019686854713463 0.5049381665621366 0.49662290087779565 0.5074130932350466 0.5007625500576796 0.50511761904246 0.4943579936609388 
0.6873106016530905 0.2762711561425383 1.0 0.4948077761356915 0.5004362168313146 0.5024743697106778 0.5043969872448563 0.4966370760258606 0.5085835545869609 0.49902692604341536 0.5028912509869568 0.4974070754943003 
0.7024071002361831 0.27867531479697105 1.0 0.49764656318936634 0.501028124924398 0.5041358908324081 0.5052900780241524 0.4948144166829057 0.5033231077259842 0.502583743133544 0.506686778586227 0.49842801198180836 
0.7024071002361831 0.27867531479697105 1.0 0.49764656318936634 0.501028124924398 0.5041358908324081 0.5052900780241524 0.4948144166829057 0.5033231077259842 0.502583743133544 0.506686778586227 0.49842801198180836 
0.7587883863103168 0.27950634089516097 1.0 0.49912244024671903 0.5001284189251799 0.5019710535962322 0.5071451834918197 0.4951655932674963 0.504000386423733 0.5029509333333435 0.5074562721832889 0.4954583803150304 
0.9930515593328609 0.011855154924135053 1.0 0.5185503570989107 0.4838574136606245 0.4799301086300663 0.523547717346261 0.46791405842285927 0.4777535286806381 0.45220056131038905 0.47733723760628766 0.4969563499224624 
0.07558113020749566 1.0 0.40364819403710156 0.5007136123452651 0.49486260297821594 0.49988271048934946 0.49651794562301194 0.4950672984453226 0.49450095240964476 0.49735429073094894 0.5058785349009893 0.5095911453641638 
0.3537721803067673 0.993133305035504 1.0 0.5849341988937267 0.5173969577907209 0.544993808356471 0.47474143780250966 0.548205836689104 0.5139528893630988 0.4520867780892453 0.4982508301385298 0.5657831605867035 
0.3576704244592025 0.24401059439305772 0.9965163533284233 0.5016122836584342 0.5131605728421074 0.5030853085929419 0.5000847437007283 0.5045545974649575 0.507538873525945 0.49808171688762637 0.48105176723831233 0.49780723665332044 
0.3576704244592025 0.24401059439305772 0.9965163533284233 0.5016122836584342 0.5131605728421074 0.5030853085929419 0.5000847437007283 0.5045545974649575 0.507538873525945 0.49808171688762637 0.48105176723831233 0.49780723665332044 
0.9930529832611691 0.0 1.0 0.5293693438086784 0.48883759262149773 0.46905254226286336 0.5268845189529296 0.4976510852263442 0.4744194485977458 0.4508205708475805 0.4796828326726138 0.4993220674499138 
1.0 0.0 0.9390841069277747 0.5009223252478804 0.49248350594736595 0.49162163172214357 0.5086403203044416 0.4970404473733039 0.5027374468250738 0.50243742428366 0.4941171512666114 0.49465262463545057 
0.046648570918563385 1.0 0.4528969690744338 0.5023560738324766 0.5080723704174976 0.5045450106210028 0.4956286334139079 0.49577066487102894 0.4949099397320752 0.49515482674031686 0.49815403859211294 0.49573821180106104 
0.061072192255590727 0.9965976413403052 0.3211638703920987 0.49875943359676145 0.5003053771387087 0.5085218341588867 0.5015214155513862 0.4942526679304886 0.49330980713394756 0.4992142826542524 0.507269886433537 0.5108721209353693 
0.991865903313938 0.4988186350475007 0.9912476430964121 0.519971138859449 0.5207399682472804 0.5271746345669599 0.4547253241255256 0.5674066224060264 0.5673077270843405 0.5091290575699016 0.4833648603296189 0.6276323482214197 
0.9965156975717315 0.037995910269241324 0.7314926597774956 0.5033499307903916 0.49231337425851307 0.48974839166026873 0.5127071730825203 0.4980793327366193 0.5011054565253653 0.50549805469184 0.4889425358526378 0.5013746670743897 
1.0 0.0 0.9390841069277747 0.5009223252478804 0.49248350594736595 0.49162163172214357 0.5086403203044416 0.4970404473733039 0.5027374468250738 0.50243742428366 0.4941171512666114 0.49465262463545057 
0.0 1.0 0.3591497613489519 0.5017097703303366 0.4997480897937103 0.5009294881582551 0.4942353443025146 0.49351732160399475 0.49259594552192254 0.4950781314029312 0.5036958850267436 0.5068378017552582 
0.0691123635799054 0.9965976413403052 0.33823384511317917 0.49915981292246325 0.5066523909648938 0.5115817660719495 0.5002605635873454 0.4933849758884655 0.4932069275150499 0.4985225158373442 0.5032486514680021 0.49498862803925375 
0.9965156975717315 0.037995910269241324 0.7314926597774956 0.5033499307903916 0.49231337425851307 0.48974839166026873 0.5127071730825203 0.4980793327366193 0.5011054565253653 0.50549805469184 0.4889425358526378 0.5013746670743897 
1.0 0.0 0.9390841069277747 0.5009223252478804 0.49248350594736595 0.49162163172214357 0.5086403203044416 0.4970404473733039 0.5027374468250738 0.50243742428366 0.4941171512666114 0.49465262463545057 
0.07981240492476305 1.0 0.42666439613196794 0.5012196463411279 0.5042233458007805 0.5023699125407614 0.49466656072515575 0.493973921357447 0.49317848929537533 0.49647312164924756 0.5003896537750696 0.49437178677951604 
0.9928712622791639 1.0 0.7899686997925992 0.5173577300691814 0.5146760394264294 0.4991816079150782 0.3355563108328743 0.7565879063735315 0.6305886586360108 0.5720450210549534 0.6022265529918558 0.7199120739842821 
1.0 0.0 1.0 0.49921678781338324 0.493944618915268 0.4900647392121943 0.5077329798577844 0.4965209770477333 0.5034166701993339 0.5008831695912042 0.4963068619044104 0.4909054074293968 
0.048291030318184894 1.0 0.44534255627684816 0.5019352224145728 0.5078145005240419 0.5052737924682388 0.49481243755441917 0.4945512896161527 0.4946025664519623 0.4955627919187247 0.49799505178101633 0.49558385243333475 
1.0 0.0 1.0 0.4962577505416831 0.498369220991931 0.49054428453613613 0.4973789826888204 0.4971570427095102 0.5161264312872746 0.4967540136303911 0.5015804844488996 0.49055948213706735 
0.9928712622791639 1.0 0.7302579159223744 0.5086397249771999 0.517654300702201 0.492231378218195 0.33529120939751345 0.7571384570557235 0.612189906743407 0.5718227030726262 0.6216199225251805 0.7199910998020462 
0.35638502520576515 0.993133305035504 1.0 0.5847471920895443 0.5170650424793419 0.5456603736654562 0.47493504771033046 0.5791553574121444 0.5137306853132743 0.45046141208921775 0.4638675382719476 0.5652062386280752 
0.6955354505526579 0.2874006485226188 1.0 0.49671042873964133 0.5008776174015552 0.49863470044272895 0.4992514461277238 0.49330257931132815 0.5074809918125012 0.5002620422233417 0.5039104305236735 0.4977303372559515 
0.7024071002361831 0.27867531479697105 1.0 0.49764656318936634 0.501028124924398 0.5041358908324081 0.5052900780241524 0.4948144166829057 0.5033231077259842 0.502583743133544 0.506686778586227 0.49842801198180836 
0.7789636777257286 0.28481756549311044 1.0 0.49897867741197205 0.49999463038459524 0.5007418416132841 0.5068344445817237 0.495350707694597 0.505317911717311 0.5018889571865586 0.5060972876439247 0.49490136224661624 
0.7268898209911532 0.2738349684707028 1.0 0.49655276000202603 0.5001368018060434 0.5019309173113273 0.5063807001353045 0.4972663253534717 0.5072837034989935 0.5004323030403539 0.5046195128117994 0.4958422939256514 
0.9930529832611691 0.0 1.0 0.5286203842058097 0.4934262010389101 0.4681708834739313 0.5295075584878385 0.4757783841698605 0.4743384372165368 0.4486196425306903 0.47835873901875614 0.5020170899059753 
0.0 1.0 0.13009667857431845 0.5036478911939382 0.49802009492041865 0.5045048580927951 0.4975498994833104 0.4979615020084068 0.48818147708070453 0.4950509369066055 0.5036039331946023 0.5069089108392122 
0.3319135318179155 0.9930853708067291 1.0 0.561846093417036 0.5591167806948794 0.5338559708032858 0.4749042734792863 0.5633267502480237 0.5445448042089428 0.4495857072653429 0.46965210793316 0.5690050485875189 
0.9878061421329638 0.0 1.0 0.5443661038163092 0.5054727787536764 0.4511035758087503 0.5403359953454264 0.4460011662406189 0.46727972554075314 0.43541649179971786 0.4150086651016719 0.5205955310892099 
0.9930529832611691 0.0 1.0 0.5293693438086784 0.48883759262149773 0.46905254226286336 0.5268845189529296 0.4976510852263442 0.4744194485977458 0.4508205708475805 0.4796828326726138 0.4993220674499138 
1.0 0.0 0.9390841069277747 0.5009223252478804 0.49248350594736595 0.49162163172214357 0.5086403203044416 0.4970404473733039 0.5027374468250738 0.50243742428366 0.4941171512666114 0.49465262463545057 
0.07273005034943195 1.0 0.41012015396975116 0.5006745751222492 0.4954608624868264 0.5079508426173482 0.49695396156567995 0.4946290656962859 0.49445981803685607 0.4970149038962381 0.5037688672579756 0.5101718268846452 
0.22033503851386654 0.9966950165788339 0.9980614812535129 0.4921979848345547 0.5573243309556021 0.5121585500890075 0.4979635368031171 0.530052867446654 0.4911030507068922 0.4516743067309829 0.4974153149036187 0.5605211997470252 
0.9965207959173519 0.0 1.0 0.5197186976790563 0.4948243222476143 0.4816084805750195 0.5296080333167528 0.47343710836332786 0.49119670607440574 0.486550968017318 0.4525985705668144 0.4926257337829333 
1.0 0.07638794591165095 0.7831400304106464 0.49882275444529134 0.49396710185475445 0.4959130416230888 0.510898474368231 0.5023938649097935 0.5036033028352169 0.5002990400286986 0.49256482725178163 0.4923491245934557 
0.06856993272568843 1.0 0.406243116476777 0.5008748564185042 0.49618185974194007 0.4993262479362915 0.49659177899211826 0.49501699535374577 0.4945369252650007 0.49735162947140243 0.502730772016396 0.5110720578981054 
0.9928712622791639 1.0 0.7899686997925992 0.5173577300691814 0.5146760394264294 0.4991816079150782 0.3355563108328743 0.7565879063735315 0.6305886586360108 0.5720450210549534 0.6022265529918558 0.7199120739842821 
1.0 0.0 0.9323478067934151 0.5007293454716502 0.49297547624018867 0.4924655659141757 0.5081622096848283 0.49814393228474335 0.5036270112675477 0.5027857351237427 0.4938039586861646 0.5079717502848056 
0.005527183512532119 1.0 0.4435994367665375 0.5023060085653939 0.5033641691884627 0.5051340077912463 0.4968835326506451 0.49617173187115715 0.4973850795781747 0.49553097001035673 0.49794156802828937 0.5134961892057428 
1.0 0.07638794591165095 0.8062955909314721 0.4983310197820498 0.49534314897823006 0.4934195290822021 0.5120245603106132 0.5023938372658807 0.5034665310596227 0.5002751005403328 0.4921672301825939 0.4919629286068715 
0.9928712622791639 1.0 0.7899686997925992 0.5173577300691814 0.5146760394264294 0.4956071087698164 0.3355563108328743 0.7565879063735315 0.6305886586360108 0.5720450210549534 0.6022265529918558 0.7199120739842821 
0.30744203843006584 0.9930374365779542 1.0 0.5389449947445276 0.6011685189104167 0.5220515679411155 0.4748734992482421 0.5474981430839029 0.5146003476940534 0.4487100024414681 0.47543667759437236 0.5728038585469626 
0.7024071002361831 0.27867531479697105 1.0 0.49764656318936634 0.501028124924398 0.5041358908324081 0.5052900780241524 0.4948144166829057 0.5033231077259842 0.502583743133544 0.506686778586227 0.49842801198180836 
0.7447592671554597 0.3034732274898264 1.0 0.49763142602978294 0.5000598523295097 0.5018050882827159 0.5070677491970453 0.4968984546638806 0.5061379114581865 0.5023166097728586 0.5057607681108824 0.49535512013083394 
0.7626287133197662 0.33311148650894995 1.0 0.4987100920575398 0.49998290285297603 0.5016792592541045 0.5077547982587862 0.49653058397428956 0.5049921194173796 0.5042009165053634 0.5069020234099655 0.49486794633601644 
0.9930529832611691 0.0 1.0 0.5293693438086784 0.48883759262149773 0.46905254226286336 0.5268845189529296 0.4976510852263442 0.4744194485977458 0.4508205708475805 0.4796828326726138 0.4993220674499138 
0.0436332140890129 1.0 0.3890189069250876 0.5009222493416053 0.4998937219162904 0.5039718295148454 0.49822827743169745 0.4934400010345856 0.49441708939976414 0.4960080709129787 0.4962543651480777 0.5127889015624123 
0.31692365921474364 0.9930374365779542 1.0 0.5386219945074464 0.5456250193553972 0.5217681816408474 0.4760259773174481 0.541601661505007 0.5157933338252219 0.4436935777616134 0.4649089478141347 0.6017077892688908 
0.9930529832611691 0.0 1.0 0.5293693438086784 0.48883759262149773 0.46905254226286336 0.5268845189529296 0.4976510852263442 0.4744194485977458 0.4508205708475805 0.4796828326726138 0.4993220674499138 
1.0 0.07638794591165095 0.6835868564818127 0.49882275444529134 0.49396710185475445 0.4959130416230888 0.510898474368231 0.5023938649097935 0.5036033028352169 0.5002990400286986 0.49256482725178163 0.4923491245934557 
0.0 1.0 0.45410579658102546 0.5024281472813468 0.5043431673038059 0.5055527805383874 0.4969147248703944 0.49617827756954813 0.4974065701382283 0.495480956384857 0.49804646145888964 0.513536847006004 
0.9928712622791639 1.0 0.7899686997925992 0.5173577300691814 0.5146760394264294 0.4991816079150782 0.3355563108328743 0.7565879063735315 0.6305886586360108 0.5720450210549534 0.6022265529918558 0.7199120739842821 
1.0 0.07638794591165095 0.6835868564818127 0.49882275444529134 0.49396710185475445 0.4959130416230888 0.510898474368231 0.5023938649097935 0.5036033028352169 0.5002990400286986 0.49256482725178163 0.4923491245934557 
0.0436332140890129 1.0 0.3890189069250876 0.5009222493416053 0.4998937219162904 0.5039718295148454 0.49822827743169745 0.4934400010345856 0.49441708939976414 0.4960080709129787 0.4962543651480777 0.5127889015624123 
1.0 0.08671723746039472 0.48523625642334456 0.5047182785396058 0.49454341041140154 0.49357213859491533 0.5118488809709758 0.5046712541801013 0.5011320909413505 0.5062452840419374 0.49297501965113355 0.49625022989238377 
0.9928712622791639 1.0 0.7899686997925992 0.5173577300691814 0.5146760394264294 0.4991816079150782 0.3355563108328743 0.7565879063735315 0.6305886586360108 0.5720450210549534 0.6022265529918558 0.7199120739842821 
0.31692365921474364 0.9930374365779542 1.0 0.5383010316124928 0.5479900595472444 0.5216110557597107 0.47787760828367887 0.5457422546962294 0.5148830977887535 0.4465571763048628 0.46604180931257094 0.5931945107561813 
0.44031043297552175 0.1569707550598713 1.0 0.49186913339005645 0.5005597456089792 0.50231357804376 0.5072534683831099 0.4957584756543982 0.5059572935310304 0.5002684952173858 0.5014514978507119 0.4920509036130537 
0.5619624649927824 0.44929814156868436 1.0 0.49896160371581744 0.5027607738330386 0.5052146124429377 0.4988482951274107 0.49368898520804594 0.5073785674778222 0.5036130174683987 0.5108963687446431 0.4958835383960345 
0.9930515593328609 0.011855154924135053 1.0 0.5185503570989107 0.4838574136606245 0.4799301086300663 0.523547717346261 0.46791405842285927 0.4777535286806381 0.45220056131038905 0.47733723760628766 0.4969563499224624 
0.02681338910463521 1.0 0.41003162655406356 0.5011665267735111 0.5018517181469768 0.5048093750091276 0.49829066187119603 0.4934530924313676 0.4944600705198714 0.49590804366197927 0.4964641520092783 0.5128702171629346 
0.9930558311177855 0.023710309848270106 1.0 0.5088147205637036 0.47192833412195095 0.47955035176437033 0.517785044351014 0.48531701263922933 0.47833323368593805 0.4426095424734504 0.464790049115694 0.49210995410923164 
1.0 0.07638794591165095 0.6835868564818127 0.49882275444529134 0.49396710185475445 0.4959130416230888 0.510898474368231 0.5023938649097935 0.5036033028352169 0.5002990400286986 0.49256482725178163 0.4923491245934557 
0.059580347229604036 1.0 0.4222093304661846 0.5008375175892135 0.49801755084993937 0.5049861007658978 0.49763376064804576 0.49397768457546787 0.4944529360136124 0.4965588397705616 0.49675895988783314 0.5129206189572091 
1.0 0.0 0.9323478067934151 0.5007293454716502 0.49297547624018867 0.4924655659141757 0.5081622096848283 0.49814393228474335 0.5036270112675477 0.5027857351237427 0.4938039586861646 0.5079717502848056 
0.9928712622791639 1.0 0.8631363517825972 0.526465881969128 0.517654300702201 0.5029548756539804 0.33529120939751345 0.7571384570557235 0.64718064364277 0.5718227030726262 0.5812161511599482 0.7199910998020462 
0.31692365921474364 0.9930374365779542 1.0 0.5386219945074464 0.5456250193553972 0.5217681816408474 0.4760259773174481 0.541601661505007 0.5157933338252219 0.4436935777616134 0.4649089478141347 0.6017077892688908 
0.7374210780192131 0.29854905830274675 1.0 0.493419081148835 0.4947552258563587 0.5002350088736673 0.5061821764887136 0.4866631471843809 0.5079324094461842 0.49946414171606607 0.5035888534886006 0.5014855325507088 
0.9930558311177855 0.023710309848270106 1.0 0.5088147205637036 0.47192833412195095 0.4791763356720703 0.517785044351014 0.48531701263922933 0.47833323368593805 0.4426095424734504 0.464790049115694 0.49210995410923164 
0.059580347229604036 1.0 0.4222093304661846 0.5008375175892135 0.49801755084993937 0.5049861007658978 0.49763376064804576 0.49397768457546787 0.4944529360136124 0.4965588397705616 0.49675895988783314 0.5129206189572091 
1.0 0.0 0.5891826278220454 0.5000874196817429 0.49770555662388316 0.49215131415190233 0.5118654716172898 0.5064251186671882 0.501806539194611 0.5085129322102415 0.4960696816830371 0.49094519325938674 
0.9928712622791639 1.0 0.8134242520443706 0.5284997307914552 0.5179852478852189 0.5009153662426171 0.3079118369995376 0.7580063606072867 0.6473882318710475 0.5712637848492195 0.5650634155783656 0.7200156925980257 
0.31692365921474364 0.9930374365779542 1.0 0.5383010316124928 0.5479900595472444 0.5216110557597107 0.47787760828367887 0.5457422546962294 0.5148830977887535 0.4465571763048628 0.46604180931257094 0.5931945107561813 
0.9930558311177855 0.023710309848270106 1.0 0.5088147205637036 0.47192833412195095 0.4791763356720703 0.517785044351014 0.48531701263922933 0.47833323368593805 0.4426095424734504 0.464790049115694 0.49210995410923164 
0.9928040702554035 1.0 0.7612936486139071 0.521578552227872 0.5248392909420837 0.5334284374419302 0.3000420841250221 0.7634649241734337 0.7118338056144666 0.5483141468764144 0.5871851902179512 0.6165038962040198 
0.9930558311177855 0.023710309848270106 1.0 0.5088147205637036 0.47192833412195095 0.47955035176437033 0.517785044351014 0.48531701263922933 0.47833323368593805 0.4426095424734504 0.464790049115694 0.49210995410923164 
