0.5718833380834081 0.5718512367910108 0.6164695455804717 0.0 
0.7072525875020512 0.7072499790926982 1.5524716564981937E-5 0.0 
0.7072459014780198 0.7072435723170505 1.3641702865087136E-6 0.0 
0.707249996619604 0.7072473882198064 1.3564329339145322E-5 0.0 
0.7072459014780198 0.7072435723170505 1.3641702865087136E-6 0.0 
0.7072525875020512 0.7072499790926982 1.5524716564981937E-5 0.0 
0.7072963738638227 0.7072968497816337 2.7693376540853284E-5 0.0 
0.7072963738638227 0.7072968497816337 2.7693376540853284E-5 0.0 
0.6134417142258932 0.6134488210312964 1.4027726103366123E-5 0.6193708301790968 
0.7072706516468957 6.115589453284567E-7 0.7072709652627807 0.0 
1.000143909204502 0.0 1.3450361887273159E-6 0.0 
1.0000839580422514 0.0 5.2651586856585384E-6 0.0 
1.0000885873816034 0.0 1.1698324918453065E-5 0.0 
1.0000815758671597 3.960562461963359E-8 1.1519474727562405E-6 0.0 
1.0001024640868912 0.0 1.0913743613352837E-5 0.0 
1.0000815758671597 3.960562461963359E-8 1.1519474727562405E-6 0.0 
0.7119898153233404 0.0 1.6102581377639783E-6 0.7119898153251611 
0.7072706516468957 6.115589453284567E-7 0.7072709652627807 0.0 
1.000143909204502 0.0 1.3450361887273159E-6 0.0 
1.0000839580422514 0.0 5.2651586856585384E-6 0.0 
1.0000712305109603 7.921042983752232E-8 2.1109938204157816E-6 0.0 
1.0000885873816034 0.0 1.1698324918453065E-5 0.0 
1.0000815758671597 3.960562461963359E-8 1.1519474727562405E-6 0.0 
0.7119362768977713 1.1277752381934976E-7 9.813043098693396E-8 0.7119362768977868 
0.7073339429529627 6.862053332233785E-7 0.7073360780072208 0.0 
1.0001177278493534 0.0 1.0530672948541766E-5 0.0 
1.0000885873816034 0.0 1.1698324918453065E-5 0.0 
1.0000815758671597 3.960562461963359E-8 1.1519474727562405E-6 0.0 
1.0000712305109603 7.921042983752232E-8 2.1109938204157816E-6 0.0 
0.7115284448648244 1.127129193198988E-7 2.5050085480616753E-6 0.7115284448692427 
0.7073607045756723 6.862312954558036E-7 0.7073630876714245 0.0 
1.0001302911643684 0.0 0.0 0.0 
1.0000835669782004 0.0 0.0 0.0 
1.0001022734826688 1.5842577717903426E-7 1.0165830759643942E-5 0.0 
0.7115966762933056 5.6361863915779575E-8 8.362586677343478E-7 0.7115966762937991 
0.7074308606319005 8.602807847890332E-7 0.7074374797908912 0.0 
1.0000993242774394 0.0 6.083691855125933E-6 0.0 
1.0000780412760522 1.5842193856545664E-7 8.434118422353098E-6 0.0 
0.7115966762933056 5.6361863915779575E-8 8.362586677343478E-7 0.7115966762937991 
0.7075064339944631 8.674833440108276E-7 0.707507104743292 0.0 
1.0000835669782004 0.0 0.0 0.0 
0.7115284448648244 1.127129193198988E-7 2.5050085480616753E-6 0.7115284448692427 
0.7077818394149481 1.1605911195655887E-6 0.7077690832032123 0.0 
0.7119524194658181 0.0 0.0 0.711952419465818 
0.6476708695540258 0.0 0.6476647115892228 0.45099000307397147 
8.713367606796617E-8 0.7085934604167804 0.708588365706052 0.0 
1.8276019420025567E-6 1.00083596106525 3.191264324902714E-5 0.0 
1.8276019420025567E-6 1.00083596106525 3.191264324902714E-5 0.0 
8.430499773852377E-7 1.0008444168330055 4.085407520679352E-5 0.0 
3.2344092851295363E-6 1.0010609170563114 4.198299486345066E-5 0.0 
5.047405710882494E-7 1.0010010790877382 2.4330902170327175E-5 0.0 
1.6834254784759935E-6 1.001240149010425 4.159027749020031E-6 0.0 
4.352735884366572E-17 0.7108557156883302 0.0 0.7108557156883301 
6.898487599019226E-7 2.7243514694685344E-7 1.0002766120759798 0.0 
0.6097016104641387 0.6096672577496774 0.5548545023698515 0.02484993150766855 
0.6758408580684134 0.6757189194803533 0.3220436467231481 0.16385054463063117 
0.7003107403186543 0.7001945949113292 0.1823286318647553 0.15734432645567104 
0.6802097023299934 0.6801819121321927 2.0301490173398203E-5 0.30814638092162516 
0.594234410427513 0.594232328569679 0.0010324461049151564 0.5530364946750799 
1.3866927234699891E-17 5.820924793124864E-17 1.3086471292846648E-17 1.000328597296785 
1.6198797994324038E-6 3.554036244634581E-7 1.0002807833882417 0.0 
0.6798673601784615 0.3366885246784631 0.6808186949427144 0.16672571248231874 
0.8360579918433843 0.32444082030689064 0.4210056979904341 0.23164583000810912 
0.8263384245628111 0.386560941222565 0.09860000813182715 0.40865257263498733 
0.6743716323660739 0.33564300359399746 0.0 0.6779812644925851 
1.3866927234699891E-17 5.820924793124864E-17 1.3086471292846648E-17 1.000328597296785 
1.962257975029022E-6 4.305218181633E-7 1.0002215368891834 0.0 
0.6960729368755717 0.0 0.6960833197875642 0.1958099569617287 
0.8205162053852814 0.0 0.42119457039929625 0.39727411438981197 
0.6956584286067901 0.20103124774737904 0.0840426485340144 0.6916392914746262 
1.3865852192479919E-17 5.820471477279983E-17 1.3085441730229362E-17 1.0002506763872179 
7.415967402031349E-7 2.6466668724853005E-7 1.000438729615517 0.0 
0.6816770866533963 0.01089007551700266 0.6757133037843508 0.30504559268248943 
0.6737897286017135 0.0 0.2851430470981953 0.6934008944117911 
1.2176275984767717E-17 5.947490660021827E-17 8.127782702457709E-18 1.0002916851073445 
6.036259438922152E-17 1.0448664296098552E-17 1.000455693207497 0.0 
0.6009105311652132 0.01920375599191611 0.5905918882669651 0.5958241833453998 
1.2177412619883075E-17 5.948044649584409E-17 8.118876890227395E-18 1.0003639385697185 
6.036259438922152E-17 1.0448664296098552E-17 1.000455693207497 0.0 
2.1266708238299842E-17 5.702562086253551E-17 7.085945443803073E-18 1.0006672816288151 
2.835954420495929E-17 3.273505702403058E-17 0.7073232474476224 0.7073232474476223 
8.713367606796617E-8 0.7085934604167804 0.708588365706052 0.0 
2.3198940763921133E-6 1.000841392983299 2.7442248791431012E-5 0.0 
2.3198940763921133E-6 1.000841392983299 2.7442248791431012E-5 0.0 
3.2344092851295363E-6 1.0010609170563114 4.198299486345066E-5 0.0 
6.1310799570197E-17 1.001281342716675 2.8509900405102867E-6 0.0 
5.047405710882494E-7 1.0010010790877382 2.4330902170327175E-5 0.0 
4.3548057911053606E-17 0.7111937571122295 0.0 0.7111937571122294 
1.962257975029022E-6 4.305218181633E-7 1.0002215368891834 0.0 
0.2534160143384603 0.6897665472004708 0.6861888752560876 0.0 
0.4134919534682458 0.8211432443797825 0.3374199034036016 0.26939753128737465 
0.38450460634485795 0.8326426543702591 0.007531465433518417 0.4084602805444328 
0.3497566861559878 0.6850038848044314 0.0 0.6922447912647973 
1.3866435360777835E-17 5.8207152514055E-17 1.3085934717134947E-17 1.0002923859762616 
8.530464761523989E-7 3.36885206717071E-7 1.0004330649160946 0.0 
0.39876093598108164 0.40897279968283046 0.8180916340748543 0.13473140263622882 
0.5436660430250108 0.4480295782618819 0.555767086782299 0.47955781724334634 
0.39740688084561 0.39757185839424836 0.26891024247009565 0.8112175122156419 
1.3865852192479919E-17 5.820471477279983E-17 1.3085441730229362E-17 1.0002506763872179 
6.898487599019226E-7 2.7243514694685344E-7 1.0002766120759798 0.0 
0.4057719807444566 0.26203675592570935 0.8287665851888101 0.3582806972218662 
0.38738149481666384 0.25811467634096824 0.39149509820667855 0.8043942351641223 
1.3866435360777835E-17 5.8207152514055E-17 1.3085934717134947E-17 1.0002923859762616 
2.8857423735884122E-6 9.645082454303192E-7 1.000367263128086 0.0 
0.31467671027290034 0.16927230227741863 0.6833064233156178 0.6862697368056666 
1.2176275984767717E-17 5.947490660021827E-17 8.127782702457709E-18 1.0002916851073445 
2.8857423735884122E-6 9.645082454303192E-7 1.000367263128086 0.0 
3.7185758292481395E-33 6.072895192045833E-17 8.13086990042523E-18 1.0006288616791907 
9.985124670099461E-8 9.70543337979981E-8 0.7076793294997031 0.7076793294997167 
4.339326931917363E-17 0.7086658675690937 0.7086623550657968 0.0 
3.507711419754708E-7 1.000858304518803 4.5325285301299855E-5 0.0 
6.131134679194232E-17 1.001290279525977 1.68864818228364E-5 0.0 
1.6834254784759935E-6 1.001240149010425 4.159027749020031E-6 0.0 
6.1305346168637E-17 1.0011922819105095 3.904935193333315E-6 0.0 
4.354719224359888E-17 0.7111796196898262 0.0 0.7111796196898261 
6.899687573100966E-7 2.7248253633628103E-7 1.000450607606425 0.0 
0.21644921055249547 0.7023714968555799 0.6863025720605186 0.0 
0.2516821155287271 0.8139992698977763 0.3747189969442207 0.4099469098909354 
0.10795335931671451 0.6908064546340774 0.10667068871612434 0.7072807938740027 
2.1718836199843042E-17 5.65455772766503E-17 9.063471772783165E-18 1.0002476382467784 
8.530464761523989E-7 3.36885206717071E-7 1.0004330649160946 0.0 
0.26311882104651746 0.4017145024935809 0.7898993303048356 0.4181097008450869 
0.2560348776071705 0.41189200156122296 0.30774764349419786 0.8276729189361997 
1.5671201124631994E-17 5.757484941972258E-17 1.3793010675093486E-17 1.0001730150389025 
7.415967402031349E-7 2.6466668724853005E-7 1.000438729615517 0.0 
0.22296884258497607 0.2100527855462855 0.6849585351373753 0.6784917364775322 
3.653953558281002E-33 5.967359014574694E-17 1.3794050576590128E-17 1.0002418408957539 
3.937164173994475E-7 0.0 1.000468005957117 0.0 
1.5671201124631994E-17 5.757484941972258E-17 1.3793010675093486E-17 1.0001730150389025 
2.835954420495929E-17 3.273505702403058E-17 0.7073232474476224 0.7073232474476223 
4.3389192687858897E-17 0.708599291127338 0.7085957789540274 0.0 
6.131134679194232E-17 1.001290279525977 1.68864818228364E-5 0.0 
2.5252488155118126E-6 1.001284002004771 4.8133160572079875E-6 0.0 
6.131667961215059E-17 1.001377371089226 2.10680539032325E-5 0.0 
7.218125304236435E-6 0.711203315571395 3.1546973382786305E-7 0.7112033156080938 
8.159992539334185E-7 2.9744127176035453E-7 1.0005275995127088 0.0 
4.224810697055046E-17 0.6899639471554613 0.6899658717676206 0.3125720380245643 
4.314277810258078E-17 0.7045750355550426 0.3128187411353992 0.6809419333728485 
2.1718836199843042E-17 5.65455772766503E-17 9.063471772783165E-18 1.0002476382467784 
6.899687573100966E-7 2.7248253633628103E-7 1.000450607606425 0.0 
0.1486363665793243 0.10850781354695402 0.7037693318838008 0.6972644471355743 
1.738264501726961E-17 5.496381025379097E-17 2.0735950023609163E-17 1.0005008817442298 
3.2030480123108994E-7 1.0705620316831814E-7 1.0005900286649052 0.0 
3.653953558281002E-33 5.967359014574694E-17 1.3794050576590128E-17 1.0002418408957539 
2.859783511424219E-7 2.79660876026914E-7 0.7074404327894191 0.7074404327895322 
4.33893107301637E-17 0.7086012189044716 0.7086003955914792 0.0 
6.131134679194232E-17 1.001290279525977 1.68864818228364E-5 0.0 
6.13169316395544E-17 1.0013814870090811 0.0 0.0 
4.3548057911053606E-17 0.7111937571122295 0.0 0.7111937571122294 
7.833291355829449E-7 2.85532631520937E-7 1.0005275995127385 0.0 
0.008059885235787831 0.5973351349971352 0.6239981143978351 0.5343412834949456 
1.738264501726961E-17 5.496381025379097E-17 2.0735950023609163E-17 1.0005008817442298 
5.810653729696842E-17 1.942108029090607E-17 1.000553079602865 0.0 
1.7303986486352196E-17 5.820652239051319E-17 8.109255443482826E-18 1.0005049886263702 
2.859783511424219E-7 2.79660876026914E-7 0.7074404327894191 0.7074404327895322 
4.342416312733897E-17 0.7091704017447734 0.7091690519282181 0.0 
6.132564584474215E-17 1.001523800779775 2.452807971380726E-5 0.0 
4.354719224359888E-17 0.7111796196898262 0.0 0.7111796196898261 
6.127607935263464E-17 0.0 1.0007143185332692 0.0 
1.7303986486352196E-17 5.820652239051319E-17 8.109255443482826E-18 1.0005049886263702 
4.223362939205419E-17 9.802216016462596E-18 0.7080610092547832 0.7080610092547831 
4.3487792076797284E-17 0.7102095413481696 0.7102044360063032 0.0 
4.352735884366572E-17 0.7108557156883302 0.0 0.7108557156883301 
6.00049986509664E-7 5.299804182781578E-7 0.7079730101305628 0.7079730101310153 
3.875234901149533E-17 0.6328738872052942 0.5857876225909252 0.5334198885230245 
