0.5669144773943673 0.5941063266113572 0.5848722641485518 0.0 
0.7075549871701635 0.7075549871701634 0.0 0.0 
0.7074829975868794 0.7074829975868793 0.0 0.0 
0.7075549871701635 0.7075549871701634 0.0 0.0 
0.7074829975868794 0.7074829975868793 0.0 0.0 
0.7073127435513369 0.7073127435513368 0.0 0.0 
0.7073127435513369 0.7073127435513368 0.0 0.0 
0.7076856544191722 0.7076856544191721 0.0 0.0 
0.6368820052283003 0.6310616623544053 0.0 0.5571441811884035 
0.70895657472443 0.0 0.7089565747244299 0.0 
1.0024144484540711 0.0 0.0 0.0 
1.0015620472795552 0.0 0.0 0.0 
1.0013360670139002 0.0 0.0 0.0 
1.0021972731436088 0.0 0.0 0.0 
1.0017532927623152 0.0 0.0 0.0 
1.001984676653845 0.0 0.0 0.0 
0.7098646533866257 0.0 0.0 0.7098646533866256 
0.7090701309373207 0.0 0.7090701309373206 0.0 
1.0017389019903395 0.0 0.0 0.0 
1.001071436964586 0.0 0.0 0.0 
1.001071436964586 0.0 0.0 0.0 
1.0016628868320798 0.0 0.0 0.0 
1.0017532927623152 0.0 0.0 0.0 
0.7099601675732133 0.0 0.0 0.7093386386259924 
0.7093836679273879 0.0 0.7093836679273878 0.0 
1.0015620472795552 0.0 0.0 0.0 
1.0013360670139002 0.0 0.0 0.0 
1.0013226026067328 0.0 0.0 0.0 
1.001582208772745 0.0 0.0 0.0 
0.7099601675732133 0.0 0.0 0.7093386386259924 
0.70895657472443 0.0 0.7089565747244299 0.0 
1.0020186406438474 0.0 0.0 0.0 
1.0023386231626996 0.0 0.0 0.0 
1.001582208772745 0.0 0.0 0.0 
0.7107657190959568 0.0 0.0 0.7101434849351018 
0.7099868862549479 0.0 0.7099868862549478 0.0 
1.0028915299875367 0.0 0.0 0.0 
1.0025613380001062 0.0 0.0 0.0 
0.7107657190959568 0.0 0.0 0.7101434849351018 
0.7097983438754032 0.0 0.7097983438754031 0.0 
1.001984676653845 0.0 0.0 0.0 
0.7110894854589234 0.0 0.0 0.7104669678593968 
0.7104079931137036 0.0 0.7104079931137035 0.0 
0.7098646533866257 0.0 0.0 0.7098646533866256 
0.5793411559914662 0.0 0.5311096241355159 0.6304538622949559 
4.3327844186169644E-17 0.7075973940622908 0.7075973940622907 0.0 
6.130154031215078E-17 1.0011301275572893 0.0 0.0 
6.129421672512534E-17 1.0010105243046528 0.0 0.0 
6.128384046683232E-17 1.0008410671468788 0.0 0.0 
6.126619297668123E-17 1.0005528617612383 0.0 0.0 
6.128658796297897E-17 1.0008859371640717 0.0 0.0 
6.129843330400367E-17 1.0010793862635665 0.0 0.0 
4.3536624781028864E-17 0.7110070399292393 0.0 0.7110070399292392 
1.771395260729174E-18 6.127667576682959E-17 1.001142114468617 0.0 
0.564865078630772 0.5919586291724108 0.5827579478930974 0.0 
0.6695706107799724 0.6695706107799723 0.33014458571645816 0.0 
0.6988744981724808 0.6988744981724807 0.16735662841484666 0.0 
0.6719366331251154 0.670903439884583 0.14594483471903155 0.2974799414908969 
0.5988100860143711 0.5969699970042827 0.0 0.5791908422231299 
2.795524638990189E-17 1.160820879264441E-18 5.4494590691605836E-17 1.0004138824888413 
6.128491779889561E-17 0.0 1.0008586613146673 0.0 
0.6781973915100437 0.3090133592942532 0.6800433342090461 0.0 
0.7944596762650409 0.39608310897200927 0.4008053991949375 0.27384649310746706 
0.8428982159234516 0.4063976649192729 0.09584367635817272 0.40247419531143247 
0.7020538789964471 0.2871316547203778 0.0010580024235828111 0.707648547762377 
2.795327117991626E-17 1.1607388601342831E-18 5.449074031382001E-17 1.0003431970989545 
1.771901998652992E-18 6.12942050084082E-17 1.0014285083005185 0.0 
0.6948937478598083 0.0 0.6948937478598083 0.2257974727531264 
0.822745669296274 0.2325414729380618 0.35414314218225607 0.38332177488511426 
0.6983754477403862 0.1213860521552624 0.2013054287172549 0.6916904256058561 
2.604234980482889E-17 2.6390192863310555E-18 5.5371195579358247E-17 1.000231776846406 
3.753895405796703E-33 6.130576437892642E-17 1.001199111802846 0.0 
0.6697033090692532 0.16159344004721868 0.6660362873586959 0.3144366134601609 
0.6602756358187956 0.1468538676970191 0.2870887481719117 0.689753485682764 
2.6016435029571748E-17 1.6179186982848577E-18 5.542770812910025E-17 1.0003071919329691 
1.7718923913200363E-18 6.129387266845024E-17 1.0014230785097529 0.0 
0.6143804489918887 0.0700376596510425 0.6165670474795859 0.5006646788580471 
1.82659056073572E-17 4.332925407365502E-18 5.831051943515508E-17 1.0004179489904546 
2.2882230790335777E-17 5.696024978045139E-17 1.0024862525083638 0.0 
1.7618728292460184E-18 3.256721537130766E-19 6.123634453157342E-17 1.0004933830725835 
3.919237770393406E-17 1.856036145384508E-17 0.7082053737560511 0.708205373756051 
4.3327844186169644E-17 0.7075973940622908 0.7075973940622907 0.0 
6.126679563722422E-17 1.0005627039548146 0.0 0.0 
6.126679563722422E-17 1.0005627039548146 0.0 0.0 
6.127030716487717E-17 1.0006200515534103 0.0 0.0 
6.126718220132661E-17 1.000569017025696 0.0 0.0 
6.128658796297897E-17 1.0008859371640717 0.0 0.0 
4.353275790285915E-17 0.7109438890163001 0.0 0.7109438890163 
1.7715250498971358E-18 6.128116547555781E-17 1.0012154676072016 0.0 
0.28272156715448854 0.6825502417997419 0.6752921292390236 0.0 
0.40307234592263796 0.7896960139234644 0.4003064275548656 0.2735055754599797 
0.4181482355152406 0.8126794355763999 0.26711120454925263 0.3944053162771447 
0.30444466404843584 0.6250792396008218 0.13847892427101363 0.7089337216656881 
2.795327117991626E-17 1.1607388601342831E-18 5.449074031382001E-17 1.0003431970989545 
3.7553739902346355E-33 6.13299114952862E-17 1.001593464139807 0.0 
0.3179817502451924 0.4248884837642126 0.8459804209625819 0.20669632358448964 
0.5468962968226632 0.546896296822663 0.5216626651674167 0.369255678944481 
0.4176508596599077 0.389432620906222 0.2717770983892388 0.8332607352760554 
2.5901479467114774E-17 2.4916219575044925E-18 5.544378035974954E-17 1.00022776287325 
4.036257125741204E-17 4.619280970383062E-17 1.001800450473468 0.0 
0.37769362171796406 0.0 0.8443031075448982 0.40036593783430974 
0.4170319830544592 0.14337630898324444 0.41605090048398596 0.8207439488516171 
2.5901479467114774E-17 2.4916219575044925E-18 5.544378035974954E-17 1.00022776287325 
1.7718923913200363E-18 6.129387266845024E-17 1.0014230785097529 0.0 
0.2748600741923527 0.026193840985794685 0.683310597709777 0.6917928590753716 
2.929568255666496E-17 4.0456889026941976E-18 5.3635306842434856E-17 1.0002601809697735 
3.2649677617193534E-17 5.192977872325758E-17 1.001772567800765 0.0 
1.7179156636131674E-18 5.088716617747151E-19 6.123564234342571E-17 1.0004819105622493 
3.919237770393406E-17 1.856036145384508E-17 0.7082053737560511 0.708205373756051 
4.332660452306197E-17 0.7075771488273621 0.707577148827362 0.0 
6.128336878918661E-17 1.0008333640663492 0.0 0.0 
6.12918833157746E-17 1.0009724168380367 0.0 0.0 
6.126619297668123E-17 1.0005528617612383 0.0 0.0 
6.127030716487717E-17 1.0006200515534103 0.0 0.0 
4.353275790285915E-17 0.7109438890163001 0.0 0.7109438890163 
3.753895405796703E-33 6.130576437892642E-17 1.001199111802846 0.0 
0.230737489963091 0.6950912858000732 0.6744286988710579 0.15371771808107917 
5.235747225950302E-17 0.8550624113982306 0.40308885674329337 0.345867526900399 
0.04208445091016023 0.6943623063438622 0.1385504503693459 0.7092998948097522 
2.922304563133637E-17 3.894844185571626E-18 5.368676636829528E-17 1.000270091268975 
3.1623739353996654E-17 5.2559355318985697E-17 1.0017517152703965 0.0 
0.2389707846363713 0.39840011478818727 0.849121860916909 0.4009188502212999 
0.278625533799675 0.40513223928478764 0.4150513877547006 0.8018827683781603 
2.618288243906893E-17 2.7879675708534868E-18 5.529965150688209E-17 1.0002624204148591 
3.371200841539796E-17 5.127077070650852E-17 1.002103722242386 0.0 
0.22373103769940605 0.17874400086489814 0.6798075608178175 0.6924267081239839 
2.482612727934483E-17 8.8146141650815E-19 5.59912169809202E-17 1.000364057679442 
4.2759110840463666E-17 4.394923249888451E-17 1.0013962011222386 0.0 
2.950305704346836E-17 3.1589022253248244E-18 5.3594169892612094E-17 1.0004459224050999 
3.939131386409578E-17 1.8134328756408406E-17 0.7082053737560511 0.708205373756051 
4.332660452306197E-17 0.7075771488273621 0.707577148827362 0.0 
6.128357762896529E-17 1.0008367746787612 0.0 0.0 
6.128336878918661E-17 1.0008333640663492 0.0 0.0 
6.12894741504818E-17 1.0009330721829985 0.0 0.0 
4.353275790285915E-17 0.7109438890163001 0.0 0.7109438890163 
3.812449592435213E-17 4.8060728370937214E-17 1.0018534254156322 0.0 
4.215628424488575E-17 0.6884643682445681 0.688464368244568 0.25383145706560944 
4.31930983990677E-17 0.7053968283612942 0.28058203704111395 0.6804846603810814 
2.604234980482889E-17 2.6390192863310555E-18 5.5371195579358247E-17 1.000231776846406 
6.128491779889561E-17 0.0 1.0008586613146673 0.0 
0.13448916091624039 0.3153744371278865 0.6533621967413764 0.6926094259013386 
2.618288243906893E-17 2.7879675708534868E-18 5.529965150688209E-17 1.0002624204148591 
3.509415047729203E-17 5.028717366492553E-17 1.001465797467517 0.0 
1.82659056073572E-17 4.332925407365502E-18 5.831051943515508E-17 1.0004179489904546 
3.939131386409578E-17 1.8134328756408406E-17 0.7082053737560511 0.708205373756051 
4.3327932866409234E-17 0.7075988423205095 0.7075988423205094 0.0 
6.131021059920514E-17 1.0012717240904347 0.0 0.0 
6.131021059920514E-17 1.0012717240904347 0.0 0.0 
4.353275790285915E-17 0.7109438890163001 0.0 0.7109438890163 
5.1395025182639483E-17 3.33546020769464E-17 1.00061039636729 0.0 
3.7957565814776575E-17 0.6198940925857824 0.5693287300238851 0.5528107224916003 
2.772401178591368E-17 3.036349370950868E-18 5.453101907320761E-17 1.0002763836090358 
5.1395025182639483E-17 3.33546020769464E-17 1.00061039636729 0.0 
2.772401178591368E-17 3.036349370950868E-18 5.453101907320761E-17 1.0002763836090358 
3.939131386409578E-17 1.8134328756408406E-17 0.7082053737560511 0.708205373756051 
4.339289163501361E-17 0.7086596995186764 0.7086596995186762 0.0 
6.129766480432232E-17 1.0010668357113275 0.0 0.0 
4.353275790285915E-17 0.7109438890163001 0.0 0.7109438890163 
4.091620342032078E-17 4.5758435254995314E-17 1.0024734233729338 0.0 
2.7272415463961026E-17 5.83571775954372E-18 5.453101907320761E-17 1.0002763836090358 
3.939131386409578E-17 1.8134328756408406E-17 0.7082053737560511 0.708205373756051 
4.339289163501361E-17 0.7086596995186764 0.7086596995186762 0.0 
4.3535492523181404E-17 0.7109885487553229 0.0 0.7109885487553228 
3.9419475920859667E-17 1.8147293543457017E-17 0.7087116914687585 0.7087116914687583 
3.7957565814776575E-17 0.6198940925857824 0.5693287300238851 0.5528107224916003 
