4.384550812932536E-17 0.7160514878224858 0.7151901116787438 
0.7083256023401603 0.7083256023401602 0.0 
0.7121929252029752 0.0 0.7064592373139429 
0.5807620781911887 0.5860163696755911 0.5737173588246254 
1.0009776338371492 0.0 0.0 
3.0585338708335124E-17 5.313338617859332E-17 1.0012288038018293 
5.370362832905439E-17 2.951822755324562E-17 1.0008006073698592 
6.130664847988599E-17 1.0012135502672292 0.0 
6.129645523228259E-17 1.0010470819008315 0.0 
1.0007226755259302 0.0 0.0 
0.7076092722238326 0.7079743433096086 0.09516249810685697 
4.265987458896141E-17 0.6966886226896257 0.7212849533242337 
0.22901453233100152 0.2318788072294261 0.9492924964446899 
0.22773738171855018 0.9470049691943448 0.24033988652817498 
0.2616759166619873 0.6775985873585357 0.6936714647302643 
0.7086007675240641 0.02822340387605721 0.70916261059227 
0.9472888503792731 0.2337458085121695 0.22959812880374036 
0.6886806041728315 0.6897871300834221 0.2614318049115397 
0.6861200436406794 0.2514104545141887 0.6875457660624358 
1.0007759050678227 0.007332168993760264 2.44711552189448E-4 
0.1370590331397221 0.8827800186190855 0.45787912520768537 
6.129645523228259E-17 1.0010470819008315 0.0 
1.0009811226809109 0.0 0.0 
1.0012403838052562 0.0 0.0 
0.37608465984752104 0.5096825191860324 0.7758848634610813 
0.7762952761331163 0.3849974708304318 0.5051095939136768 
0.30920505761083744 0.9377015546250039 0.17220023962937703 
0.001109289531317135 1.0012079326948669 0.0 
1.001099829013092 0.0 0.0 
0.44793871683340536 0.12260354193532166 0.8912268820063578 
0.002772933627927423 1.0011010120127215 0.0 
0.9345974063957532 0.3123003963844656 0.18573457633227253 
0.3667599777023577 0.7822760119666432 0.5071665774875097 
0.7718541193087265 0.5161069178607823 0.38044981237440784 
0.5103916400739875 0.3766144557674804 0.7782769609955912 
0.30966718096871293 0.17829167349909955 0.9361849454426493 
5.774356307805694E-17 2.0492380963950143E-17 1.0006475337983363 
6.130073486824177E-17 1.0011169736600256 0.0 
5.675463586115327E-17 2.312476306347013E-17 1.0008589556232643 
5.675271223793245E-17 2.306093963533078E-17 1.0004370180519515 
0.13300895943196742 0.4288369422158004 0.9013147915870638 
0.5160174903372983 0.7743947770039364 0.3928260625416322 
0.8840176031372049 0.14433819936853895 0.45370648302126837 
0.1857712876569348 0.9331202820478809 0.3207938398703584 
0.4508049257542963 0.8826161783931521 0.14546490604859083 
0.1901551478303841 0.3073585052215586 0.9379918271037763 
1.0009811226809109 0.0 0.0 
0.8888751112954117 0.44070127142624227 0.14592709721836408 
6.128856813759083E-17 1.0009182758696191 0.0 
0.9431690548847615 0.16154858889206908 0.3105411242705275 
3.0585338708335124E-17 5.313338617859332E-17 1.0012288038018293 
1.0007759050678227 0.007332168993760264 2.44711552189448E-4 
0.0016552641964371342 1.001370758824484 0.0038244118084060294 
5.4917782136055606E-17 2.7235975630910476E-17 1.0011144517926365 
5.916071896498979E-17 1.5972029430617537E-17 1.0007594247588432 
0.09747697524196838 0.9952953986880345 0.0391761875748572 
0.13317948143405015 0.9912468432485156 0.03982926233712126 
0.6363228698423593 0.4525657229083163 0.6378437901912459 
0.783268043551551 0.6271107819287921 0.0 
0.8599145167613037 0.14673325001626455 0.494034002787413 
0.9945392294263178 0.10842364469975797 0.054396078768197596 
0.974689277533219 0.0 0.2394767370644139 
0.3742820847424973 0.380259210329925 0.8500420327893978 
0.48631044026521003 0.4981856854985552 0.720518227019604 
0.9912889651998994 0.043702587555611655 0.14281100733922844 
0.06352840106374567 0.07992595798082795 0.9957185907544159 
0.2425935278115576 0.9710221713511119 0.04336984634494718 
0.2205916677851935 0.020745783995480323 0.9776699216971552 
0.11397722316602306 0.9635400794255853 0.2507467437931995 
0.8132548838621338 0.5158481942671649 0.29584777789575034 
0.11204326405230311 0.6843833466821034 0.7278836392675286 
0.17007063998333447 0.9782828906240613 0.12430644203497207 
0.134898260524809 0.16046223651425634 0.9786261548925428 
0.3563928875833244 0.8980313679601309 0.2797823855900067 
0.4578907521133421 0.6329190344784805 0.6292958171546024 
0.8969456431781669 0.35982993029691834 0.26858966247430816 
0.05555860318115462 0.9902688574421461 0.1370607609709351 
0.2892741352476381 0.8140929382880754 0.5186409400782557 
0.5038037107174942 0.8259147803898981 0.2893662719063854 
0.8559191157795666 0.4896347295947914 0.21174783251562193 
0.07487792397876937 0.024093791448829692 0.9978947472588693 
0.3551744932055497 0.2726962641663369 0.8979709408392289 
0.4968650025005332 0.28523746595282873 0.8231590589963685 
0.7159507171473316 0.49810836002337355 0.5073875092995523 
0.49788527986617226 0.7143902895409509 0.5018607015756783 
0.9796997305802361 0.13637698697672376 0.16100966077891415 
0.08791000511819168 0.058088151204876634 0.9949372211212543 
0.23496714213917264 0.9677712920068124 0.0977416544407767 
0.042575493324077 0.9956482963586656 0.10536419350516477 
0.3830671905631684 0.9267998490865406 0.04199459733623814 
0.8511298885271181 0.37533060784542954 0.3771098393536266 
0.18745989609709027 0.6792853823917777 0.7197457769561499 
0.9193504961901913 0.07868564780675334 0.3900285388247602 
0.1656634452851224 0.13558267387297293 0.9785134375280391 
0.35984252944602085 0.6586856155630132 0.6762142110414368 
0.6637350660424244 0.351975305748852 0.6661774338152204 
0.15019833577921793 0.03507232848072559 0.9893738398601097 
0.3865389877361319 0.8458424365572708 0.3836219257740445 
0.48193952649342614 0.2058713077400698 0.8574166020259514 
0.7065457355449415 0.004097136786561033 0.7095585343363877 
0.24482456276138972 0.09259653064100508 0.9663098915229872 
0.2912435685946895 0.506380381832679 0.8244259454727186 
0.26782756113531986 0.35608638647031493 0.9063965446528977 
0.21533016039179725 0.8460290473835621 0.4969765546119906 
0.13941866338044112 0.978275796712351 0.18297781257759038 
0.6690025870788076 0.6637476255174164 0.352421031724229 
0.9777249608106712 0.18343480799091835 0.1394678266960449 
0.01329310138513099 0.9311344855866254 0.36638624755659055 
0.6997126107014311 0.7013731966911001 0.1732040947841778 
0.9706077631864203 0.23123071268168638 0.10407472003093965 
3.967156336228881E-17 0.6478857967849947 0.7737715184905776 
0.27522211545184166 0.8989432613739036 0.3548890384770858 
0.9703386039304062 0.2579335220302596 0.0 
0.03636120064648512 0.1430083979945328 0.9957840246241617 
0.9955934332971573 0.07465410975897124 0.07465903661047184 
0.8219264468464729 0.2839206395783322 0.510662997941785 
0.37321236356888515 0.08790603486161064 0.9256704920629496 
0.9053550565600651 0.27071138308950354 0.3471483719136654 
0.21477890679576786 0.4732903193001089 0.8656982755354722 
0.4872786667438258 0.8528714881910279 0.2069575431882046 
0.6909247386405337 0.20005445445621825 0.7003291547019986 
0.07628034821028015 0.9973365293617877 0.06133932336489223 
0.9957612355364318 0.0 0.10594673825291773 
0.6281379082636757 0.6354984186154049 0.47027714082793587 
0.732072790896612 0.684818744247204 0.0 
0.11600910157255774 0.2316242562503319 0.9678869147668119 
0.9893906162702005 0.14851226445762142 0.04296091054984103 
2.1656031219337676E-17 0.35366982928327495 0.9418023130449821 
5.907573791532715E-17 0.9647800158618466 0.26994651557869753 
0.7438918709597067 0.013515320316919441 0.6773004958621317 
0.9684370679712065 0.09694871786603065 0.2323588072650252 
0.6908343780385721 0.7245191760447155 0.04952767368192459 
0.6889835193264334 0.11880817121135703 0.7196417605212145 
0.9157491197694081 0.3965635383447548 0.09327787225193639 
0.06055980729927428 0.7057325628864329 0.7137839294647573 
0.038608224910438034 0.23592747067199724 0.9784156402236974 
0.001109076891982891 1.0010160114856266 0.0 
1.0010916537349837 0.0 0.0 
1.0010956816007133 0.0 0.0 
0.9822188305099768 0.03333367814831617 0.1920344146489361 
6.128244350839384E-17 1.0008182530842535 0.0 
0.7565269693076134 0.20923984783547595 0.6288681216341624 
6.128244350839384E-17 1.0008182530842535 0.0 
0.9154607729580329 0.39039271086375377 0.13552642409988447 
6.129946019565372E-17 1.001096156676893 0.0 
0.37748259115436456 0.9170077496372523 0.15659246597670123 
0.17264796976192368 0.9202606588551866 0.3616807203529262 
0.18967540122775994 0.8108521341909886 0.5647076104047446 
0.001109289531317135 1.0012079326948669 0.0 
0.972550458486283 0.20595095908897784 0.12533383970702455 
0.46615634081185015 0.4261537467203562 0.7885722919865062 
0.9158870693514644 0.13647911455590667 0.38724574735363365 
1.0007226755259302 0.0 0.0 
0.25460613327480996 0.9441638814518482 0.22517541210217842 
0.6236934810559854 0.7220971095239163 0.31792700130106016 
0.6061414113350048 0.39547645688579514 0.7027553378350516 
0.7919904886279834 0.23424405052454425 0.5674030412959358 
0.06569901084029206 0.04035335747324355 0.9979286906272912 
0.13044824669858207 0.8424982749123625 0.5316965776208783 
0.004184775392978943 1.000973833245594 0.0 
0.46928806860933064 0.7810291033272205 0.43214938298819827 
0.8343547239941144 0.45626180169017494 0.3165655942496201 
0.15656932434251236 0.9799912912134691 0.1321095577327323 
0.4298782440092793 0.9023106425583032 0.08385438218690369 
1.0009776338371492 0.0 0.0 
0.573387151184054 0.5192299818557826 0.6526951920643635 
6.128941763425603E-17 0.0 1.0009321492029883 
0.310090598023892 0.46819387631591564 0.8381054857125545 
0.9789647638146897 0.14741232965100656 0.14968737867838056 
0.7155799754216393 0.4543125687704311 0.5359942247587922 
0.1595584938891775 0.6119834882163112 0.7812037633712668 
0.2563326331801692 0.20234830591633 0.9481601543904608 
0.17197662575683895 0.9868339211484803 0.0 
0.32042448228420173 0.0961492086814537 0.9438636936637855 
0.8253543658521751 0.5463098159880735 0.17995523717108558 
5.370362832905439E-17 2.951822755324562E-17 1.0008006073698592 
0.7858020248521982 0.46324717671687177 0.42669198645959566 
0.43299094341790184 0.7833349456289126 0.4789130360836979 
0.4498743072695178 0.06664613420005609 0.891736489356936 
0.31446393727394195 0.6232863403786212 0.7362307442553352 
0.11095480117986604 0.04724071190964041 0.9933350166131897 
0.9954290971060435 0.06895085974987054 0.08067937755775402 
0.32531955858309 0.2990011810457838 0.9105250852315717 
0.5490386889744131 0.4510937020894544 0.7123290112357129 
0.6526779073366099 0.5775473852073815 0.5161016859938563 
0.15241663456540822 0.38371468173623535 0.9214522910943433 
0.2782040916160275 0.06589872471256285 0.9611657169480864 
0.9973062106199155 0.08778417228233684 0.028103886301616223 
0.03398160643775535 0.09211196139563166 0.9981424521469642 
0.5240021124738297 0.6529340345595669 0.5762345078688306 
0.17007063998333447 0.9782828906240613 0.12430644203497207 
0.2257387011126444 0.8685913846439779 0.4498945090538098 
0.16332084833645852 0.9036894742028834 0.3985070612696596 
0.4911945991739764 0.877317284982388 0.002680664171269887 
0.06352840106374567 0.07992595798082795 0.9957185907544159 
0.3099153643794785 0.834900395040624 0.46730543183703904 
0.43246482531023606 0.21595373816772698 0.8820900815328309 
0.6357197269739179 0.5196690135209308 0.5768283129747757 
0.46624758071981093 0.8251370054005637 0.32529358691665256 
0.19497548671389658 0.12021195001702446 0.9753878521579517 
5.774356307805694E-17 2.0492380963950143E-17 1.0006475337983363 
0.21435801200111582 0.25417608606081693 0.9504624815384328 
0.29383334046896936 0.9055258515981143 0.3269892747473059 
0.9964329515257807 0.04392231878733047 0.08788619976204716 
0.7109492781763038 0.5581125234420211 0.44167117873087713 
0.12110937112726776 0.9772835178052983 0.19440744371354174 
0.416519886106315 0.34209742505458685 0.848141672792322 
0.9291238812216025 0.1349600066233545 0.3481831693635548 
0.5094421144973742 0.5752410824523185 0.6507587622662107 
0.4058981313400571 0.7004888897684614 0.5972171966186731 
0.9445746622146586 0.2720268944176302 0.2033330765416586 
0.44688913755128046 0.5454329265870621 0.7142710004725835 
0.12249812863667014 0.4865213904472675 0.8714600775861331 
0.5622804365579028 0.23481808024444517 0.7997890769047996 
1.0008413830713025 0.0 0.004296887240329644 
0.7610189772597399 0.33818773015541803 0.5679558254712214 
0.3878775025679852 0.890934021248796 0.2411945115525313 
0.3495807437104119 0.754624442101308 0.5748545403790382 
0.43230087508325277 0.8758216112452576 0.22520994480332635 
0.4051841431204375 0.6009735515130471 0.6924681232246054 
0.5634809193074278 0.3454548963832769 0.7574062397244831 
0.6237847245334665 0.2259785788881873 0.7525962507873667 
0.1579077728362392 0.14614761585690195 0.9773318013598352 
0.9788883737076624 0.20695199058673625 0.04976762674628918 
0.44851018673892573 0.028215137639274194 0.8948978775316441 
0.8715085844311998 0.45453767967457354 0.2225832767332759 
0.9971283453002634 0.09208392376474367 0.01248797021867961 
0.10920292527673683 0.9683445572677967 0.23088002426063664 
6.128856813759083E-17 1.0009182758696191 0.0 
0.6904366508666668 0.4000510314301101 0.6065405249713034 
0.9866567172002702 0.04543518608663718 0.16860255315188863 
0.23275305666890184 0.5614711018712447 0.8018577782466585 
1.0012403838052562 0.0 0.0 
1.0010956816007133 0.0 0.0 
0.9789647638146897 0.14741232965100656 0.14968737867838056 
0.4112299518478808 0.46826124590720136 0.7846036930188827 
0.9034789772124864 0.3199893295130839 0.29348217581643155 
0.8902254856773351 0.3947365490593925 0.2495147020585807 
6.129946019565372E-17 1.001096156676893 0.0 
0.9491897773487497 0.21347646091211947 0.23954851683001194 
0.3501609479919842 0.4177949327533325 0.8471151814592776 
0.12249331441909259 0.04647686493484945 0.9929664419671425 
0.9462002288759664 0.19687047715586867 0.27593093347186454 
0.11712329950936347 0.5767160972026256 0.8161511036162858 
6.003000099897153E-17 1.2317430517033843E-17 1.0007892360384127 
0.38702435090601245 0.12746044137843995 0.9152121039881064 
0.07628034821028015 0.9973365293617877 0.06133932336489223 
0.9927510262979777 0.054960875618589394 0.113412219218 
0.1944673075667086 0.9434639019820431 0.28766406139394446 
0.2040544108794367 0.03266984937722072 0.9814010455379478 
0.2840165785364312 0.9400542979959575 0.20467955909179705 
5.916071896498979E-17 1.5972029430617537E-17 1.0007594247588432 
0.269287432919293 0.19115564239988356 0.9458157397705996 
0.19043502612288768 0.27569874332230404 0.9468040290104908 
0.10778563486302549 0.9575544896134194 0.2715056630255163 
0.5708811013093671 0.8201314943093768 0.06661691638969297 
0.7456884157193489 0.6373426125655683 0.235162763974587 
0.3453640430311685 0.8441441411080196 0.4222821307269284 
0.8808238455045901 0.23050383010336387 0.4271851408384407 
0.8437247362709113 0.4210691521624232 0.34921959355927423 
1.0009541641201103 0.0 0.0021486758190254933 
0.1638271741243032 0.7711320252779019 0.6269589949616212 
0.9062288831267742 0.4283408776404631 0.0 
0.3046371022281738 0.02099875097096176 0.959094380714223 
0.8540681994425575 0.33713265052526425 0.4166890144243405 
0.06353170479835427 0.992010288145458 0.12182092828010718 
0.002772933627927423 1.0011010120127215 0.0 
0.45374290093142555 0.7110754651341453 0.5503560614468008 
0.08791000511819168 0.058088151204876634 0.9949372211212543 
0.20483810199250416 0.9739757386345624 0.11500039288619333 
0.6200061045725697 0.3029241930233235 0.733327490520885 
0.7753257173598537 0.6226692051604739 0.1603825947294928 
0.26539952396300803 0.9624160460925155 0.08066967123134441 
0.3878531293456884 0.24601478633573984 0.8949074148097471 
0.7865687610489164 0.41241216759678534 0.4763261330011668 
0.24651122627940855 0.7867118170235461 0.5722854639452515 
5.99944856701837E-17 0.9797843053516198 0.20526233748124303 
0.5509389250819319 0.7094198100216947 0.44913263356979216 
0.5689322487278304 0.6472378661608018 0.5168908234398667 
0.9467608294929633 0.2545132498300453 0.220058150358843 
0.8471720970832196 0.06683276435167669 0.5322494392937919 
0.9625232533394188 0.2763853651184376 0.0910967298282963 
0.0697788384236087 0.9958653461168222 0.0897272524874047 
0.23472944245676125 0.6188624299781516 0.7576970670182971 
0.8938196169085996 0.4562283518208142 9.81506768921516E-4 
0.08913554747756941 0.9958958140190022 0.05941892080172352 
5.4362752186302436E-17 0.88781111785295 0.4640898665085953 
0.8396361180053885 0.3164436841879701 0.45189166543411935 
0.5711446310157996 0.7953352519437084 0.23508271055285815 
0.2081834504092121 0.9483044998897484 0.2645003618503471 
0.7595178739349953 0.5620151646091353 0.3484078094018575 
0.047993966209314405 0.15522314940421408 0.9901137468596549 
0.5570241043516477 0.7557970897444655 0.3579505221698174 
0.23637615937494597 0.7446717119519926 0.6303318302869845 
5.675271223793245E-17 2.306093963533078E-17 1.0004370180519515 
0.25434666274578077 0.3858148480539547 0.8927775740431672 
3.172688715388231E-17 0.5181393880418714 0.8580501931005546 
0.29845230522102956 0.32891405221905406 0.9053184710043503 
0.5495140999079852 0.8188288217757 0.19129581665778636 
0.14279456603904211 0.1443910513929155 0.9798355507854624 
