1.282854895723012 1.4092995926878962 1.3957731924211179 0.0 
6.838306787057092 6.847947656946384 0.0 0.0 
6.832453289885551 6.84208590732195 0.0 0.0 
6.833731337715087 6.8433657569853645 0.0 0.0 
6.833731337715087 6.8433657569853645 0.0 0.0 
0.96623077510506 2.7615558602981136 0.0 0.0 
6.832453289885551 6.84208590732195 0.0 0.0 
6.832453289885551 6.84208590732195 0.0 0.0 
1.138432665299662 4.113073980918743 0.0 1.1617857492409422 
8.995848165085862 0.0 7.43611028360507 0.0 
18.699271790421577 0.0 0.0 0.0 
18.696313426080124 0.0 0.0 0.0 
18.699271790421577 0.0 0.0 0.0 
18.621420232236954 0.014622278013849946 0.0 0.0 
18.69361434414588 0.0 0.0 0.0 
18.621420232236954 0.014622278013849946 0.0 0.0 
0.0 0.0 0.0 10.074396485954907 
8.995789136669611 0.0 7.436061489783182 0.0 
18.690438028047716 0.0 0.0 0.0 
18.690438028047716 0.0 0.0 0.0 
18.690438028047716 0.0 0.0 0.0 
18.69361434414588 0.0 0.0 0.0 
18.69525540917306 0.0 0.0 0.0 
0.0 0.0 0.0 10.062977537043071 
8.995789136669611 0.0 7.436061489783182 0.0 
18.688962132320352 0.0 0.0 0.0 
18.690438028047716 0.0 0.0 0.0 
18.696798087245124 0.0 0.0 0.0 
18.693921130342726 0.0 0.0 0.0 
0.0 0.0 0.0 5.869400086429432 
8.996154753043585 0.0 7.436363714056922 0.0 
18.688962132320352 0.0 0.0 0.0 
18.695330102820307 0.0 0.0 0.0 
18.693921130342726 0.0 0.0 0.0 
0.0 0.0 0.0 5.094894832310303 
8.996154753043585 0.0 7.436363714056922 0.0 
18.721135943054723 0.0 0.0 0.0 
18.69851011844438 0.0 0.0 0.0 
0.0 0.0 0.0 3.894763547358659 
8.996154753043585 0.0 7.436363714056922 0.0 
18.723797256516928 0.0 0.0 0.0 
0.0 0.0 0.0 9.835388314855319 
9.377077243810875 0.0 7.202282407709999 0.0 
0.0 0.0 0.0 9.824408625735714 
3.791050477922733 0.0 2.39990341160634 2.786490023443776 
0.0 7.177755662150335 5.412872480209747 0.0 
0.0 18.678361462671532 0.0 0.0 
0.0 18.678431643423075 0.0 0.0 
0.0 18.606410586273935 0.0 0.0 
0.0 18.794367116139078 0.0 0.0 
0.0 18.672221225822184 0.0 0.0 
0.0 19.19679170646734 0.0 0.0 
0.0 9.386028707160715 0.0 9.386028707160715 
0.0 0.0 22.784339659609543 0.0 
0.4456145676671726 0.40408486405483707 0.15552738189428614 0.08890459248777449 
0.44520398060467636 0.4037125422562028 0.15538407973250087 0.08882267623520879 
0.4341474907675297 0.39368647821580083 0.15152516882140932 0.08661679520115129 
0.44311521235133633 0.44545935769483236 0.06630476653230735 0.15205537790531062 
0.08684653305275221 0.18212299972221005 0.08769810204366589 0.30544848881354403 
0.0 0.0 0.0 10.074396485954907 
0.0 0.0 23.11857800413356 0.0 
0.33887997560646604 0.1825691851642472 0.3851666922629664 0.1255084835522133 
0.389467478785407 0.23495375273856778 0.23648996480504827 0.1697522573177173 
0.47726427044950637 0.24413265146674548 0.14502296443805776 0.19167723562727268 
0.08858220339066919 0.17519097448694662 0.0860038192104356 0.2995473789950528 
0.0 0.0 0.0 5.162339992720144 
0.0 0.0 22.618685935792893 0.0 
0.28835089192652014 0.1405176579277539 0.42164691254156306 0.16153978037334557 
0.40684967359700464 0.1726450084608463 0.24742593875825739 0.19715160057566092 
0.06543814463520536 0.08771984718828851 0.059773575063551715 0.348169036583664 
0.0 0.0 0.0 5.06453137237296 
0.0 0.0 22.718971848329616 0.0 
0.2985862863698398 0.13150235561744272 0.4228464597713007 0.1619993463995054 
0.06543814463520536 0.08771984718828851 0.059773575063551715 0.348169036583664 
0.0 0.0 0.0 5.073249152041825 
0.0 0.0 22.745908623132628 0.0 
0.055266669756442545 0.0915659245218057 0.07144176277760104 0.356905149002016 
0.0 0.0 0.0 5.094894832310303 
0.0 0.0 22.71744368754357 0.0 
0.0 0.0 0.0 3.9348856240707715 
0.0 0.0 0.0 9.79537322834988 
0.0 7.177211631533955 5.412462217100997 0.0 
0.0 18.678431643423075 0.0 0.0 
0.0 18.678361462671532 0.0 0.0 
0.0 18.712759034579882 0.0 0.0 
0.0 18.606410586273935 0.0 0.0 
0.0 18.672221225822184 0.0 0.0 
0.0 9.33268321108806 0.0 9.33268321108806 
0.0 0.0 22.618685935792893 0.0 
0.21239964771117106 0.35868571152201423 0.3307575155961058 0.10671968145435164 
0.226076038442928 0.38914093591485743 0.23850677723878802 0.17284396769898297 
0.21160194154948941 0.5241506618667626 0.10585699144840507 0.17859793057791595 
0.09032728061994082 0.17864225215502144 0.08769810204366589 0.30544848881354403 
0.0 0.0 0.0 9.739936905588952 
0.0 0.0 22.707798542602 0.0 
0.18550759709538203 0.22057206604034038 0.47150404141239 0.1488221845296843 
0.2952411927615795 0.19321773468786718 0.2717136264058991 0.2726306702210378 
0.11101754693498861 0.1207673057266169 0.10579060372023888 0.31573546254616247 
0.0 0.0 0.0 5.173924052568856 
0.0 0.0 22.745420627427027 0.0 
0.23646116814739956 0.1346133522056002 0.5083784241105376 0.13673045363204483 
0.11057165339232466 0.11396155512533006 0.11124935652360722 0.31405856523028214 
0.0 0.0 0.0 3.9348856240707715 
0.0 0.0 22.71744368754357 0.0 
0.06443188826036787 0.0856518808863463 0.0730236299702578 0.36480776120174696 
0.0 0.0 0.0 3.800317195033653 
0.0 0.0 23.11857800413356 0.0 
0.0 0.0 0.0 3.9672210732067166 
0.0 0.0 0.0 7.375782751981552 
0.0 7.177211631533955 5.412462217100997 0.0 
0.0 18.74971531054478 0.0 0.0 
0.0 18.712759034579882 0.0 0.0 
0.0 18.738172809285878 0.0 0.0 
0.0 18.63499484351395 0.0 0.0 
0.0 9.33268321108806 0.0 9.33268321108806 
0.0 0.0 22.784339659609543 0.0 
0.10769110648974226 0.41198936645208123 0.34810524550224275 0.14966316809981461 
0.18597990164192016 0.39640088411997193 0.2818549994335582 0.17832678495243612 
0.08858220339066919 0.17519097448694662 0.0860038192104356 0.2995473789950528 
0.0 0.0 0.0 5.591804466666838 
0.0 0.0 22.707798542602 0.0 
0.1612574481668743 0.249405031311629 0.5024817396971148 0.10762172859575517 
0.09612687387919376 0.11505167905286699 0.11949394649571872 0.31893919453834346 
0.0 0.0 0.0 5.550505694768681 
0.0 0.0 22.90496251882236 0.0 
0.08076476448276729 0.09974096919692133 0.12717876496809497 0.3383253556978687 
0.0 0.0 0.0 3.894763547358659 
0.0 0.0 23.15384220908122 0.0 
0.0 0.0 0.0 3.800317195033653 
0.0 0.0 0.0 9.717665461637846 
0.0 7.506957336687657 4.576992841242845 0.0 
0.0 18.738172809285878 0.0 0.0 
0.0 18.6112791365059 0.0 0.0 
0.0 18.6112791365059 0.0 0.0 
0.0 9.386028707160715 0.0 9.386028707160715 
0.0 0.0 23.118487203305193 0.0 
0.0636638893251737 0.4461487139888249 0.3666574008550461 0.1766477929234391 
0.07254901567067389 0.18620783918508602 0.04046184891961948 0.31295930535918765 
0.0 0.0 0.0 5.591804466666838 
0.0 0.0 22.90496251882236 0.0 
0.07703511075843829 0.09513500916452557 0.14076191158050647 0.3440954657545629 
0.0 0.0 0.0 9.947881025970982 
0.0 0.0 11.990336450925298 0.0 
0.0 0.0 0.0 5.584931312298768 
0.0 0.0 0.0 9.717665461637846 
0.0 7.422038405574089 4.5252177581618085 0.0 
0.0 18.887693565166742 0.0 0.0 
0.0 18.65553786921282 0.0 0.0 
0.0 0.0 0.0 9.739936905588952 
0.0 0.0 12.127707481710203 0.0 
0.07779270536747634 0.0960706055356379 0.12249871903326752 0.3184990491227991 
0.0 0.0 0.0 9.739936905588952 
0.0 0.0 11.990336450925298 0.0 
0.0 0.0 0.0 7.375782751981552 
0.0 0.0 0.0 9.800305260013907 
0.0 7.422038405574089 4.5252177581618085 0.0 
0.0 18.887693565166742 0.0 0.0 
0.0 0.0 0.0 10.011930246577993 
0.0 0.0 23.16036101260367 0.0 
0.0 0.0 0.0 9.739936905588952 
0.0 0.0 0.0 10.0237438348728 
0.0 7.506957336687657 4.576992841242845 0.0 
0.0 0.0 0.0 9.998035965495077 
0.0 0.0 0.0 10.011930246577993 
0.0 6.967809963483002 4.991146328482784 0.7909500588529439 
