0.21175244295696802 0.16669858466452755 0.15107827599634122 0.0 
0.31066411552752343 0.31066411552752343 3.3182927227360493E-6 0.0 
0.31066411552752343 0.31066411552752343 3.3182927227360493E-6 0.0 
0.2924275886965697 0.2924275886965697 0.0 0.0 
0.30369315742941305 0.30369315742941305 0.0 0.0 
0.2924275886965697 0.2924275886965697 0.0 0.0 
0.30369315742941305 0.30369315742941305 0.0 0.0 
0.30369315742941305 0.30369315742941305 0.0 0.0 
0.167366954057294 0.23744176631614192 0.0 0.10536014526974272 
1.8640144343757958 0.0 1.2599105754516478 0.0 
3.0882210806259076 0.0 0.0 0.0 
1.8954011311667847 0.0 0.0 0.0 
2.376609223869452 0.0 0.0 0.0 
1.8954011311667847 0.0 0.0 0.0 
1.8954011311667847 0.0 0.0 0.0 
1.630006415956153 0.0 0.0 0.0 
3.688499140831058 0.0 0.0 0.0 
1.898458952420867 0.0 1.2256356892982432 0.0 
3.0882210806259076 0.0 0.0 0.0 
2.4328279350615762 0.0 0.0 0.0 
2.496886529902042 0.0 0.0 0.0 
1.630006415956153 0.0 0.0 0.0 
1.630006415956153 0.0 0.0 0.0 
1.630006415956153 0.0 0.0 0.0 
1.8640144343757958 0.0 1.2599105754516478 0.0 
1.6609447158300457 0.0 0.0010549716261375993 0.0 
3.6834592442089527 0.0 0.0 0.0 
3.704171366275288 0.0 0.0 0.0 
1.8954011311667847 0.0 0.0 0.0 
2.2570191145062 0.0 3.6696694792629105E-4 1.5727563539813303 
1.6609447158300457 0.0 0.0010549716261375993 0.0 
3.437523709202461 0.0 0.0 0.0 
1.6289434397702598 0.0 0.001062976185893126 0.0 
1.6289434397702598 0.0 0.001062976185893126 0.0 
2.5206618360924877 0.0 0.0 1.3094805993429695 
1.8510680700677438 0.0 1.2511599665483284 0.0 
5.268422245844439 0.0 0.0 0.0 
5.460090373697756 0.0 0.0 0.0 
2.2570191145062 0.0 3.6696694792629105E-4 1.5727563539813303 
1.8510680700677438 0.0 1.2511599665483284 0.0 
3.437523709202461 0.0 0.0 0.0 
2.267716685403652 0.0 0.0 0.9365845652428605 
1.8510680700677438 0.0 1.2511599665483284 0.0 
2.4993435393959467 0.0 0.0 1.298405771480128 
1.8510680700677438 0.0 1.2511599665483284 0.0 
0.0 1.6107942193340419 0.12239581411259874 0.0 
0.0 2.017552100060263 2.1550169046357816E-5 0.0 
0.0 1.9802117415321892 0.0 0.0 
0.0 1.957404321291511 0.0 0.0 
0.0 1.7284773946789285 0.0 0.0 
0.0 1.7284773946789285 0.0 0.0 
0.0 1.7284773946789285 0.0 0.0 
0.0 0.7498616455147519 0.0 0.4433775619347068 
7.59576973087858E-5 1.7041103742558954E-4 7.091689757094355 0.0 
0.21175244295696802 0.16669858466452755 0.15107827599634122 0.0 
0.21320656302783184 0.14930160152435926 0.10227390880979591 0.05562479339445242 
0.19472394542406987 0.20813066515727816 0.04750635201558036 0.06322197897492633 
0.19472394542406987 0.20813066515727816 0.04750635201558036 0.06322197897492633 
0.17845597588847864 0.20169260345061762 0.03841530685431647 0.108940221972797 
0.0 0.0 0.0 4.674579468329487 
7.59576973087858E-5 1.7041103742558954E-4 7.091689757094355 0.0 
0.21734645123376797 0.07262284507788576 0.18089990165909334 0.04273339990058454 
0.23787897021649196 0.1196568099311856 0.09671345325952194 0.061347922274468544 
0.23107843933135053 0.12114958019335592 0.07204254106654179 0.09576691242115379 
0.23240027527656024 0.08464049005817444 0.05996228710300284 0.20054517918846354 
0.0 0.0 0.0 4.529499423223637 
0.0 0.0 7.0820479330236825 0.0 
0.21734645123376797 0.07262284507788576 0.18089990165909334 0.04273339990058454 
0.2631124642466682 0.06961351411675076 0.11763261293237783 0.1084075459687242 
0.16629644551685813 0.0791496953085631 0.040863237270104866 0.24042295748615453 
0.0 0.0 0.0 4.3932157273518175 
0.0 0.0 7.0820479330236825 0.0 
0.23317984788552645 0.048883269468588154 0.20113401944909573 0.030739793890082048 
0.2242522177437933 0.05235668262254913 0.10564076362917503 0.18741594551797428 
0.0 0.0 0.0 4.586948018075853 
1.8154708376826002E-4 4.271227200776358E-4 7.122515024071964 0.0 
0.17217613045607733 0.01931098957133548 0.18386860571917607 0.15502482363541423 
0.0 0.0 0.0 4.56941975115469 
0.0 0.0 7.203040660568904 0.0 
0.0 0.0 0.0 4.364921735449056 
0.0 0.0 0.8420883308028334 2.9314792273403754 
0.0 1.5434328132171338 0.11732990785126429 0.0 
0.0 1.9802117415321892 0.0 0.0 
0.0 1.9604795466326648 0.0 0.0 
0.0 1.6197689515447085 0.0 0.0 
0.0 1.6963444758398056 0.0 0.0 
0.0 1.7284773946789285 0.0 0.0 
0.0 0.7248903226303807 0.0 0.43499869699958604 
0.0 0.0 7.107103820375793 0.0 
0.13423017199547485 0.21372707475770578 0.1365306432681835 0.041954677971970306 
0.11684922096820846 0.2341614812955964 0.13142908939166698 0.07888994938195842 
0.12746670111771116 0.27250733203143035 0.09043264202870824 0.07695954091750502 
0.07890653049398229 0.2135514754935512 0.04184406006500014 0.1940386989471345 
0.0 0.0 0.0 4.674579468329487 
1.416123194128236E-4 3.531732442365983E-4 7.120919417353148 0.0 
0.09189877965898412 0.10312605331248392 0.24790078390508294 0.08035629668722646 
0.13842307956098793 0.12498794430454302 0.14319778019035026 0.14405537787523365 
0.11990925460530057 0.13378588218948 0.07479662514153314 0.22283517218686114 
0.0 0.0 0.0 4.3425999540280475 
0.0 0.0 7.086649534314293 0.0 
0.13833511719385425 0.05751607910455492 0.27463937614610284 0.07100551701866573 
0.10526032765111219 0.08249994754502672 0.12296405712396068 0.23560117063803374 
0.0 0.0 0.0 4.473934897945508 
0.0 0.0 7.099977814737579 0.0 
0.09406069128226115 0.027308157697992823 0.2215684822628909 0.1885347935265821 
0.0 0.0 0.0 4.3544442740806595 
0.0 0.0 7.099977814737579 0.0 
0.0 0.0 0.0 4.364921735449056 
2.28070520309529E-6 2.221446847696846E-6 0.8429980123492676 2.934661685075572 
0.0 1.4059283859444016 0.23174591809885522 0.0 
0.0 1.6197689515447085 0.0 0.0 
0.0 1.9979383572415905 0.0 0.0 
0.0 2.0618108064447966 0.0 0.0 
0.0 1.6963444758398056 0.0 0.0 
0.0 0.6658578396020124 0.0 0.5011743971323316 
0.0 0.0 7.123865958778774 0.0 
0.07845850519819236 0.23995998167363264 0.1739996953502524 0.06805977977642892 
0.08852235109468717 0.26079589267796105 0.13300073633056528 0.10309050384151812 
0.07463167301314279 0.2246465488554838 0.053976427436493675 0.18921331344386186 
0.0 0.0 0.0 4.55441694773272 
0.0 0.0 7.095585672769744 0.0 
0.09189877965898412 0.10312605331248392 0.24790078390508294 0.08035629668722646 
0.06687114006773083 0.12665887433231243 0.1279544754408694 0.2575724236741727 
0.0 0.0 0.0 4.424902393748075 
0.0 0.0 7.086649534314293 0.0 
0.0568443581918043 0.04831228505442207 0.23946088066761956 0.25029542326427034 
0.0 0.0 0.0 4.3544442740806595 
0.0 0.0 7.095585672769744 0.0 
0.0 0.0 0.0 4.421735062469955 
0.0 0.0 1.1173817689260375 2.7459059703009236 
0.0 1.5434328132171338 0.11732990785126429 0.0 
0.0 2.0618108064447966 0.0 0.0 
0.0 2.0957270279866043 0.0 0.0 
0.0 2.0957270279866043 0.0 0.0 
0.0 0.7248903226303807 0.0 0.43499869699958604 
0.0 0.0 7.107103820375793 0.0 
0.058186232956747304 0.2499224944449593 0.1498236835544186 0.10771911413444572 
0.060083658904959265 0.16893881757533685 0.10270343474648136 0.24069811975562122 
0.0 0.0 0.0 4.3932157273518175 
0.0 0.0 7.107103820375793 0.0 
0.04094218099868195 0.11160086890935832 0.16133843960497532 0.2277503257809365 
0.0 0.0 0.0 4.5196062636439045 
3.669086052450484E-5 8.743861632127044E-5 7.14622357630605 0.0 
0.0 0.0 0.0 4.3425999540280475 
0.0 0.0 1.1173817689260375 2.7459059703009236 
0.0 1.373492076693279 0.2726341865556686 0.0 
0.0 2.056361655346006 0.0 0.0 
0.0 2.0957270279866043 0.0 0.0 
0.0 0.6658578396020124 0.0 0.5011743971323316 
0.0 0.0 7.123865958778774 0.0 
0.03222687613564338 0.1261001899074554 0.15263471897255682 0.21460177055138743 
0.0 0.0 0.0 4.5196062636439045 
3.669086052450484E-5 8.743861632127044E-5 7.14622357630605 0.0 
0.0 0.0 0.0 4.638488854299749 
0.0 0.0 0.988398776364253 2.805009478458774 
0.0 1.4059283859444016 0.23174591809885522 0.0 
0.0 2.046607598408567 0.0 0.0 
0.0 0.7248903226303807 0.0 0.43499869699958604 
0.0 0.0 10.46950071621827 0.0 
0.0 0.0 0.0 4.529499423223637 
0.0 0.0 0.988398776364253 2.805009478458774 
0.0 1.373492076693279 0.2726341865556686 0.0 
0.0 0.7899007844346956 0.0 0.4791158427798627 
2.28070520309529E-6 2.221446847696846E-6 0.8429980123492676 2.934661685075572 
0.0 0.8265628286566024 0.0 0.5077565374792027 
