1.0 0.5358719679125568 0.775467736480022 0.4991878671670873 0.4997859090920356 0.40106417628251534 0.39909863358166203 
1.0 1.0 0.7398974018465722 0.4994521733915107 0.49980701160422064 0.3025304081849376 0.2988874208535026 
1.0 1.0 0.7398974018465722 0.49883302819155084 0.49984005390775765 0.3014504787335318 0.2984395800824361 
1.0 1.0 0.7398974018465722 0.49902155422371647 0.4997953192400152 0.301787356933109 0.29852710717589037 
1.0 1.0 0.7398974018465722 0.49883302819155084 0.49984005390775765 0.3014504787335318 0.2984395800824361 
1.0 1.0 0.7398974018465722 0.49908349007050695 0.4998480953546777 0.3018083296293148 0.29849976279358215 
1.0 1.0 0.7398974018465722 0.49936306057650237 0.49976145383896553 0.3025260426121363 0.29929231236510023 
1.0 1.0 0.7398974018465722 0.49902155422371647 0.4997953192400152 0.301787356933109 0.29852710717589037 
0.5800249671827589 1.0 0.25840309757480395 0.7009541401780124 0.2996929687856154 0.4008662107045674 0.5987799402945329 
1.0 0.5134836833739744 1.0 0.4959452587626557 0.600177304090799 0.40127682166886824 0.30012025381246366 
1.0 1.0 1.0 0.5993428574007812 0.49933508986786734 0.30067523537950713 0.29996467985737546 
1.0 1.0 1.0 0.5993428574007812 0.49933508986786734 0.30067523537950713 0.29996467985737546 
1.0 1.0 1.0 0.5993428574007812 0.49933508986786734 0.30067523537950713 0.29996467985737546 
1.0 1.0 1.0 0.5993428574007812 0.49933508986786734 0.30067523537950713 0.29996467985737546 
1.0 1.0 0.999732588919691 0.5993428574007812 0.49933508986786734 0.30067523537950713 0.29996467985737546 
1.0 1.0 1.0 0.5993428574007812 0.49933508986786734 0.30067523537950713 0.29996467985737546 
0.4945861070171894 1.0 0.9997709044123938 0.39928373622987784 0.5997662670635067 0.4036378051911762 0.19998810917616405 
1.0 0.5494035431616361 1.0 0.49569742588621435 0.500108272848778 0.400722953484857 0.3000205400576494 
1.0 1.0 1.0 0.5993428574007812 0.49933508986786734 0.30067523537950713 0.29996467985737546 
1.0 1.0 1.0 0.5993428574007812 0.49933508986786734 0.30067523537950713 0.29996467985737546 
1.0 1.0 1.0 0.5993428574007812 0.49933508986786734 0.30067523537950713 0.29996467985737546 
1.0 1.0 0.999732588919691 0.5993428574007812 0.49933508986786734 0.30067523537950713 0.29996467985737546 
1.0 1.0 1.0 0.5993428574007812 0.49933508986786734 0.30067523537950713 0.29996467985737546 
0.4945861070171894 1.0 0.9997709044123938 0.39928373622987784 0.5997662670635067 0.4036378051911762 0.19998810917616405 
1.0 0.5134836833739744 1.0 0.4958244712886574 0.5001254696373623 0.4010814950727476 0.3002057793132101 
1.0 1.0 1.0 0.5993428574007812 0.49933508986786734 0.30067523537950713 0.29996467985737546 
1.0 1.0 1.0 0.5993428574007812 0.49933508986786734 0.30067523537950713 0.29996467985737546 
1.0 1.0 1.0 0.5993428574007812 0.49933508986786734 0.30067523537950713 0.29996467985737546 
1.0 1.0 1.0 0.5993428574007812 0.49933508986786734 0.30067523537950713 0.29996467985737546 
0.4945861070171894 1.0 0.9997709044123938 0.39928373622987784 0.5997662670635067 0.4036378051911762 0.19998810917616405 
1.0 0.5134836833739744 1.0 0.4959117697288147 0.5001834762574664 0.40104599839755484 0.2996675184369509 
1.0 1.0 1.0 0.5993428574007812 0.49933508986786734 0.30067523537950713 0.29996467985737546 
1.0 1.0 1.0 0.5993428574007812 0.49933508986786734 0.30067523537950713 0.29996467985737546 
1.0 1.0 1.0 0.5993428574007812 0.49933508986786734 0.30067523537950713 0.29996467985737546 
0.5573263030066444 1.0 0.9999046099525484 0.39928373622987784 0.5997662670635067 0.4036378051911762 0.19998810917616405 
1.0 0.5134836833739744 1.0 0.49578160774596414 0.5001882719215067 0.40068723547365526 0.3000089216700534 
1.0 1.0 1.0 0.5993428574007812 0.49933508986786734 0.30067523537950713 0.29996467985737546 
1.0 1.0 1.0 0.5993428574007812 0.49933508986786734 0.30067523537950713 0.29996467985737546 
0.4262904937316235 1.0 0.9999446621245405 0.39938680090699896 0.5016151026192175 0.39697201247399355 0.19938321175310916 
1.0 0.5134836833739744 1.0 0.49578160774596414 0.5001882719215067 0.40068723547365526 0.3000089216700534 
1.0 1.0 1.0 0.5996269133310833 0.499328371737495 0.30139273616841544 0.30136462423129484 
0.4262904937316235 1.0 0.9999446621245405 0.39938680090699896 0.5016151026192175 0.39697201247399355 0.19938321175310916 
1.0 0.5134836833739744 1.0 0.4959117697288147 0.5001834762574664 0.40104599839755484 0.2996675184369509 
0.9283859221746494 1.0 1.0 0.5997126404164699 0.499202767169206 0.30218125536660007 0.3017583395176082 
0.6022699186990517 0.0 0.7491884439389801 0.5005633930458153 0.598859948569096 0.5999041352190404 0.502792738494717 
1.0 0.5033703516888488 0.0 0.40045378563458245 0.4996220849706621 0.3993844400609883 0.799497281342749 
1.0 1.0 0.0 0.40051149523221824 0.4005693176800378 0.20136791646296942 0.8993115315578144 
1.0 1.0 0.0 0.4004168454970112 0.400432773752441 0.20136520761541035 0.8992921453466476 
1.0 1.0 0.0 0.40022754602659705 0.40015968589724754 0.20135978992029221 0.8992533729243138 
1.0 1.0 0.0 0.4003858723203392 0.40037514886637815 0.20128735480787172 0.899346915690421 
1.0 1.0 0.0 0.4003858723203392 0.40037514886637815 0.20128735480787172 0.899346915690421 
1.0 1.0 0.0 0.4003858723203392 0.40037514886637815 0.20128735480787172 0.899346915690421 
0.0 0.7901369080163948 0.0 0.6023038315275485 0.20027711999126158 0.6982796887813144 0.6968198772667202 
1.0 0.0 0.0 0.0 0.8006902846915459 0.40399562383503773 0.6009076245658895 
0.9272550402965583 0.6078398338361466 0.36918756178258144 0.4997833427873644 0.4996906945653825 0.4999916946375783 0.4995564223653184 
0.9003755769051778 0.7533703516888488 0.3289575389862327 0.5000096890220023 0.499455010066628 0.5000013445940171 0.4994218838566027 
0.8555578333503056 0.8385518063927835 0.3630910471814247 0.5001304605878785 0.49955521537232705 0.499967042319262 0.49954841003190226 
0.7739837021401776 0.845792722026814 0.2539334477642785 0.5002368839865039 0.4998125329217339 0.5000133285149635 0.4999351647076693 
0.6246033049015931 0.9050163410555523 0.3717706592904714 0.49967406647341617 0.4996798922768445 0.5000214122133491 0.4999897717756172 
0.0 0.4818410372527695 0.07393972543518039 0.40220333425535004 0.30062134383639716 0.6981693072854284 0.696938601477593 
1.0 0.0 0.13319074207178971 0.0010997155909394166 0.6996880248360412 0.39966330456020793 0.7992045301495475 
0.9316613089155363 0.6054444121597973 0.6799583214500452 0.4997671494307505 0.49966488115372265 0.49999141968393873 0.49945846297436824 
0.8684756571651873 0.7002486905205186 0.6181556358644016 0.49987835812745374 0.4995748398478721 0.49999532856610185 0.499503792040078 
0.7125688789596548 0.7651728470672845 0.49338672764879077 0.5000334751859263 0.49979502083461613 0.5000033576652835 0.4998875685591847 
0.543759102366248 0.8704000676563161 0.48527753782906297 0.5001123233465776 0.49997740280053166 0.5000068011977923 0.5001578846771684 
0.0 0.4704104863708998 0.0017843996910562043 0.40236766853000805 0.3006018203221016 0.6984249753298135 0.6969545467600888 
1.0 0.0 0.20290497520871506 0.0011045839585187081 0.6997371366142042 0.39966482090486793 0.799250784162421 
0.8749345690726281 0.6310971325843862 0.7456879302058901 0.49975230689724137 0.4995846520856446 0.5000094716895218 0.49948148304416584 
0.728716220078484 0.6258113366029985 0.5755432536189193 0.4999575158002549 0.4997607874996837 0.5000001570586645 0.4997232077732017 
0.5318818540316136 0.7287921887183992 0.6028135378588296 0.49997339168455945 0.5001076492722456 0.4999994981615001 0.5001468983977189 
0.0 0.4819119592048621 0.36746843422091313 0.6014594545391235 0.20065079951516407 0.6974428617207613 0.6968337373202582 
1.0 0.0 0.30279652298546 0.0010220845458862385 0.699778357677796 0.3996620729805781 0.7991608862968664 
0.8083491043122404 0.47625343195616615 0.7093316278315522 0.4996349464572447 0.49999842924418847 0.49998623865824965 0.4996103672079274 
0.5259432298642963 0.722219417037439 0.7120774816790446 0.4999293995590739 0.5001267226020057 0.5000118422555646 0.5001496159818895 
0.0 0.6742035024057923 0.230204280207688 0.6018551166793533 0.2005988747205079 0.6975776096591613 0.697060571823553 
1.0 0.0 0.20290497520871506 0.0011045839585187081 0.6997371366142042 0.39966482090486793 0.799250784162421 
0.6031232999348226 0.27441866030513656 0.5258062751892864 0.4998019374187303 0.5001094509495165 0.4999914828064525 0.4998558964832571 
0.0 0.7901369080163948 0.0 0.6023038315275485 0.20027711999126158 0.6982796887813144 0.6968198772667202 
1.0 0.0 0.21713403878664073 0.0019232682531643147 0.6997437994525582 0.40038273419358483 0.7990879666363639 
0.0 0.5137402287940724 0.11598215666533918 0.6025224355679436 0.20061753475203709 0.6979760583503265 0.6969670381639572 
0.6022699186990517 0.0 0.8157828091234768 0.5005083934373936 0.5988874292781571 0.5999023032695139 0.5027328065843473 
1.0 0.5033703516888488 0.0 0.39991072942022166 0.49949487465026404 0.3996243202887063 0.7995983369796162 
1.0 1.0 0.0 0.40051149523221824 0.4005693176800378 0.20136791646296942 0.8993115315578144 
1.0 1.0 0.0 0.40022754602659705 0.40015968589724754 0.20135978992029221 0.8992533729243138 
1.0 1.0 0.0 0.4002620006267582 0.400269596637053 0.2012454094154601 0.8994016044550375 
1.0 1.0 0.0 0.4002964552269194 0.4003795073768585 0.20113102891062795 0.8995498359857611 
1.0 1.0 0.0 0.4002620006267582 0.400269596637053 0.2012454094154601 0.8994016044550375 
0.0 0.5158616601533048 0.09114314997367157 0.4021745966925705 0.3005348346212618 0.6981969315005148 0.6968211189925293 
1.0 0.0 0.13097761201873873 0.0 0.8007899101676733 0.4039858042340877 0.6007984958868043 
0.9272550402965583 0.6078398338361466 0.28970476737736034 0.4997833427873644 0.4996906945653825 0.4999916946375783 0.4995564223653184 
0.8376195531868137 0.7782027432440161 0.3579717837677444 0.49986655962537474 0.49967564220765004 0.4999955252004885 0.49971593194981034 
0.7717468215212632 0.8421722642097987 0.3085122474728516 0.5001440907137557 0.4996300084047478 0.5000082941952179 0.499718401678259 
0.6246033049015931 0.8970954609843038 0.35065578133053055 0.4996847240490907 0.49960419771305103 0.5001462042705822 0.49993104363253155 
0.0 0.4995134019207383 0.03619124876803856 0.4023274207045296 0.3004837572617336 0.6984230335075703 0.6967936975553233 
1.0 0.0 0.17676050414734948 0.0 0.699896709729743 0.4001451488835411 0.7993851301479471 
0.8542960725671807 0.4716841445731237 0.482533218721406 0.4998137170112369 0.49970064349101767 0.49999202179717966 0.4994687455372746 
0.7583051913592882 0.6643110451742555 0.48310601353094973 0.5000128235641695 0.49967828128474956 0.5000026253236317 0.49963862433273887 
0.543759102366248 0.7419377320803198 0.5575362235787461 0.5000613759355306 0.5000695026127253 0.49997480997337096 0.5001414632293777 
0.0 0.47778717405412796 0.10238180720411982 0.4025155275288155 0.30066690916724303 0.6983522964442564 0.6969139799866663 
1.0 0.0 0.2611168791368242 5.309761358783145E-4 0.6998092583323683 0.3997415194973094 0.7992411187009298 
0.7846259334969536 0.4010403138963694 0.5704674715103291 0.49972346472564655 0.4998292593570026 0.4999886549933178 0.4995001443200886 
0.5318818540316136 0.7287921887183992 0.6028135378588296 0.49997339168455945 0.5001076492722456 0.4999994981615001 0.5001468983977189 
0.0 0.7734556796942451 0.35614960604249646 0.6016273558837248 0.20051743367218328 0.6979391533568085 0.697316144066732 
1.0 0.0 0.2611168791368242 5.309761358783145E-4 0.6998092583323683 0.3997415194973094 0.7992411187009298 
0.6031232999348226 0.3427917906043613 0.5340056322575314 0.4997930971464938 0.5000434163248562 0.499991459906759 0.49977614265797954 
0.0 0.6979284548630527 0.3558632086377246 0.6012464277291643 0.2005646638419407 0.6972160110613183 0.6968897710387805 
1.0 0.0 0.33609370557770835 9.945847416754153E-4 0.6997920980323266 0.3996611570058148 0.7991309203416816 
0.0 0.564520454570753 0.11456477918571174 0.6021716635187631 0.2006754363960034 0.6978389675710428 0.6968583749262932 
0.6022699186990517 0.0 0.8157828091234768 0.5005083934373936 0.5988874292781571 0.5999023032695139 0.5027328065843473 
1.0 0.5033703516888488 0.0 0.399987276246199 0.49953215491579084 0.39966491125733844 0.7995339551094163 
1.0 1.0 0.0 0.4003870169300787 0.4004162639794718 0.20037433804664742 0.8993116324914792 
1.0 1.0 0.0 0.4003584015802635 0.4004947571489842 0.20128673452570522 0.8994402952982142 
1.0 1.0 0.0 0.4002620006267582 0.400269596637053 0.2012454094154601 0.8994016044550375 
1.0 1.0 0.0 0.5994032587331979 0.3003122706797868 0.19786760010322527 0.8990152061270471 
0.0 0.4818410372527695 0.07393972543518039 0.40220333425535004 0.30062134383639716 0.6981693072854284 0.696938601477593 
1.0 0.0 0.1242922854813392 0.0 0.6998162510611906 0.4013957682998721 0.7994885632836872 
0.8829437102716803 0.5171882984974185 0.26768836300063187 0.4997693016020667 0.4997960366536234 0.4999913777175317 0.4995426234343577 
0.746119388346426 0.7005812943741192 0.2792259620388111 0.4998971001866253 0.4999051209169515 0.4999964200148392 0.49989047612295906 
0.6342808887381799 0.8423147961337224 0.24458299488950724 0.5003289736604968 0.4997049745372889 0.5000153781774166 0.49993228312280885 
0.0 0.5384517321719704 0.03619124876803856 0.402310193404449 0.30042880189183085 0.6984802237599863 0.6967195817899614 
1.0 0.0 0.10503726495613742 0.0 0.6998355187169294 0.4000659812146823 0.7993333641558985 
0.8065074936606542 0.4647744273225981 0.36007192895595436 0.49979395660223946 0.4998418744913195 0.4999924085652548 0.4995022465607003 
0.5814002322352281 0.620925795390791 0.41405002161622917 0.4999777344912343 0.49966935498997017 0.49999869610609105 0.49969685499834804 
0.0 0.4874252600365804 0.20588579577192412 0.40210860850434216 0.300563444615902 0.6982154476416116 0.6968251953687852 
1.0 0.0 0.1622372501221629 1.993386293519528E-5 0.6998378388519351 0.3999434736143615 0.7993273576304458 
0.6031232999348226 0.3427917906043613 0.5340056322575314 0.4997930971464938 0.5000434163248562 0.499991459906759 0.49977614265797954 
0.0 0.4874252600365804 0.20588579577192412 0.40210860850434216 0.300563444615902 0.6982154476416116 0.6968251953687852 
1.0 0.0 0.17676050414734948 0.0 0.699896709729743 0.4001451488835411 0.7993851301479471 
0.0 0.4704104863708998 0.0017843996910562043 0.40236766853000805 0.3006018203221016 0.6984249753298135 0.6969545467600888 
0.6022699186990517 0.0 0.7491884439389801 0.5005633930458153 0.598859948569096 0.5999041352190404 0.502792738494717 
1.0 0.5033703516888488 0.0 0.399987276246199 0.49953215491579084 0.39966491125733844 0.7995339551094163 
1.0 1.0 0.0 0.599547042409576 0.30023816081200383 0.19920806963344434 0.8991284365934762 
1.0 1.0 0.0 0.4003870169300787 0.4004162639794718 0.20037433804664742 0.8993116324914792 
1.0 1.0 0.0 0.4002964552269194 0.4003795073768585 0.20113102891062795 0.8995498359857611 
0.0 0.5285836260008304 0.2798422447198856 0.5985363705342193 0.20061301321745864 0.6978001553626588 0.6967301542231134 
1.0 0.0 0.0 0.0 0.6998856776019217 0.40139992087774135 0.7996781820510184 
0.7699372044350415 0.5828124747009059 0.21000695279200254 0.49992357611092764 0.4997310133178088 0.49999910503767175 0.4994127801877252 
0.6434178770469874 0.686402743663302 0.17513850426378882 0.5001646882742588 0.4999757313848793 0.5000153153281398 0.49995967275275444 
0.0 0.497346684284369 0.2719652629664655 0.5992516549471093 0.2005936473488536 0.6976719055484151 0.6967834351692863 
1.0 0.0 0.10503726495613742 0.0 0.6998355187169294 0.4000659812146823 0.7993333641558985 
0.6288283567966815 0.4065685962229212 0.29125823080198965 0.49987445225319643 0.5000780006120555 0.49999629220974123 0.4998239449702314 
0.0 0.5372639297544981 0.3581944716975127 0.5996587893662042 0.20056806562730736 0.697319767338789 0.6966943597844043 
1.0 0.0 0.1622372501221629 0.0 0.699805766591657 0.4000666550985671 0.7993200751845502 
0.0 0.44701676368373255 0.1832880296628425 0.601680092386484 0.20071515601570256 0.6977558905731264 0.6968916154790732 
0.6022699186990517 0.0 0.8157828091234768 0.500464744217315 0.598858425968105 0.5999200516071103 0.5030019370224769 
1.0 0.5033703516888488 0.0 0.39991072942022166 0.49949487465026404 0.3996243202887063 0.7995983369796162 
1.0 1.0 0.0 0.4003870169300787 0.4004162639794718 0.20037433804664742 0.8993116324914792 
1.0 1.0 0.0 0.4002620006267582 0.400269596637053 0.2012454094154601 0.8994016044550375 
0.0 0.7734556796942451 0.35614960604249646 0.6016273558837248 0.20051743367218328 0.6979391533568085 0.697316144066732 
1.0 0.0 0.1242922854813392 0.0 0.6998162510611906 0.4013957682998721 0.7994885632836872 
0.6288283567966815 0.4065685962229212 0.29125823080198965 0.49987445225319643 0.5000780006120555 0.49999629220974123 0.4998239449702314 
0.0 0.620642333043154 0.1974721924118648 0.5999669393599993 0.20057428148024853 0.6975436557341714 0.6968367161154592 
1.0 0.0 0.1622372501221629 1.993386293519528E-5 0.6998378388519351 0.3999434736143615 0.7993273576304458 
0.0 0.5329237778776643 0.31901835820869917 0.5990975799502117 0.200590539422383 0.697559961350724 0.6967122570037588 
0.6022699186990517 0.0 0.8157828091234768 0.5004248764914446 0.598794281447549 0.6001664145755214 0.5029873721306856 
1.0 0.5033703516888488 0.0 0.399872456007233 0.4994762345175007 0.3996040248043903 0.7996305279147162 
1.0 1.0 0.0 0.4003870169300787 0.4004162639794718 0.20037433804664742 0.8993116324914792 
0.0 0.5329237778776643 0.31901835820869917 0.5990975799502117 0.200590539422383 0.697559961350724 0.6967122570037588 
1.0 0.0 0.13097761201873873 0.0 0.8007899101676733 0.4039858042340877 0.6007984958868043 
0.0 0.620642333043154 0.1974721924118648 0.5999669393599993 0.20057428148024853 0.6975436557341714 0.6968367161154592 
0.6022699186990517 0.0 0.8157828091234768 0.5004248764914446 0.598794281447549 0.6001664145755214 0.5029873721306856 
1.0 0.5033703516888488 0.0 0.40047553903216365 0.49963351508773285 0.3989668674704676 0.7994922415172021 
0.0 0.6771422293936792 0.3558632086377246 0.6015278026072585 0.20052861477531733 0.6979338515935825 0.6972312046689999 
0.6022699186990517 0.0 0.9986951323413011 0.29929580570647296 0.6993596699388143 0.5993448057270927 0.5030967495843733 
0.9515960513583762 0.5033703516888488 0.0 0.4005380471838239 0.4997068487589422 0.39853133178606126 0.799447255535423 
