0.004146970763325581 0.5456787688499798 0.004132819380358408 6.946537597333773E-4 
0.32735206637710784 0.3429308525263461 0.11330360259766105 1.3859632576794474E-4 
0.010472581113581403 0.008896819975339886 0.3427886035285623 0.1764139110719724 
4.271649424261895E-4 0.006155737330570439 0.8116330637067883 0.2694618947378431 
0.36685686542508555 0.005832775916943432 0.009927722620714676 0.27081189024821356 
0.0 0.07182468413416483 0.544272251417963 0.0034739704154863665 
0.02463878135656379 0.5992771265983593 0.07079996753348228 2.7269188679610216E-6 
0.9429940063329734 0.1799115274530887 0.0 0.0033572678550245136 
3.2831633465068705E-8 0.15650408014365721 0.8432493131289096 1.559671517925812E-4 
0.07300318645566772 0.2854382744205944 0.24719160481236307 0.0170088755570018 
0.004062974008960262 0.003356555595236696 0.5081095418702674 0.060181901860810245 
0.004631778174004402 0.36144443799436593 0.23556216574955108 0.009290120088836042 
0.01988395335268035 0.6845737970920139 0.37321056856968843 2.7177072099099586E-4 
0.012269505790231805 2.3809365497064224E-4 0.4459410392722633 0.1617731172563271 
0.0011432295273605243 0.0010480306149520198 0.5840422319696064 0.007376828467876686 
0.025887090315990683 0.7562742491270937 0.0 0.2813992712353308 
0.013816633881817645 0.3238991758398894 0.006381598195907711 0.2768755392847321 
0.020260230228739774 0.42056334007364976 0.004820272485805227 0.1511956691394762 
4.2590477084639844E-5 0.027811173035039702 1.3412884803542588 0.0 
0.16610683303989635 0.36103324454370256 0.015138984386729448 0.019025146962604635 
0.723073611949055 0.4435542473122759 0.0 5.03548103920319E-4 
0.014276819176773346 5.786351019705821E-6 1.0261392304576045 0.055759659441952616 
0.5556966840764831 0.04032594963219398 0.009918674948704766 4.687071199435423E-5 
2.871725060733329E-4 0.001675061818750924 0.5209923369858362 0.411130636624737 
0.4779975620421951 0.0 0.0 0.17770992282166995 
0.5480436656959171 0.012193752935298582 0.296804918974038 2.1613237570518182E-4 
0.46004635293884555 0.002077442767650097 0.049279111546688056 0.11545517372593604 
0.059115304331146756 4.409425000486399E-4 0.6503232753630234 0.0035509983419542697 
0.09846796414286123 0.4180385656038519 0.03580809524820153 0.015851834247387973 
0.0 0.3930371396463384 0.4418645247262358 0.32158906191826286 
2.3070512928789992 0.13952713128820884 2.512909395642782E-10 0.0 
8.157343491268887E-7 0.020571679759232714 0.45613664498338385 0.04026446725342041 
0.5240474489930592 0.5542085550463179 0.0019821906058778488 0.0 
0.04481323348401887 0.5032127205278961 0.0 0.19615296368278895 
1.0342809635768548 0.004806621995183014 5.1036890251224475E-5 0.0018931988183793615 
0.709194960997223 0.3669615869836864 4.654504339844904E-5 0.0 
4.637892598654257E-6 0.8128411108050472 0.14668567840575666 4.1324723342944396E-4 
0.0014709737709130428 1.2556731635774077E-4 0.5523895464195208 0.4935737066840634 
0.004896691982236426 3.6725734310204864E-5 0.35589368546024575 0.20275088822165227 
0.8650149031877931 8.440138744902218E-4 4.885051240783836E-4 1.5299877539570148E-4 
0.6241021259798506 0.03981608443158292 0.015287001555829127 2.9742695928049173E-4 
0.0 0.5721835710189017 0.0013281236661319786 0.026155493722403694 
0.15572772820780525 0.39131717951574474 0.0 0.06204909016892325 
0.027169322705854402 0.5648035262355322 0.006473044157186329 1.6529079596506622E-5 
4.769459108744822E-5 0.025576269975899478 0.6697169545052348 3.0527510366957887E-4 
1.4555023821396484 0.0011461886769207838 1.5240812792992283E-10 3.891833515372109E-5 
0.0011252080107513325 0.0017815656613971687 0.10628556297476754 0.9465915495922645 
0.0016660368416876604 1.746506332775604E-5 0.6707142193890734 0.4933009866711122 
0.015769687169671618 0.34236703245937444 0.18973516676346486 0.03199500028389422 
2.71067912410986 0.0 0.0 0.0 
0.9870297554391634 1.537556877969911E-5 0.0 0.15724521780369496 
1.4099488592247054 0.009755773149843912 2.8791627595469174E-5 0.002163578323844083 
0.0016772234080588634 0.0015705354413782166 0.07233909802369336 0.999061430831685 
0.28124395441463934 0.2986037332807696 0.013104371421092874 0.017333121874596954 
4.795666527282988E-5 0.002561152062468505 0.6094349808850823 0.5312962526737233 
0.3881596168510112 0.6206518795766907 9.361422792874174E-6 0.02139635041333307 
0.18562367770829996 0.0 0.4085707584394543 0.0 
0.08624113634924555 0.074710837387373 0.2541527601854932 0.22131382295895657 
0.4372302617244929 0.2507927548698418 0.004255735557482664 3.0315192021366973E-4 
0.14314905540519263 0.11950581205576155 0.2865380939373301 0.06373160811098094 
0.3207026100866812 0.29759702807080823 0.06686127746870231 0.01138451756217476 
0.6882708760091324 0.004323119679740408 0.11707503299865732 3.487050831765721E-4 
0.012620161871347122 9.465261722000098E-5 0.91723880852462 0.1707714471110878 
1.2110483973437081E-4 0.9239249274291204 0.1008667288471149 0.0018672808288935474 
0.5513304523814179 0.0024968774047621277 0.0 0.11773344056067689 
0.17959198792689252 2.583916428548438E-4 0.32600041964347143 0.06698655692012954 
0.0 0.2593044080310249 1.377412127474597 0.0 
0.14265049922694803 0.2086105453759637 0.24182069580843812 4.445057208418501E-4 
0.0 0.5913853357495372 0.4886437530937552 0.0 
0.01886729811518315 0.28080200422310925 0.38468913007130634 2.966142394860718E-4 
0.061830286560008656 0.49619614605409046 0.0 0.05571402652904208 
1.5227626668376573 0.0 3.823688842807491E-5 0.024848281766497587 
1.0060450267077712 0.0 0.01956965531113995 3.5211856085798484E-4 
0.2100706517021456 0.0040764876858893975 0.26385042265416014 0.17770992282166995 
0.4149048860050087 0.6676813973684614 1.406467147701199E-6 0.0061247320651061045 
7.598872717874693E-7 0.17563737653793163 0.5191776629514112 0.32896063501448425 
0.5853239810228622 0.03734214013715592 0.07065814575369615 3.036097557411875E-4 
0.5318021739007626 0.11741475571026681 0.03950946241274291 1.5114887380835416E-4 
8.938793485732723E-4 1.514042794702912 0.01966226452747126 0.0 
0.011146362261452283 0.37777251533023204 0.20604306694312238 0.034744997976880326 
0.009910827841759359 0.46948192147659396 0.010802522326937791 0.5802651977274556 
0.3614771307624643 0.32970511673491837 1.628919448312307E-11 0.32301790550499054 
0.0 0.1998391576910513 0.9108022875556033 0.0013354380601981702 
6.672510481604585E-6 0.002231950583499035 0.891876829193031 0.40733432076613063 
0.1404945733913989 0.009993398689359912 0.20317807766632756 0.30630174499889906 
0.17203754926932854 0.8744282011611674 5.904008969408768E-4 2.7373315883270503E-4 
0.2543963809044934 3.596595198740619E-4 0.32216632110269044 0.04740428072695555 
0.014636147984360377 6.359279775951473E-4 0.514513613507224 0.0011375010278213292 
1.2468973779269577 7.72925615445826E-4 0.0010518298885900162 0.012227868975841445 
0.0 0.0 0.0 1.2022496681061252 
0.01870425814715522 2.97385047813146E-4 0.2979213441746258 0.2243142140329722 
0.24334947509649918 0.004722273818644013 0.22992581312705193 0.17770992282166995 
8.460068089370953E-5 0.0035275763183018217 0.9590681972123356 0.0938557130284693 
0.5240066187437479 0.010168514789310815 7.636735782486212E-4 0.12076867775255784 
0.8930209513286187 0.012062207103322642 7.352946101647202E-4 0.0 
4.496125144835806E-4 0.2935926595556213 2.4788796318557434E-4 1.1321240943615458 
0.04703137633471189 4.641443360695035E-5 1.396805888049917 0.0 
0.05779999293222157 1.3747126192860303E-4 6.951432895990172E-5 0.5128520510580172 
0.3522340941978422 0.16457896105410058 0.04628535438633091 0.0 
0.0024660739981451226 0.7273578431388505 6.140825667963325E-4 0.0 
0.0 0.0 1.5345989385789567 0.0 
0.1893910785900171 0.005252744922746089 0.1986065347837473 0.2182330466743364 
0.11769125584218072 0.48089492387053895 0.008572078047509818 0.017051709747563946 
5.995855213141375E-4 0.0029108923791428135 0.1283598800744489 0.9278378865138378 
0.479801182763876 0.5551313106652992 1.3659873052907827E-6 0.005855130862392622 
0.0645453503248159 0.5179848882925879 0.0 0.03121022052573742 
0.052942569645229705 0.257906061813794 0.2850419367851294 0.4967788770048746 
0.515770457643173 0.46053778857203226 0.0036573209292977663 0.05154109590373949 
0.19084948739360202 0.6336016900281757 0.26183095083566493 0.0 
0.012546830874452334 4.0162699684869634E-4 0.856502613948351 0.1609738579038089 
0.026683241813012487 0.7795332893765747 0.0 0.25734407948882804 
0.11095532535446428 0.9673260158529876 1.0370211580480075E-8 0.010154469752660732 
2.8452368524777732E-5 0.012425582826723375 0.7583079439826484 0.2827497649151194 
0.48991187446981216 0.6012731618008609 0.0014128461338821512 0.0 
0.4444595751006853 0.5904742843157953 0.0 0.005855130862392622 
2.9966652273589887E-4 0.009598483635881849 0.9139279720754119 0.10720991414841889 
0.20366642384467099 0.2210217134066898 0.0018876505305058184 0.201815879147817 
0.04217335104314238 0.5325664342186697 0.003042475440264667 0.14838450440348536 
0.12062795353554401 0.0 0.8233443440693727 0.17334575757922943 
5.4054648629570215E-5 0.006798813751160744 1.3884708717660417 0.0 
0.23591685896368889 1.8327997689737544E-4 0.24090685032128123 0.2620092614657076 
7.980360891322391E-5 0.5038945936749363 0.009399816871117744 0.14254632768813472 
3.379655236051055E-4 0.2592572874323032 0.1636868596122494 0.2002576192138942 
0.7097203692529747 5.513702303924911E-4 0.02585166823575708 0.0 
0.5721392003449892 4.6746746649409336E-4 0.0030483375378710428 0.006288692339503355 
6.591534224919262E-5 0.502876911753731 0.054900076397418555 0.4824555041353711 
0.6355944905680945 0.3447662076525558 1.193293217564842E-4 0.0822550884958975 
0.012304540360556273 0.12175908821731217 0.5871596122580331 2.476135473417363E-4 
0.11460710871455523 0.24971638508890934 0.19656748095804172 0.015357708873809722 
9.798463383428052E-6 0.06186929128230272 0.3018159539850417 0.319223266189216 
6.761498589949332E-5 0.0036342765188088462 0.9828882727748365 0.06515955382499906 
6.756021028944304E-7 0.45785850825266355 0.5644869041612127 0.0 
0.002092237795875193 1.366211213269557 0.0011535278690253563 0.0 
1.6065517341997433 0.00925281815760349 9.24040850834955E-5 0.0 
0.0 1.0605008230160768 0.0 1.7107377604241955E-6 
0.12400280056473437 0.10258965514550894 0.4087410214888759 3.851434125653852E-6 
0.022201838341765912 0.0014217817102064013 0.6425347170884717 2.055034798594085E-7 
0.0754465502865154 8.48766330010016E-5 0.009639368913945713 1.0957486261084213 
1.595389286602653E-5 0.0029576574972849956 0.787036801191743 0.35669373200728893 
0.006640927837446278 1.4667772090940406E-4 3.6134599855218133E-5 0.6328734578524245 
0.011940909475161899 0.40470130989397524 0.22073045471177646 0.01826463969936336 
0.0 0.0 1.0660718109795297 1.5942684116789196E-5 
0.007407742943988677 0.8469519349924737 0.0 0.3194019152667635 
2.630855084034252 0.015152218987645141 2.7684990575070846E-10 0.0 
0.0 0.32516336861477085 0.7283414815165077 0.003407844530103706 
1.1180917019187766E-6 0.2584313496815217 0.7639136202427556 0.0 
0.07972710836702894 7.842584207006513E-5 1.010043753377801 0.06017039130592141 
1.6849611323815776 0.0 0.0 8.045723039048849E-5 
0.0 1.31570723388275 0.11292287284652783 0.0 
0.6855112114099887 0.04985675569620557 0.0 0.04021882103755036 
0.0011563551678294443 0.05477724512724296 0.00262347728849343 1.0420072808738459 
0.05229448112715996 0.026678829362247337 0.4255107968710247 0.110848321880723 
2.2835642130158775 0.1754533449006182 2.5728529863505273E-10 0.0 
0.7509476840089367 0.3892679987900801 0.0 0.0 
0.0 1.720504175651227 0.0 0.0 
0.41750076709636885 0.008101734926451613 0.0 0.20135541109794167 
0.043485934047296934 0.5267356351209689 0.00948930807900301 0.016555540427859353 
0.0 0.09644548534443427 0.5196514502076935 0.0034739704154863665 
0.0029025924747633275 0.34241967798866685 0.4432944008020622 5.030247453275557E-4 
0.19573424294303585 1.133140325124419 1.9109832207211784E-10 0.0 
2.4285934740218322 0.03229942036979951 2.574815137875201E-10 0.0 
0.6530740909891855 0.3542476862334591 0.0 0.027603365910624466 
0.0 0.17889954512442097 0.9639166388493577 1.7828574584777604E-4 
3.076245940353019E-7 0.056239685303436565 1.0309444703390125 0.0 
1.4547230783648568 0.0 0.0 0.13152156382830035 
