2.545608073725859E-5 0.2362578050537142 0.57328218928031 0.0 
1.6511254078130582 4.462856555353922E-6 0.0 0.005551960055046007 
0.0 0.16740023735712048 0.5078339559702517 0.025528578163886293 
0.20513003969157745 0.3334404733428216 0.0010595900632054541 0.13980098183281028 
0.14545188685069887 0.3030429325285063 0.11403109494755817 6.433650338231717E-4 
0.07365345627160402 0.3271545836530627 0.257756640553124 0.0 
0.13557521230221234 0.0 0.9760661873045154 7.211041132485337E-5 
0.0860998282938734 0.17524440827698126 0.289178567525789 1.6653104423071564E-4 
0.09004460764444729 0.3483570294289429 0.12912166588648075 0.0 
1.8230217437338364E-5 0.2936977234112829 0.8427248496311325 1.5651586605834759E-9 
0.0 0.41479392914062824 1.1135266228832588 0.0 
0.39667967604754556 0.018373594329060838 0.02715585099489529 0.09320872187262152 
0.0 0.0 0.9022363605394166 0.10658366825191808 
0.5736680114249761 0.0010203475257271727 0.031272124544363185 0.20956072736298306 
1.8511065727265623E-6 0.4743237631119186 0.10087033487404982 0.09535478267318735 
0.48323415398276304 0.02238266502507179 0.03308118734983371 0.001886232729880303 
0.6005302836582183 0.0 0.011141751347274804 0.10923412037552457 
0.010190435253396538 0.39705107703011544 0.11509925321636297 0.0026647903614377025 
0.005332852105151768 0.1826100180319017 0.04458687186311408 0.29340123240525173 
0.06373049876310657 0.2871584264283489 0.215872577697234 0.07705688609294191 
0.5771142714186038 1.8056739533204314E-4 0.2794789832093337 8.688736020569982E-4 
1.3010864113088713E-4 0.04493092154705221 0.04852728033244218 0.7524890275047381 
0.10256653076899654 0.04532077842274578 0.4838104241900325 0.0 
0.03810464141734193 5.410216324250395E-4 0.46007604201459984 0.052134841271197975 
0.4167059459311405 8.30695013691642E-4 0.23517310089395588 0.09066590998571863 
0.4622647612095522 0.0017320229193850101 0.002667458673409994 0.24707227422932354 
0.07909113499777583 0.03660492399518298 0.3905514484963275 0.031972663246072806 
0.6513875230357979 2.054582943433242E-4 0.010811213592128943 0.2656973316002805 
8.387923034027702E-5 0.09684572260297697 1.2678523231643202 0.0 
0.13595615499062136 5.193643525740393E-5 0.3841765464777126 0.1358529613743226 
9.632634265215292E-5 0.019448182517102876 0.987777696677143 0.03673262342834789 
0.06876024016144114 0.022601600948784255 0.2868962987094507 0.33119963418257686 
0.21735528925150088 0.08779011850584545 0.002874824918164644 0.26175980699615203 
0.15621359137544158 0.046694573072391624 0.055964277142236604 0.2529998837894219 
0.005133587570357277 1.9610751606241475E-6 1.238259644485714E-4 0.6634466439242372 
0.118381287222734 0.18603894930355339 0.03469062980989325 0.18841906696124042 
0.08623291983738803 0.1322266181319926 0.09322358699973343 0.21114937139580778 
0.0 0.0 1.3647819249976374 0.0 
0.16995580208631594 0.3292707559101951 0.041024493396858895 0.003843399743008433 
0.5291411749417777 8.93964198939659E-4 7.150790034703817E-4 0.2810021669051144 
6.227268398896668E-4 0.26004387092348136 0.06963731250257076 0.2160223337198308 
0.26400586343587384 0.12257517835934714 0.17418328658285925 1.6962906618441198E-4 
0.0014083758938852955 0.5208176925627416 0.14107028445318198 0.038390998911014 
1.0109317567110299 0.0 0.03510952291417919 0.0 
0.006615699149339812 0.2956947865427046 0.30995281109503603 1.0021632703035707E-8 
4.391253246861335E-5 0.4562714988980722 0.19031818453965063 1.7016216669033505E-5 
0.07485611768028332 0.48809531278978174 0.06938040632537572 0.0 
0.4618125564029723 9.206141443624428E-4 0.26062956859991315 7.726390905739823E-4 
0.04474910825351376 0.07162677215840071 0.5877740241145483 0.0 
0.33032388550747593 0.1440840505489745 0.0781361556837951 0.0016685025236348797 
0.002818362794049133 0.48865021698511024 0.0432109417807624 0.030923296269469172 
0.0011425687777598518 0.0 0.868016422350962 0.291604759094959 
0.001032800536195724 0.15468894790053186 0.1256617879551566 0.2467960570002128 
0.003332536587994359 0.6937006966430672 3.896523122307362E-4 1.1415539742923345E-8 
0.47950179572480855 0.0 0.6048355527092589 0.0026724708625791545 
0.3311781405272315 0.03340902062800003 0.1765033086042928 5.626085861027161E-4 
1.385711117268501E-4 2.5647585416903027E-7 1.1149623917829807 0.0 
0.0 0.0 0.0 1.0663456618275164 
1.310483332361065 0.0 0.0 0.4568578254735355 
0.8867052835068061 2.796813704466827E-4 0.014716831186117907 0.045588797805683506 
0.1661161320614844 0.2700230633589367 0.10350039520716568 0.13980343974981507 
0.7331023797282796 4.990873460772058E-4 0.015986447943071885 0.015063585087100323 
0.0 0.47655734058772675 1.0486340776124619 0.0 
0.19135928521866488 0.018741921402629362 0.2569308906613649 0.07784376258428491 
0.002356194665375395 0.005745458361669499 0.5654024188691542 0.23024367802217144 
0.3237883738437814 6.454656821426804E-4 0.22830123750907813 0.11180113298727909 
0.05183222633247314 0.08333496490849185 0.39769740184192215 0.14656059164131516 
0.2080140550377928 0.2812286071103051 0.0018316434511034987 0.013926878731931236 
0.0074616162498296655 0.3282838253093611 0.18086178032706487 0.0 
0.18933074160198213 0.2326166396941012 0.1827724872953309 0.0010246812963953208 
0.0017194740990342564 0.0801653500857909 0.24841000739441013 0.3452911188183812 
0.29669674203647045 0.018216758414235586 0.7294925683163167 0.0 
0.40360202889282576 0.07228795694071932 0.0030682470779236546 0.08054446214065838 
0.2806186498064414 0.43556277698549856 0.0 2.8318876176744868E-5 
0.05847318673304229 0.14513564519687516 0.39850223894142944 0.0 
0.2629830562021343 3.9489279166578754E-4 0.8843825585521359 0.0 
0.16946842630383047 0.1919089362029121 0.2546454808444778 0.0010438338783288032 
0.0018488150202708418 0.27690850297370423 0.0026262183979091254 0.2467960570002128 
0.15815405457381657 0.21709936012144462 0.10434795980376757 0.04863335321393258 
0.4197938542675261 0.0 0.5363492201595357 0.11389050566953446 
0.14541700070928062 0.4714704872382508 0.0010098632256800254 0.01785550609548909 
0.6738797703577066 6.017910364427732E-5 0.37740648345718814 0.007172998665664374 
0.017146126432465637 6.549969623930918E-6 2.9663571615513114E-4 0.5706300420165288 
0.142014922082631 0.27513836050696605 0.035881558073131654 0.09121905751795074 
0.5163374059186097 0.0 0.0640687750551393 0.10365057581652501 
0.0028606984854775853 3.4476420477969928E-6 0.49393467672318214 0.1319116069245397 
0.2575650540371223 0.0846620453336282 0.412732278782102 0.0 
0.29315055237560056 0.0 0.036640348466057425 0.33917191164382676 
7.310495628986445E-6 1.873226451703758 0.0 9.44294594889281E-6 
0.41174777060764023 0.0 0.6925496524695829 0.0026820037199931537 
0.007239503746030371 0.0 0.002014663867553357 0.7825242984456278 
3.789922060375341E-6 0.971121879239121 0.0021722088139393887 0.0 
0.543497011337763 0.5622715724363206 1.0407405690753165E-7 0.0 
0.3745949392814118 3.060159839086284E-6 0.32781940729994846 0.04229648293213202 
0.19525075030060093 0.3125242390598878 0.1950349038838277 5.7057569050495544E-8 
2.9776611764198506E-4 0.11643692813617898 2.1807735234135286E-5 0.9256358037928696 
0.10575139667972634 0.34463484426550967 0.0016861714493016668 0.07975048769218218 
0.23148567871289638 8.603514109307317E-4 0.3180939095325137 5.432651912651961E-7 
0.013496690710248222 0.6032470625569496 3.4476925641042336E-4 1.0100612841636981E-8 
8.160026361632809E-4 0.8901584698939291 0.0 0.0 
0.07539839333818253 0.09943774283331165 0.34218845544082543 0.006639925358591934 
0.5588131767350543 0.0010942466156814612 0.0 0.0 
0.30226833755734367 0.35311917053285896 0.0 0.009327798711041493 
0.48150156409737266 1.9112749552830565E-4 0.11368623143658674 0.0 
0.18929500291519016 0.003195146586549753 0.27523375020036606 0.178869827109522 
0.2463917861351703 0.45002349682342185 0.06852077829031834 0.0 
0.6654102724064922 4.530033677301075E-4 0.002458268182671937 0.17507435799100174 
0.2619268246943045 0.669690145512112 0.0 0.0 
0.42808049295141426 0.11828196234668209 0.0 0.004701020603883765 
5.002342853203112E-5 4.529528170358866 0.0 0.0 
0.1189502330322576 0.013051287803667122 0.3347375104620452 0.07779491506595283 
0.0033488194076612605 0.14590040319135092 0.34358947065012646 0.0393036787618295 
0.5394537426168352 0.1469798621425073 0.003582180604097279 0.0 
0.14046261550530106 5.365794242106897E-5 0.663072656312797 0.0048931361187373144 
0.3124994218120235 0.5001959985203548 3.875396337155684E-4 1.6224168974535813E-5 
0.17161228862976236 0.07817450536019131 0.31103455143288855 1.6964631362254264E-4 
0.2700970619284731 0.28541905713404797 0.09149487321974706 0.0010734342061914106 
0.03623986903721368 7.933479254876589E-4 0.5255857945461837 0.004042613353955396 
0.874411633478417 3.5018585646918955E-4 0.0 0.16089644013846222 
0.2380521341722464 0.06572763962464397 0.22165554286163805 0.0034800100728651167 
0.0010504916712100283 0.07612381947736048 0.0057202106924586806 0.6280765041924171 
0.16775070077373117 0.5483146858443059 0.0037368152162478175 0.0 
1.6656691264958031E-6 2.0716652074209796E-4 0.06370178515728539 0.5271979530283104 
0.0 0.7101725064410436 0.18603296864637103 0.03067539945077888 
0.010630574328362341 0.21658638677516748 0.29279173236248246 0.040259792147566975 
0.4246566781347865 0.0 0.4565933309470898 0.19518989886479235 
0.0 0.9425414791978602 0.13822124382179127 0.0017539143591312326 
0.2045420362024342 0.0010919884109363304 0.40246593644410766 0.007809567315536768 
0.2709050067434708 0.004222341847635102 0.07656451983828186 0.2097480344758482 
0.0076437675797236815 0.5539051848888484 0.04162237763374188 0.10771604047399311 
0.021570281443328534 0.38518025054467336 0.0 0.3498317241145869 
0.0011631386056558369 0.40167116484213006 0.442573300876714 5.499709689542419E-4 
5.960136568523058E-5 0.13522780982923613 0.40155179993616563 0.1418754329455515 
0.4360249950494897 0.18298000047996757 0.04406418883183342 0.002033148868858632 
1.0897603942765015 0.0 4.8633041253958324E-8 2.099381718468574E-6 
0.26978514327912473 0.08521473676126716 0.09941552429522064 0.06974038652384663 
0.02064575438278275 0.02723215468265092 0.013323826719618067 0.4664629302593285 
0.0 0.9245100166158083 0.13557697697409946 0.16193876509232427 
0.0011694241704900724 0.005460994047818831 0.6951147333690342 0.005199021212506981 
0.045296187367987406 0.07670815708411186 0.16363719616198252 0.24491374526557028 
0.79902181373104 1.7943763104778566E-5 0.3400424444256959 6.297529479646696E-4 
0.40609430378746064 0.0409665111065294 0.11732465948653241 5.868299877823662E-4 
1.0736792851087472E-4 0.05306588168513852 0.4872063918417037 0.02463759674385223 
0.0024959219605481817 0.8125317893286256 0.22152880513814857 0.0 
3.5972544305279187E-6 0.921753119727627 0.0036011596066242695 0.15295395009424959 
3.101879844102831E-4 0.327528127664623 0.2389231872396561 0.07705688609294191 
0.4622472380633701 0.0 0.4460848444105925 0.0046157472189819115 
0.026508354691735722 0.46372467491660135 0.014490501843204186 0.18271460306226533 
2.1572218981426802E-5 1.2096492278599538 5.398431639920737E-8 0.17035387250089215 
0.06060682498244344 0.14359969757116597 0.2238681229910263 0.1718583802419337 
0.14219566107857284 0.01174020422495266 1.4488320830231139E-8 0.8632205509792134 
0.21419777025234382 0.0 0.5432977192344426 0.02875059593701598 
0.0966586809739429 3.692445793877848E-5 0.4562902955958747 0.14441943644401134 
0.1196812906075653 0.39003118866552833 0.0019082790542164078 0.014509576609325928 
0.00423708209870249 0.12506911739913626 5.77474218091204E-7 1.0182120300251036 
7.90395562873615E-6 2.025293428551589 9.038368780222807E-8 7.533736572800275E-8 
0.17753063632019317 0.0 0.7889795089073629 0.12967427756661004 
1.37292177782502 0.0 2.4834671487028605E-4 0.0 
4.3417944279327604E-4 0.002027537494616463 0.7848886449583706 3.986517086163983E-7 
0.08625321387403767 0.007121387096193988 8.788342947785702E-9 0.9571035795079488 
2.4141344417971107 0.0 0.0 0.0 
0.0 12.366354796034928 0.0 0.0 
6.119019908806724E-7 1.7522089159293333 3.5761277564801985E-7 0.0 
5.697754922879365E-6 1.4599810708515126 6.515523698675965E-8 2.812608668213968E-6 
0.0 1.0679635200718745 2.828685479450584E-6 0.0 
