0.1147546444476482 0.3949132745625004 0.002258839993129277 0.0 
0.6637450312939233 2.8563432804510226E-4 5.4224825906573034E-11 0.0011804047904155463 
0.04581217583489915 0.506963505262296 0.09180171807493478 0.0 
0.02138841901393444 0.08610519036457559 3.140845679678476E-4 0.4398501858123444 
0.10386043174703768 0.003956699607365571 0.32414457136638714 0.1357568000934498 
0.1611144735718438 0.30823907586639054 0.008359281538565345 0.10805257949991276 
0.0 1.9203817025948418 0.0 0.0 
0.0031336902387852383 0.03910745114996807 0.49499846316615653 0.0022302128338943694 
2.5586590593016348E-5 0.0019213873813296624 0.883378375513421 0.0 
0.30415583467630686 0.0 2.2962295129757028E-15 0.25110860058587203 
0.0017645263947355077 0.2946836367211561 0.12829036564455357 0.10594795657877011 
0.05266885266782696 0.3085990428288033 0.06741563484678231 0.13395823836330456 
0.4422287772378456 0.0 4.904241898470128E-4 0.1970521254995035 
0.0 0.0 0.5490574667570316 0.012838141833502577 
0.09335731361444002 0.44044788942167196 0.0 0.13380664554163024 
0.4467062089742657 0.0 0.1396654323136157 0.07066398074855738 
0.39979286997110586 0.012882071968433743 0.12710081496043124 0.0017276553444994164 
0.049356120725793394 1.854504336737431E-4 0.42251727168897685 0.12310142169714666 
0.605373115571651 0.004085882776333725 0.0014843939166133877 4.059133863337873E-4 
0.10725421768024271 0.004965174934380339 7.205411217347152E-5 0.5668954206330298 
0.02258804418408962 0.12698459441963098 7.292469943336459E-6 0.5037461895181373 
0.038380530477646724 1.65165786802592E-5 0.6101702675378342 0.0 
0.019549118598256556 0.47261741705639254 0.043130965560567704 0.013597775933447168 
0.4710135567615639 1.6980076487597784E-5 0.0013186549367014194 0.12291746861341839 
0.0012747911274377524 0.04254295825357035 0.44175639915176 0.0707410200117281 
0.06434563773284256 0.22143719431314068 0.02777099017897237 0.26536864372194 
0.0028940732554865096 0.35704496796043983 0.03157426952621858 0.18489024048434452 
2.101600757588915E-9 4.4782634932353626E-4 0.4574018666208351 0.1225027735850042 
0.15348003840125973 0.001031708172813598 0.37928472368263444 0.01772599102730706 
0.008171073576178831 0.04452693949947023 0.23119184969197407 0.3031968311203935 
0.0 0.36307853278796864 0.1199327955173421 0.1830887514032758 
0.08724024112833802 0.0015678374201544098 0.196131358728091 0.2639360382819129 
0.23996784809831478 0.05771341090942383 0.04494230983561177 0.23079455077578928 
0.05160441515611734 0.36995883477136277 0.025623682370701936 0.21006437700294978 
0.07856370412717306 0.01771749002154898 0.2968638042666495 0.26660268414358124 
8.578644322962815E-4 0.003983491942042972 0.059287033063415255 0.493102664742963 
0.13100600165033746 0.0020160949452898186 3.1999734406339066E-4 0.4766874173823944 
0.47733333726640476 1.7670452207817666E-4 0.11175886534555772 0.007200694927892001 
0.5053719837356414 0.005186285330948153 0.01672941657096602 0.0014524176187750634 
0.01311309381379383 0.05556985139382528 0.21258088382794996 0.2600014838934817 
0.10073396279793669 0.3008192126249956 0.038262357433274816 0.11180220871526758 
0.308613198865745 0.01183703770125902 0.04440522703325627 0.14591723004562818 
0.0018685590698853905 0.10671815979729772 0.34161056392834926 0.11015433652150154 
0.5513414274777877 0.007943643773991654 8.806900002184471E-6 2.357718962031849E-4 
1.064577403507052 0.0 0.005520793742713918 4.710053720176934E-8 
0.0667415432763353 0.001615314108079678 0.02137998928367169 0.4959142079132949 
0.0030209708853156637 0.4988339374914734 0.01613364704639858 0.045607710006678535 
0.0014749299533273182 0.006841353071759206 0.7209768821581 0.0 
0.35402952727605924 0.09587905874664719 0.07175731676506289 0.038286648853004625 
0.001972793579024637 0.3294651687283298 0.14215786387974128 0.05702404270478336 
0.011864509533868417 0.8666508133593097 4.776238573501129E-6 0.0 
0.35242288628385704 0.06469434800874319 0.008371781169757536 0.17011589508502883 
0.29707372202816545 0.01523228914434939 0.09621485329229766 0.19619968794547424 
0.0376213910811218 0.1960857278573038 0.064189336905887 0.27333879784867904 
7.879027236119205E-10 0.5578239735747462 0.04865120145371446 0.015239460046782543 
0.0011781524419913131 0.19675661823690188 0.08489668471092196 0.24778841350206393 
0.47218579034821123 0.03950906885023958 0.006736215866249257 0.07578439162036577 
1.617729462237723E-5 0.4555590885095379 6.699677011877628E-4 0.274446584650167 
0.44438264047555487 0.01735761869361272 0.0 0.3037083209896104 
0.2669914383660607 1.443019043042488E-4 0.033775761990673 0.2786508035774829 
0.0018059262597361614 0.0773741648101101 0.45348489312654494 0.005853179048524845 
1.9267049318924317E-6 1.2139743702932932E-5 0.18059154741636846 0.5100365504275394 
5.665842717597945E-7 0.29549759596751174 0.015650748843556144 0.24615676850320525 
0.40986756436868904 2.3549671722612408E-4 0.0012099706096846358 0.17258802229194528 
1.1367651152411164E-5 2.6335754237852196E-4 0.1344965437072039 0.39773567532436205 
1.0278380285441318 0.0 0.17683476419644073 5.302385877881555E-8 
8.483724509613807E-10 0.6006356844372559 9.83432220615149E-4 0.015117437399273017 
0.1123501751310095 0.014107219535137496 0.405176538195396 0.06711250597028849 
0.7896463080057995 0.0 0.0 2.0410402177632332E-5 
0.29081089760235324 0.07382638902579076 8.772900795184269E-4 0.22062554107623256 
0.5491890685330233 0.0 0.17170732606269948 8.277473976647915E-6 
0.2790221716287572 0.04164799646396583 2.4954648153339626E-5 0.3126163719917589 
0.7285684831545128 0.001651963568966272 0.0 1.5205213245209695E-6 
2.246267954554621E-5 0.13277985394824707 0.4491102563430513 0.0036921447862933586 
0.017887103099655938 0.43243670670322243 0.07182354209449165 0.04073306366999782 
0.4236714231796744 4.4226925143339886E-5 0.06757972412056049 0.12835209568153566 
0.002978350677260405 1.1016476527901162 0.05259275023435036 0.0 
0.0021985861834806046 1.2393806346684182 4.344209967006228E-5 0.0 
0.0 0.31376541962189075 0.0 0.3019421558367327 
0.00345246415497762 0.4259342610839787 0.019435999963169286 0.12620933118650976 
0.17533886683292887 0.005870551026197861 0.5443768169977626 0.0 
0.10380699424094947 0.43089255050403324 0.08528088993719318 2.5263827230808327E-5 
0.0 0.0 0.39354230260387557 0.23532777778301361 
0.005338029561016974 0.19361080453190743 2.1921432271171794E-4 0.3687428010172145 
0.10265309427338035 0.5040385155505974 9.050388648948295E-7 0.0016346022363402531 
0.15073880979866988 1.1939278647160196E-5 1.5469192415897386E-6 0.5302673417777237 
0.0 0.0 1.1267778537437652 0.0 
0.0 0.01897895097454846 0.46617100912860593 0.1942957647250656 
0.11465407277495736 0.43804630137372064 3.423891786243954E-4 0.006260546920135864 
0.015458119889169111 1.38858614935079E-4 0.1827715856092546 0.3411549295136995 
0.4469565238287051 0.046991232797268134 0.04688348460640213 0.0012583706317624505 
0.0 0.2373683568573218 0.021181644528301773 0.25677794935868026 
1.3055961782816985E-6 3.3474907803436084E-4 0.3432386552356509 0.2351450136609446 
0.0559612919099342 0.19258355200588134 0.027932863408097988 0.23399017652306278 
6.908797071850362E-5 0.12646956643455323 0.44473727685566994 0.058446311020751845 
0.9930674395463174 2.364147091758578E-5 2.649240060114936E-4 3.591940591740309E-6 
0.10604290655602926 0.28604693993196123 0.007380399883337434 0.15971326180406978 
0.10214866254491642 0.3515314174163651 0.05736181308114413 9.752748956575234E-4 
3.5909767102201937 0.0 0.001712143100996562 0.0 
0.0018873627316214085 0.03916007447086527 0.6327816939706179 5.860232008401369E-7 
0.16105096931736246 0.0012098632140135914 3.903339128189758E-4 0.3525739088946477 
0.46138572658850924 2.493669436479754E-4 0.049962798854484215 0.06426280207146602 
0.5228757769518039 1.8849713683821207E-5 0.0014638490010768857 0.07090716175100958 
0.04928730772411062 0.22693292035769985 0.006365533914895346 0.31981463753673633 
0.005497404412550765 0.16396508687200467 0.043829892417158504 0.3281137244745089 
0.5189845782965203 0.07888688695866229 9.414508770772324E-6 2.520383544897678E-4 
0.02759999038915632 0.1162693084466113 0.006795163446076876 0.39032266000599436 
0.0 0.0677722329918642 0.0011762726882212614 0.562909383716806 
5.950585835866626E-7 0.3670070835457096 0.030824397267734914 0.12654946252802537 
0.04137768020443247 0.0 0.36976289695785 0.1687708216506106 
0.05339663627958304 0.2793890841054638 0.0015803405759221578 0.22321671989164735 
0.29811619512925164 0.07568094035662638 0.03552102205862149 0.16319691437013661 
0.0 0.4180523739657549 0.0025335138995014475 0.1986424406403598 
0.0 0.654825652306385 0.005007945603176013 2.3895378008795952E-8 
0.001337872098486859 0.03307625450043687 0.4011872872003772 0.1359960176171471 
0.005548689540806054 0.028920217886603497 0.26368098081338814 0.2735713380660335 
0.10624476242721806 0.001416324851439751 0.4136881541466803 0.1390087038902542 
0.1265665873207288 0.016073396896986208 0.45372057792202475 0.0023832684020189954 
9.984870842135304E-4 3.625599546103964E-5 0.1364698558567059 0.4633786446880695 
0.635708637625439 0.0 1.0296349819979022E-7 0.06082871293041476 
0.030069861179297604 0.1550857918883211 3.949581368959822E-4 0.43656659570155465 
0.2207988611783043 0.0020655456478774832 0.07009804525836147 0.31108301413466144 
0.20606527583219914 0.014673297477737787 7.546325911029356E-8 0.5551353053689291 
2.0349319581194933 1.1707654917092892E-7 2.9782775508153965E-5 0.0 
0.0 0.0 0.0 0.5955129182466541 
0.0 0.4366160356117193 0.1365106778094522 0.010215797547892891 
0.39427614557194957 0.0 4.968400344637374E-4 0.24488447529612914 
0.06066557971100552 0.438310355705629 0.15045327751003862 6.102836470553345E-4 
0.47729034202168763 0.130221889977003 0.009212211642501198 0.0 
0.36718937840926513 4.130390651123869E-7 0.06852071055391547 0.13603007526870545 
0.22423762083703655 0.008600763614920183 0.02943931743308757 0.2507475145036181 
0.20029950702063296 0.0 9.395415927765937E-5 0.45007295500787825 
0.01399367598304107 0.522871522495638 0.0 0.13457368138769124 
0.04469383790111814 0.0 0.4813751167220809 0.06906243394467163 
0.3304500647498384 0.04290137905108974 0.0013847776272977131 0.22400746663825682 
0.011144566267950743 0.051749773337861384 1.288187630314862E-4 0.48460420735123844 
0.3930927080908653 0.005859099344495822 0.02113285953586798 0.10544747256203957 
0.0 0.08769448750186587 0.5022490471435623 0.0064499581943576875 
4.03927925407626E-5 0.5440044424658039 0.0015271605582540132 0.006176685303080122 
0.0 0.39818203786583406 0.030620707176714706 0.25098835956877774 
0.4312025160540089 0.05598177928341801 0.10917612489415218 0.002383267834903635 
0.7712083098861007 0.050000408795897136 0.0 0.0 
0.0 0.4757094190498647 0.0 0.14942706444459433 
0.0 0.1799593857965477 0.031022443673209468 0.45733879410829825 
0.0037725433789434107 0.23323191764975926 1.311305841616958E-5 0.43881799743702227 
0.001740427220460365 0.23092641985379783 0.031283428732674125 0.3087598080083094 
0.0 0.7205204604434058 0.0 2.6093107140819957E-8 
0.21163976177447563 0.0 0.9897698727560196 5.2880230366895956E-8 
9.150131644660622E-4 0.3159636512338246 0.06844827994035543 0.2241955926636917 
1.2044594576706765E-5 0.1583340802383756 1.854094889424039E-4 0.5576306134318121 
0.007260475786896669 0.2633380992588002 3.284844855001105E-7 0.5009909894366014 
1.6341577038111505E-5 0.22273131480008568 1.1084882612202541E-6 0.5529705714876569 
4.136950923019843E-4 2.6330446416246345E-8 0.824445715739095 6.279376886538087E-4 
0.6446677133745127 0.07986701405744544 3.757315738484043E-5 0.0 
0.4163295743246126 0.052013907254762175 0.0017371074518400579 0.12554690644996158 
0.12442501993710763 0.004811340235126432 2.646989881827196E-4 0.4277868013292686 
0.04963795456699758 0.27905273591372254 1.602543756238539E-5 0.31295891139670823 
0.05343734222461578 0.5911277965646227 1.2260382891454885E-5 0.0 
0.05643447289340319 0.0043196744346816985 0.5494531331683368 0.0 
0.0733910707449741 0.002364797189218251 0.4615785231534299 0.001723766857670792 
1.3265351508679746 6.247447983716995E-6 2.0888663124117734E-5 0.0 
2.8631066938122684E-4 0.07438229960806725 0.32200147022061676 0.2667760515734667 
2.6769074957149464 0.0 1.8529080836020187E-4 9.985727454170126E-6 
1.5747424454361387 0.0 2.367634854103542E-4 5.874773263537065E-6 
4.53768785052645 0.0 0.0 0.0 
