0.19247212062989588 0.9798694872926501 0.04006403747589318 0.5009512196445389 0.5000288418587738 0.500061355522655 0.5005633406500156 
0.890375280022949 0.9999854473925758 0.2218324972680667 0.5000294764918366 0.5001130022702999 0.5001131147132368 0.5005440272598306 
0.9722610643947046 0.5506059379711359 0.8719466567602834 0.5000223036155271 0.5000871174164746 0.49980937332530695 0.4998102396455151 
0.9969071572181508 0.9996713114856496 0.10987584498045821 0.5000768549113008 0.4991313453011344 0.5000827593561756 0.5001469290982289 
0.40425211389598337 0.9606444618985198 0.23976422047090923 0.499944020654602 0.49941584520944593 0.5001001612302842 0.500113893413357 
0.25565179708021485 0.7036709537110449 0.9996669387924635 0.5000443301524462 0.4995057545680847 0.5001102247351015 0.5001455974520486 
0.7030394145716194 0.9960400281237676 0.7835914570742264 0.500055617154233 0.5004208749414071 0.5008705203026151 0.500136309316543 
0.5872947491767686 1.0 0.9988290561896447 0.5003948183129833 0.4995743538363364 0.5000575770482212 0.5010710923640527 
0.9900124818660933 0.8713234468454137 0.7437428301351203 0.5000049667577965 0.5003110001009418 0.5000623216749923 0.5001390597229912 
0.7353858341457444 0.8816029270283028 0.5385032672428957 0.5001021906557832 0.5000400661066376 0.5001001232558671 0.4998082632503475 
0.5511645771714684 0.46951213145786186 0.5054061479727067 0.5001484065066125 0.500067230219389 0.4998259953510009 0.5001543746351241 
0.9460882086328513 0.22874826878045373 0.9996669387924635 0.5000222816408071 0.5000873795133913 0.49981057210204605 0.5001635103190982 
0.69925041182566 0.5536165078497656 0.9290711676802731 0.5000502541954881 0.500292430610945 0.5001208932053031 0.4997590096529692 
0.9212333155393745 0.5840345588527742 0.004740042669236111 0.5001024147272266 0.5004085830048833 0.5000337126451002 0.500555479240924 
0.7627562768492582 0.5508204952198575 0.7993853286843533 0.5001699318340345 0.4991170743218527 0.499955060955368 0.5005605752249523 
1.0 0.8236443169747852 0.06272433089437501 0.4998801078152701 0.5004263341700459 0.5000671577130112 0.5009523928913104 
0.34736299747787214 0.7257277502310467 0.5260300268206659 0.49988221237946595 0.49999666771549806 0.5000989570402783 0.49979776010845345 
0.5907189561928557 0.24945150676304034 0.4485143382287692 0.5000182842067432 0.5002987532465455 0.49984797002558773 0.4998317383450236 
1.0 0.322948167195928 0.999992564408404 0.5001024250802034 0.500408063666357 0.5000321211820951 0.5005628080919425 
0.5707156122475522 0.998952880396123 0.8008059652251242 0.49998923108872 0.5005205971085751 0.5001114766703967 0.500085605922047 
0.8942474290812712 0.7006272623363976 0.5148947503412956 0.49998742941332314 0.49993904263996175 0.500099389006179 0.500118108614173 
0.9022063148619943 0.7018678311435125 0.35824096712938075 0.5003546364035174 0.4998833989146894 0.49997787716899766 0.49972434503435487 
0.787108070861078 0.21236084500106417 0.7659994797187085 0.5000030568953133 0.500421554200357 0.500153251078787 0.5005558721887051 
0.8762440066501224 0.4653652133506103 0.0 0.5000607972905191 0.499467140241449 0.4998304201130129 0.4998425970200035 
1.0 0.0 0.939452077164856 0.5000782438662084 0.500406187820117 0.5000871886522658 0.49950734211560754 
0.9259162526895579 0.8579466699364157 0.9398824475145776 0.5000733012058453 0.500017224007332 0.5000585681551802 0.49984267591958914 
0.5296302648638331 0.9999918648887682 0.004062511456883772 0.5001367728719861 0.4991773111411533 0.5011655369858286 0.5001532994011055 
0.5962698393635035 0.7822976394345097 0.5013466943689763 0.5009189861021551 0.4994181375129926 0.5000988892523206 0.5005590475245663 
0.8906077540280856 0.407191634258652 1.0 0.5000789315622509 0.5002998990932683 0.4991980667225656 0.5005681288818017 
0.15915551666859612 0.9610615257223362 0.8897488387784209 0.5007691560362891 0.499401159936036 0.4997755787925153 0.5001253070645548 
0.9957883868313369 0.9989011023966556 0.3561469985977936 0.5003572367549273 0.5008826969839996 0.49984999015404413 0.49972434503435487 
0.8552299502676634 0.46586176471849683 0.9359192539619018 0.5000375025839547 0.4999075276153013 0.5006846792938181 0.5001383990669693 
0.5042120164377949 0.8713234468454137 0.7437428301351203 0.5000049667577965 0.5011203031256841 0.5000623216749923 0.5001318946081661 
1.0 0.4637226839510302 0.1967744089421004 0.49994960926047466 0.500302089256198 0.49985676875561025 0.49984059548395143 
0.7723890802096754 0.5840345588527742 0.003391193449271135 0.5001024147272266 0.500408063666357 0.5000321211820951 0.500555479240924 
0.7474424309975053 0.19207763018323437 7.724577056190118E-4 0.5000443301524462 0.5002855852988214 0.49996981431867854 0.5005669042520351 
0.9983481035671793 0.9000286307802916 0.01173359611316327 0.5000050396217316 0.5003217130642562 0.5007663593154295 0.4997983058230082 
0.4842011991636949 0.9999534586624056 0.9992821932924429 0.5000049667577965 0.501131557056644 0.49996510210839507 0.5001318946081661 
0.8498383394424041 0.9006283448075965 0.23220895825896887 0.5000381945910811 0.4995924776677413 0.5001123957469211 0.5005250097399192 
0.9730831938339017 0.07365992509840719 0.013698069082200615 0.5000799443192955 0.5005474104251418 0.4999859703490582 0.49982050537948974 
0.3647565082481934 0.961570294591943 0.7521402788862389 0.5000218520107407 0.4991170292620942 0.5001001612302842 0.5005222134856271 
0.5515639934240784 0.20270693362042147 0.9929581431624929 0.500084899381547 0.5002985803554284 0.49968990297417315 0.5005947941291933 
0.9993181444528715 1.0 0.9921439948954963 0.5004835708456276 0.5000766878129118 0.4998648946683038 0.5005235811434893 
0.604988413881208 0.09546848052167917 0.004823027892389364 0.5000452664251919 0.500299254611156 0.4998509646496946 0.5005095172294252 
0.5907189561928557 0.31335056111323356 0.0 0.5000473290952936 0.4999840838520691 0.49984797002558773 0.4998317383450236 
0.18753802330106545 0.5167729726306214 0.9284987677194392 0.5000375025839547 0.499915206910593 0.5007483822750513 0.5001383990669693 
0.49655861463441675 0.10567166833670988 0.20561291182853197 0.5000294764918366 0.49954653598599913 0.5001390677642852 0.5005175818275787 
0.7359737589678113 0.3504124094792445 0.47115164053453273 0.5000186693809892 0.5001323286701125 0.5001126496049303 0.5005727185204214 
0.9024636135496175 1.0 0.26951274867283737 0.5001665950684012 0.4998936804840614 0.5011844565382472 0.5001283206200657 
0.9101144841052875 0.7602506596878931 0.22648226473274474 0.5000802344092242 0.5003852590408704 0.4997601442105026 0.5005669752354267 
0.36372335953670837 0.9606444618985198 1.0 0.5007668170279489 0.49910042428072604 0.5001071778654556 0.49974408772782786 
0.7577200977272099 1.0 0.9794871068346825 0.49989159016590395 0.5004007931102533 0.49926913331796763 0.5001727712003143 
0.9991359028167676 0.9945739991846817 0.7392356767451913 0.5001797032936195 0.5003548437803361 0.5011804317451584 0.5005774602038391 
0.5291420937862831 0.9996713114856496 0.10987584498045821 0.5001665950684012 0.4991313453011344 0.5001018344589465 0.5001532994011055 
0.6265699896465731 0.5434118474538303 0.18526729543517212 0.4999780154414561 0.5002870002956248 0.5006630894073621 0.49974333063912624 
0.1744285256265345 0.005336041757949328 0.952600149087384 0.5008395520745482 0.499990477913799 0.4997878737648218 0.4995298354830359 
0.8045425308827476 0.999236016644928 0.1453642860056804 0.5000457483226742 0.4993864200451507 0.5000955362504397 0.5005713460165243 
0.6267340108838164 0.9996043175415253 0.023446432634218833 0.5000382498861076 0.5003230870442985 0.5000285881718066 0.5002997260763226 
0.6911329785567952 0.9966694206103908 0.9096143612825207 0.5009659069843202 0.499955594615199 0.49974614749706076 0.5001285076109331 
0.9644146315888884 0.36796476873863043 0.007210616262790681 0.500811970250884 0.4999899129369525 0.49982253027430856 0.5001153613130226 
0.9962811348775595 0.5281434550710892 0.0 0.5004087447862771 0.4999458210630225 0.5007222318107658 0.49946061045764395 
0.2845568320435544 0.9745292633305485 0.04520792413432956 0.5009512196445389 0.5000501891104104 0.4999275362703902 0.5005230534655597 
0.8405951897218322 0.999496907609836 0.0028486776661486995 0.5000146778487286 0.5002733508146361 0.5000263777695402 0.5002834840054106 
0.5719975505628068 0.7334931391136363 0.99547844964098 0.5000478513901178 0.4994181375129926 0.49970183814784297 0.5005590475245663 
0.5978467557186433 0.7333591734893246 0.18313091333616865 0.5000656356804821 0.4994181375129926 0.5001035182769126 0.5005590475245663 
1.0 0.9999999756695284 5.393121406174067E-5 0.5003185117776529 0.5994780452938018 0.5009154615495667 0.5005598207514604 
0.8560504950667159 0.8951600646803064 0.9982349688552133 0.5000971566495034 0.5003373375839522 0.499755848828208 0.5005333459084045 
0.9919360234865081 0.3611750244290038 1.0 0.5003948183129833 0.49924027361253326 0.4999854909537393 0.501075784082152 
0.7685666238312028 0.3665169042260373 0.9974365406692586 0.5000415866333434 0.5009646166803271 0.49969683132277665 0.4997828587728039 
0.9999901571280547 0.19710710552557814 0.9999972812121206 0.5000243714158765 0.5004238147568384 0.5001543034933639 0.5005559233370236 
0.7409066350372695 0.9006283448075965 0.9961988541735181 0.5000742334053984 0.49959399818034456 0.5000568511489181 0.5005250097399192 
0.604988413881208 0.8481129897301123 0.004823027892389364 0.5000452664251919 0.5002956405455234 0.4998509646496946 0.5005095172294252 
0.6965454397150379 0.9965637388304873 0.2319419166742066 0.49997583197323553 0.49938937191229604 0.49976696172560164 0.4998080846947803 
0.9905984361621739 0.7629828950839435 0.030436494408520212 0.4998779886249493 0.4999899911057757 0.5006671590440709 0.5001416601651464 
0.7353858341457444 0.9360481595915275 0.060852674610273494 0.5000569174831544 0.5000579151978349 0.5001001232558671 0.4997992387987551 
0.9060680585364513 0.10845752832219341 0.9913073533170432 0.5000800367028594 0.4994005587953419 0.4997733058539265 0.5003567664103408 
0.8423231986967855 0.8236443169747852 0.06272433089437501 0.4998808018839514 0.5004263341700459 0.5000671577130112 0.5000992948455509 
0.9999355842846073 0.9999995470740566 0.8219529360510887 0.5009656863609885 0.5005374649455805 0.4999248121164471 0.4992270903810127 
0.922256885437675 0.32682985727106184 0.8653072746090862 0.500017284243326 0.5002946288360125 0.5000903305624489 0.5001174722907196 
0.17308764692540424 0.9434664468870932 0.16326590637200644 0.49998145708350694 0.5004200640098686 0.5001009780513781 0.5001365964073407 
1.0 0.9999997135638727 0.06920210120365511 0.5004168034065597 0.5018367987407513 0.5009067512648376 0.5005432065329942 
0.7700445252725717 0.021356014455696737 0.9875405995061165 0.5000437991676353 0.5002963100567728 0.5001024233708617 0.4998215352705372 
0.9999977049650233 1.0 1.0 0.5000773489431328 0.6000220500772447 0.5009191904300573 0.5010324470881865 
0.8033966826754715 0.8615866609812106 0.36489097238541907 0.5007716799614371 0.4999217023749481 0.49997787716899766 0.4997048816664372 
0.9971687128960377 0.971444218977433 0.32641418628605784 0.5000468251937494 0.5001047959680376 0.4997755064960485 0.5001152649300437 
0.7879156980963433 0.7950531745167404 0.17019633240505383 0.5000493625845699 0.4994181375129926 0.5001035182769126 0.499720391015425 
0.6310388570191773 0.8889192676060875 1.0 0.5000326150324759 0.499277339861591 0.49999580000702754 0.5000993295881284 
0.8905108658139701 0.3588996906326312 0.22596983893243888 0.5000802344092242 0.49995699257580956 0.4993878756835732 0.5005677498107121 
0.0 0.025911563896405254 0.23110698867689214 0.5000511687942927 0.5001161345967631 0.49984586708906203 0.49982694511677034 
0.7413886608793793 0.7936071768957444 0.9952735866479429 0.5000734755560055 0.500017224007332 0.5000575157052219 0.5004288222251096 
0.9980702243580536 0.9634220208389546 0.4237835892044589 0.5000559884273453 0.5003359163144449 0.5001036642500882 0.500116626455614 
0.6305651702644679 0.05786262114526658 0.9723344872062819 0.5003857480768735 0.4991927986951207 0.4997673484919511 0.499805732961415 
0.7474424309975053 0.7085247235313636 7.724577056190118E-4 0.5000443301524462 0.5002855150575374 0.49933798744444086 0.5001465751459336 
0.9979467638599677 0.2532753431385397 0.030436494408520212 0.4998779886249493 0.4999899911057757 0.5006731245936525 0.5001416601651464 
0.9967285404509801 0.8431349662299159 0.45440564864213756 0.5000187536789064 0.5003013211071344 0.500115959495715 0.49936062457704655 
0.6999208991067865 1.0 0.16414008029986332 0.5009206667480649 0.5000517773758755 0.5000575157052219 0.5006121874354952 
0.83634014368535 0.9995810263136621 0.35481436279703993 0.500015333890074 0.500053274779803 0.5000285881718066 0.5002997260763226 
0.6958662338316454 0.9966694206103908 1.2649117923257604E-6 0.5009659069843202 0.49938937191229604 0.49976696172560164 0.5001737376689459 
0.6290190399623978 0.0 0.14485119694096055 0.5000219245522031 0.5010720875283181 0.5006737046425016 0.5003362259449502 
0.8998468602731811 0.9984539468045486 0.023753670164867124 0.5000379496201695 0.4991989302283531 0.5000120599139894 0.5005526529468949 
0.8956101971735072 1.0 0.9993395763806113 0.5003275031551442 0.4989286477782269 0.5000563935369634 0.499514402362166 
0.8096560598142173 0.9448245751234703 0.8719466567602834 0.5000222235374402 0.5000871174164746 0.4998095140809405 0.4998247465030592 
0.8391696974050115 1.0 0.7803300967198937 0.5009234735091036 0.5000531688050119 0.5000575157052219 0.5005719756315713 
1.0 0.999440848001291 0.9946875907814876 0.5006034869464628 0.4988153675895211 0.49975923361445435 0.5009486079670076 
0.9934847575746985 0.4714549828109406 0.9307602652756899 0.49994979088168395 0.49940998528297753 0.5000739196107403 0.5001222929763417 
1.0 0.3206461751475436 0.14990097717512188 0.4998724078029885 0.500024083091917 0.5001128022087405 0.5001366824743926 
0.9993181444528715 1.0 0.040818131141569625 0.5000282270094786 0.5003357188547852 0.5007484567137318 0.5005233919361699 
0.686349388068172 0.8615866609812106 0.35824096712938075 0.5003572367549273 0.4999029057681147 0.49997787716899766 0.49972434503435487 
0.531415500251178 0.46951213145786186 0.9207769514500516 0.5001484065066125 0.5003207065903332 0.4998339073637098 0.5001532994011055 
0.9001011249327857 0.7016654409403484 0.9996669387924635 0.5000443301524462 0.4995057545680847 0.5009882112313531 0.5001455974520486 
0.7738295041692543 0.3155205582081137 0.006349434345044369 0.4999886531752779 0.49998841429878066 0.5001104255384543 0.5001204421501385 
0.7854637514445977 0.8614837750882248 0.7659994797187085 0.5000035002687904 0.499180776658153 0.5000931445393065 0.5005918562570733 
0.5455569057992202 0.9361644610410225 0.6336081553269906 0.500084899381547 0.5003110414511382 0.49997472956511946 0.5005977197151891 
0.8942474290812712 0.7006272623363976 0.8001109338539574 0.4999845007013818 0.49993904263996175 0.5000614409124865 0.5001284088449276 
0.9999996726162399 0.4088246039698231 1.0 0.5000181154014556 0.5003018924432703 0.4991980667225656 0.5006241321732375 
0.9722610643947046 0.9448245751234703 0.8719466567602834 0.5000223036155271 0.5000871174164746 0.4998095140809405 0.4998247465030592 
0.9925235256389973 0.5305826933503311 0.7038950374674513 0.5000980027235686 0.5003085922736002 0.4999750934122245 0.499449535193343 
0.9999977049650233 0.9996854041225015 1.0 0.5001687497888689 0.5009120899469558 0.49807749650699507 0.5010407108633498 
1.0 0.5840345588527742 0.999992564408404 0.5001024250802034 0.500408063666357 0.5000321211820951 0.5005586023206976 
0.9999794042379779 1.0 1.0 0.5003948183129833 0.4992884793816339 0.49999580000702754 0.501075784082152 
0.7461542748538412 0.9998722847695432 1.3428137531987922E-6 0.5009647967255807 0.5001402831736922 0.500914812934309 0.5001246015089642 
0.5296302648638331 0.0 0.10981060731642567 0.5001665950684012 0.4991020909473791 0.5011834746385889 0.5001636467171213 
1.0 1.0 0.9998888196913984 0.5000811525998321 0.49915144464124156 0.3994393176297888 0.5004297541873873 
1.0 1.0 1.0 0.5000811870360699 0.6047101877700948 0.5020364270935321 0.5028242675206351 
0.7701033822767182 0.3237184109413544 0.781212808322172 0.5000438626373827 0.5002942716678758 0.5001023945034044 0.4997590096529692 
0.9745994962302063 0.21567161584699956 0.38528668478822387 0.5000223036155271 0.5000871174164746 0.4998095140809405 0.5001635103190982 
0.9760028750918585 0.9960051396993637 0.7277340560949062 0.5001470764797351 0.5002877156107278 0.49984971856467003 0.5005653753883409 
0.7427010122614024 0.4987089285073976 0.3931298480357254 0.500015635041261 0.5003406123490587 0.5001067806869182 0.5003051013926608 
1.0 0.9999997135638727 0.9981766437320119 0.5004168034065597 0.5018367987407513 0.5001398138940774 0.5005854046145711 
0.9933028405420845 0.9999975414007268 0.498284571384372 0.5009855714652491 0.5000465097337656 0.5000497088078857 0.4998420784088672 
0.9939214295959586 0.8634415392758698 0.0341780691123203 0.49998880101984144 0.49998841429878066 0.4998223301518399 0.500121764652629 
0.5450750584092205 0.9999710643171691 1.0 0.5007494906509542 0.6001302141529147 0.5001214150506685 0.4997639510853902 
0.8345325039222025 0.12728553400587256 0.034122904084120775 0.5000533635062597 0.5004355543692576 0.49992864201005044 0.5005633546976502 
0.9983994114006367 0.7389605629101437 0.9974416489895712 0.5000802344092242 0.5004115270779433 0.49913235024222724 0.5001468276060058 
0.6332747041536941 0.9998722847695432 0.10256456101646882 0.5009617419763552 0.5000959592244592 0.5008719280193709 0.500544284757085 
0.869187684189322 0.5482812563041829 0.9999545042547284 0.5000218481972365 0.500321223839734 0.5008809678502524 0.5005843888783892 
0.2713209452814359 0.9919993591770491 0.9968018060698697 0.49871211350555994 0.4999904225281932 0.5000695242771062 0.500104701487718 
0.8466160216318768 1.0 0.03128122048876242 0.5003948183129833 0.4990979133659695 0.49999580000702754 0.501075784082152 
0.9983481035671793 0.999964017467582 0.9257522505397371 0.5000487737859896 0.5003196339932747 0.5001201012031788 0.4997983058230082 
0.7427010122614024 0.8687956328794335 0.7152164220124134 0.500015635041261 0.5003012425528799 0.5001067806869182 0.5003042133499802 
0.9996612673548737 0.966437048467299 0.0 0.5008491824431346 0.5003549325462603 0.5011804317451584 0.5005774602038391 
0.9983994114006367 0.7389605629101437 0.7443402387788616 0.5000802344092242 0.5004115270779433 0.49913235024222724 0.5005681635623165 
1.0 0.858060927605314 0.20521101611156917 0.5000488804118133 0.5003008627323253 0.499850818784534 0.4998352674729885 
0.890375280022949 0.5788580920687724 0.28540475873919463 0.5000480537283531 0.4996274986116645 0.5001390677642852 0.500509464954459 
0.754302558420088 0.0 0.12906911557946904 0.5000066969060364 0.4993744862872712 0.5007119779073466 0.5006063636366378 
0.7627562768492582 0.5491108950169779 0.1940835522884769 0.5001699318340345 0.4991170743218527 0.499955060955368 0.5005605752249523 
0.6906509608748495 0.3633945428827147 0.015296907310861918 0.5007702788172984 0.4999899129369525 0.49982253027430856 0.5001153613130226 
1.0 0.858060927605314 0.994453405287805 0.5000366007742422 0.5003008627323253 0.4998507841920525 0.5004858399309401 
0.8978435615343232 0.7085247235313636 7.724577056190118E-4 0.5000443301524462 0.5002868779074447 0.4993236827650553 0.5001466648680668 
0.9935729115955632 1.0 1.3428137531987922E-6 0.5009855714652491 0.4994175321633905 0.49976618804046125 0.4998420784088672 
0.5907189561928557 0.9842062188557069 0.24230264977609084 0.50004888496495 0.5002951107779685 0.49984797002558773 0.4998317383450236 
0.6332747041536941 0.9998722847695432 5.053163243471509E-7 0.5009617419763552 0.499241493728305 0.5008719280193709 0.500544284757085 
0.9993117029728641 0.13067594602430588 0.9995572844553665 0.5005337743522595 0.5001091868512592 0.49929641703749855 0.49979562683777684 
0.9044197310813255 0.7030282047689896 9.45966903877632E-5 0.5000369247063677 0.49916793567032447 0.5009756768948264 0.5005571628359263 
1.0 0.9994595699210906 1.0 0.49715125628573925 0.49866212234338514 0.49771972844073564 0.40136833280671114 
1.0 0.9999907149978445 0.9999978557368824 0.5003367648945911 0.599681000733252 0.5001361835998253 0.49821599151268814 
1.0 0.8074923995969354 0.011688624600913161 0.5000170859775066 0.4991989567285627 0.5009327266769725 0.5005559133625765 
0.7374333863678287 0.9960388107672453 0.3510605847038428 0.500055617154233 0.5004208749414071 0.5007773143190328 0.5001153613130226 
0.8351487181563819 0.023303238339252186 0.04012404173648304 0.4998808018839514 0.5004263341700459 0.5000585669617326 0.5005632508470766 
0.9999887941548689 0.999983662987539 0.22820348669565482 0.5000294764918366 0.4995924776677413 0.5001344133537188 0.500509464954459 
0.9078210603611334 1.0 0.16744491005004114 0.5000815329278067 0.5009243460646682 0.4997764826703675 0.500582495479118 
0.8464268876389477 0.9626788253033676 0.9195369453908235 0.5000371528711591 0.4991538860259324 0.4997952991342973 0.5005801145032703 
1.0 1.0 0.0 0.500316573503094 0.5994780452938018 0.5031839838900961 0.4997487687660054 
0.9999999986948743 0.9999999708550459 6.046791131038287E-7 0.5004215071034982 0.599605360808737 0.500117423199208 0.5005977301662483 
0.9999999999966612 0.9996777937355923 1.0 0.5000465648957967 0.5999959759936587 0.29953732912315584 0.5012751972732021 
