0.2814697969811179 0.16397538742246554 0.08493062006702252 0.0 
8.057223991028266 8.057223991028266 0.0 0.0 
8.002742757482434 8.002742757482434 0.0 0.0 
8.000810129349627 8.000810129349627 0.0 0.0 
7.696766799824389 7.696766799824389 0.0 0.0 
8.00126505935373 8.00126505935373 0.0 0.0 
8.00126505935373 8.00126505935373 0.0 0.0 
8.00162424775232 8.00162424775232 0.0 0.0 
0.22411976272169049 0.1914667963099812 0.0 0.11515825251740547 
2.2482730974409755 0.0 6.485848505798465 0.0 
18.823996233942452 0.0 0.0 0.0 
21.497220168174223 0.0 0.0 0.0 
21.497220168174223 0.0 0.0 0.0 
21.50085243556924 0.0 0.0 0.0 
21.50085243556924 0.0 0.0 0.0 
21.506876963720767 0.0 0.0 0.0 
5.163584768659408 0.0 6.966653888277714E-7 2.5659938010728487 
2.2482730974409755 0.0 6.485848505798465 0.0 
21.515419999769193 0.0 0.0 0.0 
21.497220168174223 0.0 0.0 0.0 
18.823996233942452 0.0 0.0 0.0 
21.386649742438568 0.0 0.0 0.0 
21.501878883389004 0.0 0.0 0.0 
5.163584768659408 0.0 6.966653888277714E-7 2.5659938010728487 
2.2482730974409755 0.0 6.485848505798465 0.0 
21.497220168174223 0.0 0.0 0.0 
21.514981335339435 0.0 0.0 0.0 
21.386649742438568 0.0 0.0 0.0 
21.501878883389004 0.0 0.0 0.0 
5.000527906996763 0.0 1.3493320415045454E-6 2.7796910331075746 
2.2482730974409755 0.0 6.485848505798465 0.0 
21.515419999769193 0.0 0.0 0.0 
15.409030051701633 0.0 0.0 0.0 
21.501878883389004 0.0 0.0 0.0 
5.331306708952393 0.0 0.0 2.3580566113557793 
2.2482730974409755 0.0 6.485848505798465 0.0 
15.409030051701633 0.0 0.0 0.0 
21.557684193475833 0.0 1.1634164399863368E-5 0.0 
5.333886506705489 0.0 0.0 2.359197665412458 
2.2482730974409755 0.0 6.485848505798465 0.0 
21.557684193475833 0.0 1.1634164399863368E-5 0.0 
5.000527906996763 0.0 1.3493320415045454E-6 2.7796910331075746 
9.87757006714164 0.0 6.180260831507997 0.0 
5.350146352752374 0.0 0.0 2.3663894552612956 
0.9133654172312955 0.0 0.9133654172312955 1.234801981678208 
0.0 7.945483731453108 6.131647471722698 0.0 
0.0 15.581975558919147 0.0 0.0 
0.0 15.581975558919147 0.0 0.0 
0.0 15.504579853375489 0.0 0.0 
0.0 15.500697801571782 0.0 0.0 
0.0 15.499439831312156 0.0 0.0 
0.0 15.504439630669486 0.0 0.0 
0.0 2.4637601413777386 0.0 0.6827032933023078 
0.0 0.0 23.561209385470317 0.0 
0.18933672201624857 0.18260396498202763 0.12374943157775571 0.01805994583294752 
0.2154214969537933 0.1800338581206931 0.09251451895106919 0.0427548389993877 
0.22772217347512036 0.23438959606265 0.0 0.06291053376510923 
0.1844404298470679 0.21305244781002025 0.009168647568466895 0.11063616243594433 
0.13039126262742598 0.21215297004210695 0.03256765103040317 0.14125889497839572 
0.0 0.0 0.0 13.048770434263655 
0.0 0.0 23.57966110229287 0.0 
0.17581549560071968 0.10066750716616464 0.20279715578831314 0.030500996842184 
0.24446099348569605 0.12445633571172748 0.12475558823200633 0.0634810310199323 
0.27311600115673806 0.05317179986680267 0.05046573576216198 0.13659344566635334 
0.08030046024666132 0.1139945331152416 0.06056904968195181 0.25489346087530634 
0.0 0.0 0.0 13.046382019402724 
0.0 0.0 23.552703101508687 0.0 
0.21558211746168005 0.03658899882994748 0.20356218596749048 0.05586000404444093 
0.22842887166104736 0.03914396976223694 0.1164379268017436 0.1238791049227649 
0.19801936656932156 0.07125615924894191 0.07578409026788094 0.16772156340900274 
0.0 0.0 0.0 13.046851273606684 
0.0 0.0 23.552045047690118 0.0 
0.19888063776117218 0.018973160269525925 0.20318701277055495 0.08778233237251093 
0.22842887166104736 0.03914396976223694 0.1164379268017436 0.1238791049227649 
0.0 0.0 0.0 13.043367498899173 
0.0 0.0 23.552045047690118 0.0 
0.14315962069803997 0.01398456602251893 0.1641667313564727 0.19127011773291272 
0.0 0.0 0.0 13.05145748732296 
4.338158397746303E-6 2.1138287360605546E-5 23.603451729078166 0.0 
0.0 0.0 0.0 13.064749128204067 
0.0 0.0 3.805781021501364 3.80552293633849 
0.0 7.474400010711921 6.5122618269033 0.0 
0.0 15.532552343431682 0.0 0.0 
0.0 15.504579853375489 0.0 0.0 
0.0 15.504579853375489 0.0 0.0 
0.0 15.499439831312156 0.0 0.0 
0.0 15.500697801571782 0.0 0.0 
0.0 2.4637601413777386 0.0 0.6827032933023078 
0.0 0.0 23.561209385470317 0.0 
0.10553480694866565 0.1793284989895884 0.17519489664621604 0.04495355207201088 
0.10799596970366503 0.23949896012260508 0.09341452766792681 0.06932979215560467 
0.1236481550504934 0.20838559644270388 0.082987843248055 0.10119836729221796 
0.08899092559037851 0.20782012766427355 0.04963055332866424 0.17315480715378334 
0.0 0.0 0.0 13.043463648221254 
0.0 0.0 23.552045047690118 0.0 
0.09024621055606714 0.09839396205539831 0.23818052523134406 0.07645214116870488 
0.12595832284231515 0.13597489373828042 0.12233372128646562 0.1213159250392669 
0.11293393501142633 0.1239799978275501 0.06896433115097328 0.20826541879576696 
0.0 0.0 0.0 13.046851273606684 
0.0 0.0 23.552045047690118 0.0 
0.1147438569338595 0.06535890715356646 0.2223149073812228 0.10248240308442261 
0.0888393308858396 0.07340361174073841 0.12440197777542861 0.23351804901457507 
0.0 0.0 0.0 13.045661808691921 
4.338158397746303E-6 2.1138287360605546E-5 23.603451729078166 0.0 
0.0944816108846419 0.0384507236771832 0.19075670260118072 0.19268576560532058 
0.0 0.0 0.0 13.043367498899173 
4.338158397746303E-6 2.1138287360605546E-5 23.603451729078166 0.0 
0.0 0.0 0.0 13.055702913887368 
0.0 0.0 2.547217695538518 2.547044958565446 
0.0 7.474400010711921 6.5122618269033 0.0 
0.0 15.590443130906595 0.0 0.0 
0.0 15.533520861242033 0.0 0.0 
0.0 15.546343515225335 0.0 0.0 
0.0 15.631831572917797 0.0 0.0 
0.0 2.4637601413777386 0.0 0.6827032933023078 
0.0 0.0 23.552703101508687 0.0 
0.06345897042362221 0.16868977283917388 0.21537677655831733 0.05365226905815622 
0.07285145237808227 0.22750018507668668 0.0921339510354859 0.11078826069904549 
0.052524618580865524 0.19382239939410673 0.06390519960779763 0.20575825472722087 
0.0 0.0 0.0 13.043463648221254 
0.0 0.0 23.552703101508687 0.0 
0.06808034027184139 0.10494821577428322 0.2309021233254392 0.09887735302388778 
0.07106577967055837 0.11156374537463516 0.11195781424234413 0.21426874964650175 
0.0 0.0 0.0 13.042536208951782 
3.1403229806200647E-6 9.5997898382329E-6 23.60696645689846 0.0 
0.06400908875832957 0.05849957074221001 0.18542924022338148 0.1950404229773648 
0.0 0.0 0.0 13.042536208951782 
1.3620739895088252E-6 2.4341850250842134E-5 23.81420629901302 0.006828841956542849 
0.0 0.0 0.0 13.0526078017554 
0.0 0.0 3.797837397732547 3.797454360298395 
0.0 7.753261086776633 6.358736936637052 0.0 
0.0 15.532552343431682 0.0 0.0 
0.0 15.590456611600512 0.0 0.0 
0.0 15.547028632276183 0.0 0.0 
0.0 8.161389103958077 0.0 8.161389103958077 
0.0 0.0 23.552703101508687 0.0 
0.025512184739210613 0.18812680193012749 0.21200494057104102 0.07733754913882548 
0.048621526790288985 0.20222607382654365 0.07889084445151999 0.1753053305294046 
0.0 0.0 0.0 13.047146994149404 
0.0 0.0 23.611199248270232 0.0 
0.05242227211497778 0.0680818699220869 0.18240821154800202 0.2078180480251705 
0.0 0.0 0.0 13.038806710278404 
0.0 0.0 23.811844349182742 0.0 
0.0 0.0 0.0 12.993909580353035 
0.0 0.0 3.805781021501364 3.80552293633849 
0.0 7.817367714328405 6.411313159201248 0.0 
0.0 15.590456611600512 0.0 0.0 
0.0 15.533520861242033 0.0 0.0 
0.0 8.161389103958077 0.0 8.161389103958077 
0.0 0.0 23.611199248270232 0.0 
0.03327809605320307 0.1885051628366685 0.10272028349002225 0.1786905774692543 
0.0 0.0 0.0 13.047146994149404 
0.0 0.0 23.811844349182742 0.0 
0.0 0.0 0.0 13.052691895954382 
0.0 0.0 3.797837397732547 3.797454360298395 
0.0 7.753261086776633 6.358736936637052 0.0 
0.0 15.724477863531472 0.0 0.0 
0.0 8.161389103958077 0.0 8.161389103958077 
0.0 0.0 23.811844349182742 0.0 
0.0 0.0 0.0 12.993909580353035 
0.0 0.0 3.82901450895383 3.8290079030530624 
0.0 8.13371276770574 6.276943302686207 0.0 
0.0 12.876992460735599 0.0 12.904331281541475 
0.0 0.0 2.547217695538518 2.547044958565446 
0.0 1.6303383148078783 1.6303383148078783 2.3867594615554304 
