0.11500583597681333 0.1020282894608103 0.3130644210113298 0.0 
2.6256639203524648 2.9373758409940143 0.0 1.3352561889280385E-4 
2.619121343398244 2.9300565464970276 0.0 1.3319290242052627E-4 
2.6188262672010594 2.929726439629144 0.0 2.042630624353199E-5 
2.6188262672010594 2.929726439629144 0.0 2.042630624353199E-5 
2.6187730515689913 2.9296669063770815 0.0 1.331751903737956E-4 
2.6187616763459642 2.9296541807174696 0.0 1.3317461189774505E-4 
2.6187616763459642 2.9296541807174696 0.0 1.3317461189774505E-4 
0.0 0.0 0.0 2.411449732531856 
6.002675089013009 0.0 0.0 0.0 
6.118329643861775 0.0 0.0 0.0 
5.96085597332866 0.0 0.0 0.0 
5.917811276458573 0.0 0.0 0.0 
5.917811276458573 0.0 0.0 0.0 
5.991106900731602 0.0 0.0 0.0 
7.998059485661668 0.0 0.0 0.0 
1.5621805928874714E-5 4.641389298032324E-6 1.6124805942762836E-4 2.125827660808626 
5.0228085008944365 0.0 0.7302666356964873 0.0 
5.894733001063812 0.0 0.0 0.0 
5.917098149762123 0.0 0.0 0.0 
5.894733001063812 0.0 0.0 0.0 
5.96085597332866 0.0 0.0 0.0 
11.418466520393766 0.0 0.0 0.0 
1.5621805928874714E-5 4.641389298032324E-6 1.6124805942762836E-4 2.125827660808626 
5.451496277058376 0.0 0.6962662688271504 0.0 
5.9260607272243355 0.0 0.0 0.0 
5.917098149762123 0.0 0.0 0.0 
5.917098149762123 0.0 0.0 0.0 
6.005727207264455 0.0 0.0 0.0 
3.677138120223504E-5 1.6407602910672766E-5 3.0978558266486734E-4 2.125306872194068 
5.030377700929008 0.0 0.7313671224546776 0.0 
5.917098149762123 0.0 0.0 0.0 
6.002757224013388 0.0 0.0 0.0 
6.929980063305174 0.0 0.0 0.0 
0.0 0.0 0.0 2.1212429614176127 
5.0228085008944365 0.0 0.7302666356964873 0.0 
6.856134151377635 0.0 0.0 0.0 
5.9260607272243355 0.0 0.0 0.0 
0.0 0.0 0.0 2.1284383208524433 
5.2744967000421275 0.0 0.4307673315041583 0.0 
5.917098149762123 0.0 0.0 0.0 
2.404557153237408E-5 7.525095672927163E-6 1.4840411321216166E-4 2.107832746721866 
5.2744967000421275 0.0 0.4307673315041583 0.0 
2.7914260554636004E-4 5.314133764442929E-5 0.0014046556035020032 2.032709582580327 
2.7914260554636004E-4 5.314133764442929E-5 0.0014046556035020032 2.032709582580327 
8.467314301777585E-4 11.302841754783797 11.303688486213975 0.0 
0.0 30.040094956560736 0.0 0.0 
0.0 30.06475002078678 0.0 0.0 
0.0 30.06475002078678 0.0 0.0 
0.0 30.03696686282732 0.0 0.0 
0.0 30.09161972529123 0.0 0.0 
0.0 29.96254096211307 0.0 0.0 
0.0 0.0 0.0 2.3929719125503564 
0.0 0.0 17.548928317415335 0.0 
0.18262380729492655 0.1305669113357244 0.15634673803163018 0.03856276497758067 
0.19257665849638878 0.17362221360377483 0.09967215706487204 0.049166131551988464 
0.19574391292096108 0.19689655560969396 0.06817690934989946 0.06695721542074512 
0.20603097692694902 0.20868174326745845 0.04328696462807974 0.08929132860872936 
0.16808844540892093 0.19156773304557495 0.03803739244969659 0.1621724539970082 
0.0 0.0 0.0 2.2072223268409292 
0.0 0.0 16.57241233575085 0.0 
0.20000094215359118 0.08066867343979597 0.20784919218618847 0.035809036841499234 
0.2064977580140171 0.11720597347867327 0.10243456101138665 0.07818862213077866 
0.23154682819510897 0.11660284929215337 0.07691742744188734 0.08253541197384397 
0.21260273212068287 0.11924999822261849 0.052544861450780876 0.12493730533578234 
0.0 0.0 0.0 2.384253138591374 
0.0 0.0 16.93855133129055 0.0 
0.20101014307763865 0.05308003975111164 0.20533220038659689 0.05905111421359191 
0.23604409305872995 0.07456157047676822 0.12894348019766969 0.11171013789071536 
0.16353913527528433 0.05687358473861341 0.0726023192620655 0.2165941019191361 
0.0 0.0 0.0 2.0338471049755498 
0.0 0.0 16.939955756298062 0.0 
0.20101014307763865 0.05308003975111164 0.20533220038659689 0.05905111421359191 
0.2097104117648271 0.03037753909032459 0.0834643050106578 0.20740136922277164 
2.140712022476033E-5 2.004866478620037E-6 6.306139241773665E-5 2.0256082693595934 
0.0 0.0 17.510590345771547 0.0 
0.15088477950371776 0.037683030581352445 0.15426025253139067 0.18468738358503728 
2.4099671027876637E-5 7.54202618667959E-6 1.4873800370191249E-4 2.1125751038768157 
0.0 0.0 17.491017966752064 0.0 
2.993649537543754E-5 1.0141773766233281E-5 0.001162645486904758 2.011267318925933 
2.993649537543754E-5 1.0141773766233281E-5 0.001162645486904758 2.011267318925933 
0.002856241712912002 11.304332814838386 11.307189056551298 0.0 
0.0 30.040094956560736 0.0 0.0 
0.0 30.093295227153483 0.0 0.0 
0.0 30.03696686282732 0.0 0.0 
0.0 30.080429346334913 0.0 0.0 
0.0 29.98494090563898 0.0 0.0 
0.0 0.0 0.0 2.1609007780456375 
0.0 0.0 16.57241233575085 0.0 
0.06723790700125179 0.18271489730837093 0.2179811081306486 0.051956804928138 
0.12269228045129046 0.16922319979558775 0.12612909817923418 0.08387815133174044 
0.12149183681105456 0.2770646248398939 0.0841719106362823 0.04402195395005951 
0.07948006037850602 0.14442392417019118 0.057761144181620185 0.2248712884460886 
0.0 0.0 0.0 2.2329516801483535 
0.0 0.0 16.256939631495403 0.0 
0.10964261245930185 0.08996304141425826 0.22930722784537788 0.076506464756861 
0.13251035086544777 0.13414399230212767 0.10012422705992406 0.1366539797365224 
0.10008714521764284 0.09383793868799237 0.08074873918055384 0.2499461190403135 
7.59406212529244E-6 2.962212813429813E-6 6.646169416924109E-5 1.8041186397476476 
0.0 0.0 16.93855133129055 0.0 
0.09924987835861186 0.07521808212509078 0.22201329626099683 0.10521463220401672 
0.11104591148017874 0.06139129083355207 0.12193246999229342 0.2251268790252641 
2.404557153237408E-5 7.525095672927163E-6 1.4840411321216166E-4 2.107832746721866 
0.0 0.0 16.944540417653997 0.0 
0.10552925269374851 0.047949434747819826 0.19582208548214264 0.1653900408822289 
2.140712022476033E-5 2.004866478620037E-6 6.306139241773665E-5 2.0256082693595934 
0.0 0.0 17.457767610101193 0.0 
0.0 0.0 0.0 2.0338471049755498 
0.0 0.0 0.08011668800628105 1.9385308014451934 
8.467314301777585E-4 11.302841754783797 11.303688486213975 0.0 
0.0 30.099632069959192 0.0 0.0 
0.0 30.043725369365646 0.0 0.0 
0.0 27.26154855116648 0.0 0.0 
0.0 30.076354106321467 0.0 0.0 
0.0 0.0 0.0 2.1609007780456375 
0.0 0.0 17.535178312596067 0.0 
0.047308605233179035 0.19517608498722597 0.20344055122438273 0.06326723469072335 
0.0831763981886241 0.18165255084662002 0.12067755837025398 0.11679078426766085 
0.056422618772406875 0.21910133554214425 0.06778872581030136 0.2152686040627785 
0.0 0.0 0.0 2.1464770106388693 
0.0 0.0 16.944540417653997 0.0 
0.0754120879211215 0.09101388512096495 0.22868210954553475 0.11162114819142445 
0.056902414452807124 0.0988519376677557 0.1107255810055735 0.2380279209896065 
0.0 0.0 0.0 2.1789865693198625 
0.0 0.0 17.509579852945645 0.0 
0.06679725625777577 0.06720815773498803 0.19821535709170304 0.19450866762789162 
0.0 0.0 0.0 2.0828107836736383 
0.0 0.0 17.489639482342845 0.0 
8.70944185018582E-5 3.0640107908318184E-5 5.944983271682977E-4 2.0848520786192752 
2.993649537543754E-5 1.0141773766233281E-5 0.001162645486904758 2.011267318925933 
9.022929783351381E-4 12.044521305219076 10.561953374230539 0.0 
0.0 27.26154855116648 0.0 0.0 
0.0 30.008819040653982 0.0 0.00512497190175521 
0.0 30.008819040653982 0.0 0.00512497190175521 
7.59406212529244E-6 2.962212813429813E-6 6.646169416924109E-5 1.8041186397476476 
0.0 0.0 16.256939631495403 0.0 
0.047308605233179035 0.19517608498722597 0.20344055122438273 0.06326723469072335 
0.04544221766166542 0.20381524766106413 0.09438967646746951 0.170553045824711 
0.0 0.0 0.0 2.1789865693198625 
0.0 0.0 17.48228425346229 0.0 
0.04216095288351972 0.10213207828509838 0.19363212911534994 0.19783206908946624 
0.0 0.0 0.0 2.239858150320517 
0.0 0.0 17.581634110863718 0.0 
2.993649537543754E-5 1.0141773766233281E-5 0.001162645486904758 2.011267318925933 
0.0 0.0 0.04140751072225672 1.9842232776537634 
0.0 12.126283718720178 12.15334995597187 0.0 
0.0 30.025115823329457 0.0 0.010257261961737407 
0.0 30.06190721401284 0.0 0.0 
9.270245087115609E-5 3.8697185356978E-5 6.114222029385216E-4 2.174392332015279 
0.0 0.0 17.537974181541273 0.0 
0.04076750015736332 0.08049017641715368 0.20804143948431597 0.185486445784234 
0.0 0.0 0.0 2.4045761602670686 
0.0 0.0 17.491017966752064 0.0 
1.747126472376983E-4 3.978435969670035E-5 0.0011870465434925758 2.050602372766664 
0.0 0.0 0.04140751072225672 1.9842232776537634 
0.0 12.126283718720178 12.15334995597187 0.0 
0.0 30.06467210451077 0.0 0.0 
0.0 0.0 0.0 2.4257025068132094 
0.0 0.0 17.48228425346229 0.0 
3.1291666715502187E-4 3.488356572959546E-5 0.0016130628456492767 2.0859702171870693 
0.0 0.0 0.006771121676321618 2.2481597268679345 
0.0 12.18112098522465 12.208309620937394 0.0 
0.0 0.0 0.0 2.480529583940882 
0.0 0.0 0.08011668800628105 1.9385308014451934 
0.0 0.0 0.0 2.1212429614176127 
