0.16516537495038763 0.14017984492271263 0.2269136596521707 0.0 
1.7555864715547393 1.7295455658019243 0.0 0.0 
0.9879926079039848 0.8715837191658468 0.0 2.4706987475042643E-6 
0.9879926079039848 0.8715837191658468 0.0 2.4706987475042643E-6 
1.757125786306323 1.7246064086423822 0.0 0.0 
1.8038101557981125 1.6835857469313007 4.379577506587681E-5 0.0 
1.7662197917681768 1.7270670342703225 0.0 0.0 
1.4027864218667372 1.8148543411312046 0.0 0.0 
0.25974578813660004 0.27316746635024997 0.0 0.503163549785917 
1.0273116965661868 0.0 1.4784036752089096 0.0 
18.50804577917553 0.0032417891320362944 0.0 0.0 
18.50664801098465 0.004322311432467299 0.0 0.0 
18.508847581996513 0.0021227404206067453 0.0 0.0 
21.997760975383606 0.0 0.0 0.0 
22.447526953054798 0.0 0.0 1.771428127294648E-4 
22.447526953054798 0.0 0.0 1.771428127294648E-4 
0.0 0.0 0.0 0.685342830708235 
1.0319439810521092 0.0 1.4850699931642992 0.0 
19.965406894062188 0.003497054192435466 0.0 0.0 
18.508847581996513 0.0021227404206067453 0.0 0.0 
18.50664801098465 0.004322311432467299 0.0 0.0 
18.51310049503142 0.0 0.0 0.0 
22.440249058279786 0.0 0.0 1.7708537982142594E-4 
0.0 0.0 0.0 0.6352137560861832 
1.0319439810521092 0.0 1.4850699931642992 0.0 
18.50804577917553 0.0032417891320362944 0.0 0.0 
18.22996410776999 0.0 0.0 0.0 
22.471344920455003 0.0 0.0 0.0 
18.29030988878776 0.0 0.0 0.0 
0.0 0.0 0.0 0.6448078181017776 
1.0273116965661868 0.0 1.4784036752089096 0.0 
18.508460232844058 0.0 0.0 0.0 
22.172383115692597 0.0 0.0 0.0 
18.29030988878776 0.0 0.0 0.0 
0.0 0.0 0.0 0.6320483946336104 
1.0348628038299985 0.0 1.48947609238252 0.0 
21.528862990656762 0.0 0.0 0.0 
18.22996410776999 0.0 0.0 0.0 
0.0 0.0 0.0 0.6340795484841006 
1.7505155106552623 0.0 0.9199689615624195 0.0 
22.501708953964606 0.0 0.0 2.663566292657995E-4 
0.0 0.0 0.0 0.7217361938805729 
1.0348628038299985 0.0 1.48947609238252 0.0 
0.0 0.0 0.0 0.9931163650893744 
0.21073361366611565 0.0 0.1758465879156746 0.21677872874860918 
6.583438639072641E-6 1.0239918410478645E-5 2.5072081705145095 0.0 
0.003985857453692862 26.23801104976042 0.004588610041525696 0.0 
0.006098721870704027 26.112625325938733 0.002624285538795888 0.0 
0.0 26.11847485047124 0.001595079900339125 0.0 
0.018309405067744474 26.119314651378648 0.0026261845220409454 0.0 
0.01370638295130414 26.123107809371678 0.002626103150734156 0.0 
0.00457676028751597 26.129672681232442 6.564118993168867E-4 0.0 
0.0 0.0 0.0 0.685342830708235 
6.583438639072641E-6 1.0239918410478645E-5 2.5072081705145095 0.0 
0.1353630179343196 0.17025199778424108 0.17995245145183897 0.02519955167477067 
0.21792958116445466 0.2233940250290292 0.07894830664063802 0.058338026569329286 
0.21792958116445466 0.2233940250290292 0.07894830664063802 0.058338026569329286 
0.21614780415627807 0.2204063453146102 0.05600963702898426 0.10824019472020419 
0.22698522718133235 0.15337513660194835 0.04715657462166811 0.1632083592129397 
0.0 0.0 0.0 0.6352137560861832 
0.0 0.0 2.5062683649956448 0.0 
0.1970717423209502 0.09731621943478659 0.20397844064600976 0.017842718795139725 
0.25909096713141727 0.12690647740876076 0.10107334612778815 0.08484703347805106 
0.23933941387157442 0.14428483820280558 0.08785567435070812 0.11152322280906286 
0.24159220908480356 0.08177192505023062 0.0 0.25048620651007547 
0.0 0.0 0.0 0.6355242420764569 
0.0 0.0 2.502445234028749 0.0 
0.1507470854155121 0.06962701100216548 0.22920210746658132 0.06085050669339012 
0.2403482061184949 0.08615381195737827 0.10860700222228589 0.11854905146584765 
0.16730815644028862 0.07045109149343146 0.07307484800374651 0.24078011543745081 
0.0 0.0 0.0 0.614365570102315 
0.0 0.0 2.5088001002694478 0.0 
0.1521746867493671 0.041455279594836976 0.22706863885712772 0.0984304000089959 
0.10676219898066192 0.04245669831593032 0.11671645982250914 0.24018427614041452 
0.0 0.0 0.0 0.6439068632557161 
0.0 0.0 2.5158253174661134 0.0 
0.13560505305722612 0.020821849139458296 0.2043705848458467 0.17540015315904287 
0.0 0.0 0.0 0.6943887283276435 
0.0 0.0 2.508550598623171 0.0 
0.0 0.0 0.0 0.6439068632557161 
0.0 0.0 0.18862720312426967 0.3729410512152916 
0.0 0.0 2.5156030105878076 0.0 
0.0 26.120088600803097 0.0019232425123562682 0.0 
0.006098721870704027 26.112625325938733 0.002624285538795888 0.0 
0.0 26.120088600803097 0.0019232425123562682 0.0 
0.0 26.11847485047124 0.001595079900339125 0.0 
0.009153824494435496 26.12596333840524 0.0013129003636295905 0.0 
0.0 0.0 0.0 0.6355242420764569 
0.0 0.0 2.5062552435207603 0.0 
0.0699805194104723 0.22717181150143306 0.21201973112594036 0.04755837416655399 
0.1290749739142115 0.2751898603880434 0.08457001359958524 0.03933116815389048 
0.1290749739142115 0.2751898603880434 0.08457001359958524 0.03933116815389048 
0.0688886468676563 0.1750006962282957 0.05847025816879003 0.20342268561123508 
0.0 0.0 0.0 0.6954105728468436 
0.0 0.0 2.502445234028749 0.0 
0.10139046680456021 0.09853033317964907 0.2394093039815995 0.0687140334605352 
0.1435598142142273 0.10616510981241864 0.13843597801762894 0.141038834094255 
0.06032787511411865 0.1346073412083606 0.08237308015890656 0.25208895450810775 
0.0 0.0 0.0 0.6320483946336104 
0.0 0.0 2.5062683649956448 0.0 
0.11016991544015703 0.07291819601730223 0.22613275659848744 0.09574496619854223 
0.10676219898066192 0.04245669831593032 0.11671645982250914 0.24018427614041452 
0.0 0.0 0.0 0.614365570102315 
0.0 0.0 2.513372168355554 0.0 
0.09117765036341677 0.051571090186806584 0.1602244917866838 0.20925798784479493 
0.0 0.0 0.0 0.7012591903188365 
0.0 0.0 2.513372168355554 0.0 
0.0 0.0 0.0 0.6943887283276435 
0.0 0.0 0.15948057493658568 0.35747459817954313 
0.0 0.0 2.5156030105878076 0.0 
0.003050983333962164 26.129569412757114 0.00227491880054754 0.0 
0.0 26.11924017732721 0.0017591523109164644 0.0 
0.0 26.11924017732721 0.0017591523109164644 0.0 
0.0 26.133805082810678 0.0 0.0 
0.0 0.0 0.0 0.731767669990246 
0.0 0.0 1.5834055886695282 0.0 
0.0699805194104723 0.22717181150143306 0.21201973112594036 0.04755837416655399 
0.07393259346231838 0.2798433240430806 0.11699934812180075 0.05289541486889095 
0.0688886468676563 0.1750006962282957 0.05847025816879003 0.20342268561123508 
0.0 0.0 0.0 0.6691605532674334 
0.0 0.0 1.5834055886695282 0.0 
0.05400694146239152 0.11175811175058502 0.22633999270532817 0.11502075002209447 
0.07968781092254738 0.11606845870745577 0.12072920466953467 0.18907832227361138 
0.0 0.0 0.0 0.6806014842988368 
0.0 0.0 2.5062552435207603 0.0 
0.059401022379771455 0.07288348587519262 0.16810783816756483 0.2112049137404921 
0.0 0.0 0.0 1.0085911882199756 
0.0 0.0 2.5103846162084382 0.0 
0.0 0.0 0.0 0.7217361938805729 
0.0 0.0 0.19969304098422408 0.3581311356395201 
0.0 0.0 2.5203987456911543 0.0 
0.0 26.120088600803097 0.0019232425123562682 0.0 
0.0 26.11316820643784 0.0 0.0 
0.0 26.11316820643784 0.0 0.0 
0.0 0.0 0.0 0.7960152718735731 
0.0 0.0 1.586822783271435 0.0 
0.0518274795915687 0.22045106193202366 0.20194143913342372 0.07577850473036526 
0.036833066425413216 0.17505601015933003 0.108497265309393 0.19418506526838622 
0.0 0.0 0.0 0.7934837661030976 
0.0 0.0 1.5858148924998812 0.0 
0.047963151444419795 0.1005555582404842 0.17608479401762064 0.19785380765049446 
0.0 0.0 0.0 0.7734051332092147 
0.0 0.0 1.5836915896642596 0.0 
0.0 0.0 0.0 1.0085911882199756 
0.0 0.0 0.21299112570416104 0.35490412558307005 
0.0 0.0 1.5858148924998812 0.0 
0.0 26.1262145401508 8.797813929945256E-4 0.0 
0.0 26.14421484401842 0.0 0.0 
0.0 0.0 0.0 1.0371564500943338 
0.0 0.0 1.6059329636838866 0.0 
0.036833066425413216 0.17505601015933003 0.108497265309393 0.19418506526838622 
0.0 0.0 0.0 1.0371564500943338 
0.0 0.0 1.5836915896642596 0.0 
0.0 0.0 0.0 0.8455382880728886 
0.0 0.0 0.3263999578686271 0.32797779484740136 
0.0 0.0 2.520713353994097 0.0 
0.0 26.1262145401508 8.797813929945256E-4 0.0 
0.0 0.0 0.0 0.6959229800385431 
0.0 0.0 2.5203987456911543 0.0 
0.0 0.0 0.0 0.7290726457202519 
0.0 0.0 0.2138519944433447 0.3563385790895798 
0.0 0.0 2.534459196656946 0.0 
0.0 0.0 0.0 0.7290726457202519 
0.0 0.0 0.21299112570416104 0.35490412558307005 
0.0 0.0 0.3263999578686271 0.32797779484740136 
