1.0 0.6605636752407774 0.5 0.499991349437379 0.5002071834581764 0.5002778589024176 0.5001122703613532 
1.0 1.0 0.5 0.5002565572709681 0.5001664964791747 0.49969784330612693 0.500201472960003 
1.0 1.0 0.4809112107083903 0.4996716740355658 0.4998578661526148 0.49998352697594617 0.49986360021568776 
1.0 1.0 0.4809112107083903 0.4996716740355658 0.4998578661526148 0.49998352697594617 0.49986360021568776 
1.0 1.0 0.4809112107083903 0.4996716740355658 0.4998578661526148 0.49998352697594617 0.49986360021568776 
1.0 1.0 0.5 0.5002565572709681 0.5001664964791747 0.49969784330612693 0.500201472960003 
1.0 1.0 0.5 0.5002565572709681 0.5001664964791747 0.49969784330612693 0.500201472960003 
1.0 1.0 0.5 0.5002565572709681 0.5001664964791747 0.49969784330612693 0.500201472960003 
0.6333284012545927 1.0 0.43257161499392266 0.4996618293157528 0.49982641624013247 0.49958521721497223 0.49946507487887987 
1.0 0.518762694263268 1.0 0.4994714588999538 0.49986779565959144 0.4997596667794805 0.5000310470349241 
1.0 1.0 0.9998700195982497 0.500961447406238 0.500364900961173 0.6000546066269672 0.501603013509111 
1.0 1.0 1.0 0.500802932676615 0.5002613461738882 0.6000401259414161 0.5013821395639106 
1.0 1.0 1.0 0.5010941516584602 0.5004964103573719 0.49855519373771845 0.5015490155332988 
1.0 1.0 1.0 0.5012367798773624 0.5004532212745978 0.4984619257571438 0.5015571051468536 
1.0 1.0 1.0 0.5010941516584602 0.5004964103573719 0.49855519373771845 0.5015490155332988 
1.0 1.0 1.0 0.5011456137282165 0.5004616331857452 0.49850134926442086 0.5015418151266433 
0.0 0.0 1.0 0.5005453772595726 0.49977731341251574 0.49962414135277844 0.3999507971799321 
1.0 0.4713725099037124 0.9999736060179674 0.4994714588999538 0.49986779565959144 0.4997596667794805 0.5000310470349241 
1.0 1.0 0.9996750489956242 0.5009334592756793 0.5003018333745438 0.5999644606046431 0.5015544564043222 
1.0 1.0 1.0 0.5012367798773624 0.5004532212745978 0.4984619257571438 0.5015571051468536 
1.0 1.0 1.0 0.5011109574582473 0.5004759295336305 0.4985102934662537 0.5015402301778624 
1.0 1.0 1.0 0.5010941516584602 0.5004964103573719 0.49855519373771845 0.5015490155332988 
1.0 1.0 1.0 0.5011456137282165 0.5004616331857452 0.49850134926442086 0.5015418151266433 
0.8166642006272964 1.0 1.0 0.5009383012543807 0.5003410868838335 0.49821869979023103 0.5012464612996334 
1.0 0.518762694263268 1.0 0.4994714588999538 0.49986779565959144 0.4997596667794805 0.5000310470349241 
1.0 1.0 1.0 0.500802932676615 0.5002613461738882 0.6000401259414161 0.5013821395639106 
1.0 1.0 1.0 0.5010941516584602 0.5004964103573719 0.49855519373771845 0.5015490155332988 
1.0 1.0 1.0 0.5011937207074996 0.5004777580343539 0.49849332009470904 0.5015599128757908 
1.0 1.0 1.0 0.5011970757979729 0.5004268560141184 0.49844750479112326 0.501534614719988 
0.8517498385282891 1.0 1.0 0.5006980359140031 0.500373904602031 0.5998594018123435 0.5000104031740888 
1.0 0.4713725099037124 0.9999736060179674 0.4994714588999538 0.49986779565959144 0.4997596667794805 0.5000310470349241 
1.0 1.0 1.0 0.5006670979784519 0.5004210613155451 0.600267808976521 0.5015678031410833 
1.0 1.0 1.0 0.5011970757979729 0.5004268560141184 0.49844750479112326 0.501534614719988 
1.0 1.0 1.0 0.5011985963817275 0.5003545172021312 0.4983954332086846 0.5014391730240333 
0.8517498385282891 1.0 1.0 0.5006980359140031 0.500373904602031 0.5998594018123435 0.5000104031740888 
1.0 0.4713725099037124 0.9999736060179674 0.4994563306454033 0.49986282547321503 0.4997816593991524 0.500027183312459 
1.0 1.0 1.0 0.5011970757979729 0.5004268560141184 0.49844750479112326 0.501534614719988 
1.0 1.0 1.0 0.5011985963817275 0.5003545172021312 0.4983954332086846 0.5014391730240333 
0.8517498385282891 1.0 1.0 0.5006819264994256 0.5002736385855135 0.5998204902401767 0.5002344006064439 
1.0 0.41994502237241144 1.0 0.4997175612661827 0.5000815853685818 0.5002227770248326 0.5002166243311671 
1.0 1.0 1.0 0.5008185033909414 0.5005304455847648 0.6001488849237537 0.5010888563555982 
0.8517498385282891 1.0 1.0 0.5006738717921368 0.5002235055772548 0.5998010344540933 0.5003463993226214 
1.0 0.41994502237241144 1.0 0.4997175612661827 0.5000815853685818 0.5002227770248326 0.5002166243311671 
0.0 0.04152932081594041 0.6155235907496377 0.500581238819906 0.49969621350073967 0.5002851415818907 0.3998863595139194 
0.6678515728312509 0.49866965402469515 1.0 0.49969728796818075 0.4997435914170487 0.4996965346016886 0.5001974955290103 
1.0 0.5002162167069972 0.0 0.49915066318164847 0.49989226488563465 0.5003950474369607 0.49923336465682716 
1.0 1.0 0.0 0.5001087528010238 0.4999789378934848 0.4999970000517706 0.49987320740110536 
1.0 1.0 0.0 0.5001087528010238 0.4999789378934848 0.4999970000517706 0.49987320740110536 
1.0 1.0 0.0 0.5001572584067953 0.5000392074404677 0.4999537609190407 0.49998560390721986 
1.0 1.0 0.0 0.5000992042753385 0.5000079036510919 0.4999253292976847 0.5001018366044045 
1.0 1.0 0.0 0.5000439863201803 0.5000431838912398 0.4999136898945992 0.4999000799520088 
1.0 1.0 0.0 0.5000128186524251 0.49998406454207545 0.4998403726392679 0.5001584185831989 
0.5088036140102457 1.0 0.0 0.50006293002904 0.49985875652238565 0.4998505198562896 0.4996257783112601 
1.0 0.0 0.9908568345766893 0.5000143865701611 0.5002484231330211 0.49984636121619064 0.5002812818201615 
0.932992337772696 0.6780745078768551 0.5022154647698611 0.4998356137664455 0.49995719438306385 0.49980651648907776 0.500048049074336 
0.9328812758370787 0.8302929299027014 0.5 0.49983464383713755 0.49995537778785654 0.499584029846168 0.4999764977647083 
0.8726371915477782 0.8909408301621936 0.4343802545374752 0.4999887034948118 0.5000649757271844 0.5000124883470483 0.5003053481060884 
0.8301201672112568 0.8826515423119409 0.5281295034569017 0.4999654594106345 0.500230074412486 0.5001952454379444 0.5004842385602047 
0.7177858575450327 0.8922202327131137 0.5507725671388837 0.5000381212385742 0.4999324816860309 0.5000536467510439 0.5002360580941212 
0.0 0.056649169124682056 0.9277807998680114 0.5003327779233884 0.49959658287238184 0.5002381904258422 0.3997588182508807 
1.0 0.0 1.0 0.4998270527113845 0.5001680703718614 0.4997757761413863 0.5004244227432477 
0.9542679122580153 0.5829008360807968 0.672279453278749 0.4999705617113245 0.5002521713457297 0.5001362231526275 0.5001095681553951 
0.9135418480450674 0.7462196200191968 0.7420454946199653 0.49979517480789887 0.5001638180934465 0.4999884624439772 0.5001085091587574 
0.816243488029335 0.8060100596538646 0.6356692414088422 0.4998822322201731 0.500232964159128 0.500191512492358 0.5004855327333473 
0.5915748686968867 0.8251474404562102 0.680955368772806 0.5000275558760523 0.49963777870621773 0.4999083151185571 0.4999891718011803 
0.0 0.056649169124682056 0.9277807998680114 0.5003327779233884 0.49959658287238184 0.5002381904258422 0.3997588182508807 
1.0 0.0 1.0 0.4998270527113845 0.5001680703718614 0.4997757761413863 0.5004244227432477 
0.8842846021650447 0.5678590086848148 0.7594909532710392 0.4998251701614769 0.5002259953676386 0.5000289997351686 0.5001601351902891 
0.83333187983329 0.7145815528175269 0.774877415101281 0.49966017771909105 0.4998649144582731 0.4997516750029848 0.5001299190849988 
0.5846365291059258 0.7868266991271722 0.7347252377487763 0.4999859422808216 0.4996392235795387 0.49990644864576395 0.49998981888775157 
0.0 0.016448134759682514 0.9518538665786742 0.5003901927239226 0.49958078986185284 0.4998980464705809 0.3997905408980689 
1.0 0.0 1.0 0.4998217222239239 0.5002177963674519 0.5000291081041681 0.5004308774562264 
0.8040746339532673 0.5362209414831448 0.7923228737523551 0.4997416351424254 0.4998923145608384 0.49973836782087855 0.5001743447098752 
0.6407864994679444 0.7177197925531158 0.9190499350535718 0.4998558683082083 0.49974494626291976 0.4997072191951689 0.49971199332311744 
0.0 0.0 1.0 0.500318146814637 0.4996119484809254 0.5000920731985624 0.39977256968777825 
0.9997966359872946 0.0 0.9359619040520334 0.499903269224128 0.5003686625648631 0.5001103541551768 0.5004603975867719 
0.6678515728312509 0.49866965402469515 1.0 0.49969728796818075 0.4997435914170487 0.4996965346016886 0.5001974955290103 
0.0 0.022513688365654386 0.9164032917191457 0.5004358604668246 0.4995717621573572 0.49989960893378826 0.39984853825177324 
0.9995932719745892 0.0 0.8771713068589563 0.49994824679474786 0.5000586110076627 0.49993326118208337 0.5005695880806882 
0.0 0.0 1.0 0.5003211879821462 0.499467270856951 0.49998793003368514 0.39958168629586904 
0.44863591390230834 0.0 0.26409718769961754 0.4998863508353516 0.4998944969731457 0.4999557814082387 0.5000865670441136 
1.0 0.4874577939170843 0.0 0.4992784714929644 0.4999540585930834 0.5004732641909316 0.4994284170614193 
1.0 1.0 0.0 0.5000567331009949 0.49994354890981196 0.5000150825596285 0.49981380519980806 
1.0 1.0 0.0 0.5001204528939307 0.5000023051408224 0.49996772307548026 0.5001465746431975 
1.0 1.0 0.0 0.5000439863201803 0.5000431838912398 0.4999136898945992 0.4999000799520088 
1.0 1.0 0.0 0.5000992042753385 0.5000079036510919 0.4999253292976847 0.5001018366044045 
1.0 1.0 0.0 0.5000811493060422 0.5000010107887929 0.49991115576271306 0.500123438438902 
0.5088036140102457 1.0 0.0 0.50006293002904 0.49985875652238565 0.4998505198562896 0.4996257783112601 
1.0 0.0 0.9908405870264705 0.49995568313134187 0.5002118291832401 0.49975312407384254 0.5002972392253286 
0.9188082549769994 0.653642371625766 0.3430498100716062 0.4999516348504212 0.5000433598391825 0.49990302944088466 0.4999084245098098 
0.8659846755453919 0.7643603906517412 0.31479643996989554 0.49985022024131476 0.4999244709249593 0.4998511507067952 0.499957417363475 
0.7874760678184709 0.8197194001647288 0.30066975491904024 0.4997995129367615 0.4998650264678477 0.49982521133975044 0.49998191379030754 
0.6474950111707246 0.8495378469481817 0.2160817274677876 0.5000050215746094 0.4999497460238848 0.49989165264290913 0.49981613306611183 
0.0 0.056649169124682056 0.9277807998680114 0.5003327779233884 0.49959658287238184 0.5002381904258422 0.3997588182508807 
1.0 0.0 1.0 0.5000180469459694 0.5002272181828302 0.49990894983869405 0.5004013105249203 
0.8734349657350131 0.47577375327900884 0.49820521388158034 0.5000904538451799 0.49985341400838124 0.49991059697069606 0.5000780215665817 
0.7597227094546274 0.6742200907341056 0.46507044460409885 0.49963305855583856 0.49987080596113165 0.4998177454485778 0.4999845021365926 
0.5244294915245638 0.761216965134673 0.5577349363644235 0.49974178425877314 0.49992678788964706 0.49973573165692364 0.4994279967576124 
0.0 0.056649169124682056 0.9277807998680114 0.5003327779233884 0.49959658287238184 0.5002381904258422 0.3997588182508807 
1.0 0.0 1.0 0.49967952960290285 0.50020656311186 0.5000986308346467 0.5002589891035658 
0.8241261769041288 0.4168170417138858 0.6539867731425046 0.4999559344328516 0.49989928984095133 0.49982928263063064 0.5001547204896173 
0.5566312252493145 0.632515440624563 0.623976903309301 0.4999032221972796 0.4999410298295569 0.49974150024795005 0.49951310593412473 
0.0 0.07016195871122974 0.8328065834382914 0.5004760365078447 0.49961420880861934 0.499998594432275 0.39992913013710035 
0.9997966359872946 0.0 0.9359619040520334 0.499903269224128 0.5003686625648631 0.5001103541551768 0.5004603975867719 
0.6131369983052691 0.35700599953876383 0.5654340146226926 0.49990769259230344 0.4999076008012894 0.5002696289009202 0.5001119542826483 
2.0336401270537596E-4 0.015540228529119793 1.0 0.5002406092034694 0.4996945814557557 0.5003835229618233 0.3997771930091104 
0.9995932719745892 0.0 0.8824188056138458 0.4999406059384368 0.5000134824196181 0.4998183876514297 0.5003351558995817 
0.0 0.022513688365654386 0.9164032917191457 0.5004358604668246 0.4995717621573572 0.49989960893378826 0.39984853825177324 
0.448737595908661 0.0 0.0 0.4999308678539667 0.4999167062525729 0.500110535345397 0.5000716771019746 
1.0 0.4874577939170843 0.0 0.4992862985033104 0.4999422204661614 0.5004683289574418 0.49944140988487534 
1.0 1.0 0.0 0.5001553774560429 0.5000793524225546 0.49997522702166874 0.5001260920343356 
1.0 1.0 0.0 0.5001553774560429 0.5000793524225546 0.49997522702166874 0.5001260920343356 
1.0 1.0 0.0 0.5000811493060422 0.5000010107887929 0.49991115576271306 0.500123438438902 
1.0 1.0 0.0 0.5001133700210666 0.5000041713109122 0.49995359181621507 0.5001316619635998 
0.5088036140102457 1.0 0.0 0.5001351499062251 0.4998863279715818 0.499907213996176 0.4995393709732706 
1.0 0.0 0.9908568345766893 0.5000143865701611 0.5002484231330211 0.49984636121619064 0.5002812818201615 
0.8949340773149062 0.5532424281931516 0.2575162140696142 0.5000738212943956 0.49991416169436886 0.4998855613008602 0.500054236490619 
0.801386251780275 0.7194399803815168 0.21890453078102434 0.5000024614211358 0.500058418789145 0.4997980244664081 0.4995208176110187 
0.6535398432898434 0.8173265660818231 0.2266608088567292 0.5001319027736788 0.49974850769811047 0.4997489988953191 0.4997507459971573 
0.0 0.0 1.0 0.5002469797634839 0.49952205627101987 0.4997914578615741 0.39996934356126657 
1.0 0.0 1.0 0.49967952960290285 0.50020656311186 0.5000986308346467 0.5002589891035658 
0.7956272032050437 0.41296241838391 0.3669076066348096 0.49992529336060276 0.4999746189063399 0.4998538610690015 0.4997890379225258 
0.5666537826737504 0.6763590327610647 0.3876066325035907 0.49991792878048974 0.49995249447044643 0.49986452475081466 0.4997040889305289 
0.0 0.0 0.8326545801644519 0.5002304299315015 0.49953068843994686 0.4997104608075067 0.3997593810472619 
0.9995932719745892 0.0 0.8824188056138458 0.4999406059384368 0.5000134824196181 0.4998183876514297 0.5003351558995817 
0.6131369983052691 0.35700599953876383 0.5654340146226926 0.49990769259230344 0.4999076008012894 0.5002696289009202 0.5001119542826483 
0.0 0.07016195871122974 0.8328065834382914 0.5004760365078447 0.49961420880861934 0.499998594432275 0.39992913013710035 
0.9995932719745892 0.0 0.8859171381171055 0.4999355120342294 0.49998339669425507 0.4997418052976606 0.5001788677788439 
0.0 0.0 1.0 0.500318146814637 0.4996119484809254 0.5000920731985624 0.39977256968777825 
0.448737595908661 0.0 0.0 0.499928320901863 0.4999016633898914 0.5000722441685124 0.4999935330416058 
1.0 0.4874577939170843 0.0 0.4992932500016556 0.4999748033313311 0.5004822350892292 0.49942520668809925 
1.0 1.0 0.0 0.500160976700411 0.5000346795324041 0.49996409474412196 0.5000682636396127 
1.0 1.0 0.0 0.5001293778839104 0.5000175017967095 0.49993936505956205 0.5000869538891572 
1.0 1.0 0.0 0.5001278380405108 0.5000299445643396 0.49988741567006867 0.5000129797839528 
0.5088036140102457 1.0 0.0 0.5003549113226562 0.5001122962348927 0.4999303479016666 0.49954919182439705 
1.0 0.0 0.9908405870264705 0.49995568313134187 0.5002118291832401 0.49975312407384254 0.5002972392253286 
0.8159705151624312 0.517242663550606 0.11902868906168101 0.5000003088417866 0.49976900361262333 0.4997849493043003 0.49998053821296734 
0.5882484412625943 0.6662205243097827 0.0 0.5001495356388022 0.4998763205470995 0.5000511837437231 0.4998383587184377 
0.0 0.0 1.0 0.5002469797634839 0.49952205627101987 0.4997914578615741 0.39996934356126657 
1.0 0.0 1.0 0.5000219604511424 0.5002212991193692 0.4999064822219491 0.5004078069366483 
0.6064966639560144 0.39427743215471134 0.32833282263943786 0.4998371815451513 0.49991586372922947 0.4998724967976519 0.4997266189914824 
0.0 0.015540228529119793 0.983345519200688 0.5004396967296432 0.4995886148747492 0.500170348828091 0.39982307652307975 
0.9995932719745892 0.0 0.8859171381171055 0.4999355120342294 0.49998339669425507 0.4997418052976606 0.5001788677788439 
2.0336401270537596E-4 0.015540228529119793 1.0 0.5002406092034694 0.4996945814557557 0.5003835229618233 0.3997771930091104 
0.448737595908661 0.0 0.0 0.499928320901863 0.4999016633898914 0.5000722441685124 0.4999935330416058 
1.0 0.4874577939170843 0.0 0.4992932500016556 0.4999748033313311 0.5004822350892292 0.49942520668809925 
1.0 1.0 0.0 0.500160976700411 0.5000346795324041 0.49996409474412196 0.5000682636396127 
1.0 1.0 0.0 0.5001278380405108 0.5000299445643396 0.49988741567006867 0.5000129797839528 
0.5088036140102457 1.0 0.0 0.5002770218061698 0.5000604033913272 0.49992044190797513 0.49961989394588807 
1.0 0.0 1.0 0.5000180469459694 0.5002272181828302 0.49990894983869405 0.5004013105249203 
0.7907084773883456 0.5371185351371823 0.14372924796591163 0.5001723127801448 0.4997893862490318 0.49991758713154494 0.5000731087327351 
0.0 0.0 1.0 0.500106875712288 0.4995188742534045 0.49967109182577657 0.39967226487461327 
1.0 0.0 1.0 0.500067410514625 0.5001998572750332 0.499976709565953 0.5003092727778613 
1.0168200635268798E-4 0.043518437951692884 0.8840823152067465 0.5004484971137928 0.49962212392727445 0.4999624649121316 0.3996616183430185 
0.448737595908661 0.0 0.0 0.4999308678539667 0.4999167062525729 0.500110535345397 0.5000716771019746 
1.0 0.4874577939170843 0.0 0.4992862985033104 0.4999422204661614 0.5004683289574418 0.49944140988487534 
1.0 1.0 0.0 0.5001293778839104 0.5000175017967095 0.49993936505956205 0.5000869538891572 
0.5088036140102457 1.0 0.0 0.5003338081707531 0.5001246496167607 0.49993271995985533 0.4994902111463908 
1.0 0.0 1.0 0.500067410514625 0.5001998572750332 0.499976709565953 0.5003092727778613 
0.0 0.0 1.0 0.5003211879821462 0.499467270856951 0.49998793003368514 0.39958168629586904 
0.5531799932017829 0.0 0.3798906257154162 0.49981246748100894 0.5000137114751846 0.5000226444284548 0.500124556625029 
1.0 0.4874577939170843 0.0 0.49926872037243514 0.499773484152848 0.5004649241979175 0.49947353445555687 
0.5088036140102457 1.0 0.0 0.5003670215988598 0.500086686851098 0.5000348471140167 0.499563646987286 
0.5130206157703552 0.0 0.4313791168093306 0.4992438049339898 0.4994686890586109 0.499872258166969 0.5004381576627384 
0.5772276414273202 0.5393651693126671 0.0 0.49987480310229665 0.5001152531509685 0.4998706232911069 0.49985572915688437 
