0.3397275673424448 0.17621588857774712 0.35206115532271715 0.8726979810917278 
0.7128322554694926 0.1478151654567652 0.6668271548791491 0.3895346931379058 
2.7034876821779077E-4 0.026176600797865348 0.6947689398694435 0.739183710080861 
0.19585161911290228 0.7291943864624154 0.40283744425431167 0.5515427364595823 
0.1134268567291238 0.8009117307130088 0.7220540432273702 2.5018614593937817E-109 
0.9819129011600491 0.22127179497728713 2.9135844986012995E-216 5.850860956384385E-188 
0.6860125478749692 0.023977353077376556 4.7133738486806057E-290 0.771933765325658 
0.004348196864663015 0.7186244531343183 0.6776561448849537 0.23021282756631384 
0.8610521477744039 0.34998501856043307 0.4899078467265035 2.5433889962040515E-109 
0.23002409462335688 0.4183049808429427 0.4951132017386809 0.8161364373470902 
0.4862945001498335 0.9074683957486784 0.0 4.4986807310559736E-9 
2.3202519844008832E-4 0.30895284516443733 0.9474589280598091 0.6102168338268367 
0.2280775725140433 0.40200322482894707 0.9032726869156352 6.771026522712662E-117 
0.9363444437393531 0.4020562960161892 0.015540928571982035 0.2145928390500809 
0.43716592115680336 0.4614874975361013 0.779970801034214 0.204240027817014 
0.0012948280045470546 1.2408249625629122 5.120192393149807E-207 1.8793241280224577E-7 
0.013049030745601072 0.13428352298663185 0.4068004012854896 1.0091765791000977 
0.6251572518954914 0.3242675933111509 2.636584733547913E-7 0.748741834846947 
0.9800657295514023 0.02848521125627073 0.43072435916122837 5.413447857489523E-163 
0.7867394204865106 0.28205349633210464 0.14272246317818374 0.6002277371106335 
0.897182466466612 0.1255381122231337 0.21094362437773154 0.4002933192656397 
0.28213956718052297 0.6577155513848029 0.24451004059585704 0.7391770907332946 
0.14234523033792554 4.2031403003471894E-5 4.601252150741647E-234 1.017677015912168 
0.0231746517694247 0.6814586828859709 0.06069948461033138 0.7402180709170278 
0.11920851643756515 0.9746269243579846 0.21043811617286992 0.40110820510490297 
0.9932574478241744 0.2075409938856731 0.09044278257000572 0.16784584170332004 
0.18542577735304905 0.6809364090461221 0.7138567383828506 0.20627727136539847 
0.8310394303735512 0.4444013130930343 3.951216744295458E-4 0.3776974686039616 
1.0114675889645286 5.5158689856082526E-5 0.09015390217142091 0.16730973066964494 
0.7445273384129524 0.2719456216241055 0.35175184743963517 0.5411577911549471 
0.5902183871296318 0.0819174665140074 0.8070438989412922 0.19779609312394694 
0.31723439161278605 0.022441714078359588 0.9679794034255585 0.2138193326462629 
0.7230857557513405 1.1505047802484546E-5 0.5460926977558446 0.5276898770850176 
0.42990447874887494 0.7565381208498942 0.4914416941432007 0.20403949977797156 
0.33705412498671966 0.6289799292708755 2.5717196979454547E-203 0.8166412360717847 
0.6993089921108908 0.5363604750428933 0.0 0.9190955521161278 
4.7613022557459704E-4 7.610764208164078E-5 0.5682882111299776 0.8953428698523652 
0.6934318144488876 0.37523101074050197 0.5119800289949046 0.3852067271223819 
0.19763640697488433 0.17913101435571807 0.5531956368609461 0.8231926920573379 
0.26885456906049143 0.5168484444765052 0.8441578608512995 0.20641678014515258 
0.7911047378049213 1.0680204188066397E-197 0.65252910877234 8.49420888131504E-78 
0.40303132675539205 0.2237530524818425 0.9194711600250473 3.6749292558357097E-205 
0.38323276837624587 0.8993299975536915 3.393705355046324E-173 0.5985951222702407 
8.643817973550146E-7 0.5750679826872659 0.8513137230340135 8.608794354380888E-143 
0.10468810412447581 0.7392070368275406 0.6749554373223942 0.4019816134764363 
0.3612522619574839 0.9582694795921641 2.3865383094216804E-6 0.17216161231468588 
0.005908447059407415 1.0171533081408795 0.04495507275105641 2.611619124001834E-97 
0.7507159418948312 0.738854006027557 0.0 1.37512889482552E-95 
0.7662212818123281 0.6826203782784409 0.018016209871217038 0.4109798406201794 
8.429959285382303E-5 0.695805655447451 0.3817869259090192 0.6959972659571274 
0.9303058326937118 0.20228023787969654 0.4260457736955737 0.1686986090368225 
0.2147819382238504 2.8996349617426284E-198 1.0125044994468901 1.02617470494118E-115 
0.3969010145598658 6.982887807897134E-4 0.9311227037740938 0.022817019081500908 
0.8105707154689379 0.5433015602526337 0.32846178426385514 0.002324844931627236 
0.676666204367146 0.4529559351331582 0.7047183004173705 0.2267526752844144 
0.2827067429005416 0.29371847259446865 0.9501337220252642 0.1913223933236427 
1.221885122592896E-4 1.0085393651680992 1.8469948350724863E-219 0.18300552181545734 
0.007379746835429601 9.962928964035671E-200 1.2778571069576905 0.0 
0.8046368783931301 0.48766115926142733 0.4195489744620257 0.1592976659399798 
0.21144086241291182 0.7729225577339899 0.5003686556329336 0.3865136218902097 
0.36804537256712827 0.30492977352647593 0.5688352711704274 0.7634302000276424 
5.830524514838346E-17 1.4196359257676123E-17 0.9800156472537174 0.23585295111099672 
0.1353978195971644 0.9925397013860694 0.22365405673539762 7.042452140381668E-153 
3.212357168901046E-17 0.5246177381327602 0.23787046128913275 0.8456753582457022 
0.7194977988892379 0.4506293511199856 0.6988124660431458 1.899921149741813E-82 
0.8142049402936582 2.205821315841908E-106 0.5902854571041106 0.31026320031372895 
0.6522367444300512 0.0 0.7864419278953555 7.003333619990525E-196 
0.9145411579090271 0.3924044627664624 0.2133260766003721 4.418460359376205E-112 
0.5936744316347262 0.26612296426701054 0.8156586552686371 5.164785887245541E-112 
0.7273000236248024 0.16663342628511266 0.6743550048876563 1.940669631854223E-197 
0.001290642286527289 0.2683313125424663 0.24853381269769453 0.9465743371759555 
0.08028127909315157 0.5668694349513851 0.5110555280845683 0.7790724744417559 
0.25640894697012057 5.063985231623971E-143 0.9944222297917246 0.4165686906256217 
0.004797708161489872 2.6753838077771634E-155 0.8953124648617962 0.5767739303705762 
0.36242081837493584 0.49663192282464996 0.49725730412345603 0.6924035071765042 
0.3253321415337823 0.5926981565611046 0.7683805669324293 5.066518751347789E-112 
0.001283191019355446 0.3315767447718009 0.4175842271206508 0.8766743716346389 
1.3434589347586892E-17 3.1406389130195937E-18 0.22531891027131762 1.0826594773599 
0.2522210763586183 3.2952893017930077E-99 0.2820130832913685 0.995211041075084 
0.5291827874742956 0.709699714250086 0.3130036489623161 0.3808848845172544 
0.0017418579051213217 0.36214141038357534 0.03223871326842879 0.9409547145589677 
0.18390948873357893 0.8712115317220602 0.4891006604451852 4.3092099003955135E-164 
0.7974556782942056 0.42608359852157374 0.26141017471620714 0.3749649748145524 
1.4897692206846246E-17 7.73995725727429E-17 0.0 1.2872327060960809 
0.9351587258763167 1.1623405558397538E-4 0.35522168917960045 0.2050851814635039 
0.9303811351963179 1.985216554177486E-172 2.546543890278404E-244 0.8410294050497241 
0.012057043548967299 0.9980303319010296 4.5367193264631467E-4 0.43703712375785586 
0.5117185310398099 0.2654271961332635 0.3877878712107322 0.7386465603758613 
0.0043080417196559835 0.8956645084312074 0.549788619522265 2.946538500535815E-4 
0.6030638265162751 0.5887145781501505 2.404730535318443E-125 0.5993714965526841 
0.3700582516535169 0.2147033535300852 0.8547277356792676 0.38832216983285534 
0.6915835715480078 0.7061869067377635 0.22468551169819845 2.5500916587018765E-142 
0.9705564892597036 0.2403553977351671 0.3365153504091728 4.088222062799237E-116 
0.7505807132048288 7.255636040558551E-131 0.17081335496302558 0.6772355587472901 
0.01567119117847402 0.5636575934114546 4.956516110242051E-4 0.9249859918650533 
1.0183928063963286 7.035480436179735E-5 0.004318375315307933 4.850855451202344E-15 
0.8035396886060033 1.9255014967261555E-5 0.34862573008877695 0.5360117703904569 
0.47167805001563373 0.10201041059054852 0.18745768561567977 0.8992914345660011 
0.9192753086513015 5.476083228094598E-127 3.5013604716949455E-260 0.5619941950294954 
0.3746037479754229 4.894229066566249E-99 0.0020184501322820366 0.9853776545273247 
0.25957746857500785 0.9532425957379544 0.30129815834156815 0.164698899979695 
0.2196283280994455 0.4049088590154359 0.233849083356134 0.9059567479482137 
3.0157453825255237E-5 0.24891848483650578 0.7272495787738736 0.674076027696876 
0.5020413100447119 0.17964590668631938 0.6442324988822319 0.575498404297596 
0.5357056395664467 0.7184476674629823 0.47724244776931507 6.708233855444309E-143 
1.6292694111107945E-5 0.0028048263015667896 1.0203565455438917 2.617254481094704E-97 
0.28905844052880936 1.9136175197209102E-104 0.6100950500302182 0.7706691644478546 
0.4605738221476436 0.43729828208638283 0.2909992895325296 0.7414285905290016 
0.4011839190793165 0.9025138491949809 0.22270313897489455 4.4539711901271026E-152 
0.9990637002443464 3.310703537208472E-263 0.2204209653313785 2.4338000661530417E-186 
0.7907082529099737 0.3395216723077084 0.5272475692374067 0.2125013294773648 
0.5018239715958605 0.26903847024869626 0.8250316787564338 0.2017399713306132 
1.3123115375968717 4.5209767868577006E-8 0.0 1.3846331496934316E-92 
1.174923497139487 0.5069872084652802 0.0 3.7452020922745035E-4 
0.4951088295284216 1.833210710327773E-155 0.42056589390348253 0.7870511180123438 
0.3418822847346681 0.7702147205200178 0.609974878990477 4.576355328658043E-152 
0.5715826085295636 0.5604206839984406 0.3612180081944808 0.5367698161721137 
0.3714801695380737 0.36689234013412786 0.12385261071936947 0.882246244785398 
1.1479577172335685E-17 0.18747572247489175 0.08359759285876553 0.9894175581651827 
0.19864456576430775 0.277535661391499 0.7501571748575455 0.5929646426781734 
0.19526265462595802 0.4055434488435198 0.0012227188210269955 0.914666637022539 
0.36590680175605 0.3773714270174267 0.6445214580809534 0.595194899811735 
0.6171816829731568 5.0344460610457565E-198 0.6090846122211268 0.7099843710166883 
0.6269575829122259 0.8306101161613093 0.09282521464697574 0.17470535490005265 
0.3646521208226455 0.8642352745185222 0.2134688988708419 0.3795765207148273 
0.4369111490763547 0.5987073950173593 0.59946131435096 0.4017284136784243 
0.009247191709709359 0.4160249534409579 0.9285326384774997 0.19671542007742 
0.21138885577265004 1.0231343253842045 0.0 0.0 
5.041197360202369E-17 0.8232900071616154 0.1838137269277239 0.5820453884483653 
0.8972686181493519 0.200429778040764 1.0955125224739205E-228 0.5620593561035808 
0.5519125990425885 0.5142510481001829 0.5393358848679454 0.648345369121947 
0.2363282283265949 0.8339263086657248 1.621499583483586E-190 0.7453097081774455 
0.24332249124650696 0.20970630581756777 1.1066836566469933 4.2878039599879456E-299 
0.497004231095215 0.968008957269839 0.669327827857692 0.0 
0.22264387661519688 0.5905923761483226 0.5531178270784228 0.5941124179501761 
0.012256598525583258 0.2867755332440485 0.891864896879927 0.4050372653653462 
0.5320341739123868 0.10068876307640047 0.7592234060266703 0.40236807005553055 
4.984836886607587E-17 0.8140856433182571 6.33682948874498E-172 0.9511020340300996 
3.4531384740157563E-17 0.5639403093887912 0.679054477485408 0.5221651683107793 
0.585092152363623 0.6235021985477263 0.7122174599061235 1.9227719689441844E-82 
0.003546324432705937 0.7372994823297083 0.5345364228974393 0.5341037849353488 
1.32349415677297E-17 0.2161429985681485 1.1684706122629692E-280 1.1763862288568698 
5.609606053234383E-17 0.9161181913250432 0.415383318035479 0.1875022604733143 
0.4197794797712971 0.7921675130416655 0.3265984135757942 0.5842513682279294 
8.667573616513275E-7 0.5766484312480811 0.7632079321265303 0.34848189633596593 
0.68770369993947 0.6748603395487416 0.32191982321728685 0.17557545877184802 
0.6571485562213472 5.421916710796115E-140 0.29053770055279343 0.8080078566213322 
0.8722366629698822 0.5626503803399394 0.0015332690660431207 0.00182243896147013 
0.9635631951644126 0.0 2.6060115977859905E-170 0.35109889705971115 
0.7035012562897827 0.6004128332567585 0.47640512983633304 0.37237650706459613 
0.4616772741193939 2.399131641696128E-120 0.8966656097599172 0.541569377089947 
0.36305026307930593 0.4974944624967494 0.7473784839767396 0.3934485386467697 
0.4599630769197873 1.5242285205349692E-263 1.144670016960001 2.9346397860015704E-186 
0.5399702236438312 0.8738396434180652 0.0 0.4064034347729973 
0.5521907987060451 0.3560488289963416 0.6609093460902826 0.39280780891647005 
0.7633368115124578 0.5891660588944421 0.5445912294691111 6.34383538345006E-239 
0.4867845422086189 0.48077809291380397 1.796889621473492E-5 0.8022062462292262 
0.11019501963285999 0.20128117315707178 0.9650265879481337 0.2218088220069688 
0.8305912002892774 0.42025700935206145 0.0 0.8414609970935224 
0.01063047748358126 0.30739446894240574 1.1131540220714444 4.2971334375583037E-299 
0.3485986068210853 0.8735004106704369 4.484752436378967E-4 0.39641802949264215 
0.46663315344537243 0.21561772512247124 2.4529611028079425E-4 0.8749902715612679 
1.0906496276707096 1.472417009343476E-197 0.6708698617305311 0.0 
0.18153109195061398 0.8640431417989144 0.46985255086066935 0.2015361192603171 
0.4438011609752593 2.013881312856457E-5 0.704111010877765 0.5830566462730324 
