0.987032539731497 0.98412734402281 0.9998475577307728 0.47990486142405775 0.4552417978218472 0.5048075212019575 0.5686905293166358 0.533868646681888 0.5085284682788266 0.5309331509507499 0.5252927161896932 0.17804879385808875 
0.8195119163418508 0.9857972037453712 0.9828921934993828 0.4107076576622238 0.4587350971360394 0.4890456991586572 0.4788397911327753 0.47830759563424413 0.5403250651776843 0.6089692760230299 0.47121704042985585 0.4730244547322661 
0.9950797736814156 0.9623003874602487 0.9955321271160222 0.5206458442816437 0.4881244742883535 0.4385596674546771 0.5062566775231906 0.39226013081155886 0.5377755969022329 0.4734518424930506 0.5431082654659747 0.523907830835279 
0.9934273240676358 0.9957874551485847 0.9913023474648226 0.7001331618227348 0.48618324517705763 0.48368679651828395 0.5276832769292916 0.4579190809986013 0.521636085382749 0.47193116671958635 0.5095646483840334 0.5667917611464903 
0.9985590692122459 0.9998523563677659 0.002349570142859747 0.5022184675307809 0.3567491964813612 0.5868698219568841 0.4521092040388786 0.4968596237183883 0.49469611419374193 0.6199009456123236 0.6232233942798177 0.3191322375122097 
0.9776529515460298 0.9394799775599469 0.03768693115675209 0.4859634960767288 0.4685321716680506 0.5122827802303708 0.4831953313488482 0.5332380170443567 0.5286767972089539 0.5682161931817601 0.5165383482464534 0.5667501689268278 
1.0 0.981902698531893 0.9965692892427958 0.4744141094220064 0.40112601027200867 0.489292005264165 0.49785119473844314 0.5062969635699975 0.4710215213738986 0.5418971968024443 0.4913307237327398 0.5436683276259087 
0.9925796051354623 0.9989305858277837 0.010925253364410581 0.5018581833245467 0.3795262398737018 0.5448359123346663 0.446018346970756 0.41465405848013975 0.613689566517321 0.5377663631794007 0.47207656286550925 0.587738518141424 
0.9495264550036604 0.9927000682161298 0.9826939741156973 0.48867117065630733 0.45845834701362664 0.6253906915306904 0.5097230269208448 0.5003310130274152 0.5783946276929605 0.4931505533399034 0.47652090500585964 0.4490786098511802 
0.9768830452375651 0.9923704879700486 0.9557061528016079 0.47479598033682857 0.5195466136046193 0.40864749428501285 0.4660166726288358 0.6375603586836006 0.4945221829986181 0.557550406345102 0.6421232965080674 0.4660249469550602 
0.009459061425039994 0.99706639823246 0.999720877242733 0.5290541239274058 0.4871016458366827 0.5367449748759228 0.3852788230727468 0.5511386331748707 0.49777132830876725 0.4790833181913631 0.4937776368399327 0.43993469223581544 
0.9955150967589749 0.9847578682066709 0.994519637455554 0.47348089560053136 0.6092172217925261 0.29201276671667187 0.3819627966800773 0.5232452979550763 0.525267585439459 0.5382657211761664 0.497888696876687 0.5699206592721573 
0.9848785834678692 0.003584748390473347 0.9873714432684846 0.43181542095703607 0.48358222866665934 0.4164643655265328 0.307937243964397 0.4265079386561338 0.5694893120989312 0.5632655831511483 0.6170464243527267 0.615336051012984 
0.9267794376033848 0.9841625012330854 0.9951088811928628 0.5025327954982945 0.4545380059271879 0.5813737016855169 0.5085567851171445 0.5162377838365853 0.5390877750715554 0.6072626467960974 0.6243343794380578 0.5669253895770517 
0.04851259000710778 0.9779069836619413 0.9942339504550842 0.4490088496421092 0.5332384217384679 0.5507809384235709 0.21513653229841667 0.5903002187794398 0.5632603505188467 0.5425817185660154 0.5752757461784956 0.5548297671584979 
0.9859215840660474 0.9644314659764279 0.9596839004900681 0.49848647149346953 0.5176612606692429 0.4400972062570646 0.45777752517002523 0.5752518801809634 0.45624528297488604 0.5929594245004307 0.5473342442153821 0.4213042693249485 
0.9926065548343714 0.98412734402281 0.9932816577317451 0.5157595686452627 0.43921975999776947 0.5049451730045638 0.4484486707071516 0.4322673428430721 0.47265695220946835 0.4666974347391718 0.5252961157171709 0.49281379101618905 
0.9277000036796272 0.9934375109094549 0.9908469156122407 0.49014629135464777 0.4437799959415713 0.5390738665455256 0.38746181873845825 0.4804106656634618 0.5177862876629469 0.47863225182407965 0.4924859805433836 0.4410487534647059 
0.995893876131842 0.9999882641828054 0.9978732445768357 0.3857814879899312 0.5629002154484859 0.4490263254419385 0.4915124984484192 0.5790334305647247 0.4755965982385512 0.6495339502308233 0.5269429851735906 0.4209016896239992 
0.9442224108855068 0.0011154400117933314 0.012189553817796128 0.4664085361364433 0.4943094739544056 0.9132244110457003 0.4956712199744238 0.45476484533211564 0.48241675624894964 0.4381565895167666 0.4933296992205095 0.4313538531597345 
0.9860754503409819 0.9777454108868295 0.9994934989647534 0.5623457714262245 0.47200986134795864 0.4890038602067137 0.4943487505036599 0.49221173575410654 0.5122746612134916 0.539020793574011 0.47107969020907364 0.5742656084039611 
0.9810864821453489 0.9840433839265837 0.9947436017122453 0.5157595686452627 0.4400671238967294 0.44119208252375486 0.4484486707071516 0.4322673428430721 0.5097182507525851 0.4659903164285538 0.5252961157171709 0.5638746127174853 
0.9927688361126416 0.017350967972864784 0.9862925456146034 0.5219390079687235 0.4262391931425285 0.4421674882191502 0.387763720520947 0.5202299515611396 0.4751578010959885 0.6210727143699135 0.5089361165538618 0.5699205055453936 
0.9888719853188087 0.9897584556199603 0.9932958687428753 0.5011958541714783 0.47972366442163 0.5374937223907258 0.44247958283761457 0.5105083198660135 0.4733596624977999 0.6055240417375428 0.5880169453749303 0.41160486307451094 
0.9956158693114665 0.9949043786239603 0.9997815411495192 0.5245404790737647 0.39316222847860954 0.5051167756814555 0.4440690497496471 0.587552094786787 0.4896688306769992 0.5436485233971949 0.4445027871037001 0.4671245731785933 
0.9927758015121007 0.9906117446745288 0.9950709208959784 0.4613970194276179 0.4438887591026708 0.3633866024204126 0.4819566116823565 0.6946493813597813 0.5139767890257321 0.47100414667055235 0.5490280860444853 0.42963014692638785 
0.9828658891367918 0.9870985902604562 0.9877586000777056 0.5344435337017217 0.4407599936602072 0.5181989451153184 0.5593425297010326 0.53793461122837 0.4746831730352426 0.5899685383162564 0.48850439024964776 0.2483584148767799 
0.9898901177080504 0.02984908605905684 0.9963219818838177 0.525563169902475 0.4858147386580872 0.5354822040900786 0.48565711017988156 0.49400950818786743 0.5046422650284665 0.5586871146572433 0.5029106517703358 0.5097698476856475 
0.04190417177584532 0.9788547716260175 0.9674179405092085 0.5212913327344213 0.6257917550659176 0.4668506276159701 0.48143924358154416 0.5687878054049783 0.5646103132763032 0.494453614447109 0.5740293156002728 0.5707857288699303 
0.9517911087434596 0.9901622699715705 0.9895933076623076 0.4922840003680204 0.4024160644840874 0.4858956185885294 0.43582390655233494 0.485937606711342 0.4880463131676785 0.4147129988426428 0.5441523616269865 0.4196072267218921 
0.9889841086831688 0.9973440356137941 0.9878203119231959 0.5011132030485119 0.40039385118938636 0.5125249892552514 0.45031127882817185 0.5237976975881536 0.47291531039497137 0.6050786792825232 0.29627689288462544 0.4589956766461436 
0.9777456768289258 0.9912252369302162 0.9949193406020369 0.5638296267621307 0.44387642041198816 0.5801972002471838 0.4525786975504741 0.5220761693099613 0.5570871260500797 0.46832857819798235 0.4686890273390645 0.4276493387770627 
0.883685884557951 0.9894087770182395 0.9736453916815975 0.47555371506883 0.3972133503114909 0.46649418159509004 0.4826662914254486 0.4874056000102342 0.5586023594183313 0.49466502051237815 0.4928276890447912 0.4802419341749303 
0.9927845632118627 0.9964200919732602 0.02061153641608432 0.5212377913755248 0.40113698078384524 0.5114883753728842 0.5784864398351949 0.5362226538655512 0.5582941883388953 0.5123985054515428 0.4917565500230909 0.3856618534154488 
0.8616648750549474 0.9954601069179431 0.9997272999017701 0.5245404790737647 0.39409247640950434 0.4879400881891051 0.45419619455541693 0.5534835659892816 0.49504765080415236 0.4685157743143504 0.6378330760748148 0.5942307304207376 
0.8128023070794009 0.010525209810604175 0.9880801381417625 0.416196985540895 0.5822517162333375 0.46448120996272285 0.4847664037705997 0.5210558065113583 0.5391230409340435 0.4649083792939213 0.35225239273006936 0.4390953755318708 
0.9973332232477254 0.9981984608838814 0.9833610968978009 0.5411274145568596 0.4279424593354784 0.536972231283451 0.34532018667990294 0.46849019608418596 0.4986428845183284 0.5368997951855924 0.5390606984385756 0.5225742176946907 
0.9921293841494649 0.9896861096387717 0.9776833166769262 0.4398355937671112 0.5334323129595502 0.4122275466724371 0.6137882944295019 0.5046019738746332 0.5504157882574027 0.5368494461672413 0.46401456641756056 0.5539382432758423 
0.9698614130741516 0.9788166673410579 0.9906124084006132 0.5207388413371802 0.44777916131251394 0.5057197249538337 0.3857187232226271 0.43395987473436026 0.5550429856265701 0.4715899355086821 0.5843460675219175 0.5926307077167926 
0.9826263396325493 0.9779241038069045 0.9942339504550842 0.448577818510662 0.5332384217384679 0.5471965077583129 0.21513653229841667 0.5903002187794398 0.4887455504104672 0.4572737282169202 0.5524700858043152 0.5548297671584979 
0.9775604464518022 3.569869418885707E-4 0.9947325844831026 0.43692279371835524 0.3998774334815459 0.4503696029034587 0.6117705215825501 0.47992877340263823 0.6164627379632943 0.5343984712008465 0.5249426240121358 0.42629704215371134 
0.989140454880579 0.9776240087941199 0.9430207994970511 0.4154504278625975 0.5303343466548417 0.6311835939227389 0.48279501256725643 0.5113518066802352 0.5397281875463507 0.5365531562770539 0.6066990032445232 0.3032958229469133 
0.9911907434226774 0.09636135748304436 0.9807529475658819 0.5024204196870872 0.53893884530446 0.500615880711584 0.4303361877954482 0.49763252534126795 0.4920712668301016 0.5047340516156482 0.5089196560259734 0.4973604632301476 
0.9886776628640607 0.028503407177214238 0.9937265719429634 0.4417931433407495 0.4367599138481586 0.4885788920250055 0.294106417829826 0.49340523601052777 0.5303838794234512 0.48394335696876334 0.5026816694705898 0.4233622369594396 
0.9957411585912812 0.9912252369302162 0.9949193406020369 0.4869047716346731 0.4003163515451386 0.5801972002471838 0.4567575727368297 0.5889365956576055 0.5179342424905967 0.5498360842424647 0.6095941188905148 0.4276493387770627 
0.9797842642826722 0.9946921333346924 0.9999936147939263 0.5029140471440119 0.4550668061577479 0.5185965783351298 0.5039988624093806 0.5161971773794641 0.5079312449234138 0.5375092587538995 0.5195806242861195 0.5438708457714323 
0.9003442538592282 0.9957874551485847 0.991344159609337 0.690169596508346 0.47396173702880673 0.5125762813214017 0.5093245920565256 0.46136758059014865 0.5309363243209937 0.5113297181328175 0.4674481161435812 0.5679581262130519 
0.9951841965319255 0.98412734402281 0.9998475577307728 0.47974804778967906 0.4552417978218472 0.5048075212019575 0.5686905293166358 0.533868646681888 0.5095601150758381 0.5309331509507499 0.5252927161896932 0.17804879385808875 
0.9892049427412261 0.9999900023361705 0.9382103929500354 0.48308722345650756 0.47291677060747506 0.46220168145528595 0.3628443735452217 0.4910563678925164 0.5133165939516219 0.5595172638969405 0.4698751469715447 0.3673060792594077 
0.9942960120588216 0.990225262743534 0.05937700858856136 0.4744427253521857 0.39703841696429926 0.5071141540271631 0.5404772439456539 0.5411804477105626 0.5561835695519277 0.5418971968024443 0.49245583886358196 0.5604592126391301 
0.9916472351164892 0.9895130379511659 1.0 0.49942121183921206 0.4721184386028653 0.5395129564926344 0.3955922154512438 0.5238006278308035 0.47560491920708614 0.5394118458180593 0.6144295773494803 0.44015352964688936 
0.9892138975648856 0.990225262743534 0.9065660853540388 0.4737307937273803 0.48558763848485104 0.4654019731547473 0.509126029735607 0.48585973205811017 0.4741821814455678 0.47573780032971696 0.5096613577878855 0.5556819214887937 
0.9891139172603074 0.9902676668273098 0.9881787141707681 0.49185268521134584 0.4024160644840874 0.51546101363079 0.5033111287321489 0.485937606711342 0.4880463131676785 0.47297256594593606 0.571651725381502 0.4196072267218921 
0.9806421894263123 0.04158997491162468 0.9909533465891124 0.5118163802485607 0.4153132522531448 0.49575540708575294 0.503568611037154 0.5713765973891793 0.5386383098971504 0.5355780575823211 0.5299175389254038 0.41726715590323976 
0.9846425581201528 0.023115347567275013 0.9999037251603813 0.4824499288115522 0.4034143676458796 0.6299948170776052 0.4593909529083657 0.4597810902137331 0.5495456010637091 0.4712438317915791 0.5062003549276483 0.550929154773924 
0.037859851471988115 0.9885865100265374 0.9944549967137327 0.5277533242691014 0.3992689599548918 0.4520627273817166 0.40755137411105896 0.497070068365605 0.48870742731598954 0.555649939806823 0.5748930531864269 0.5725129203931394 
0.9956309668155473 0.9881543537944076 0.9893911047369833 0.39945005889034396 0.4658845474799419 0.4959521761890303 0.48718798757911785 0.5243258238008566 0.6261451406543559 0.539302838763209 0.41805540019471854 0.551785100524286 
0.9812075224875212 0.9854077806184035 0.9302372795629625 0.5825926445870251 0.46854668338407923 0.4943696967220417 0.4791510257077314 0.4390351153147405 0.4567638274494985 0.3041305064282358 0.48641637104517993 0.5486499128932355 
0.9973178314369479 0.9892017855969539 0.9965844182935043 0.4744141094220064 0.3984488272424744 0.508130047048448 0.5317561779745986 0.3465290150833603 0.5077124344379383 0.5813580513095452 0.49245583886358196 0.5609159463443849 
0.9870801013937937 0.9820951430791451 0.9799531685814 0.48926221664143715 0.5275719962185703 0.514011495073537 0.48285454310247605 0.5073731875523746 0.4712467088881541 0.5586860555066853 0.46206551110956917 0.41788377295852164 
0.8222648892972384 0.004874782053009563 0.9978527743308193 0.36406061299481124 0.4446743138769911 0.4112562518143332 0.6127202752181558 0.5427505797081673 0.6164627379632943 0.5343984712008465 0.6040001299790468 0.44139557106510036 
0.9860756716501943 0.995651158741683 0.9834539232544646 0.48926221664143715 0.4356873481500455 0.514011495073537 0.6046085438633957 0.5762836225644361 0.4702542439754629 0.5917368224304864 0.46197014218975124 0.41788377295852164 
0.9219329144933313 0.003584748390473347 0.9930320316891775 0.6124622126127665 0.48358222866665934 0.419309891877354 0.3099553640035294 0.32338526761818365 0.569105697796708 0.47782366086731837 0.6045405705317335 0.5668765959439012 
0.04841740804922029 0.9969965335515304 0.9557539075080274 0.5183221402113263 0.4952475730362111 0.8529864337128734 0.4611541215546139 0.538212273304694 0.565260119212679 0.4698912243707528 0.49379285473102474 0.4902669356092221 
0.9809910629358457 0.9799974871199676 0.9880801381417625 0.4154504278625975 0.5001993234824277 0.5783896142614414 0.4788397911327753 0.4788933276436286 0.49286686560600246 0.5387253843714184 0.6018584122026114 0.5045764452158014 
0.9852366546323986 0.01849424094797863 0.997416074529674 0.5612838291451703 0.5386503042508712 0.5834937025534873 0.3834971634124129 0.4992857270229772 0.5375887205152744 0.527607280698677 0.639284916334312 0.32910183353331096 
0.9893516336215283 0.9853477778368741 0.9278417577531434 0.5080089399567091 0.4677602692622084 0.51546101363079 0.45870912100448763 0.578112538444245 0.4569475412222138 0.45465981766306923 0.5271328113432548 0.41793730494145737 
0.8189400577515848 0.9857031911047754 0.9908298641039412 0.4887482927431154 0.4451341695485324 0.48670883251651625 0.5064515910242975 0.5226381596573337 0.4574326526070096 0.610616157835827 0.46784081418853746 0.4445036708814426 
0.9982869994441429 0.008073820672252874 0.991622911794758 0.5253839398586068 0.4251867979533094 0.4429521620358066 0.38544063639549775 0.5223568952392098 0.5244342565082014 0.5752285446657112 0.5089361165538618 0.5685832667007908 
0.9810137065583584 0.9799974871199676 0.9828921934993828 0.4154504278625975 0.4587350971360394 0.4890503491112021 0.4788397911327753 0.47930852800704427 0.5403250651776843 0.5387253843714184 0.47121704042985585 0.5045764452158014 
0.9401138925391008 0.9951465193698128 0.9952821133295986 0.5255366388578622 0.4875978984777803 0.5138097283706202 0.5339257645739871 0.5651866593089043 0.4403700907807472 0.5398110237905408 0.48650962092752187 0.5801778331633684 
0.9857010376348923 0.04041083624773262 0.9826911859581552 0.48867117065630733 0.45845834701362664 0.5584227770872922 0.5295121241982015 0.5233795871926509 0.5242997056157768 0.5360743346768833 0.47652090500585964 0.5704236312211984 
0.9863501312106387 0.98412734402281 0.9940497827120123 0.5157595686452627 0.4400671238967294 0.5047959739917077 0.4484486707071516 0.4322673428430721 0.5097182507525851 0.4659903164285538 0.5252961157171709 0.4956366687146858 
0.9825021732855354 0.9972387725924694 0.9991869669702534 0.5639538653681316 0.4014543087492641 0.41852031126215283 0.45617365082575734 0.47781415023968077 0.4564616678900159 0.5037551480893067 0.45619912645016825 0.5026483602081248 
0.9795162360253787 0.9905237868258419 0.9821465040137396 0.5089961608584309 0.47516751713142097 0.5146965460824318 0.567277886282336 0.4697012930656199 0.4546953480289491 0.48246442952779167 0.5258295094451374 0.3764640247257224 
0.9893682670625772 0.9819951247051262 0.9964357613747143 0.5409251144734492 0.48749496237234297 0.47632480833025315 0.4614166784593388 0.55365603542163 0.3600230530197345 0.6257319712654782 0.5489820654877523 0.4221867358854803 
0.021134178564163053 0.9871616889068051 1.0 0.5491284493589782 0.4488900497190672 0.48577905362523693 0.41235925572658816 0.5493006147135822 0.4994073971016796 0.53652395903396 0.5436712828581833 0.5592668338585767 
0.9777727553034209 0.9836585940406348 0.9976373280794966 0.5309689375211796 0.5619602716175043 0.4385295821224186 0.30419445501298215 0.44048783869645614 0.4657380958575433 0.5634177282767975 0.6021755305785309 0.5769065510530833 
0.9930440582620272 0.97205600191104 0.9906633787317063 0.4844081906186169 0.403458194005185 0.5257544527510241 0.7071500956567172 0.5238030551925574 0.48375605270655586 0.5768640497177187 0.5064953840205114 0.43808192035427607 
0.989140454880579 0.9799974871199676 0.9882404937679747 0.4154504278625975 0.5303343466548417 0.6311835939227389 0.4788397911327753 0.4788933276436286 0.5402593980453081 0.5365531562770539 0.6066990032445232 0.5045589751124884 
0.984715284452747 0.9967965000519696 0.9954037342037974 0.5033993983153754 0.42928537310758713 0.4828045644919383 0.6561111953873318 0.4920870544354081 0.5094414233503627 0.5360327545541793 0.5889571676782351 0.528058351137986 
0.9929624322616438 0.03062551365205951 0.9974189105428737 0.5404192364511097 0.5274452502957327 0.48351183345023313 0.5753758403312861 0.49506587072315894 0.4618337880941186 0.5394593138526258 0.5064708914271034 0.44469394228541853 
0.9858296975999191 0.9927000682161298 0.9826939741156973 0.48867117065630733 0.45845834701362664 0.5449899783343223 0.5097230269208448 0.5003310130274152 0.5783946276929605 0.6224396035037857 0.47652090500585964 0.5824208235136596 
0.9925427555609396 0.9788166673410579 0.9779657637360317 0.5207388413371802 0.44538365693610876 0.5050139720848627 0.5036395078395658 0.43395987473436026 0.5550429856265701 0.4715899355086821 0.5878228300698309 0.44110119038775547 
0.0 0.9981984608838814 0.9833610968978009 0.542187126114255 0.40672833006543196 0.536972231283451 0.34532018667990294 0.5746303047994664 0.4986428845183284 0.5368997951855924 0.5390606984385756 0.40999375831654894 
0.9982869994441429 0.0011268895332287032 1.0 0.5219390079687235 0.4251867979533094 0.4421674882191502 0.38544063639549775 0.5223568952392098 0.5244342565082014 0.5379745581304275 0.5089361165538618 0.5699205055453936 
0.9267794376033848 0.989746048657389 0.9969458745362456 0.5025327954982945 0.4742975043946413 0.5118112419505665 0.5085567851171445 0.5162377838365853 0.5390877750715554 0.6069463723791901 0.4692142935494969 0.5682070744689949 
0.9209051979877128 0.99056157219783 0.9998042800956628 0.4757905788242862 0.47238867221644715 0.48131276536992024 0.4827083002510277 0.5339658488818982 0.5118977837028581 0.43553002647621525 0.47007768359578395 0.5300884440393041 
0.9810961069665357 0.9339856654701573 0.9985748264778126 0.5005248249050055 0.40245600073806925 0.49391364588060743 0.4785550834736113 0.47778684901734436 0.45646946595841087 0.5034996095274239 0.6375084311449745 0.5012064280148223 
0.9901585302981035 0.9926410020918083 0.9994934989647534 0.5623457714262245 0.47200986134795864 0.49478318492164036 0.4943487505036599 0.391632353468314 0.5122746612134916 0.5428528183813887 0.47107969020907364 0.5742656084039611 
0.9925796051354623 0.9935778286100165 0.010925253364410581 0.5018581833245467 0.38729803079151504 0.5448359123346663 0.446018346970756 0.41465405848013975 0.613689566517321 0.5378800196543895 0.6183246657067774 0.49078459595439966 
0.9971894496462663 0.9842948647289513 0.9893834881877693 0.5015163779989391 0.46611922219215296 0.49582337615872246 0.4871662302081077 0.49752003142932044 0.5415204252164905 0.5393011184706857 0.4141893527892885 0.5647664983883561 
0.9900029704272502 0.9808230653980541 0.9942339504550842 0.448577818510662 0.5337991191203681 0.5471965077583129 0.3267858708732698 0.489136535439382 0.5494038970225061 0.4580830854440302 0.5524700858043152 0.5548297671584979 
0.9607010871113033 0.9854077806184035 0.9302372795629625 0.5842165421722435 0.46854668338407923 0.5138074789416007 0.533664234301935 0.4390351153147405 0.46096695725262415 0.3041305064282358 0.48641637104517993 0.41882800845904017 
0.9849688772244445 0.9815126002797061 0.9980368273763166 0.5210584166529233 0.4545166615622375 0.5834937025534873 0.3852904328539971 0.5361442487679849 0.539090879390686 0.4652048870710375 0.637527784141954 0.5864021406224228 
0.9948874755541292 0.9903672150345281 0.9999242210279686 0.4748970118635153 0.43921406628314347 0.4796308887652548 0.4809773877132479 0.44238519163575696 0.4983233837816953 0.5377152081387662 0.4653367717561151 0.5369424262035277 
0.9925007722241956 0.9968810759080642 0.9978224360657902 0.522782459222341 0.4871016458366827 0.509957426031425 0.39211896364447435 0.5029067579535225 0.17429375820193055 0.538846532811841 0.5218716580031502 0.5765665175081435 
0.8587345461620173 0.028847243722809113 1.0 0.526364342503071 0.5678579240380401 0.6262351321424799 0.506962012917479 0.3163258933171974 0.5094596955402217 0.4925718459079555 0.7439592441108613 0.4497627349775015 
0.9812461835717661 0.9993625920147265 0.013668758824243621 0.5022184675307809 0.48731862828054634 0.4124372731069397 0.5346875811084724 0.5093299308422871 0.4995233947435685 0.495593229081283 0.6037130750971718 0.5482585959010674 
0.858804586104935 0.9927572956875765 0.9946047964945081 0.5196521356657547 0.43986763292128817 0.29658422084249003 0.4493191591552412 0.5289782989567093 0.4215020146171526 0.47894879294852644 0.5266741270573974 0.43294555471154755 
0.883685884557951 0.9950431702778028 0.9430100569229745 0.521214896439209 0.3972133503114909 0.46649418159509004 0.48276844672215263 0.566878933056989 0.5586023594183313 0.5434090515680291 0.4649792428774768 0.42683145312388865 
0.9795077934358989 0.9966377231486871 0.9600483858286377 0.5213612143098605 0.4024806925145197 0.46590110632328186 0.4802596084753296 0.45348425157352684 0.48973515818460034 0.4716024999618113 0.5722453102959045 0.47018166693471586 
0.8189400577515848 0.993061886149985 0.9979690539678677 0.4887482927431154 0.44489804140882067 0.48670883251651625 0.5066748793986617 0.5226381596573337 0.4774786891487791 0.461913074859255 0.46784081418853746 0.44379749370028504 
0.030888990776129444 0.06964137006022386 0.9817970124730329 0.47349841081865307 0.6257917550659176 0.49861503976680693 0.48143924358154416 0.4983712059899132 0.19685119822006125 0.5403601358525216 0.5754529091276914 0.5628117321674401 
0.977797142063054 0.00520303322647267 0.9972187412705793 0.48990589780769017 0.48358222866665934 0.4186993059521412 0.307937243964397 0.43900911623907696 0.569105697796708 0.47782366086731837 0.6044620472180404 0.5526424300626417 
0.9893034196813936 0.9395479878453185 1.0 0.5539537929292536 0.40382718419057023 0.41558615507122065 0.4565624657540872 0.5121294671547602 0.5099550121018434 0.47888838554836 0.5263877138244462 0.6158244904560908 
0.982800684620018 0.9943813310843229 0.9948087723842866 0.5214267367074286 0.42771358770238205 0.29464025575394415 0.3494462626052351 0.46820383856244424 0.5377755969022329 0.46893991437427934 0.5449662179754579 0.5241221450865108 
0.9972414489434754 0.9924124628652176 0.8987581711615873 0.47479598033682857 0.5195466136046193 0.43726683906011127 0.4737624487747062 0.6422647516160301 0.4945221829986181 0.557550406345102 0.6421232965080674 0.575084300367543 
0.9870095815210311 0.9702331331256099 0.9909998881346161 0.6113710042075048 0.41276867367694636 0.5386997211959095 0.5030751682523554 0.49163273071184066 0.5579156936294762 0.49497085542012087 0.46491324379591636 0.47523972088730526 
0.9947431345826985 0.041234225308490635 0.9836519064658095 0.4417216274133017 0.4800710341844059 0.5827191886847137 0.4030606368677494 0.4926890255516373 0.5303597179862536 0.5566178238837137 0.5265485515133512 0.533345006652824 
0.9501659390495321 0.9967662709816834 0.9850389786279841 0.5190710584816334 0.41091519433353585 0.5376512133976052 0.4801790228492789 0.4914687587172743 0.5044729745828802 0.4698912243707528 0.49379285473102474 0.49019243832285897 
0.9794885908732984 0.9925971745348994 0.9970000696389271 0.47351363626080184 0.5464325826187224 0.4953494893006065 0.502611466493681 0.4617518244822024 0.48324383941512383 0.5349870571713907 0.5298212410552191 0.5458595926077086 
0.9932114010249303 0.03062551365205951 1.0 0.48417579695654256 0.38635490517020243 0.5003105999476904 0.6038830099550105 0.5689888392097417 0.48423319114896624 0.5937939913153195 0.43460197566489456 0.43786031275257886 
0.9971833123215936 0.9623003874602487 0.9955321271160222 0.5206458442816437 0.5181944987828946 0.4385596674546771 0.5062566775231906 0.3468802473890198 0.5377755969022329 0.4734518424930506 0.5431082654659747 0.523907830835279 
0.9925796051354623 0.9935778286100165 0.9873584260396692 0.4352496708261228 0.38729803079151504 0.5449560328926087 0.45121497085974804 0.41465405848013975 0.6186220719298854 0.5378800196543895 0.5063624814902198 0.49078459595439966 
0.9922879389403434 0.9895941180105924 0.997697347782631 0.4490759664783738 0.41665227524485055 0.546770533443736 0.5030005305324781 0.49168122529286734 0.6166845487267139 0.5343984712008465 0.48987190347449 0.40618902066319745 
0.9471414532746018 0.9794098048147676 0.997416074529674 0.5620908512387763 0.5386001062503603 0.5367605624726802 0.4034461531087123 0.4920722541793953 0.6014055405784464 0.5367383402151656 0.6415739632137115 0.5018800734225227 
0.9800592902704441 0.9920339882624625 0.9999338990936691 0.5281495082974272 0.5639493425717229 0.4956769693526145 0.4817674811715666 0.46887121265974885 0.5240156508095206 0.46629808534099093 0.549442492256792 0.42216762688346265 
0.9948982926101789 0.9926003908555305 0.005501522500745815 0.4722836022718075 0.35573762371401335 0.8664419286027468 0.4207227769778592 0.4913304934644872 0.49058677107445153 0.49650232379961984 0.5307906651375462 0.4171964530048469 
0.993989233342436 0.98412734402281 0.9567583640519781 0.47974804778967906 0.45546533537798783 0.5047959739917077 0.45345207612626826 0.4322673428430721 0.5097234566055421 0.4659903164285538 0.5296533681067089 0.467998899701229 
0.9930799821453111 0.9942112391691796 0.9963559757914846 0.5477423473568671 0.5677364276067086 0.5836871115543935 0.43265888905762195 0.5008524233072502 0.5049039899186881 0.5347000025069465 0.5350766154215829 0.41957675936595956 
0.9893034196813936 0.9395479878453185 0.9984537359443606 0.5545245313703155 0.40145743311986254 0.4146361488803863 0.4565624657540872 0.5121294671547602 0.5099550121018434 0.4794385590625664 0.5263877138244462 0.5594530243009467 
0.9830966178807864 0.9895785657287075 0.9918609904979049 0.5165106306513954 0.4625712382309426 0.5152565592425987 0.45269133177628085 0.5216608548635505 0.5554899542745012 0.5009723705317188 0.46903764024062594 0.4246554072783102 
0.9849131470179178 0.989737173946134 0.9947919985554994 0.5004045422672172 0.40112601027200867 0.5396167833845434 0.4556382004071223 0.4802064155635391 0.523709917855707 0.5958896629626343 0.51651818496917 0.5567493723349697 
0.04190417177584532 0.9796035754682385 0.9816236882498784 0.4735027156041306 0.6257917550659176 0.5012185293987135 0.48143924358154416 0.4990074416631281 0.5646103132763032 0.5401807819976858 0.5754529091276914 0.5707857288699303 
0.9861119097459666 0.99825750451305 0.9650093317822858 0.48201161102502643 0.43589300363240047 0.5421196078162602 0.5945935340963406 0.5768298663368541 0.5273142095369406 0.5920945855230478 0.45198242475506784 0.5632195967922584 
0.9833904395533098 0.9897635560229066 0.9974153853317514 0.6222621075162799 0.5224900164141447 0.4966807094392122 0.5553878617980644 0.4820142971466356 0.46474856686075855 0.5638331364272499 0.5496199183523905 0.5777666698316971 
0.9957075693099752 0.9973440356137941 0.9881941600740628 0.48386511638734075 0.4014256666734273 0.5131900257697305 0.45031127882817185 0.523607115745353 0.3369304553404228 0.5495220985385074 0.3285160176306938 0.5011452073672512 
0.9848583253630588 0.9895509779052098 0.9680288741322882 0.5309689375211796 0.5224900164141447 0.4380446355833744 0.5953476143880958 0.4820142971466356 0.4657380958575433 0.5634177282767975 0.5064387766972914 0.5777666698316971 
0.989098070373375 0.990225262743534 0.9965844182935043 0.4744141094220064 0.40112601027200867 0.5069480842982375 0.5323809783721184 0.4868225757716911 0.5077124344379383 0.5418971968024443 0.49245583886358196 0.5609159463443849 
0.9966888290728374 0.9802768792342742 0.9481258413984694 0.5858544830680147 0.44082419381952814 0.4967282718892841 0.39130723496511755 0.4703693823327521 0.47213639230768656 0.4829880884611971 0.4543356934749391 0.4233385422005966 
0.9794886088709465 0.9809679767559835 1.0 0.4824499288115522 0.40331968129004775 0.5291968012519084 0.4593909529083657 0.513557040619378 0.5495456010637091 0.4580830854440302 0.549576768013091 0.550929154773924 
0.9847776921194134 0.9925378816701372 0.015140228522666443 0.5523125583943178 0.39686586268833673 0.5123725527378309 0.3926689277639415 0.5023063160286669 0.4916270029876061 0.5291779276735334 0.6408375165742729 0.551381113646872 
0.9776529515460298 0.9394799775599469 0.9829292083807719 0.4859634960767288 0.4685321716680506 0.5122827802303708 0.4831953313488482 0.4390983403997374 0.5263814492915226 0.5672998802145532 0.5165383482464534 0.5697489739715177 
0.9870095815210311 0.9924238452821583 0.9909998881346161 0.6127897670313561 0.41276867367694636 0.5386997211959095 0.5030751682523554 0.49163273071184066 0.5579156936294762 0.49558140094040304 0.46491324379591636 0.47523972088730526 
0.9262156996416668 0.02984908605905684 0.9963219818838177 0.525563169902475 0.4853676822555861 0.5354822040900786 0.414263171583612 0.49400950818786743 0.504358712915958 0.55404750503958 0.5029106517703358 0.5121624798701988 
0.9932114010249303 0.03062551365205951 0.9944816157014784 0.4844081906186169 0.3775538188894977 0.4839389901387136 0.6070756134860243 0.5238030551925574 0.4839470038935613 0.5394588847930538 0.5064953840205114 0.43808192035427607 
0.9826072129268898 0.9948881184585062 0.9907480621280281 0.55973493906513 0.4038952085628979 0.4919273309084281 0.4838778034549161 0.5006683464205653 0.4899445192112856 0.47953354238594087 0.49947500125906863 0.4301842716523058 
0.883685884557951 0.9983225608021128 0.9978694874534421 0.4836178436937467 0.42451045973313606 0.5010662606633897 0.619738513750584 0.5142587954867966 0.6011987727272722 0.5031554649447336 0.5316858078933179 0.4802419341749303 
0.9932114010249303 0.03062551365205951 9.877981183205042E-4 0.4830194729575467 0.38635490517020243 0.4984157185352398 0.6070756134860243 0.5685898862837143 0.5003852961995929 0.5937939913153195 0.43460197566489456 0.43808192035427607 
0.985284310785312 0.9989755805229601 0.9987658259785266 0.5627061441475278 0.538540862239734 0.5367605624726802 0.5036231632514289 0.46756518847726936 0.539090879390686 0.5270616610810851 0.46266954573841196 0.5851355241320441 
0.9915667621760934 0.9875515476881465 0.9867523918420682 0.5112683150667068 0.5286523191398561 0.535398761095075 0.46729263093510964 0.5286122708535683 0.4367281194841878 0.4791305908010806 0.398732750189143 0.5455243630295065 
0.9885739424598742 0.9946474398174359 0.9999927518035479 0.5034822506619485 0.46859609178017847 0.46625941332698667 0.5045195682981077 0.4937149742447698 0.4967425498491204 0.5608687382378096 0.5220065415522768 0.5404781143103176 
0.8558986611440316 0.993061886149985 0.9999992016688695 0.38828461653919344 0.5626953874875454 0.49586394096029923 0.5066748793986617 0.5790334305647247 0.5095497883464313 0.6495339502308233 0.5269429851735906 0.5776367411070333 
0.9209051979877128 0.9793529285438127 0.9998644579212905 0.4757905788242862 0.44593988999893575 0.48174280865980473 0.48263802636764336 0.5270726563789253 0.4991726194118161 0.5377052506509619 0.471206061610886 0.5591175670168467 
0.9930745851295315 0.9820951430791451 0.9980100001287266 0.43032479448727945 0.5275719962185703 0.4641708005030575 0.49802535785127644 0.5070034093942372 0.4712467088881541 0.5611449553791864 0.433325781116837 0.5435372626577825 
0.9928944222483996 0.9906117446745288 0.9915840105891459 0.4561086796366105 0.4393022900826476 0.3633866024204126 0.4819566116823565 0.6946493813597813 0.47243277155437824 0.6727822356063209 0.5490280860444853 0.5439021751281455 
0.008361563245546122 1.0 5.10683535374039E-4 0.36487106712909956 0.39924603214212884 0.7651184276937888 0.4077166782680714 0.5905507817086173 0.5076092673473704 0.5564675356553997 0.5300232856637392 0.423622344312981 
0.9888113403350928 0.9970792846946832 0.9995965768967295 0.5292083354327695 0.4871016458366827 0.5408219223784891 0.38464664820713157 0.5511386331748707 0.5048857401869387 0.4790833181913631 0.4937776368399327 0.42448859514058224 
1.0 0.9964794285339634 0.0032151963389016754 0.8741386984050323 0.4966654913040994 0.8425386624305153 0.4077166782680714 0.5748080531050704 0.5076092673473704 0.5564675356553997 0.616612335582759 0.4230859487693707 
0.9809910629358457 0.9856504559164737 0.9915397152026549 0.4905022933979023 0.49484517550220664 0.49295487848043423 0.6099709220187883 0.482173192028307 0.534775095713149 0.4549033093002972 0.46340382098324884 0.5069091481584236 
0.9916423284961768 0.9816177003883639 1.0 0.558356194661693 0.4722049073512552 0.5473037090093023 0.49226910682677516 0.5337572861132536 0.51173455312966 0.4365803473719569 0.6030465738270255 0.3201227510948184 
0.9900029704272502 0.9808230653980541 0.9985776638854611 0.4824499288115522 0.5337991191203681 0.5291968012519084 0.4728044777837171 0.555213857626228 0.5495456010637091 0.4580830854440302 0.549576768013091 0.5548297671584979 
0.9870736718319503 0.9853477778368741 0.9908878228599082 0.49185268521134584 0.46563677306888995 0.51546101363079 0.477975789482709 0.578112538444245 0.4569475412222138 0.6032058894037461 0.5326009430281025 0.41793730494145737 
0.9956880800317988 0.0011268895332287032 0.9977450281672589 0.5225847491123004 0.4805186530675695 0.4458326824645464 0.38300360971458536 0.45792500498704164 0.1720743162705421 0.47190486528915654 0.5090524550434848 0.5699313883317367 
0.9779103740641724 0.9977269698396739 0.9951827630543103 0.5567444491881129 0.48877340733437413 0.45925802877487887 0.4607843693013736 0.6380899681563516 0.5660908109797548 0.5576368079937168 0.5700968291518977 0.4440206921127309 
0.9928194939989655 0.9935778286100165 1.0 0.4352496708261228 0.39335853090952444 0.5449560328926087 0.45211709817558265 0.4998658981048118 0.6186220719298854 0.6223725585098335 0.5067039719761889 0.4909656866913825 
0.985284310785312 0.9949090584385013 0.997416074529674 0.5620908512387763 0.538540862239734 0.5367605624726802 0.5036231632514289 0.4992815161731657 0.539090879390686 0.5275318129937018 0.6398811991094797 0.5851355241320441 
0.9890473293942383 0.9964166701706028 0.9954205311987295 0.5589114591369436 0.48749496237234297 0.48854141290346537 0.4601006018931971 0.552821280910708 0.4753675949039228 0.5592937895016202 0.5492088069334462 0.4221867358854803 
0.9773071083038922 0.9946905518192785 0.982709495393224 0.52577280475549 0.4024806925145197 0.41080953990420194 0.5035580826569483 0.45348425157352684 0.48886655239077426 0.4724126543331729 0.5722453102959045 0.45705980212630787 
0.9901585302981035 0.9927000682161298 0.9826939741156973 0.4871789441343247 0.45845834701362664 0.49478318492164036 0.5698535793598766 0.4485996967832839 0.555743442241677 0.5620361237981057 0.4700712719616253 0.5824208235136596 
0.984802051885537 0.9853779473846254 0.9964033071161967 0.525563169902475 0.5326934674112891 0.5354822040900786 0.41404118994938777 0.49400285923538206 0.504358712915958 0.5755810359877379 0.5029106517703358 0.5121624798701988 
0.9849131470179178 0.989737173946134 0.9999236219946438 0.5004045422672172 0.40112601027200867 0.5396167833845434 0.5077822334531337 0.4802064155635391 0.5077124344379383 0.5958896629626343 0.51651818496917 0.5567493723349697 
0.98536193740164 0.9927588370026066 0.9988200555541336 0.488296611734894 0.48471844808409603 0.5071959776048347 0.4938946453968879 0.4957331370962246 0.5392732897179074 0.539406636439977 0.4924416771792077 0.5567783868480206 
0.9887580533764343 0.9934205528418866 0.997357088290965 0.5027307562975611 0.4144271576016461 0.5404122666716977 0.5044462070690461 0.49395179305980413 0.4685880448653925 0.5272487772135556 0.5164619303168745 0.5165275378670419 
