0.9343092283509185 0.9873047541746031 0.9884409846565982 0.5270872389274632 0.4781938047326484 0.6184534259006679 0.4717564480463922 0.49531743118145755 0.5961749066003261 0.5282115301386572 0.5351932864008774 0.4487152267084966 
0.9875154439163422 0.9932543595836805 0.9997832046622112 0.3947744119235673 0.5139403565985842 0.3781910758443119 0.5378679979568087 0.4300569088485604 0.44789682868329117 0.4309473544279148 0.4624466297139207 0.4988005948427191 
0.9858621755671925 0.9886059911038932 0.9805073546849588 0.504897973066296 0.41284875903812046 0.3852376729052779 0.4752764646022281 0.47469468577692236 0.4773590427036243 0.42478709753307264 0.4494345230616502 0.5225899764441904 
0.03931486549003915 0.972775220895457 0.9928977367782794 0.5765301147947528 0.14462664731233227 0.4478382910132195 0.5505066824774335 0.5051407657097293 0.4515456908974117 0.49418515213517944 0.4316367923712966 0.4455891370947043 
0.9928859050935365 0.9926187654344619 0.9870153514381562 0.5025400968024392 0.4771904736806332 0.6001332502844804 0.5016894087975527 0.49555798830768905 0.5187321854310549 0.5042540807783841 0.5315371454949108 0.5264607833128683 
0.9859993416114308 0.9037302389820606 0.9806761402900557 0.504897973066296 0.5283593715335851 0.3926537069642175 0.5237366220855505 0.47469468577692236 0.4773590427036243 0.48729846839465907 0.44714581833918265 0.5225899764441904 
0.9887133186242445 0.9979588909034834 0.9987957443464195 0.5655041215537485 0.3903325532987339 0.45447953857390283 0.5433439646092177 0.4492677496242415 0.4831386005330854 0.4549754546297878 0.44187089972963756 0.5280231526203585 
0.9374726420470555 0.025355576515696032 0.9970667203727763 0.5395121663276123 0.4963486472591746 0.40593205790670306 0.5035010633828636 0.4492677496242415 0.6045926767633937 0.418763673126663 0.4881699925317309 0.44931234484147914 
0.8948668353730873 0.012014371332437213 0.9693481016038308 0.5390004276423979 0.463074689433458 0.5458818325864431 0.5079814343191051 0.475175787085048 0.5127005482628384 0.5126318957019186 0.4687835811275123 0.47882332871588007 
0.9029764340722025 1.0 0.9999424048848923 0.8354380383863894 0.5075640201851458 0.5159267784190928 0.5042165924429567 0.5781769283464315 0.4042227375666086 0.47850437252380845 0.4132102245087282 0.5620235502135666 
0.9784327956355501 0.9882400053395203 0.9965204353900976 0.5531724292226976 0.5300013976582946 0.5220801462702196 0.5041118385350075 0.46363710951845505 0.4012940515739885 0.5018534571833012 0.49283065316892577 0.5213805125554252 
0.9280561066369583 0.0018076947232826823 0.988093266979353 0.4546729183068323 0.38506753546022554 0.4539252252153345 0.47850903454017957 0.5051291152649219 0.4514140981659984 0.5421029831056986 0.30670624309884054 0.5257880201613059 
0.9952552235905368 0.028507198349970675 0.992767485912907 0.5126753536948034 0.5195517957564171 0.5046013854559187 0.5081954306203377 0.27667507787426565 0.5386929999868998 0.5138139660526716 0.5009973743042422 0.5216048378393726 
0.9906040563787641 0.9935326336232484 0.9952282447436817 0.495015224097365 0.6812837726336516 0.4445712451827335 0.49619903168315227 0.5311845346783519 0.4802915407355901 0.5424149931834021 0.5326074163513228 0.41890420597858535 
0.9845883063431677 0.9794152781330517 0.9967579149760514 0.5659417219128933 0.46349015596802134 0.5003439349143343 0.4822085912437441 0.4073457685556504 0.47981964031086144 0.4162499545805805 0.5288743982867462 0.5304540763015251 
0.9879822767257808 0.9951679134288456 0.016005811394796066 0.5358999765520139 0.5030401733955491 0.3860233393282773 0.4981432292815995 0.47701069273227065 0.443533123519112 0.46052992734763665 0.4688307942159786 0.574389148764076 
0.9893771544745549 0.014988345145208581 0.9998817876512395 0.49328772375629554 0.4593020163498829 0.490206570799383 0.4709954608903726 0.522791750640641 0.4482820555170386 0.49806921281396144 0.4703280998400492 0.4429877862701547 
0.9953936413395171 0.9833219392070705 0.9998749666578852 0.4750870929994069 0.5670392367263207 0.5209044272698062 0.4566296831488537 0.5310892544757073 0.48201404280876936 0.5419876720526662 0.46553495546548407 0.5268455603691725 
0.9922914003842096 0.9894903917085294 0.9744266345614575 0.42098008915908935 0.512517785829663 0.4275818365920229 0.5280047809269351 0.532534930302661 0.46425991595116767 0.5100163436828711 0.4800868713131272 0.3696859010754217 
0.9938528028893516 0.9926013445827607 0.052891003854241114 0.4235408085587153 0.5049507814003541 0.5855641739120208 0.44727363525021974 0.5515147747898633 0.4547665310848061 0.5537739960721444 0.5277747334858521 0.52146034462507 
0.9944972185008074 0.9963100303346198 0.9080681584836865 0.47827785118734556 0.5817616277936365 0.5568626411522387 0.5676559546268393 0.5202825214258452 0.2097191352135938 0.4267166667322247 0.5413283361719385 0.5400168638272265 
0.05894736696887837 0.9887863487123757 0.9999998941787773 0.8314515978119889 0.5529507040570185 0.44737872790898353 0.5019838760646443 0.44845886465946766 0.5057534054751068 0.5101023239451286 0.5305686385248928 0.36112885072563405 
0.9969408871009782 0.9887692212275202 0.9890319552143776 0.4526008963781214 0.5619563090885681 0.517414781713342 0.534103614646546 0.46433484621969096 0.5861791899194261 0.5100195221787519 0.455977887792827 0.49818556084892185 
0.9776892467045185 0.9968821432351471 0.9065067281863218 0.47766869955813285 0.4541985745715945 0.5159958854473149 0.5386021254094819 0.504869952846451 0.45148270568595433 0.5133106892852177 0.4353864038096995 0.5254174636766346 
0.9917968963400704 0.9800860952486838 0.9709429144480285 0.4581399327812085 0.5154017858498529 0.5312029812708388 0.5212201513626757 0.4499307243596145 0.6252395494232755 0.5016000124101098 0.45910187664134067 0.5122663618877968 
0.9924039571100305 0.9838096925032085 0.9995824167460249 0.47729307769510804 0.5062980370227868 0.586420549888421 0.4709969739719243 0.2892475036622253 0.48735628760178684 0.5519867921667834 0.5239502135384235 0.5156807953160164 
0.9845883063431677 0.9943894037818181 0.9967579149760514 0.4376910648003849 0.46349015596802134 0.5133084820851815 0.4822085912437441 0.4107374130779665 0.53524212772591 0.4983033621627675 0.5017052772520724 0.5304540763015251 
0.9793672636415358 0.1684461261762722 0.9675151364808815 0.6330291631220734 0.463074689433458 0.5558616809865239 0.4561890670086661 0.4412632291989196 0.43784117577885556 0.47333622889244314 0.38628749584114974 0.5244362972022314 
0.9845883063431677 0.02546705152026535 0.992668886092915 0.4376910648003849 0.5209786400576177 0.5133084820851815 0.5308187051023548 0.4073457685556504 0.47981964031086144 0.4499172287754299 0.502188098850777 0.5303202420695838 
1.0 0.9877764399691844 0.9999893472731652 0.8314515978119889 0.5535879116731888 0.44720575515619043 0.4207259158149136 0.420196285368005 0.5241836001359763 0.42278457804148595 0.458728827013453 0.5256714370343092 
0.9965122245023686 0.9721361931618682 0.052891003854241114 0.4232729783549774 0.5682995871918707 0.5229251681742221 0.448669467341721 0.5518520283251566 0.5953191690264752 0.5084279496989136 0.5016676692475214 0.522076372708623 
0.9961372117766149 0.9902491678542306 0.02487968044918354 0.5480092447307957 0.46634361883278014 0.3808069849390854 0.5070340862360864 0.49525785123827987 0.6165296622819657 0.5830542564035188 0.4233973861957904 0.44779715396881997 
0.041305605310303084 0.01932124538531138 0.9851640276613006 0.4231925601279298 0.5089426122842398 0.5993805429259623 0.5004666096804252 0.5220883204867912 0.9792347026915531 0.47717468255711476 0.476976203369464 0.5126354141468583 
0.9893226947753178 0.9861745120966374 0.9926196742724254 0.5375596528809118 0.5790629430749961 0.4767579714305691 0.527962831651859 0.2870279579996102 0.44775479967534176 0.5387760679793043 0.5240273942133031 0.4877115769914567 
0.9785220264190586 0.9874637013844689 0.9938569360493646 0.5645986015062736 0.5706807539030028 0.464883927483645 0.4988134967979965 0.5057945787928608 0.5608609144150729 0.4980913913530744 0.461336750604096 0.44589395418728045 
0.9788276196032412 0.987387820156312 0.9985453932467846 0.4141395651971666 0.5208424091498177 0.5307847640046283 0.49878924177331946 0.5065006356242949 0.45244920550610834 0.5387923788728649 0.4799577043195653 0.48672120725819806 
0.0826283976274294 0.993644892776476 0.9978958206024061 0.5709692855550518 0.5049423165023252 0.3922720362209146 0.5091224275444253 0.40648586477932114 0.6177924101982154 0.5200566316210202 0.45710349979468534 0.5722506904393516 
0.9940937913670145 0.9946595695177963 0.9925144045627157 0.5610312305261294 0.5650478360082776 0.3414216998764943 0.5588801746355465 0.4081540855009187 0.5123005476860533 0.44759728396047227 0.26843120856446556 0.5261114842695577 
0.0291038032719821 0.9402654287861145 0.9950462603632102 0.4940929860114443 0.5251181283570837 0.4445712451827335 0.4565446914078036 0.5121018208690826 0.5396164212711654 0.6190292881049377 0.47423003729896696 0.5188423608943847 
0.9936114780065601 0.061044792985983976 0.9995990784573111 0.47729307769510804 0.5584365077315386 0.43178152386529 0.5038666778215225 0.5535497382286668 0.6007798850588026 0.4458530137034898 0.5289210015667762 0.5179834820142599 
0.0051523179828978916 0.9832474744613025 0.9746414532731439 0.5302358598005525 0.5051412850009517 0.5738948874460253 0.44411241535400403 0.4944621042351534 0.5110045949958997 0.4512270533665586 0.43439729719483816 0.5432119251894078 
0.9804126089626286 0.9823622832053238 0.9953325209226938 0.5372498901656851 0.5027803399525341 0.39775310144546805 0.49921569352170714 0.44992130028380983 0.6217675356816554 0.5477200345928324 0.5625355746389901 0.5104427661487347 
0.9902643412354631 0.992811163865526 0.9703688343677855 0.5605227902144853 0.4969132708393573 0.5459138187774217 0.4676777879877875 0.5762809793896442 0.4809491636952988 0.4466999608688582 0.5574568820102216 0.5143592562650906 
0.0292558881186481 0.9882888937796886 0.058301425833881426 0.4943640276103153 0.5836769640804647 0.4903159907253669 0.5066345587653577 0.5398271637889601 0.538630492715904 0.49788320669751374 0.4593411666612525 0.5236320423258989 
0.99504158263582 0.9833219392070705 0.010764167903026423 0.5301273659970706 0.5257147318869805 0.5219264538771813 0.4566296831488537 0.5310892544757073 0.4802915407355901 0.5419876720526662 0.46553495546548407 0.5268455603691725 
0.985486326603483 0.9875095494458519 0.9924672788266699 0.3923937190337506 0.5288941763293077 0.35769322620799426 0.5526886595431254 0.45261726386711554 0.6199472501629635 0.47134401329910225 0.44306868843820857 0.5221421291751256 
0.9827622141071017 0.9823467585625039 0.9877354436100235 0.5396120731194002 0.4103503577646199 0.588838661203114 0.49938188081619184 0.4501859756392434 0.444423168143656 0.5028259668034671 0.435668642861641 0.36803288438813486 
0.02386780301185476 0.13270912136011564 0.9995764209069014 0.5034347853001386 0.3789432359101439 0.5993805429259623 0.45557403142248665 0.4440728145518772 0.4506478073009919 0.4511532914037638 0.5449327408555182 0.5126354141468583 
0.9785096966981673 0.980424094911505 0.9720041360849676 0.6196945894331062 0.5211429512159005 0.5250539934120294 0.5094659245534436 0.455594218265839 0.4889222860773383 0.4997531457806844 0.45910187664134067 0.5235219351475909 
0.9916510686200871 0.9217020859476719 0.9906047196367196 0.589026977960473 0.4923398606607893 0.45665975414009186 0.5320740196980377 0.4066859496359443 0.44015318792266034 0.5579062938157469 0.493623530723761 0.5072920445942333 
0.9924413922718188 0.9962489926849328 0.9924692424625393 0.534300496890745 0.5053003998204862 0.43849645816072985 0.5874055658837649 0.4450999393486919 0.5479268627356549 0.5104805479536073 0.32456413045356175 0.5049475148136999 
0.9785076476034753 0.9824248120721923 0.9932441092543647 0.506354512683668 0.56041693553926 0.43852618514916303 0.5143160064127036 0.47435823160787827 0.45005783433774804 0.443727575566517 0.4373582712587315 0.525833604331224 
0.9865892699453035 0.0 0.9983086184887111 0.4048978242261249 0.5574975644958222 0.4557908035184627 0.6119570130018982 0.47187757165210714 0.5889537832960035 0.5045503292621716 0.5212505718188842 0.507355157660122 
0.041305605310303084 0.005594937933871058 0.9995764209069014 0.4231925601279298 0.5089426122842398 0.5993805429259623 0.5004666096804252 0.5220883204867912 0.9792347026915531 0.47717468255711476 0.476976203369464 0.5126354141468583 
0.9845883063431677 0.9952237706414605 0.9848486761755357 0.4376910648003849 0.44729103520708846 0.38127620132714857 0.4822085912437441 0.4765763696582347 0.47980352981411795 0.4499172287754299 0.46357338866793146 0.5309058244681439 
0.9915218710182502 0.9942324905812737 0.9986689597593171 0.4954939382742414 0.5199040836037315 0.5168357360677738 0.5773127681918184 0.45274250692656653 0.5124812449345366 0.513103517354061 0.4354106659824022 0.5283561055921063 
0.027441862865933395 0.989184989904487 0.9920977132785698 0.3788572576882855 0.49804542535698637 0.45009923021572124 0.5376073993043188 0.49444940196968057 0.5350488663312114 0.5064160580352834 0.532077783775872 0.5218471542558133 
0.9891123330583558 0.9811685861724755 0.996695633422386 0.413641704757246 0.5040141070966473 0.627383283171722 0.3770794027263952 0.4675460544997158 0.44981430815808565 0.38475608747215795 0.5180965770189736 0.532766609098694 
0.9891187172514738 1.0 0.9697307301276518 0.5383173868480781 0.6688346769938109 0.46339731707445514 0.3751995911059733 0.4497524665183209 0.6041086140655185 0.40839014358702197 0.46766470300953666 0.3637556123452776 
0.9961336680230387 1.0 0.01398129146069118 0.45004181369481167 0.46634173376236115 0.3865409270531173 0.5069287790851343 0.49525785123827987 0.6167741372308788 0.5831408750182439 0.4687850765307293 0.5267815704507425 
0.9894239576240024 0.9963100303346198 0.9848673914635896 0.4784341034963807 0.5140529145040196 0.5568626411522387 0.5676559546268393 0.5202825214258452 0.5147358923910371 0.4267166667322247 0.5374171953906235 0.5400168638272265 
0.9827474009739814 1.0 0.9955253607614724 0.5361184586063467 0.5030274015783249 0.4800729867825942 0.49921569352170714 0.27760495803529356 0.6224086020045363 0.5477200345928324 0.3252265582993438 0.4226352814268215 
0.8579835079967026 0.9894457542464469 0.9820297342851829 0.47930492777406725 0.562902885097815 0.45354759774714376 0.4823860717640893 0.4472520255762939 0.6265287874867358 0.5100195221787519 0.45755790278512953 0.4291929634974134 
0.9971482189041195 0.08638804506061437 0.9974149990968014 0.5180679274126055 0.5678515317247 0.45470012637402807 0.45844176228387734 0.4643904387820062 0.5928651014829405 0.508433076091051 0.5018178161493937 0.5220624217053971 
0.9280561066369583 0.9963395787472452 0.988093266979353 0.5574655079022209 0.4646772890153832 0.4539252252153345 0.47850903454017957 0.5054280181690985 0.4514140981659984 0.5421029831056986 0.3066929640696332 0.5257880201613059 
0.9973207484524348 0.9954113468885982 0.035006088294398274 0.435355657631284 0.5082426700954986 0.5690158658131795 0.508706953254486 0.4905145215673912 0.44149381156082446 0.5321952424936185 0.5540446592258798 0.35625686092323294 
0.9938473948381734 0.9980050465252871 0.9986686584585823 0.49775473536343673 0.3997533783195764 0.4647616807707022 0.4971148650401112 0.5053820059329215 0.5491552506803661 0.4763639584191985 0.47460576358735695 0.5296263639569907 
0.9757660974203373 0.9964922611129619 0.9922521638812294 0.4922879726558275 0.5859358585787274 0.5159498801437735 0.4368387919412497 0.4725631914972802 0.5401148863240589 0.5176193045177683 0.4308760930457144 0.3402872259976888 
0.028602652766146264 0.9955794627017817 0.032417758265385864 0.45004181369481167 0.5601061065604919 0.3891856622764767 0.5105195226393827 0.4523564197970523 0.4435370360145754 0.6832359930895919 0.4575981550352643 0.5263885573055805 
0.9869110176045514 4.446223148873604E-4 0.9603577944029187 0.4539663269816412 0.5064119735424001 0.5201695779238942 0.5210824773600069 0.3877940688473811 0.41217225497352783 0.5544704945153286 0.554743566336065 0.48750672515474935 
0.054655137257751785 0.9871335443928706 0.9986686584585823 0.3781700523927483 0.4963486472591746 0.5224789479443356 0.5378635731550576 0.4492677496242415 0.6325028210007051 0.4763627906041995 0.40349672858834124 0.5199091111991058 
0.9789472636122186 6.632248526586837E-4 0.9985453932467846 0.4125911822301538 0.5218495104583035 0.5151160459813501 0.49931564485024943 0.49335225245859676 0.4782451239082546 0.5388639439022924 0.4799577043195653 0.48753774509195497 
0.9791670353158285 0.9927300855062112 0.9924692424625393 0.5375596528809118 0.5790629430749961 0.4767579714305691 0.527962831651859 0.5725968453643369 0.5433288413885682 0.5392262222424399 0.5208173510435888 0.5236693683961231 
0.987154960835486 0.016455474873693976 0.9870951704549775 0.36062770921858756 0.5301385379960742 0.5377170168337414 0.4701265002532431 0.4748255906447175 0.47901353488370313 0.4079362707557615 0.4180211252397571 0.5140140441239621 
0.9858338671049511 0.9802123373870288 0.8946580081270669 0.5934721526182777 0.5391022408797912 0.3711457887275085 0.5086795439502726 0.46411137186489987 0.52111813340023 0.46877350619575053 0.4942470245052526 0.517825732092439 
0.9793825030560059 0.99134594804945 0.9818176687585513 0.5382691701651126 0.5186220731229453 0.47609842095680904 0.440293277657442 0.569346711331756 0.45285486111740875 0.5387923788728649 0.41327342387313293 0.36919511634369834 
0.0292558881186481 0.980461264959414 0.9950388772894208 0.4940032699566503 0.5649909452692005 0.6059575958455125 0.45454393563654943 0.5100885573844484 0.538630492715904 0.4413852709917091 0.47422646483215725 0.5356929721003273 
0.004525643056212725 0.9947828764899362 0.9928231462914305 0.4440819348543209 0.37410974754898624 0.5660948642641952 0.4920377270389929 0.4524075572691563 0.5289564112684992 0.5127916979575504 0.43592643648553203 0.5186716527810619 
0.9844965908326762 0.9952237706414605 0.9925658516539749 0.4376910648003849 0.46349015596802134 0.5134453749360578 0.4822085912437441 0.5061846099935898 0.47981964031086144 0.4499172287754299 0.47509437953343386 0.5295882197300514 
0.99504158263582 0.9833219392070705 0.9952282447436817 0.5301273659970706 0.5257147318869805 0.5219264538771813 0.4566296831488537 0.5310892544757073 0.4802915407355901 0.5419876720526662 0.46553495546548407 0.5268455603691725 
0.9887133186242445 0.9817470314993515 0.9986686584585823 0.4437058412044749 0.3926689895729926 0.467118364014829 0.49432384356417886 0.4492677496242415 0.4943062596406732 0.4759326835949263 0.44853488362652316 0.48353529839420584 
0.025444270897614862 0.9917892426949937 0.0347169934933505 0.5763578196846918 0.15018870211115695 0.5561126481937919 0.5505371450994582 0.5051275157066109 0.5638001293883114 0.49605972608853144 0.3973404089456644 0.4502154708022501 
0.9327680621025142 0.9922506566464895 0.994672950474821 0.5151451879257346 0.38060395961008436 0.4819688523889497 0.5016079678735749 0.49569630718654367 0.4730056153348905 0.4922682106462379 0.4749994816724256 0.48128342128868135 
0.9946504880863339 0.9877764399691844 0.9999893472731652 0.8314515978119889 0.5535879116731888 0.44720575515619043 0.502369174735259 0.420196285368005 0.5241836001359763 0.3962278825253934 0.458728827013453 0.5256714370343092 
0.9893771544745549 0.9862312068327649 0.9998817876512395 0.49328772375629554 0.4593020163498829 0.490206570799383 0.47108374178780954 0.29005674388449715 0.4483243536700102 0.49806921281396144 0.5240694520396771 0.4886808174615762 
0.9785220264190586 0.972775220895457 0.9924794871621165 0.5765173827884422 0.5706807539030028 0.4478382910132195 0.4988134967979965 0.5054280181690985 0.4515456908974117 0.5734020865756075 0.4316367923712966 0.4456592773572827 
0.9771940152199294 0.9935931596218108 0.986962068718335 0.5659593171012514 0.5202687786904593 0.4944974468522019 0.38506863143687803 0.48510744711490683 0.5536402185884157 0.49029592450046094 0.4638511190481604 0.4148597762965003 
0.908782936166607 0.9826184726162589 0.9925944093249542 0.530648081308724 0.5628972980614572 0.4365671788305623 0.527938492964658 0.49732201818398913 0.5443158428706769 0.509960085502105 0.32456413045356175 0.5185746340859732 
0.9785163159981312 0.9967487982245677 0.9998096823797663 0.4752517980426044 0.4557153960894099 0.45428874421516163 0.4532580660215952 0.5054280181690985 0.45148270568595433 0.44688032075254663 0.4365452941938457 0.5254174636766346 
0.9981844779135755 0.9726910217247312 0.015479539452356361 0.576704271670147 0.49571305590824327 0.45414924511163246 0.45985842023273854 0.5401718138755581 0.47688026813525053 0.46194620237145007 0.4632479892435388 0.5038569192722075 
0.9888492141081893 4.465120823305968E-4 0.9960664099300068 0.4539663269816412 0.5380597332306492 0.5176022594283584 0.5210824773600069 0.4736253331353567 0.40770325712210254 0.5544704945153286 0.48398605805384265 0.48750672515474935 
0.9855268222235722 0.9858032889497622 0.9969150629746713 0.41460700630144903 0.5710489092155366 0.5293698708309669 0.5782634715746164 0.45261726386711554 0.4809474803549415 0.5047534639196134 0.43459071191994914 0.5038300752939278 
0.0012661816669088943 0.9979879197889804 1.0 0.5185207891740278 0.5576587455587104 0.4452509585581331 0.5044528102702678 0.5025993369433485 0.5501668173666455 0.5437025808755809 0.46849609723798746 0.5262933985905813 
0.9832601412108751 0.9817243152497732 1.0 0.4129449379801918 0.5625077895246614 0.5655930492156435 0.6262105369743517 0.5566021588063823 0.49396252055123935 0.4487685391315096 0.5297002949834543 0.5213043463398893 
0.9972671953352888 0.9978173827393484 0.9998136477870138 0.4839084236575951 0.5187283832649033 0.5473775477191695 0.5359952502908324 0.49504893299422004 0.5053313332228256 0.491745262143559 0.4927538761521085 0.5356984859653211 
0.9812868168657811 0.9977587198743101 0.9888835707450032 0.396992942508393 0.5132140298264024 0.5166940177116917 0.5925475202020496 0.44956340986253723 0.45654176369113075 0.5357361515703147 0.4588307679699999 0.5223285341264086 
0.9945492108481307 1.0 0.9091917832331275 0.4199479434578023 0.5138401491992716 0.3843736617973771 0.5385680805848706 0.44863966808427236 0.2251368232904783 0.5284889568223289 0.41217412432262096 0.36176019177103 
0.9893200217198836 0.9875332209121453 0.9984041336850745 0.399050319382727 0.5205265362395987 0.6131371815492177 0.4989480333308152 0.5055889610333371 0.5894589337924535 0.4990209037298452 0.4323387733822818 0.4835169015857544 
0.029396124510382204 0.9980108368276033 0.9679310324298632 0.4177690831319536 0.569466057655191 0.6209579043156288 0.47407783757516125 0.49428269009743514 0.43913729476491237 0.49200442788586324 0.40208763908581996 0.5233385047640838 
0.9865437990014978 0.9964846952133813 0.99996707008564 0.5568130038171683 0.5179658724291455 0.5135464041858736 0.503240429757585 0.491061529603974 0.5479117694709859 0.47163300699998517 0.5842236272676924 0.4856358335091791 
0.9863038594867468 0.9977587198743101 0.04711634813133847 0.3923994884509754 0.505010178993048 0.5229145722147922 0.5919074250091481 0.4893263366651325 0.45654176369113075 0.5508203585151262 0.4588307679699999 0.521913954207494 
0.932731651985355 0.9922506566464895 0.9902483221256753 0.4561729490634207 0.5124738306204014 0.4789911784742149 0.4723128405093278 0.4400336947593567 0.4796828608195911 0.4915515354456762 0.5399825051987053 0.4853757948955055 
0.994803551504107 0.9899924632140098 0.9917762917090261 0.5364588716739205 0.56488496077295 0.438512833824515 0.5065858677889757 0.46675251607916984 0.4600421093104403 0.4635934266065507 0.3177870682192689 0.3617765899824709 
0.9893200217198836 0.9875332209121453 0.9745339350913739 0.4033058854350548 0.5205265362395987 0.6131371815492177 0.6224500733283674 0.486715595242451 0.4890011129518372 0.4990209037298452 0.4323387733822818 0.48115120027379304 
0.9372422150018322 0.9864827332199158 0.9970697770369403 0.5395121663276123 0.4963486472591746 0.5016426415486587 0.5035010633828636 0.4492677496242415 0.6045926767633937 0.4763627906041995 0.39759029421588593 0.44931234484147914 
0.9842528783123787 0.9878605915476354 0.9870435280571287 0.5601293882005869 0.4969132708393573 0.5459329433059178 0.4676777879877875 0.5762809793896442 0.4809491636952988 0.4794762899160031 0.5574568820102216 0.5143592562650906 
0.9878856871175478 0.9823476943134002 0.9870435280571287 0.49247696778266775 0.48642102023558625 0.4361408167246647 0.4676777879877875 0.5763443230056731 0.4456338152599234 0.4800935647670388 0.5684542210258674 0.5143592562650906 
0.009154157346104141 0.9947828764899362 0.9999232418374024 0.3359569409401507 0.37499278308354544 0.4891597826230218 0.4545170422006324 0.3996394099248391 0.5289564112684992 0.5127916979575504 0.46752041467869304 0.4800947751092244 
0.9788044756625746 0.9952108127861488 0.9985453932467846 0.43862281775268314 0.5220976512006221 0.5707045119499086 0.49931564485024943 0.49335225245859676 0.4787721001174382 0.5732147165921292 0.456101741487057 0.5258294491451482 
0.01826348508982266 0.9813850465991152 0.9986792619576857 0.5703407358373231 0.49624341679856 0.493440872746376 0.451832406834178 0.449393348372387 0.5054509222091406 0.5200566316210202 0.39780310242718847 0.4949168028536248 
0.9838868120589909 0.9988540040932283 0.9960791405806146 0.4249319926533191 0.5745024282163445 0.43586565254105303 0.46658778418888913 0.5031842640834684 0.48088155035888625 0.5388302672981211 0.4565864436636822 0.4954691230003812 
0.07336562121405926 0.9905967398810558 0.9978958206024061 0.5710986953553417 0.5049423165023252 0.493440872746376 0.5091224275444253 0.40648586477932114 0.6177924101982154 0.5200566316210202 0.4664119657532462 0.5725593208765819 
0.9496450019298953 0.9963652845554886 0.9957927663323201 0.4650895286908562 0.5160135980384984 0.5112775010944427 0.4368387919412497 0.4933685286758332 0.4526486303042807 0.5175736702391507 0.4124253755586854 0.5367303600092492 
0.9933336833781833 0.9751561366955832 0.9971863204877816 0.44567678982413933 0.5061028071885658 0.5162254361323536 0.47288327267492847 0.4632998131425308 0.4146609614016672 0.4406031221189099 0.4718570764754809 0.5075382586460105 
0.9894269409537201 0.9964238229745466 0.9970422125360815 0.4109467488403621 0.5056669257195328 0.5323207972994818 0.5898364541260807 0.4075540652203022 0.5135103923855304 0.5119882580885098 0.5246605576788688 0.5061352420620293 
0.01665528523484311 0.9832474744613025 0.9999687106340369 0.5816111207533093 0.5126723939000335 0.5741243895518742 0.532687666751532 0.4944621042351534 0.4771985577342893 0.45093309652457114 0.45849068710145474 0.5243776115708612 
0.996267275081413 0.9902187872067213 0.9998297847444528 0.49797072019297217 0.4665510447560137 0.5558982005238131 0.4959735919509027 0.4946829062041112 0.6191039948606873 0.5853840679439066 0.4194936846286334 0.44712415959814394 
0.8956667562302978 0.9892346282909289 0.9952726988157314 0.3359569409401507 0.3547377735377669 0.3267399172799132 0.5093830969613067 0.40133918960498294 0.5123005476860533 0.5127916979575504 0.3830443226451615 0.4800947751092244 
0.9928778585008688 0.9838763253939807 0.9867874919671658 0.58544420804437 0.5384904561489786 0.5863868314350016 0.5020457411380101 0.49555798830768905 0.5349944589546403 0.4996544978695863 0.5312995835889713 0.5180756111797733 
0.9924447181555595 0.9963679046796327 0.035350781478032056 0.4699210149840206 0.5082431285442585 0.5547507222164545 0.5338861652618531 0.44982056726226255 0.5154820171120774 0.5327424687673764 0.5322265067500938 0.46210946358562904 
0.9786568422011485 0.9689383355663662 0.9895618523627178 0.4000168976541523 0.507185775828034 0.39310387388063023 0.5461064293482546 0.4874651405481206 0.4444591652410849 0.39700901666155264 0.5432242543489049 0.525662608503633 
0.9900313515185021 0.9865432714596863 0.9956074198730175 0.5137473532230545 0.5087099480812237 0.3800564330879529 0.5048817192095737 0.49573137365768666 0.4726820360167906 0.5575807102768654 0.5532981024046677 0.570407156105457 
0.9924175979200169 0.9825159165597193 0.9953325209226938 0.5383242488124738 0.56041693553926 0.43849645816072985 0.5004560933825959 0.44995587001755594 0.45993439575927086 0.5104767852057778 0.3249432245182504 0.3637556123452776 
0.9967519818490868 0.0 0.9902483221256753 0.4561729490634207 0.38628573638854635 0.4538533665892854 0.4723128405093278 0.43211550629074014 0.44034769599537504 0.4490110993515634 0.48006201478424176 0.486952750418341 
0.9945868312853126 0.009128041387949981 0.0 0.34713383952803173 0.5257147318869805 0.4437988353912787 0.4654160878943911 0.5352745732123109 0.45375077464058977 0.449159289304845 0.5077477955708841 0.5225943526453808 
0.9859993416114308 0.9878373078017585 0.01665802085521012 0.45004181369481167 0.5123049370118804 0.3860233393282773 0.5069287790851343 0.4757247712976232 0.443533123519112 0.46233330011571744 0.4687850765307293 0.5263885573055805 
0.9739724048383815 0.979342871525539 0.9969107646349945 0.5574076916400206 0.5300700538432542 0.5073529063001021 0.5041118385350075 0.5969979538530655 0.40470311067778075 0.5022439262477421 0.4164924383438715 0.5865527074585579 
0.9795141637076967 0.001612514193110981 1.0 0.5693169201509081 0.5583141532481545 0.4349306797613407 0.551094458080156 0.43100545867898765 0.5551305137848013 0.5104686163953556 0.5596450707342986 0.5049302335659751 
0.9922914003842096 0.9894903917085294 1.0 0.42355529584426643 0.5129857204666026 0.4383515529188323 0.5280047809269351 0.4485081669685397 0.46425991595116767 0.5104767852057778 0.411771689209848 0.3675058570045283 
0.9889792605915078 0.9941649941928946 0.9875637184083239 0.48066448926871896 0.5644324337765613 0.5173746771113559 0.5378201849780055 0.5147341089416331 0.6230080105310356 0.47626194048782733 0.4744835829271207 0.5363427620812604 
0.9863317605670813 0.9926013445827607 0.9928907264093451 0.4232729783549774 0.5049507814003541 0.5229251681742221 0.4944902818248296 0.44666509821908545 0.4547665310848061 0.551964432443883 0.4918763942854206 0.52229920885922 
0.9842904551091831 0.006100459512165535 0.9952282447436817 0.4940916858596372 0.6798774789675387 0.4445712451827335 0.4664015322937357 0.5311845346783519 0.4802915407355901 0.5424149931834021 0.47316647271475587 0.4431885713332516 
0.9818747841945206 0.9907749174401902 0.9958098459826921 0.3607718006875179 0.3738958228702105 0.3492435099485573 0.5939129748394969 0.4636670690751298 0.4553322409954218 0.4403907648919769 0.5034943300878869 0.5221355975503572 
0.9900387474350044 0.9909024170451548 0.044120356783573234 0.8305290863311114 0.4846159181688006 0.43816565237588 0.43976483916568654 0.27860269214266453 0.4053452786875989 0.5541694273563066 0.4191043298215456 0.4467670730365317 
0.9863317605670813 0.9926013445827607 0.052891003854241114 0.4232729783549774 0.5049507814003541 0.5229251681742221 0.4486126987422544 0.5514585571679252 0.4547665310848061 0.5537739960721444 0.4918763942854206 0.52146034462507 
0.0730230623612309 0.9799344974546355 0.9870786644510987 0.5659593171012514 0.5207748865845787 0.4944974468522019 0.5200591666448348 0.4681273431087576 0.5518632989029729 0.4628239415858041 0.4638511190481604 0.44561967538564307 
0.9945426736828203 0.001893103514054091 0.9856327623920474 0.42018250903197596 0.4806936417608748 0.4805652572947544 0.45636371121995273 0.2780662825108783 0.529178730549542 0.4187867666229677 0.4634430130207732 0.42230748092306825 
0.9984801589940453 0.8661000893394736 1.0 0.3936544950140747 0.5078945938019782 0.5195425984858305 0.5185948873019597 0.4924158134394935 0.44559291682880314 0.4757275216636957 0.5480895814962423 0.5256651318069346 
0.9932304655052517 0.9932601330445953 0.9956226738499822 0.5902956857980937 0.5284857729085592 0.3955455988082392 0.5321105382316774 0.5681166603975626 0.4478884161079546 0.606922504899544 0.45703406786470074 0.48667020706439507 
0.9866423702263387 0.9916160520935058 0.9976077082974175 0.4540027950346673 0.46851896853898745 0.5175573402814225 0.5210800747803664 0.4682788279443815 0.5469060695553688 0.4928282473723649 0.471918866271054 0.5121634550347106 
0.9950198186374396 0.9881252882281321 0.9820719564747129 0.48260443728101426 0.6361307460546911 0.4380455348205585 0.5323200031311104 0.44275251073593147 0.6060789515811961 0.6724020933928013 0.5146789542718255 0.5286955662731647 
0.9851519488857703 0.9900078494693269 0.9999025772898903 0.49859453481529276 0.5078945938019782 0.5180424997100337 0.5071465957801324 0.475872100431636 0.5611022291174455 0.4759106183591386 0.49604411253034736 0.5256651935236386 
0.9981844779135755 0.9726910217247312 0.9924788695949138 0.576704271670147 0.4949807481500395 0.45414924511163246 0.4596156512331081 0.5401283586701864 0.47495238769127374 0.4480009462786066 0.46309358281060864 0.5036115727484014 
0.9791019308045572 0.9858958320818265 0.9899621288505753 0.506498616554248 0.6193812439662774 0.44443586445873756 0.5237939499783197 0.4747061747136265 0.4784287721593508 0.4256310932249041 0.4401727907121328 0.5225420759104185 
0.9832601412108751 0.9817243152497732 0.9824124201143465 0.4129449379801918 0.5625077895246614 0.5655930492156435 0.6262105369743517 0.5566021588063823 0.49396252055123935 0.4487685391315096 0.5297002949834543 0.5213043463398893 
0.9950474491334803 0.9967216035858638 0.9922521638812294 0.5472600456130784 0.5160135980384984 0.5112775010944427 0.4368387919412497 0.4725631914972802 0.4526486303042807 0.5176193045177683 0.4308760930457144 0.3402872259976888 
0.9793978648832662 0.9936067915272703 0.8817092794699041 0.4248850326093802 0.5073087726047151 0.5218995131692521 0.3560721905773745 0.47292045956770296 0.40124645765138967 0.5297731881233214 0.49407447020155665 0.5220024747122455 
0.9924413922718188 1.0 0.9697307301276518 0.5383173868480781 0.5576930937772555 0.46339731707445514 0.5332827291989833 0.4497524665183209 0.6041086140655185 0.40839014358702197 0.46766470300953666 0.3637556123452776 
0.985486326603483 0.9805454279464674 0.9924672788266699 0.3923937190337506 0.5557935229916594 0.35769322620799426 0.5526886595431254 0.45261726386711554 0.48137830054415914 0.47134401329910225 0.44306868843820857 0.5221421291751256 
0.9804284392893852 0.9927680622774182 0.999941771890952 0.47636168357906056 0.5275627443984641 0.3975630433600349 0.532969424668966 0.4410213965368532 0.44629246668272693 0.4690200335984144 0.5527501609480464 0.5124374763349755 
0.9785148741393139 0.9877267221453138 0.9999598231184393 0.47683055252698686 0.5691413945103743 0.5479765248956264 0.530831302555059 0.501368126555724 0.445559258987922 0.49935806492678114 0.4382446985068706 0.5126303645267748 
0.028029381498319333 0.9917892426949937 0.999977610752812 0.5763578196846918 0.5025578164206237 0.5558982005238131 0.5380577538715577 0.49468460036384876 0.5594853487178522 0.49605972608853144 0.3973404089456644 0.4502154708022501 
0.9923332764478167 0.009128041387949981 0.9952282447436817 0.3498314299141067 0.5257147318869805 0.444411312834411 0.46475201392142534 0.5352745732123109 0.4802915407355901 0.4492468211159168 0.5077477955708841 0.5225943526453808 
0.9971482189041195 0.9882400053395203 0.9966240964060162 0.5531724292226976 0.5300013976582946 0.5130149570726757 0.5041118385350075 0.46363710951845505 0.4053452786875989 0.5009303180346194 0.49283065316892577 0.5665043890434178 
0.9950372776309226 0.9917113460236394 0.996870482993679 0.4547524844450713 0.5085779871122288 0.4749302193662702 0.44256996020801176 0.4678828729430986 0.5232134550657991 0.45982472586403245 0.4593147393655172 0.539442839932395 
0.9893652303589507 0.9913561560349089 0.9863482172478844 0.5586556909913105 0.5087099480812237 0.3800924261284163 0.46304375650546115 0.48629436254072034 0.3896110540416624 0.500275652006453 0.44335657845768417 0.570407156105457 
0.047383258997273026 6.932498910269605E-4 0.9602385975945341 0.4839019564496631 0.5153745785426983 0.5790785457524548 0.5022622194701563 0.47716202537610636 0.9768721077498702 0.47732205148405416 0.49158859773034397 0.5235160278329678 
0.9924413922718188 0.9914736146182852 0.9925988433257503 0.5383173868480781 0.56041693553926 0.43964146191648956 0.4824365018554471 0.48335859221338595 0.6089811990772894 0.5104767852057778 0.32456413045356175 0.3629127446593745 
0.983493070848667 0.9803329327971869 0.9983795273314011 0.45814976293649556 0.5159979417957521 0.46335216458228734 0.518491775914696 0.46651447480267694 0.5601377668666329 0.46283344466215254 0.4591225704361915 0.5270098001359003 
0.9940937913670145 0.9946595695177963 0.9985960894214322 0.5610312305261294 0.37499278308354544 0.3357305563045681 0.5093830969613067 0.4073005830435498 0.5123005476860533 0.5127916979575504 0.38269045943117386 0.5261114842695577 
0.9924413922718188 0.9825159165597193 0.9924692424625393 0.5383173868480781 0.56041693553926 0.43849645816072985 0.527962831651859 0.4497524665183209 0.5443158428706769 0.5104767852057778 0.32456413045356175 0.3637556123452776 
0.9904763417465152 0.9984356168913234 0.970698542796587 0.5015734439453498 0.5178588493405542 0.6202267120985995 0.49591557033674427 0.4912715014822445 0.4563965403459963 0.5502558022572961 0.4187620579776196 0.5675081124750514 
0.9888462167511887 0.9795759578220059 0.9942170262430323 0.4834840501818437 0.4875042020401898 0.4516886246493938 0.6040790632351083 0.44061908494367796 0.45138923747466037 0.4577474365731852 0.49116556253826815 0.5239759257882883 
0.9924215305088078 0.9891210653384899 0.9971326130611187 0.4932665162287537 0.5151471043399063 0.490206570799383 0.4713463022374852 0.29005674388449715 0.44584276655311206 0.5588081707757914 0.5240100742618001 0.48833218396134725 
0.9789684600365909 0.15639779680065496 0.984909115390851 0.5930722196157632 0.4986805944222026 0.3840712143023777 0.4628441353927696 0.4642192413091704 0.45207860413555223 0.467401747820047 0.3803875529751767 0.6262831216485741 
