1.926302525194048E-16 5.452466047962668E-16 9.443923412098187 
20.924450803861006 24.75236696909423 0.0 
1.534144092281633E-16 5.331888712162143E-16 9.060914715585632 
1.603210813090483 0.4357121446830906 7.345965356793805 
40.171005652169555 0.0 0.0 
4.676440734014652E-16 9.023388998545518E-17 7.778079733466669 
4.868238905014941E-16 3.1815420876812776E-16 9.497701809552005 
3.2998542631454864E-15 53.890709802091074 0.0 
3.886213804364889E-15 63.46668781677496 0.0 
49.72294060789315 0.0 0.0 
24.416913171466277 24.077341932912447 1.0077497231882977 
0.6313736134479151 0.6783634172429789 7.863285558374263 
1.7443880053171132 0.9330939467272727 7.388745947443014 
2.165050679004251 1.513397575285889 7.962323098555128 
2.492971740652673 1.4091147045746721 6.8109129131208945 
0.3698854513324423 0.644577216885245 8.738260190787054 
2.099270452582523 1.1722723231025234 7.68793559313112 
2.581876413899762 1.2993974262747692 7.143915597798716 
1.7533948130052035 0.9732059474288418 7.211807958226747 
61.46446309002054 0.0 0.0 
2.014679630066855 3.075129412958404 7.636292184429786 
3.275847973784662E-15 53.49865734455739 0.0 
65.8474395964576 0.007793962372485436 0.0 
69.07525198797855 0.0 0.0 
2.583734783483184 1.1350276440492078 7.057466220876173 
2.153053441624769 3.5448239696446247 7.369650478234595 
10.328822154145119 35.972172852357495 6.225008130015821 
0.8276812681065481 49.21903287758908 0.0 
68.09108113323038 0.0 0.0 
1.620425920919275 0.8650615359882549 7.330012203988732 
3.275847973784662E-15 53.49865734455739 0.0 
29.34516363926044 10.282724131704075 3.639196703757697 
2.845496974404733 1.5278523236621173 6.7427188887190335 
1.0504646312720227 0.1369513266961532 7.302048697802737 
1.0504646312720227 0.1369513266961532 7.302048697802737 
0.13134930856247767 0.008347859967654135 7.312301891124389 
8.717717734228878E-17 4.943888867236139E-16 8.198546176526932 
2.924103823019801E-15 47.75423942733 0.727660199932713 
4.4373059771645693E-16 4.235614318222965E-16 10.01813558480562 
1.263607395907263E-16 4.773534790920253E-16 8.064282327002758 
0.36240546715686933 0.1743603349362465 7.5030816640790094 
1.4603143153355294 0.058154324749156695 7.243471032430985 
3.2750349892705795 1.9093732214988635 8.274109430200374 
2.4522687677724986 1.3065916902426478 6.824831856167262 
14.605885799615919 33.20513094165678 1.4480841669186812 
0.5477198215453069 0.8823362229191208 7.467064967665999 
46.00987299607271 0.0 0.0 
27.23910554652273 14.684376918124748 3.1101497191292786 
3.9949305948965885E-15 65.24216774465935 0.0 
1.880335443435626 0.4941217602102701 6.963452566585162 
3.82473858019334E-16 3.305591993189862E-16 8.255851562094762 
40.171005652169555 0.0 0.0 
2.857648618699558E-15 46.668943579310614 1.292265439351459 
3.8043076614806395E-16 4.3029614502917046E-16 9.379910130236112 
3.174529831892879E-16 3.8574098394922697E-16 8.158635137442282 
2.9718692446769146 35.45990312026175 1.7790458582129323 
1.7958670965688301 38.97652334998496 2.53634674118831 
1.6577228701678197 0.07969126346952268 7.210432125898666 
28.71385636995073 22.32753320819999 0.9691019284104232 
2.02445564542859 1.0618343635996046 7.291403325339608 
32.17745587987049 3.3112212211281586 2.260173685041797 
0.3171060732540658 0.6256759747226497 8.301544663645632 
2.9964832789674434 1.4485854643922718 7.2763533608629825 
1.9484021883659943 0.41408407821226406 7.168786117500686 
42.89608537039419 1.0274936849546135 0.3964729936486437 
1.8102789154248632E-16 4.215528538328255E-16 7.4924249470397655 
7.792956720733225 39.45277728987722 1.4161603009945458 
1.534144092281633E-16 5.331888712162143E-16 9.060914715585632 
2.5300111524699487 1.2985373478488047 6.27833042324677 
1.420389850208333 0.6667310416778222 7.419633566959318 
1.54964459272143 0.0 7.676294946980594 
5.701441377367649 42.05959044418661 0.0 
0.3719871011129742 0.35438211676956616 6.978607574066177 
0.7877179289319025 0.2918437543404248 7.588998070727297 
0.46071779600844637 0.0 7.236504166901863 
2.1239509575387245 2.144400466127985 7.836156373106525 
0.6594475680255171 45.53338760712581 1.5865082931152472 
2.573215839243582 1.1726452662738642 6.4543608424160155 
2.604176262002177 0.5203374204638915 7.452030038941731 
25.275917891993004 15.683996025965119 4.791517625192854 
1.8102789154248632E-16 4.215528538328255E-16 7.4924249470397655 
2.479085165653473 1.98215457071997 7.311150573340257 
0.8510239329564406 0.3880912668940053 7.228628945680225 
2.4112713149788987 0.8569970469954307 7.118212148429687 
1.016975420098042 0.21751741047162185 6.958031490584424 
33.12721506670176 6.653058131667829 1.9841589485884088 
4.649968959495195E-16 0.0 7.593975606244484 
9.08713887744516 31.93073057240016 0.8798550028014013 
0.7897350562540867 44.007317981293234 0.0 
9.08713887744516 31.93073057240016 0.8798550028014013 
1.1488044426533346 0.0 7.4524224753952035 
1.0981600224831995 0.7060093756633009 7.550768955869648 
0.9486429536651481 0.6639210080167612 8.095835366367044 
0.6591887635492046 0.8454914244540669 7.347024331239758 
2.786759158104995 2.220378853764598 6.69849097811991 
2.1843539880791636 2.034939257063948 7.389866600363988 
3.8678953541324287E-16 3.25600614941228E-16 8.256921916461678 
3.1481629604207573 1.9071545602922917 6.736585756167278 
1.8297205059898636 0.7714172044256233 7.199096763619688 
0.07332477132991203 0.08392043053925556 8.145265584456922 
1.508743813577001 0.8258172609342977 7.470552540009907 
2.583734783483184 1.1350276440492078 7.057466220876173 
0.6591887635492046 0.8454914244540669 7.347024331239758 
2.8136531941293565 1.4782714882272467 6.544152134325227 
2.9718692446769146 35.45990312026175 1.7790458582129323 
6.131738442947726 1.2959572816744578 7.329129661965903 
31.139930807937954 0.0 2.4535092472612114 
1.0981600224831995 0.7060093756633009 7.550768955869648 
22.60579411289647 21.265639809887478 5.838029852215384 
30.106606929503215 0.0 2.6763372541314947 
0.0974439487660315 0.14698393767357126 8.160750544331862 
1.964230498127794 1.0684033673395796 5.923598487185413 
32.90166400539105 5.449666190481289 1.2861020954135969 
0.15137836072682317 0.0322371252289227 7.692879628011721 
33.62817081012385 0.0 2.218345472777895 
2.02445564542859 1.0618343635996046 7.291403325339608 
0.3698854513324423 0.644577216885245 8.738260190787054 
0.8392571745955418 0.0 7.350888140053017 
0.34906101210097246 0.038715982241219284 7.5661940388244435 
15.719154511548545 29.766756632656726 0.0 
0.8510239329564406 0.3880912668940053 7.228628945680225 
2.860764607785259 42.40079327572865 0.0 
32.88451986168683 1.553496398361228 3.6944469640159032 
2.957822956077341 0.5507239535709546 6.331375817533741 
24.884383555051492 20.04781253890938 0.7049873184411746 
0.68533003978595 0.12734038903021472 7.527975126082345 
34.11573720283164 2.3512077384803893 1.4462360901575426 
0.36240546715686933 0.1743603349362465 7.5030816640790094 
0.7319026808032887 1.0185121723535269 7.826615768649068 
1.515905824001161E-16 5.553557566932453E-16 9.40145806617798 
1.6794057543288576 0.9448371652694405 7.198039492309964 
22.531972130898712 24.061198229366624 4.579368259421148 
1.7346180857538445 1.1953345503697332 7.770584417205444 
29.358183233238087 11.079768633417693 2.706610425395325 
0.4821409277493912 0.3405336255080263 7.951284949047743 
3.174529831892879E-16 3.8574098394922697E-16 8.158635137442282 
3.6318993062623485E-15 59.313416877274626 0.0 
65.8474395964576 0.007793962372485436 0.0 
49.72294060789315 0.0 0.0 
0.6351177168194647 0.7017129713124738 8.273193276427875 
3.541619927562912E-15 57.83904273507636 0.0 
1.620425920919275 0.8650615359882549 7.330012203988732 
3.541619927562912E-15 57.83904273507636 0.0 
29.34516363926044 10.282724131704075 3.639196703757697 
3.3509425462432786E-15 54.72504478150493 0.0 
14.262822195834225 32.281257019019485 2.647073613885154 
2.1296062785290233 1.2601873043446812 6.903609531852091 
2.4522687677724986 1.3065916902426478 6.824831856167262 
3.336127572871943E-15 54.48309790536643 0.0 
30.106606929503215 0.0 2.6763372541314947 
2.441870808346912 0.8893848440138096 7.317548399490217 
1.5643723812940855 1.3575072842236875 7.700566371730015 
51.73028704729451 0.04576872396329036 0.0 
1.964230498127794 1.0684033673395796 5.923598487185413 
2.433082904695051 0.0 7.303337835471092 
1.6577228701678197 0.07969126346952268 7.210432125898666 
1.2302339714708088 0.6390731980748499 7.463782188542686 
0.37046185948971927 0.44045141742042987 7.355881031494454 
0.7061186261673006 0.6959703346416279 7.715666910947623 
3.2998542631454864E-15 53.890709802091074 0.0 
3.454856022474859 0.4630614383232837 7.199973932667105 
2.1239509575387245 2.144400466127985 7.836156373106525 
1.434834691595027 42.581124214782264 0.0 
14.502218029945798 28.939280233848052 0.18034308569387392 
63.32003388906957 0.0 0.0 
2.774828263048965 0.9244410496530009 7.135636456384822 
2.0995692150667678E-16 5.144409235611755E-16 9.074224630156479 
1.137412760922467 0.0 7.351434127570575 
32.35310890072053 3.3292967959145967 2.272511712538611 
2.441870808346912 0.8893848440138096 7.317548399490217 
0.10090695885287096 0.04429732750003174 4.878949610186737 
1.1100378333332124 0.10827117340354181 7.230205344228911 
0.7067109982532945 38.66575587839028 2.0047599515300916 
3.940088538857396E-16 3.316778593309712E-16 8.411035054123971 
25.970779394034828 17.904757169829782 5.970163755808894 
3.8043076614806395E-16 4.3029614502917046E-16 9.379910130236112 
2.4112713149788987 0.8569970469954307 7.118212148429687 
2.7358980364677983 0.1565857609096611 7.0531127040179 
0.07332477132991203 0.08392043053925556 8.145265584456922 
2.3375513327939275 1.410344449661048 7.002665058220938 
0.5352359835853187 0.435769806927528 7.814086003032767 
32.526711094521936 2.269550403369793 1.8532905249553309 
4.492956806084714E-16 0.0 7.337555300373765 
2.373345798164902 1.788994939212347 7.288214599615402 
2.236713578276145 0.48551637897445865 7.090568343733622 
0.4769455296118975 0.11661395614385114 7.530410991313799 
0.9213521504489735 0.0 7.904979925337245 
32.526711094521936 2.269550403369793 1.8532905249553309 
0.2862210196901923 0.08153121550494363 7.693306274670884 
2.957822956077341 0.5507239535709546 6.331375817533741 
5.701441377367649 42.05959044418661 0.0 
2.5300111524699487 1.2985373478488047 6.27833042324677 
2.573215839243582 1.1726452662738642 6.4543608424160155 
15.719154511548545 29.766756632656726 0.0 
1.7416032203190985E-16 4.272448350477573E-16 7.534880000696042 
3.454856022474859 0.4630614383232837 7.199973932667105 
2.9589136788950925 1.8123679535947987 7.138479709910267 
2.1843539880791636 2.034939257063948 7.389866600363988 
1.016975420098042 0.21751741047162185 6.958031490584424 
1.2030605059663344 0.9813779501404775 7.686151177605264 
4.278161511738044E-16 2.4890829956851073E-16 8.08325412523525 
0.18022242725487275 0.03415051444361718 7.315272250556287 
2.4718468488977434 1.205197915462046 5.919702493893044 
32.88451986168683 1.553496398361228 3.6944469640159032 
4.003045763020237 0.4558577880233952 7.234892178409788 
3.3002736578870855 1.8941251011190894 7.523914392253223 
2.9589136788950925 1.8123679535947987 7.138479709910267 
0.7276593837868054 0.0 7.5370189569557 
2.8530686388060005 1.1055982522809158 6.752905322033688 
2.82637379145579 1.419235984736806 6.823974327973034 
28.026790378927622 7.3678629341348465 3.5103828816485376 
2.8530686388060005 1.1055982522809158 6.752905322033688 
0.7826669967781947 0.34350986807789297 7.5737780488871955 
1.6783289296203943 0.9902888652295866 7.256284817769192 
49.462157349942814 0.0 0.0 
2.5090753721698786 2.3424345149519428 7.00209649295608 
1.710921120419699 0.0 7.408474057751009 
2.9283975131552764 0.7682185339616506 6.865380307516921 
2.7703384031077083 1.2817279758688018 8.149255412964058 
3.29279907833645 0.7436591145220773 6.425148038784526 
2.1559011656335607 1.3439968375825249 7.304742999037653 
6.131738442947726 1.2959572816744578 7.329129661965903 
1.1082854150214538 0.0 7.556359658926089 
32.90166400539105 5.449666190481289 1.2861020954135969 
1.9487650986604557 0.2789751048752971 9.243755512833282 
27.23910554652273 14.684376918124748 3.1101497191292786 
33.17106412318131 3.1192277937497823 1.9274447559193022 
2.630606567889342 1.31854824746655 6.989213757111234 
3.9949305948965885E-15 65.24216774465935 0.0 
2.8790649048231187 2.3127300457007203 7.277238404432449 
0.7277894400679852 0.5598289871783728 8.485479392100018 
2.359787343372196 1.6239464953167555 7.3844142075978665 
114.73114894735146 0.0 0.0 
46.00987299607271 0.0 0.0 
32.754836937435215 0.0 1.3260168456884067 
0.3719871011129742 0.35438211676956616 6.978607574066177 
0.8392571745955418 0.0 7.350888140053017 
1.880335443435626 0.4941217602102701 6.963452566585162 
2.6187749507616417E-15 42.76784053304079 0.0 
2.275073012955687 2.0341499978266304 7.956706510642807 
2.479085165653473 1.98215457071997 7.311150573340257 
0.9213521504489735 0.0 7.904979925337245 
2.099270452582523 1.1722723231025234 7.68793559313112 
0.7218551598998642 0.5471844577519582 7.87672460534869 
1.7416032203190985E-16 4.272448350477573E-16 7.534880000696042 
1.8751400614986937 0.0 7.3419036383169765 
2.176084757984115 43.68372227136542 0.0 
42.89608537039419 1.0274936849546135 0.3964729936486437 
2.860986104806075 1.3989708935655782 6.6354999801260774 
5.381667906151967E-16 2.4814785716655805E-16 9.678251984991014 
10.328822154145119 35.972172852357495 6.225008130015821 
3.82473858019334E-16 3.305591993189862E-16 8.255851562094762 
0.4722036267374819 0.17077926437865615 7.4461255328258 
0.6555523204529844 0.9475559401520516 7.5559078380237334 
2.771620614504327 1.619752827048979 7.215872655465636 
14.502218029945798 28.939280233848052 0.18034308569387392 
22.60579411289647 21.265639809887478 5.838029852215384 
2.1215644723527234 0.8783842407296323 6.5019930513485145 
1.2302339714708088 0.6390731980748499 7.463782188542686 
1.420389850208333 0.6667310416778222 7.419633566959318 
49.462157349942814 0.0 0.0 
1.9859278084864 3.115223757247459 7.563519423603523 
29.878885351603564 14.074623100626042 0.017269263760095955 
0.2138563375157269 0.21179381003503991 9.51319064721712 
2.3540988700996612 1.429563433839729 7.2178276753374515 
0.7897350562540867 44.007317981293234 0.0 
3.3509425462432786E-15 54.72504478150493 0.0 
2.7358980364677983 0.1565857609096611 7.0531127040179 
0.5340262962481578 0.0 7.715352527318113 
1.7958670965688301 38.97652334998496 2.53634674118831 
1.6794057543288576 0.9448371652694405 7.198039492309964 
24.884383555051492 20.04781253890938 0.7049873184411746 
0.7067109982532945 38.66575587839028 2.0047599515300916 
0.4722036267374819 0.17077926437865615 7.4461255328258 
1.5840927197510648 0.010139306851754095 7.350400611329445 
2.8136531941293565 1.4782714882272467 6.544152134325227 
0.8508323373522213 0.8041763038230169 7.841725640270139 
4.003045763020237 0.4558577880233952 7.234892178409788 
1.9484021883659943 0.41408407821226406 7.168786117500686 
30.106606929503215 0.0 2.6763372541314947 
3.8678953541324287E-16 3.25600614941228E-16 8.256921916461678 
30.045928898113203 0.0 2.975115687691109 
1.434834691595027 42.581124214782264 0.0 
1.4314240158302336 0.45521868183396447 7.445917743158346 
29.350736773409484 15.075074662924958 1.6926062895265954 
2.860764607785259 42.40079327572865 0.0 
0.7218551598998642 0.5471844577519582 7.87672460534869 
1.3434060144994588 0.0 7.383138822204595 
1.8297205059898636 0.7714172044256233 7.199096763619688 
2.4718468488977434 1.205197915462046 5.919702493893044 
2.3540988700996612 1.429563433839729 7.2178276753374515 
0.10090695885287096 0.04429732750003174 4.878949610186737 
4.539657576824965E-16 0.0 7.413823446867539 
2.492971740652673 1.4091147045746721 6.8109129131208945 
1.263607395907263E-16 4.773534790920253E-16 8.064282327002758 
1.6180014187209981 0.5145536646655027 7.342940630388435 
0.2311087119312368 0.2217779925974596 7.858873268148189 
0.18022242725487275 0.03415051444361718 7.315272250556287 
18.589822336863794 24.690188316739423 4.314590634309955 
0.5477198215453069 0.8823362229191208 7.467064967665999 
