0.5903955741095929 0.5904745408242652 0.5938388739586024 0.0 
0.7071921570093317 0.7071877325166221 1.8834991853334677E-7 0.0 
0.7071938700331984 0.7071900259508798 0.0 0.0 
0.7071921570093317 0.7071877325166221 1.8834991853334677E-7 0.0 
0.7071921570093317 0.7071877325166221 1.8834991853334677E-7 0.0 
0.7071921570093317 0.7071877325166221 1.8834991853334677E-7 0.0 
0.7072583350273695 0.707258699488819 4.769123526775426E-7 0.0 
0.7072583350273695 0.707258699488819 4.769123526775426E-7 0.0 
0.6271811185719016 0.5230697089805392 0.0 0.5955824709715384 
0.7072551769046811 3.9315270001357825E-7 0.7072556166024628 0.0 
1.0000814646611733 1.3029272106868803E-7 3.47163367267128E-7 0.0 
1.000063992187605 6.999368792915763E-7 0.0 0.0 
1.0000814646611733 1.3029272106868803E-7 3.47163367267128E-7 0.0 
1.0001253582127625 0.0 8.792178108551459E-7 0.0 
1.0001094949968414 8.020546984421257E-7 1.1478493179843348E-6 0.0 
1.0001253582127625 0.0 8.792178108551459E-7 0.0 
0.7100584413523957 2.2970355975649147E-7 6.373362742496733E-8 0.7100584413524356 
0.7071965109655954 0.0 0.7071970142062897 0.0 
1.000063992187605 6.999368792915763E-7 0.0 0.0 
1.000065479053044 1.069109162000215E-6 4.922211046454212E-7 0.0 
1.0001195018804512 7.288518307464353E-7 2.588970580221468E-7 0.0 
1.0000925514871297 0.0 7.018483854398126E-7 0.0 
1.0001145137974568 1.302216131455809E-6 6.471473764562935E-7 0.0 
0.7102526231485599 0.0 1.7797484699174996E-7 0.7102526231485821 
0.7072551769046811 3.9315270001357825E-7 0.7072556166024628 0.0 
1.0000867983583361 1.1693721097595723E-6 7.253318949478777E-8 0.0 
1.000065479053044 1.069109162000215E-6 4.922211046454212E-7 0.0 
1.0001195018804512 7.288518307464353E-7 2.588970580221468E-7 0.0 
1.0000987657170057 1.560906245267311E-6 8.261625239434853E-7 0.0 
0.7100584413523957 2.2970355975649147E-7 6.373362742496733E-8 0.7100584413524356 
0.7071965109655954 0.0 0.7071970142062897 0.0 
1.000065479053044 1.069109162000215E-6 4.922211046454212E-7 0.0 
1.000111601031503 1.4812108410118059E-6 4.6509493792814504E-7 0.0 
1.0000987657170057 1.560906245267311E-6 8.261625239434853E-7 0.0 
0.7102526231485599 0.0 1.7797484699174996E-7 0.7102526231485821 
0.7072359944931592 8.459247920617471E-7 0.7072363786287944 0.0 
1.0001293515928449 1.139367327872405E-6 5.708087400997028E-7 0.0 
1.000065479053044 1.069109162000215E-6 4.922211046454212E-7 0.0 
0.7108209489580837 0.0 0.0 0.7108209489580836 
0.7072551769046811 3.9315270001357825E-7 0.7072556166024628 0.0 
1.000111601031503 1.4812108410118059E-6 4.6509493792814504E-7 0.0 
0.7114605571118487 2.6524181165104563E-7 3.046705562412562E-7 0.7114605571119633 
0.7073553806136608 7.775071969950407E-7 0.7073556500682489 0.0 
0.7109783325804452 3.975930480471618E-7 1.5346477007067523E-7 0.7109783325805727 
0.608370494831649 0.0 0.6083696107812199 0.5827945513745302 
4.3323375970339635E-17 0.7075244225600893 0.7075240749627493 0.0 
5.699211443454773E-6 1.000517633325953 7.517147402637981E-9 0.0 
6.125797469938242E-17 1.0004186471076004 0.0 0.0 
3.1942876807607112E-6 1.0002898957425523 1.4764504018404379E-8 0.0 
6.435296442130365E-6 1.000554832161348 2.4175869615640225E-7 0.0 
6.126641527013906E-17 1.0005564920889047 0.0 0.0 
6.126641527013906E-17 1.0005564920889047 0.0 0.0 
4.341440769528191E-17 0.7090110834488558 0.0 0.7090110834488557 
6.125400542139381E-17 0.0 1.000353823878709 0.0 
0.5898568376909394 0.5899390927870325 0.5932986808282019 0.0 
0.6781159576079431 0.6642492846930199 0.31165971873088677 0.07057215031374776 
0.6913074899796661 0.6913041856390466 0.20454328231433058 0.05129113624146326 
0.6764504788492156 0.6764488413792366 0.0 0.3018249886202054 
0.6042475481180923 0.5745439200107609 0.02049087897057105 0.5645245168191236 
4.2413056852550224E-34 6.926577831596807E-18 6.087109435476503E-17 1.0005157032001974 
6.125400542139381E-17 0.0 1.000353823878709 0.0 
0.6786670881480241 0.31005830722677796 0.6620503032771711 0.1397643692337706 
0.813701843717255 0.37348755111427395 0.4143204037927765 0.2318437461591611 
0.7995914308461095 0.40203198361625975 0.27387307236357306 0.3830561966094311 
0.6601692887093451 0.3366723508633561 0.013002722252479268 0.6801115140642466 
1.4398218267406288E-18 1.5955182559787568E-18 6.122365131555008E-17 1.0004739354957517 
1.4531136972368715E-7 4.463400400441628E-8 1.000300263127489 0.0 
0.6796655802627333 0.1440975976912187 0.6947732568024694 0.1868596985817638 
0.8270330630518377 0.20118266338989022 0.32935030782005364 0.4154108367467009 
0.7041924459332465 0.22539022363651923 0.07142448767629382 0.6816254370272553 
1.306058351691749E-18 1.748833948520674E-18 6.122318611433662E-17 1.000485729164003 
1.4531136972368715E-7 4.463400400441628E-8 1.000300263127489 0.0 
0.6597968860944032 0.1277805897569409 0.6720564431145293 0.31554281630302927 
0.698737865137389 0.1464342170373778 0.29938912851175065 0.6403495731204364 
1.633267412084435E-18 2.121177883799125E-18 6.119942060926992E-17 1.0004181907846599 
1.4531136972368715E-7 4.463400400441628E-8 1.000300263127489 0.0 
0.5733236511060118 0.11103326052340727 0.5839756675513892 0.5874038025204867 
1.633267412084435E-18 2.121177883799125E-18 6.119942060926992E-17 1.0004181907846599 
3.139927916446844E-8 5.527318412073444E-9 1.0003012423986084 0.0 
4.0148581016560666E-18 5.645128239115149E-18 6.0876958938433E-17 1.0006120749127532 
5.489289619693215E-8 3.261120403516491E-8 0.7073355566322703 0.7073355566322731 
4.332176415253344E-17 0.7074980995777025 0.7074976417747363 0.0 
3.1942876807607112E-6 1.0002898957425523 1.4764504018404379E-8 0.0 
4.839331614478096E-6 1.0003792323207006 0.0 0.0 
4.160847707392547E-6 1.0003874618068076 1.2085912767632896E-7 0.0 
5.7134773808975315E-6 1.0001594441674637 1.7493640669339527E-7 0.0 
6.127313677661068E-17 1.0006662626199068 4.6310964685551845E-8 0.0 
4.3350720705251754E-17 0.7079709959709888 0.0 0.7079709959709887 
3.1247551396737383E-8 6.329021455558789E-9 1.0003012423986084 0.0 
0.17675419812599666 0.6973670204200813 0.6939452907092513 0.17456878780379592 
0.386090408147684 0.8535144342373701 0.25666677268066507 0.2712029707080457 
0.3649133446921293 0.8253094861987265 0.22925633290983777 0.3954692414394052 
0.3243339207150397 0.6928216513364737 1.1442596766699395E-8 0.6545379662513389 
1.439857730111845E-18 1.5955572726492114E-18 6.122516172059536E-17 1.0004986174748132 
1.4531136972368715E-7 4.463400400441628E-8 1.000300263127489 0.0 
0.41194319804115226 0.3793088351801127 0.8280395113911417 0.205645968930003 
0.5300190669796147 0.5323359906770315 0.5256389617322565 0.4795738166198212 
0.39712194412377627 0.32311763756073175 0.23047243338611811 0.8474361033695903 
1.014501036805754E-18 1.3566348451399252E-18 6.123747942192655E-17 1.0004665125437786 
1.4531136972368715E-7 4.463400400441628E-8 1.000300263127489 0.0 
0.39004845945448424 0.2583612730356237 0.8473700960853262 0.27026621628918596 
0.3577290401010618 0.2045316378778784 0.3782222983947995 0.8332892570906577 
1.306058351691749E-18 1.748833948520674E-18 6.122318611433662E-17 1.000485729164003 
1.4531136972368715E-7 4.463400400441628E-8 1.000300263127489 0.0 
0.2328966130032428 0.16966304981994257 0.6816234042982721 0.6841410473982631 
2.8888207991703638E-18 3.269569470977482E-18 6.111092446403343E-17 1.0005574009191522 
3.140016571553581E-8 5.527474474574505E-9 1.0003294856627132 0.0 
2.6310443181056665E-24 3.7159945343716326E-24 6.125484035561618E-17 1.0003674593893417 
5.489289619693215E-8 3.261120403516491E-8 0.7073355566322703 0.7073355566322731 
4.332176415253344E-17 0.7074980995777025 0.7074976417747363 0.0 
6.125877434770516E-17 1.0004317063557575 0.0 0.0 
5.7134773808975315E-6 1.0001594441674637 1.7493640669339527E-7 0.0 
4.759775308040299E-7 1.0005411886375606 0.0 0.0 
4.759775308040299E-7 1.0005411886375606 0.0 0.0 
4.340364418975072E-17 0.7088353020637465 0.0 0.7088353020637463 
6.09000386077273E-17 6.5603553196740795E-18 1.0003271332476613 0.0 
0.2181998640439762 0.6855565652217246 0.6939695371267155 0.17457488803209525 
0.24465259746112475 0.7827453033746281 0.4109998003365261 0.4134087987945755 
0.23500670282992678 0.7054942297868697 0.0 0.682342181339635 
1.014501036805754E-18 1.3566348451399252E-18 6.123747942192655E-17 1.0004665125437786 
3.1247551396737383E-8 6.329021455558789E-9 1.0003012423986084 0.0 
0.27232113555199816 0.4083005642442727 0.8375158016688663 0.29793808529535987 
0.22197106301640604 0.41457566836585696 0.41324345570639376 0.8007095218021537 
1.3545701801480589E-17 1.9131463550394208E-17 5.659254439562732E-17 1.0003753975864298 
3.1247551396737383E-8 6.329021455558789E-9 1.0003012423986084 0.0 
0.2112977811925161 0.21142951817095335 0.6738823323752046 0.6815312010353914 
2.6310443181056665E-24 3.7159945343716326E-24 6.125484035561618E-17 1.0003674593893417 
3.1247551396737383E-8 6.329021455558789E-9 1.0003012423986084 0.0 
1.3545701801480589E-17 1.9131463550394208E-17 5.659254439562732E-17 1.0003753975864298 
5.489289619693215E-8 3.261120403516491E-8 0.7073355566322703 0.7073355566322731 
4.331837216328688E-17 0.7074427041894336 0.7074422464223122 0.0 
3.516406168493506E-6 1.0005363880559792 0.0 0.0 
3.516406168493506E-6 1.0005363880559792 0.0 0.0 
4.759775308040299E-7 1.0005411886375606 0.0 0.0 
4.340364418975072E-17 0.7088353020637465 0.0 0.7088353020637463 
6.09000386077273E-17 6.5603553196740795E-18 1.0003271332476613 0.0 
4.1829281118464186E-17 0.6831240019177344 0.6700949325721194 0.3003728742086529 
0.12176791514303206 0.6731527913201377 0.33013420513323233 0.6715501234882462 
5.859425735535349E-19 7.797906732209038E-19 6.125202779207546E-17 1.0004483518650042 
1.1683913434735343E-8 1.8423608614982488E-9 1.0003109047318846 0.0 
0.14792881211881193 0.3335044333332612 0.6768375320431574 0.6578976145254177 
3.9080669833801667E-19 4.56421400589326E-19 6.125934567854102E-17 1.000489162273297 
3.1247551396737383E-8 6.329021455558789E-9 1.0003012423986084 0.0 
1.9648800163737528E-19 2.5353234876845935E-19 6.126061565137244E-17 1.0004754910553213 
5.489289619693215E-8 3.261120403516491E-8 0.7073355566322703 0.7073355566322731 
4.3318440237121695E-17 0.7074438159195235 0.7074432755859252 0.0 
8.968934294986274E-7 1.000887897042705 0.0 0.0 
6.125877434770516E-17 1.0004317063557575 0.0 0.0 
4.3403447938173766E-17 0.7088320970322698 0.0 0.7088320970322697 
1.1683913434735343E-8 1.8423608614982488E-9 1.0003109047318846 0.0 
3.666742457601119E-17 0.598824487216077 0.5761960916932197 0.5787325881217034 
1.9648800163737528E-19 2.5353234876845935E-19 6.126061565137244E-17 1.0004754910553213 
3.139927916446844E-8 5.527318412073444E-9 1.0003012423986084 0.0 
5.859425735535349E-19 7.797906732209038E-19 6.125202779207546E-17 1.0004483518650042 
4.117144364108741E-17 1.347490149708822E-17 0.7074765160044527 0.7074765160044526 
4.331837216328688E-17 0.7074427041894336 0.7074422464223122 0.0 
6.126799048496343E-17 1.0005822172992342 0.0 0.0 
4.3350720705251754E-17 0.7079709959709888 0.0 0.7079709959709887 
6.126170704455989E-17 0.0 1.0004796009300425 0.0 
4.0148581016560666E-18 5.645128239115149E-18 6.0876958938433E-17 1.0006120749127532 
4.117144364108741E-17 1.347490149708822E-17 0.7074765160044527 0.7074765160044526 
4.3318440237121695E-17 0.7074438159195235 0.7074432755859252 0.0 
4.3403447938173766E-17 0.7088320970322698 0.0 0.7088320970322697 
4.109478129291043E-17 1.3719644161634329E-17 0.7075422865278125 0.7075422865278124 
7.663084825872015E-6 0.5997268374067906 0.5548970874431393 0.5985054918726366 
