3.2829544585702285E-5 2.140866146107612E-6 0.7024414425154353 0.2209637296159901 0.007312621791887075 0.448082309236691 0.030426826978434324 0.02215252471421309 0.6160735738893325 0.021245775708808683 0.006321842145742645 0.029614279385632866 0.007175586438253205 0.09044476369770245 0.11642187899195988 0.04679203149104039 0.07022650564015358 0.008660511841930951 0.07323456249283083 0.09548038404570608 0.0022985701056108558 0.025694639883256987 
0.9115002003112778 0.7081685527810113 0.647397697710073 0.0 0.0029040071294727677 0.005367846590207129 0.00845637690534392 0.028031826230889623 0.003710405390297442 0.008516367839894047 1.4054823710128034E-4 0.04930928529608565 0.03474876188837791 0.01740143713390593 0.015973386122453002 0.00941953224107419 0.028547323647470948 0.029470458053762066 0.06847240035196427 0.03750044283635257 0.007214379511302553 1.0184431512918731E-4 
0.7985491873268028 7.542086896210477E-6 0.7421554715864016 0.05119979330738938 0.03110538544680618 0.18860038309732408 0.025013376730617563 0.002610229323445741 0.021164377303279348 3.365536482625199E-4 0.0030720970084335344 0.0074062062406935626 0.0053503691487715496 0.015697634892424983 0.03040252503859424 1.3317578673840936E-5 0.014627766607994095 0.2560458361891949 0.04378284743222143 1.457936594507044E-4 0.017911140615534348 3.7161038195829624E-4 
0.8132030885343643 0.3345590203364811 0.7780379752366448 0.020092847520401358 0.010251540515342258 0.017395076298818566 0.0018586910906167025 0.0029740259322705406 0.051378897374215186 0.0246064804345487 0.06724524249565592 0.0030775663513776747 0.014156828484464805 0.007040279944828266 8.568239265582742E-4 0.00253323194106091 0.00916301232240535 1.0150855238027693E-4 0.07198846987351475 0.004464562594624341 0.0014102557506821206 0.014502751938525805 
0.6469659580334183 0.0 0.2733585519980722 0.01906896822997553 0.01714142049597276 0.027415430596204986 0.008445203874199806 0.03849107256307707 0.00143843852702491 0.0015985326022557676 5.937887466874454E-4 0.003897394280675628 0.016139050277082064 0.06394173005683777 0.0020395238288146824 8.90813058292951E-4 0.2121783095784035 0.0020989265770210456 0.059038123022142674 8.7558404461132E-4 0.010644926904527873 7.205489762848322E-4 
0.8393323914946378 0.011453783824351582 0.658900481554466 0.06931469183621491 0.002080995375249931 0.0037335635985830664 0.010194863053825304 0.03239845302843774 0.03607661797215886 0.0075236055729565356 3.84004115335769E-4 0.012845483346174299 0.045112294494499675 0.008069980088996122 0.05765051001243568 0.007797026601424079 4.5675392830517476E-4 0.011629749966070854 0.0010062226388415675 6.810581579333992E-4 0.010502122436635687 2.2665632261222404E-4 
0.6479491004228617 0.2652391644709012 0.2766253288589407 7.771520246380517E-5 0.0015833395280704316 0.01617480876284213 0.01717345097713977 0.025729783059629474 0.05056965664897009 0.018215510691256476 1.7125511151381764E-4 0.017951388754479908 0.0169074760606828 0.08026771078253218 0.0025256592279266103 4.62945060462276E-4 0.0055671334372068 0.03195699256643065 7.500051238079446E-4 8.695802619734253E-4 0.01070660193220748 0.005210789431959802 
0.6668497027634966 0.2629274287898101 0.7023561487240533 0.005543039253550021 0.016874808198975938 0.04191556638146136 0.003568716839520013 0.01942875655451539 0.031063141074863444 0.011631082808080374 2.9460500569177504E-4 0.018078892440049232 0.013858963159914028 0.07953241994643392 6.518212484751817E-5 0.04413988302231069 0.08938527849370434 0.011916254358693566 0.0023787324934386525 6.445014258038492E-4 0.006436324717792832 0.09830718397108633 
0.046422204025965474 0.0 0.0221885671087972 0.026874581041689913 0.029560100440377095 0.016613865440873885 0.022381647587607578 0.0014727972395952322 6.832641212779064E-4 7.164269202862871E-4 0.006762463860727118 0.0070355960733185525 0.03596769947778969 0.0028019942367750877 0.006507339503075601 0.0013161506420347954 0.1267299600249338 0.006162925376767402 0.0464932611548486 1.238634578042253E-4 0.010737038022569345 0.02273205727880009 
0.7799793356794279 0.3415303107764144 0.6621902949360066 0.005008062608853569 0.0011409090328712464 0.004963297127627076 0.060972134628111505 0.03594320053359404 0.03489191110306741 0.005996815787744894 0.005221320758699949 0.020766451386339493 0.04957197381086077 0.006393072542026226 0.04812445843187492 0.05287584519225384 0.06991310918093205 0.011269993630745092 0.006601606774935299 0.021345377607699778 6.133166303842266E-4 0.10656035949003574 
2.5054173158375165E-5 0.31677226223656724 0.6771780965920061 3.061267598808079E-5 8.524309967615205E-4 0.013195419449457735 0.0016426652435904236 0.030514507919422812 0.01863711579805751 0.02709437475887931 0.005502001073322124 0.01204670869088547 0.013483213405341234 0.003745051617038076 5.369638282309575E-4 0.044901847791971254 0.0620482533964376 8.390665689889179E-4 0.009987343472553142 7.641897543970676E-4 0.006961899536855668 6.54755156298821E-4 
0.8689990489978092 0.7340980163799348 2.7414377655986255E-4 0.04924309477603859 0.005217539849006467 0.039554570244396 0.0020206123731401097 0.006250717706113313 0.005893789070965917 0.010151343522108936 0.007852369050568356 0.016444843472004155 0.005968178335960216 0.09631835305210115 1.3656441247127072E-5 0.0057975646908708794 0.005760260368205511 0.007199510014970795 6.764543677021486E-4 0.028115240903055633 0.0035869120252095023 0.005608114455007144 
0.8321287857811408 0.8375771461735355 0.8489038224799909 0.023280348491413222 0.01287109192537466 6.480056332791454E-4 0.025093542216553164 0.003910917218559559 0.0055380851766237485 0.0038775225591416987 0.0017788684024690779 0.002828757138166256 0.0015237836179566137 0.0025058364877577777 0.0028654105717770086 2.0624149060232203E-4 0.004067985871226466 0.026024512714640055 0.011865289437137288 0.004772963937161386 1.6216715993818895E-4 4.213723664150626E-4 
0.6471135608365021 0.7388215534923522 0.8717572746725191 0.008552497255562083 0.0346764435206735 7.923192239195223E-5 0.0013697516966139306 0.03636238992700612 8.758252626452859E-4 0.08376944122443278 0.008043520900579595 0.0031109124278219658 0.014200180491017424 0.0041535384447508065 4.115926152030247E-4 0.04508108131441423 0.018259662751909465 0.011103996516543386 8.992852620508151E-4 0.0033078961164458697 0.0012809107369335946 0.012524965619592258 
4.3589404357280426E-5 6.935290902576052E-4 0.7556947282212869 0.01503768982416728 0.018739917024818017 0.0025821229891070663 0.008830361916000902 0.05713895151968869 0.0022408107476906535 9.61649531936129E-4 0.005812624538423008 0.007639658458970149 0.002222127382659936 3.0139337057741994E-4 0.014340066564571714 9.876728805985214E-4 0.03751188349902287 0.1497443616107325 0.018975008652967335 0.01224217749591414 0.004836103606336144 2.2014828510696742E-4 
0.7857327874179566 0.3099204551458752 0.22638217863601867 0.04072107584027209 0.013225766953181936 0.01319101539558494 0.07137489516795636 0.013063744744906312 0.013805598657838584 0.059148536650536196 0.001993565388091828 0.003275184648346533 7.065347947675675E-4 0.05861853101475907 0.007995421588314414 0.0 4.6308767987170824E-4 4.7452148708064436E-4 0.0010742371390232888 2.7362638175298444E-5 0.0 0.012800994524372613 
0.9234810594252151 1.5189095417388109E-5 0.3399269577755052 0.1704606213760645 0.0019760626467453966 0.01868595851781968 0.008014728120828934 4.517452198647305E-4 0.031489880656943 2.932662513094996E-4 0.0077603195154993115 0.01075875805856156 0.03203538573963125 0.01702426858341614 0.002983250709400961 7.238042610175794E-4 0.0031995517243528226 0.03337617767088022 0.04631079168419017 1.1498225859473896E-4 0.007222298440695579 0.004793716506836817 
6.068703972772482E-5 0.6479463816078183 0.007078311154647354 0.00493574763846719 0.005250336771067433 6.811610805113888E-4 0.040504989881813974 2.3458399990656164E-4 0.03135229026885374 4.314123980711515E-5 0.005215395605142739 0.05377140296114943 0.002166998348293642 0.03483516697407976 0.0022362214600253096 0.0017895016717321029 0.004764106546958025 8.134138237139532E-4 0.034908305692998534 0.004617991242769091 0.005453595412726688 0.014331686789705783 
0.8063371992730503 0.3285440987671603 0.8224983653748836 1.7246120952950188E-4 0.0013326528246409763 5.069766337312837E-4 0.10106426176190776 0.0 0.053279295051812 0.017412298671369633 1.9696998808486476E-4 0.008243538791190256 0.017011593587805306 0.05030979141057888 0.0024067259388388046 0.20947896781335523 0.0025059642024750084 7.566294024422453E-4 7.179235992976277E-4 0.012488310276968114 0.11928924156370074 0.022054809340636635 
8.184607428557422E-5 0.8337769621708386 0.8873419145703704 0.006651050225425386 0.007765395306294237 0.032727452125428165 0.017784097655620293 0.03731742558173581 0.01395611175459588 0.0016150004968777231 0.009506066526734558 0.01185456091317152 0.03753906073651318 0.005173170623883998 0.014882003404772155 0.04218814621141412 0.002167280118837045 0.01269044547433923 0.06197676110506186 0.0010031547482970834 0.011111876882243372 0.0010266252914148555 
0.7142539194150868 0.7459032247260491 3.67911924698061E-7 0.028099684820655668 0.0013056573185382388 7.299505396107095E-4 0.02343638546910609 0.0 0.6042192720788153 0.007005457589723588 0.002001463191169334 0.05379628517185733 0.06652862266412328 2.9082897851448334E-4 0.009196331521676546 0.006912888231464211 0.008011390113825033 0.12368263490867072 0.009991541434004984 0.0010375705168513896 0.005581273181714437 0.0018707358088383332 
2.5054173158375165E-5 0.31677226223656724 0.012371766469532919 0.0011395224407222057 8.438417285289855E-4 0.013195419449457735 0.0017977894838335467 0.030514507919422812 0.6326407002817156 0.026145795875579556 0.005502001073322124 0.0085732948799825 0.045673347113060314 0.05070871389184155 5.369638282309575E-4 0.05454660257522873 0.06151738361633406 0.6229327010462291 0.02082889496629212 0.032950822810486856 0.004593543556091654 0.004007934037972172 
0.20595151478630142 0.10820668288841168 0.25006096354234464 0.004313175145665581 0.001228014125504133 0.0018148782196728344 0.0012106494926804837 0.012559679973432806 0.03094193181333839 0.02684763728981117 2.502660179383399E-4 0.008583532732776258 0.0016036097400257696 0.0028865855347235706 0.0028630257664485326 0.049042241840786885 0.07211753789560829 1.0528655306735885E-4 0.031069831674891565 0.004587161877309086 1.4305839963090882E-5 0.01564008097922524 
0.050437724013240814 0.317733431449826 0.7756120463410195 7.771520246380517E-5 0.0013858185421252358 0.0014149964929178749 9.581412605238968E-4 0.029842534740911978 0.0028172524269280443 0.018275513743969417 1.8825031213919562E-4 0.003922713408252768 0.017650898141484073 0.0 0.002463541985748057 0.042203601377909905 0.0013483329865042791 0.03308560620574991 0.0321227771312083 0.011300926965632218 0.010755649293165012 0.012784388021949191 
0.8142279282681577 0.6470656234034313 0.26105556977854355 0.00516690602070928 0.016533819101370743 3.29762891978367E-4 7.818753631966392E-4 0.037672202657887725 0.0014156496338410497 3.882777547063246E-4 0.0017714947097542974 0.06232386476495176 0.02856582424740295 0.006428550109834764 0.007793333287463486 5.492403721116956E-6 0.0030612679725443605 9.460434205757684E-4 0.0428266735161396 9.564264943119983E-4 0.0055097152310118695 0.015858407709081486 
0.2977186426698398 7.542086896210477E-6 0.7471365316326408 0.011792481412512736 8.232107552553214E-4 0.038898341883882276 8.55494618443222E-5 8.572098820494728E-4 0.03429010494572516 0.018929652698664957 0.005898055548199896 0.008352120447538604 0.03770173674900843 4.5083936872989967E-4 0.04926275538005633 0.002492434046431742 0.018083276444798853 0.002179038463950997 0.045548267428831724 0.001234697457873825 6.309300899346819E-4 4.0981036404661147E-4 
0.21755877544419733 0.0019392516042793795 0.8252194316873266 0.004047885633288952 0.001303073910098693 0.0 0.010160811874688765 0.022799819679576297 0.05269539066403232 0.006005058965130358 1.2267211176788737E-4 0.017778644691861332 0.017233459806396706 0.009175851741444719 0.0024634603730666863 0.001351444759524225 0.04702258135859082 0.03318051322206267 6.26922336762304E-4 0.0120266675737704 0.010489438279639548 0.012783919785203943 
0.8310236448750948 0.6479463816078183 0.0019506701040507834 0.0050929519894155895 0.006665996087091284 7.194239388367302E-4 0.040504989881813974 2.3458399990656164E-4 0.03139696097219617 0.08537362577237394 0.005352657716415847 0.054432140211870136 0.010631920423671372 0.03483516697407976 0.0018608305707369056 0.0017895016717321029 0.09250566345670443 1.54165758113352E-4 0.034908305692998534 0.002687010981344013 0.005453595412726688 0.014393837701159538 
0.0033955745963428667 0.8363611848902063 0.01582520822983352 0.002688476172601137 0.02857217940555701 0.0020252639368464765 0.008656045767483201 0.033475494096482934 0.004029222737418123 9.153626471978902E-4 0.09090390487644831 0.026934342940231726 0.0011971458680791955 0.01530914618500814 0.014361851308795668 0.010412724479856122 0.011246893870574367 0.0035907637966452067 0.0660171505629084 0.012230840331013806 0.0596935490167948 6.190302439249007E-4 
2.5791625188259016E-6 0.9795364673503483 1.6989546266024756E-4 0.0060575201339092 0.005798765378444341 0.018763144336674538 9.279191689169735E-4 0.05402112806085067 2.3763289069189718E-4 0.0680858647342082 0.00147807143201201 0.0035099249523694344 0.06925380638096391 0.004636780403240531 0.006535802418613766 0.029604738212610077 0.0049699720633886064 0.7066206983204851 0.019241718980279543 0.024506201544831335 0.002065130852560537 0.0014302931075282441 
3.0482173768359155E-4 0.6334152859148822 0.8625907248582276 0.002925539706061294 0.003417617213300331 0.07509230258939312 6.844603236768297E-5 0.004759914465097404 0.03348729597026184 4.205757545619655E-5 1.7747355995515748E-4 0.00824279056029657 0.017000739393645603 0.0025305671494373506 0.012341870131340534 0.010616635804046318 0.0201340941797858 0.0028704932053052945 9.173951049862723E-4 2.734558423902215E-4 2.638104526795741E-4 0.009190917859013076 
0.028101134022049522 0.0070013097887008935 2.862382666417841E-6 0.02480817514084906 0.034208734718611924 0.0015529864004120066 0.2032088252339933 0.08261397550820423 0.01460462647564635 0.02292954750681862 0.0014585972659020854 0.0025353980269491316 0.020481413194299414 0.05493293021921442 0.0016634818937594415 0.001456622989955423 0.0029786983563849477 0.126081993499281 0.019241718980279543 9.388992291083087E-5 0.007464088747430752 0.0014473015768968667 
0.003418840287496637 0.8363611848902063 0.19002575629478063 7.686816244477357E-5 0.04696363298794758 0.04914745220063398 0.008738549957414276 0.0023597391911871005 0.0016243064636366432 6.130275865149819E-4 0.006799578258143662 0.017914212753026796 0.0011971458680791955 4.5716558865400905E-5 1.560381586441853E-4 0.009042619879146452 0.011246893870574367 0.003553542343080516 0.03454352647957159 0.012232030869500775 0.06237169848467013 6.014634053675596E-4 
0.6004459566331379 0.2200551076083418 0.7407886712698385 2.517119640726202E-8 0.03226057215683123 0.07595405522430343 0.019474573595902538 0.028100174905933216 0.05755170162981429 0.006730707685118782 0.005812220102859823 0.007447655202490261 0.04200048353687502 0.015697634892424983 0.06543646621475928 0.01526069989661994 0.12676969583350567 0.023810816167989343 0.020598665744814487 2.8814609995615E-4 3.89826091213122E-4 1.0406216821174841E-4 
0.638029047377764 0.8420829762081803 0.0048012711356940595 0.02512977682456061 3.072963557652111E-6 0.012916637783185482 0.01872977761032688 0.01142415291199263 0.03017344584525374 0.022820148762323866 0.011012545278454838 0.006911699647944467 7.263938119410453E-4 0.0028019942367750877 0.010586630231466535 0.0018326092962621862 7.622186610429134E-4 0.03188119161385446 0.013722882104464934 2.700185347844587E-5 0.010050025070216972 0.01276612346312757 
9.449123986623873E-5 0.0033406810107067253 0.19300921938378618 0.01300799799673636 0.018019994789326192 3.831771378320539E-4 0.009421097667875144 0.1459935635743966 0.03964039750662425 0.0197581752398436 0.0016498304677816755 0.010733501131072425 0.0034557654113554458 0.08459896005165199 4.613343948293037E-4 0.05887624158686773 0.001395762671601273 0.014048634447668337 0.0 5.269988679123594E-4 0.010248454700545676 0.013026751359367286 
0.6956788662469129 0.6461651672932348 0.8141899329925985 0.00554675480168065 0.0014737573206300347 0.001754747911517104 0.01701356345470504 0.0039209855704797625 0.03413232285889445 0.011471239876034909 1.8920428855996875E-4 0.0036120798570301697 0.01784081896090008 0.07953241994643392 0.0020508724620232873 0.0010995454238656166 0.037529742237456726 4.844863101316466E-4 0.030317946084153474 9.149920102558308E-4 0.010387660037193186 0.012023187643462434 
0.3515140265014775 0.6551561059666487 0.006209668672433805 0.0027725041551141328 0.01565100363887671 0.002824730647327925 4.11800899405579E-4 0.002441985741260661 0.002065268001291251 6.37501508724209E-6 0.001438482915903809 0.0 0.014796198552909583 4.031972688295438E-4 0.007890323040041487 0.04609329889090831 0.003081158587346593 0.008591396879593784 0.002903208805056491 5.000850746394032E-4 0.001402945864089438 0.011757388983711661 
0.6478476031119669 0.2346881605498366 0.8252194316873266 0.0012042582073222424 0.0013664315463512776 0.001631121928114418 0.09999596430908672 0.0010212926657620983 0.008363410627238492 0.03133629513076243 0.003216761184350412 0.003708845735917117 0.017650898141484073 0.00473846631574122 0.0024591399610260794 5.376037350394679E-4 0.0055671334372068 0.03321063246168603 0.043504521616282994 0.011220219753459496 0.0010052774720634185 0.013753039762914875 
2.2271340461295702E-8 0.6355375204240956 0.3106637361702327 0.0425525962558934 7.139591730994394E-4 0.0036200501075661622 0.04599019416403685 0.026522724573612405 0.01006584387402049 0.00838119708112544 0.009037785089592461 0.01284161532332629 0.045965097850988464 0.004974152649063986 0.00753535917288076 0.015112356714500213 0.0025077559087363626 0.025607022827198143 0.043473293831911425 5.728502513163863E-4 9.84959230277022E-4 2.1834222413070776E-4 
0.5963586691749769 7.542086896210477E-6 0.7407886712698385 0.0 0.03226057215683123 0.0013696593238332333 0.019474573595902538 0.0280886667065798 0.05755170162981429 9.473630725601318E-4 0.005812220102859823 0.06271120063669713 0.04200048353687502 0.015697634892424983 0.005867319992666178 0.016083034407439172 0.1292141827562155 0.023810816167989343 0.022418328667963797 2.8516913744552083E-4 3.400234447290683E-4 2.8802949380353493E-4 
0.12381569765861522 0.11406876578656933 0.6531285262189717 0.004306777982493655 9.748325835931236E-4 0.001823130210630266 0.01879003829209993 0.02157356659721922 0.05263733494967308 0.005788323129392991 3.9446918989659383E-4 0.0031131273845585064 0.002166492073758592 0.006563816279803729 0.0082289151175124 8.759256735038287E-5 0.1669410993328079 0.009438875525846076 0.0 5.495948524838479E-4 0.007144563378093749 0.015621219449463094 
0.8269629254121332 0.8336288905668121 0.8667351263013076 0.010637579888339396 0.016663060780603242 0.013198418082621522 0.022286695589229997 0.031092096557998862 0.05881729607957409 0.0015914401704300255 0.022734566139096305 0.003295334319737455 0.0018469536916664482 0.0156160142697205 0.016163304649473777 2.8255656608148355E-4 0.004067985871226466 0.01248521064043586 0.011865289437137288 0.004773850812576169 1.6216715993818895E-4 0.011270938337729505 
0.7802366046829421 0.34950965318549804 7.513594345747213E-7 0.04537234962514493 0.0011369776022251772 0.0305179652191175 0.3600679025699597 0.025329306819696237 0.03210620086965615 0.1279809557635806 0.01076981179326967 0.025354336127300457 0.04970137314790534 0.007159968998283721 0.030844252843485315 0.00942132443345696 0.013601557529337359 0.008430788348787743 0.010781137000413742 5.862435460171486E-4 6.591918692473477E-4 8.289966087012043E-4 
0.6943584121531803 0.8456049596251861 0.25283515531724715 0.06993028252907818 0.0020271425509444463 0.0018876158903572084 0.008790534967960716 0.011890022705456242 0.008764446583813125 0.003878688972934848 0.009354341982031058 0.009441808326151864 4.3686965559087097E-4 0.058707958529291254 0.0166731140460134 0.13906692698746137 0.012398716307809443 0.031017567476383824 0.0010954463196734831 6.652247508735776E-5 0.0010192439194933942 0.011925160097773637 
0.02218514821576424 0.010681985098959262 3.458019917647228E-7 0.22166311008827094 0.0034763774713150904 1.3104262864876894E-4 0.0033482127867706605 0.03140427316291117 0.028245337399233912 0.027057250800963197 3.0304981892134274E-4 0.0023731741618684393 0.03932943437014132 0.006334880740186712 0.01260378374360774 6.229191739674977E-6 0.04715257552530706 0.6869777455326624 0.012089523411411968 1.414105942058137E-4 0.009232979825511734 0.017436770051273906 
9.449123986623873E-5 0.9774996024690927 7.223483949844317E-4 0.20965512969053401 0.04764576028832537 3.831771378320539E-4 0.00939154796535209 0.023383605222599052 0.027483757842665702 0.006612381823848006 0.0015986743945106564 0.010733501131072425 0.0011399220841800915 0.05352104698997302 4.613343948293037E-4 0.04515687997416628 0.04632499495311081 0.014048634447668337 5.997800620968982E-4 5.27281539598736E-4 0.01047362668658243 0.0216607903405778 
0.8416182666145244 0.19620070720276303 0.7974461487652511 4.817005344650337E-4 0.0029342313262969624 0.0013921929339078942 0.00426763210369277 8.229384020448823E-5 0.02304151954035638 0.0010767511726988083 7.475716944916073E-4 0.016665383457389132 0.007878809663896758 0.055203873526265795 0.0016505412083049923 0.0 0.047032392132194144 0.025558478218973273 0.0013111359327619113 7.020165546963255E-5 0.006423143549076806 0.011623251953927886 
0.8321287857811408 0.8326068273817198 0.17815666718978274 0.023280348491413222 0.016663060780603242 0.002469542043743015 0.008366285970130468 0.04044479495822972 0.00410523209171948 0.003803993494031337 0.03730382297734046 0.01828909346773307 0.0012025412772655676 0.0024332252599242894 0.0033932952933236477 0.01596308923753145 0.004067985871226466 0.025304009402061456 0.012531000750539164 0.012551502938399083 1.6216715993818895E-4 2.86187963104001E-4 
0.004059025576596765 0.2389663293110738 5.973482899682039E-6 0.24130152963567797 0.005907081306173862 0.03819866764551694 0.003114655042980613 0.03370878419373619 0.0014165479226626032 0.025119654847395485 0.005199908505179361 0.02717909257065324 0.039754778969234864 0.015495349373411856 0.040431200611713236 0.03521295367216215 0.056002442472349104 0.7114787827611989 0.01193281787302128 0.012719455509215258 0.001934005142011355 0.034639047980600725 
0.0014802722169704047 0.9669560583142345 1.1628095334788259E-6 0.031053185137818323 0.0030744365632306234 0.03760443058464211 0.01672314343221628 0.025179299281639225 0.6358144529745897 0.020419583627611593 0.0022158459529439526 0.02567342742833789 0.005616580919951847 0.09006993975467849 0.11642187899195988 0.0012057508040745413 0.0702492800080759 0.6407571379660912 0.0207433240341286 0.09363443752276164 0.001997787554631191 0.009706805692611092 
0.2003513929722182 0.8354950123482231 0.7008385468242238 0.005183492071337706 0.007770156977723949 0.018832447180327994 0.004259249598206557 0.01308426705554592 0.030815929645736595 0.0021040843198256998 1.902200023285311E-4 0.008243579452300679 0.013415595356325185 0.05089831709013638 2.3162218391871076E-4 5.581781486872772E-4 0.07174833759589563 2.534886848330963E-4 0.0794585694237192 0.0047829110308813556 1.5850165391081384E-5 0.02643412792254449 
0.0 6.354316168449229E-4 0.6420820409499226 0.003862196604349749 0.0019754340287645427 0.02243432503238943 0.008056626560007479 0.041283656374739214 0.03480205477398267 6.20335283571906E-4 0.0077603195154993115 0.027815403196009558 0.010114983092490322 0.01702426858341614 0.002983250709400961 7.118397145962959E-4 0.0031995517243528226 0.0305487370209502 0.04631079168419017 0.022162058726969042 5.871036351411309E-4 0.015176677449157322 
0.03821095237097821 0.010770042619327347 0.8009004794839429 0.014744909138164349 0.003188223218874388 0.03798747834264905 0.0011750646636379996 0.005406411004163553 0.035965221891486085 1.2580583356047031E-4 4.512166369253557E-5 0.07720792883319022 0.005567844797748444 0.025403005085844275 0.06255942496114755 0.011763358039738919 3.2981143176360334E-4 0.011316427079130165 0.08535099078278119 4.569272903752822E-5 0.015437380938743965 0.012953982405156945 
0.8168638922089545 0.9037414885372809 0.6707491051178782 0.0 0.016835494671966718 0.026291061917417678 0.060972134628111505 0.03594191405781783 0.03489191110306741 5.143397008836844E-4 0.001789277396441568 0.0016565056812792647 0.04957197381086077 0.006364312866891135 0.04812445843187492 0.053985367042439766 0.06991310918093205 7.62273039536525E-4 0.004200119266790717 0.021367098714595176 0.03402381898649051 0.002520001159833453 
0.19472803928186805 0.6996317467535821 0.3298884482871996 0.024848272549608596 0.008105725168366268 0.014054770835491441 0.02232367377204339 0.04239615097791083 0.038357179451961765 0.0016076206782115769 0.011573322247505978 0.010492489620443128 0.006628297037758739 0.005137921090155332 0.007824710375003008 0.04672890516077626 0.0027694902068374863 0.03126427321585261 0.093538935752691 6.804589628236655E-4 0.005028202991662451 0.011081206467297058 
0.32126776363748344 0.7099624470754378 0.0037005179248236764 0.0024401745608423992 0.007697037473709643 0.03848232375844596 0.008462275079385717 0.04216271593279242 0.0014861115272043583 0.009662336281809781 0.0017446581394885397 0.016607541050024117 0.007655953821926018 0.006172081219816966 0.0023237419713569947 0.02117570025888814 0.005760260368205511 0.0068666797372248685 6.764543677021486E-4 0.0047025923661521505 5.9593467805351893E-5 0.006377187229340679 
1.1858728789043021E-4 0.9793729934349009 5.149576726581877E-4 0.023729257148803043 0.0031099914846283057 0.0024174375287972618 0.07703325139267735 0.0247021802613386 8.283208855493496E-4 0.006396322121762463 0.0019659123274721815 0.02683845355867287 0.06812012599959527 0.017004470498958216 0.0053941209557633735 0.007458581316057384 0.004957223654246435 0.0021112617036778136 0.0020072381544183923 0.022199011656005248 2.7532137741850945E-5 0.53578795862873 
0.001396358590834144 0.6447960789982126 0.6222506716744639 0.04239609342250436 0.003417617213300331 0.017872017339340053 0.0018144161748022756 0.030603472676687414 0.011239629284118587 9.461428966857279E-4 9.711211439427971E-4 8.656551784188577E-4 0.0 0.05014980329023555 0.012525741044245507 0.009463552066032766 0.06125354948268029 0.009156996783786134 0.037593714665045644 2.748676565202216E-4 1.909067900933135E-4 0.00958711554787322 
0.049093444778519846 0.35561426920924677 0.22638217863601867 4.817005344650337E-4 3.00553059109737E-4 0.001469262608189714 0.07157740572732911 9.47236481749162E-5 0.013805598657838584 0.023455322017535515 0.001965682786235357 0.002863803124738431 7.065347947675675E-4 0.05861853101475907 0.0016505412083049923 0.0 0.002804954101222921 0.00904731911960459 0.0031274526822615816 2.749334929203406E-5 0.0063948408115148256 0.012800994524372613 
0.30096646272405125 0.8566298153301368 0.013679689443265253 3.98614013359974E-5 0.0018253495159635722 7.481423189602959E-5 0.001366309268043906 9.698280487777187E-4 8.844948013787025E-4 0.0029425423513379217 0.008195697321935355 0.01627116681445858 0.016902278313397835 2.2186825648958545E-6 0.0025068605138557328 4.8352314760222864E-4 0.0183774519313624 0.007818637342460716 0.0010073545242478953 0.0033558473628656545 0.010396009784345824 0.013896287243165294 
0.3595512170070251 0.677943111777203 0.6243960409214366 0.003097713334810001 4.950430628168636E-4 0.01741560205886698 0.02108298391182551 0.004552869938284861 0.03249471954541061 1.525082265726235E-4 2.2785986929054608E-4 0.003172675614707227 0.06974919081425804 0.025546076808513837 0.00648220868433403 0.016179059621733417 0.020303590180851802 0.00907443136710098 0.007208863320376902 0.02456237749849748 9.423886168918039E-4 0.0017463134710776554 
0.8332721413935327 0.7092184140933034 0.2830589350795143 0.004789156726359519 0.01331597768540043 0.018044484736479967 0.021482033254533052 0.03601982926668492 0.003034063676106138 0.0347969788175002 3.0353679109180185E-4 0.0029242757517543095 0.03490914333643755 0.0020846834117916723 2.5661642378147116E-4 6.360915417733572E-4 0.04776603653486094 0.009077473233708954 0.03234455072191822 0.011220219753459496 0.0012043859216210747 0.0126727617614606 
1.8428801331541074E-4 0.3987303363130078 0.651807614411646 0.014000483071130377 0.01843837921717335 0.037932198645725564 0.0018043889249777958 0.0325384545535495 0.05285169195664673 0.05733938278513894 0.003233173305606932 0.01852222962100826 2.261354805833081E-4 0.011494078675945079 0.01636756487276938 0.006246510681674335 4.782024686719351E-4 0.024347154195118476 0.019929754366177853 5.2235350838534714E-5 0.010455478416627834 1.9259895679189196E-5 
0.03615411278231889 0.25688281156523446 0.713470445545032 0.06806048666799497 0.002107787461845042 0.018073969108949272 0.009949025240730682 0.005307831705230739 0.03421134509012548 0.015117179080288064 1.25057500917034E-4 0.01846099840382824 7.863081061583108E-4 0.008153267940492162 0.056424045789389025 0.0159640854663874 0.02031100811205884 0.011752769580051734 3.650217106674694E-4 0.0010898805256661036 0.011444578131402237 0.030208223775522958 
0.2659270211868927 0.006463678871791584 0.004548485151482777 0.024848272549608596 0.008262556491523392 0.0024390311396860296 4.519180953338692E-4 1.308970579380897E-4 0.032783759489025385 0.024485402676952504 0.009229208593185056 0.012018806824685462 5.308238825646287E-5 0.005348177655428051 0.007868407776712548 3.64122884914303E-4 3.2521179693012405E-6 5.657506162715035E-4 0.017724991305326256 2.509213421544828E-4 7.338508788684059E-4 0.011698981658549865 
2.2478587063399288E-8 0.8319456043969921 0.719533528467484 0.0056563358408157 0.006898707988244757 0.01780764049371818 0.01963033600542629 0.03646792867784542 0.014037432127304801 0.06899593211181049 4.721364189295904E-4 0.0032680684608099465 0.03753906073651318 0.004531522731724836 0.015149876409619064 0.015534563080577136 0.04194698158222036 0.7091255133023633 0.06432130575381143 0.0010307711094294787 0.0013011382655087364 0.026308488559106166 
0.8246180579285887 0.6478752536220804 0.2607343582662165 0.005183492071337706 0.007626357084283032 0.019540861343843058 0.004259249598206557 0.013427683768161738 0.030948831441969065 0.02822246855488542 0.005345444002443363 0.008367727722192783 0.013352335528013319 0.011981098775166166 3.902368603497129E-4 0.04411019028857778 0.08984833928490013 2.5334381599373987E-4 0.07985361723461284 0.0048051249867281055 1.5850165391081384E-5 0.026423489902160525 
0.7791369364946041 0.0 0.6516408842628565 0.0249134275745532 0.01714142049597276 0.027415430596204986 0.008445203874199806 0.038459567371837214 0.03191442780840426 0.0012128242345826514 5.749638619366109E-4 0.0019363143506102632 0.03773879566165416 0.06394173005683777 0.0020395238288146824 0.053891638114958285 0.2121783095784035 0.0020989265770210456 0.059038123022142674 8.416614524529888E-4 5.578084477768956E-4 7.205489762848322E-4 
0.0024704182898241693 2.140866146107612E-6 0.0 0.2209637296159901 0.0440723924614836 0.44923264439738025 0.35068628140390584 0.026984496869223128 0.0062578473854631445 0.021245775708808683 0.006321842145742645 0.029614279385632866 0.007273730814114579 0.09036623190172487 0.11642187899195988 0.047206198100600116 0.07024668086922034 0.689256459919018 0.07330570822329213 0.09659429945924064 0.06524195740041938 0.5324608776342057 
0.8562901647899616 8.768472484194144E-5 0.24027238109874008 0.06812572472921172 0.017029071566281247 0.016515650214435833 0.01488741483411244 0.0030944641165590956 0.013118742140653828 0.003633595163060154 0.010719438455269988 0.07110711189116185 0.0017026152048792275 6.928042230525066E-4 0.011042782519911625 7.886270502069116E-4 0.004067985871226466 0.002121378855908845 0.01835226551833717 0.0047564538743033805 0.006569609396451046 0.01181898054051329 
0.7356882734744151 0.6565513931678002 0.004921698544319507 0.04083789494306229 0.054589735700789725 2.532145959315892E-4 0.01888354804595929 0.03136720301260924 0.02105276864538959 0.029000662602919815 7.211544703814368E-4 0.016681354271197955 0.015093609990307295 0.05827467493906624 5.298196346567481E-4 0.010715478705420358 0.055382078474420136 0.0067263558259698375 0.02559802207260027 2.931484300049325E-4 0.021951892911008908 0.007994314397077675 
0.6406166016728444 0.837636441262175 0.23073561000918985 4.142257043583003E-4 0.04729155981150141 0.0014640842452819719 0.008180966815553144 0.03890499850075353 0.014005302723261025 0.023408341142467703 0.008131783154048673 0.002863803124738431 7.065347947675675E-4 0.05861853101475907 0.0016430474547207657 0.0019105460620753509 0.011245268107074588 0.00904731911960459 0.06361163275053472 0.012593714328403033 0.06053668418517598 0.0010363854725691 
0.8914331097457988 0.118540588052849 0.23425789057819685 0.004306777982493655 9.748325835931236E-4 0.001823130210630266 0.0011389966385055347 0.003282740151706721 0.05263733494967308 0.005856597185965255 3.9446918989659383E-4 0.0030957584431295427 0.0014771495368779107 0.006673826783712157 0.008256862251401816 7.583511031681014E-4 0.05165187342363531 0.009575001521879763 5.001658357164304E-4 5.495948524838479E-4 0.007144563378093749 0.015653872668916165 
0.900661447267828 0.7176018272431623 0.6461404572122703 0.0056211063639693085 0.018369673036670017 0.017998764040966352 0.00822347261773422 0.004555550762461929 0.034082668951073244 1.487857924777911E-4 2.1214717696586925E-4 0.0030652234236605547 0.03329573261314322 0.02442951178659488 0.005721836704996045 0.01625316303610398 0.04975991887417753 0.001442560642464532 0.0019266100339477964 0.0011084290774216014 0.0012867339575953606 0.011647490367070369 
1.0140756969258258E-4 0.9290184854586695 0.784197802373577 0.023648764485944072 0.04304579352771577 0.01851781395624885 0.00950913926836669 0.024873998254525284 0.0053839130566454285 0.022367830886638514 0.06936404086099697 0.02697001194359912 0.007193392748891721 0.06154130576013207 0.11553180999921651 0.003420903775485085 0.03395640636962642 0.0019514104140203239 0.07198846987351475 0.0870829778634215 0.0014189625446045153 0.017762328804172 
0.29439778113266873 0.21400904695034179 0.658900481554466 7.26271116800613E-7 0.0025730675526519833 0.013615310674086402 0.0161956661535917 0.03119804155644651 0.047992516594157875 0.011788261410285954 0.036013468379558836 0.003078962485723217 0.004293981131776203 0.008069980088996122 0.05760593453839796 0.04490738103747241 0.0358857783401621 0.011546885904790657 0.025588021335922657 6.89302966538835E-4 8.984359379060232E-4 0.002149272224500204 
0.6968842797217011 0.11114388426878191 0.04070206191685721 0.0011418122381972144 2.1912714148846152E-4 0.0019522788475463265 0.00957962394834927 0.0015773078355505211 0.049136201084461595 0.005996815787744894 0.008269956226749076 8.221388620180932E-4 0.0014303723332216856 0.006484129023986673 0.033849480174665006 0.044352185104043 0.03331081369804731 0.011269993630745092 0.0024967798232830365 0.0013643945967758558 0.03391481624189302 0.01148861568167865 
0.248627413770821 0.30164589874268677 0.2484639549826158 0.005183492071337706 0.007770156977723949 0.0013971113331498284 0.00229019206040546 0.012559679973432806 0.03094193181333839 0.02684763728981117 0.010688503030203786 0.008583532732776258 0.015205560734561026 0.0077996556819313724 0.03157257741090687 3.2306096370276626E-6 1.1123546444523347E-5 2.534886848330963E-4 0.03224795308567619 0.00470156230180264 1.4305839963090882E-5 0.006373060195796511 
5.735759713811905E-4 0.2214690015353244 0.3298884482871996 1.036715763417552E-5 0.031035952438705373 0.0013451479592919285 0.007446951576306815 0.04232458578676436 0.05656693909949659 0.004512328161511717 0.005675952191532229 0.012035620054070575 0.01782998177914457 0.005140522191916416 0.05986728217749109 0.045871586746047216 0.0040344827083679535 0.012091943223622543 0.021053319470734296 6.80494083049276E-4 0.004727832257398118 0.011862161393460396 
1.8428801331541074E-4 0.3987303363130078 0.018169133182900143 0.014000483071130377 0.01843837921717335 0.037932198645725564 0.0013231724335466333 0.032948474434559324 0.03539362865277322 0.05733938278513894 0.0010386540135238868 0.01852222962100826 2.825344192766971E-4 0.0032499134412057942 0.01645385141488639 0.006246510681674335 4.782024686719351E-4 0.007057929725598211 0.019929754366177853 5.2235350838534714E-5 0.010686795262919399 1.9259895679189196E-5 
0.614556999708487 0.31183745792298256 0.7578695576674126 0.014980118189777104 0.0032263107161569077 0.03849349004323696 0.0013078738303413623 0.040133620091733865 0.03539362865277322 0.05733938278513894 0.0010386540135238868 0.017889914582829618 2.825344192766971E-4 0.0032499134412057942 0.016458626538815635 0.006246510681674335 4.782024686719351E-4 0.007057929725598211 0.0011106755445655586 5.532567306568831E-5 0.010686795262919399 3.353131211962859E-5 
9.449123986623873E-5 0.9774996024690927 0.19173888053191468 0.04501126675203172 0.0013700642639294218 3.831771378320539E-4 0.00939154796535209 2.4045091853343303E-4 0.03964039750662425 0.006612381823848006 0.0016498304677816755 0.010733501131072425 0.0020667100727494274 0.05352104698997302 4.613343948293037E-4 0.04515687997416628 0.001395762671601273 0.014048634447668337 0.0 5.27281539598736E-4 0.01047362668658243 0.013026751359367286 
0.04330077196111476 0.9765079429614472 0.7780379752366448 0.020092847520401358 0.01019563523923394 0.018079354970908346 0.007318983297725727 0.0029740259322705406 0.0037167745755566656 0.010261409799484275 0.06936404086099697 0.0028386862299950274 0.007921656926305904 0.007202564866012014 0.11566158600034461 0.0022508713401738108 0.004011640107884781 1.135298235027558E-4 0.07198846987351475 0.004618179544915078 0.0014102557506821206 0.014502751938525805 
0.8161044107045049 0.3285440987671603 0.6853229765936981 0.003559190151624733 3.2360566796133737E-4 5.069766337312837E-4 0.01031567867272963 0.04960845473200056 0.053363406757879386 1.3627365908075798E-4 1.9696998808486476E-4 0.008243538791190256 0.01693823113279993 0.05030979141057888 2.312358682362405E-4 0.20947896781335523 0.0025059642024750084 7.566294024422453E-4 7.179235992976277E-4 0.012547519924310465 0.11928924156370074 0.022054809340636635 
0.712351085977403 0.16254509548775586 0.28863219811730195 0.026093584501918773 0.015018759030048272 0.09097361505510718 0.007899921581926294 0.08180992550834681 6.52340968655931E-4 0.012566517212648091 0.00688044072647339 0.010324565482054009 0.06635372323702318 2.04444140371188E-4 0.006567754261322875 0.02080573733886805 0.0032492030688473263 6.689873133569439E-4 0.003840361755541942 2.7441824247679316E-4 2.967133544162417E-4 0.01383830619714184 
0.8877965153018164 0.8131231488808048 0.8488806671789859 0.07721848443771495 0.012819255820962152 6.962625072525971E-5 0.002243688115850804 0.011782591991987425 0.020164301149460783 0.011007195390546903 0.00261848411934821 0.00868360306631466 0.03540844087235253 0.004785295255632568 7.608747426876318E-4 2.2085538385023163E-4 0.048671828391732466 0.16022614993177017 0.031752479793894256 2.859661887994955E-4 0.007374855459730269 0.004885547221774647 
0.011653475260289259 0.317733431449826 0.8252194316873266 7.771520246380517E-5 5.349113098592102E-5 7.658215892406596E-4 0.0 0.029842534740911978 0.003152345115575328 2.081121618368112E-5 1.8825031213919562E-4 0.016577014245960295 0.017650898141484073 0.0 0.002463693616499429 0.04347380986324643 0.0013483329865042791 0.0 0.0321227771312083 0.011294450059371592 0.010755649293165012 0.012792089190900933 
0.2659270211868927 0.28747474667503004 0.015761048685715373 0.024848272549608596 0.008262556491523392 0.002086743855505376 0.007446951576306815 0.0427680660069886 0.032783759489025385 0.024510263689709478 0.009173434050864994 0.012018806824685462 5.308238825646287E-5 0.005348177655428051 0.007868407776712548 3.64122884914303E-4 3.2521179693012405E-6 5.657506162715035E-4 0.017724991305326256 2.509213421544828E-4 7.338508788684059E-4 0.011701335808482028 
0.02386869183270446 0.6639998699288385 0.7025093240392647 0.0065292410329001035 0.0168592167293255 0.018113048299339615 0.008424033234677426 0.0035686488530200806 0.031772695589013286 0.0012065084965219445 5.712985538621745E-4 0.0029649547722670755 0.03875310230468409 0.06231747566906856 0.0020629273704322647 0.03465218561654477 0.045490710998932704 0.032196578655745406 4.917677473471119E-4 6.3452545542916E-4 3.8485719643001E-4 0.07760283618101596 
0.8317664027922662 0.0022840616026318372 0.2783544598999363 0.0037412190109931895 0.03029414696515052 0.0408976666234957 0.022095141488698476 0.03523966936809931 0.004154367957492014 0.007974560721626268 0.03536829447871631 0.0264870279337839 0.04529027307180523 6.613174625071322E-4 0.03642187121558537 2.555176635456041E-4 0.047776181422657014 0.0024924460147852812 0.02146784776898421 0.02180883712016381 0.00125411257090755 0.011278374617120859 
0.0362859725365271 0.7052817054879312 2.4417883514974174E-4 0.0056211063639693085 0.001170320645516149 0.014044105460935897 0.021423298407102522 0.031345793784895694 0.055552861310185275 0.00785464823403168 0.011555466878269562 0.057754783224694184 0.0542242793339642 0.007485971051212016 0.0064499349634740905 0.04670091563845184 5.364577640290143E-4 0.0319230860557117 3.6231425295885604E-4 6.77204705738052E-4 0.009008475167907506 0.01111401734409543 
0.0362859725365271 0.7039994105239704 0.001918497859126296 0.0056211063639693085 0.0035173053346259538 0.014044105460935897 0.022269470419936266 0.0312315650885678 0.057887947874190104 0.01108949758499812 0.011555466878269562 0.0028321126535634147 0.002981434482657596 0.007485971051212016 0.006283726589231205 0.0 5.364577640290143E-4 0.03170566200476665 0.001096346735922501 3.5989511067784064E-6 0.009008475167907506 0.011155728110884387 
0.33893448911806456 3.3961678144933604E-8 0.0 0.017794368037634962 0.03460737768757223 0.0036749679743399693 0.2831057128600027 0.040607621583434575 0.03553152911240001 6.335408962725481E-4 0.005673038849930158 0.0020076389537223814 0.034741008122012904 0.01826599943954158 0.019250923653547587 0.0016927468726298314 0.04767425807472686 0.12322118622417766 0.01743667828354449 0.019879746964039356 0.007070173586264992 2.3869627612554107E-4 
0.2003513929722182 0.8354950123482231 0.27088675534893975 0.005183492071337706 0.007770156977723949 0.018832447180327994 0.004259249598206557 0.01308426705554592 0.03094193181333839 0.02684763728981117 0.010661808562649549 0.008367727722192783 0.013352335528013319 0.011981098775166166 3.902368603497129E-4 3.58821311605341E-4 0.07174833759589563 2.534886848330963E-4 0.0794585694237192 0.00480316471641392 1.5850165391081384E-5 0.026423489902160525 
1.345551370590583E-4 0.0014521086907556065 0.8738403185946988 0.024738507612094132 0.00342599581398605 0.005026678010175756 3.198684271839133E-4 0.0026245047381245217 0.032490282601747286 0.0 0.0017947156087689368 0.010968266544453827 0.044478215782412484 0.05493293021921442 0.007917073191925512 0.0015073810319551392 0.015805247587811055 0.009160086730937059 0.019241718980279543 0.0244940068390306 0.006969545293108415 0.0014473015768968667 
0.7106396629946043 0.6665260665065725 0.6585878659837944 0.008119719148486176 0.005285841427544841 0.003172832570555166 0.019284346781868508 0.050134844020128994 7.43604346500528E-5 0.0017494536753409184 0.00894066096849509 0.007823009160105313 0.04565473179354189 0.02611156212173277 0.008130220587604698 0.006237027499937143 0.0011333776006029785 0.007048016884915013 0.0030266516100812746 0.03965848759618 0.010773924857490898 0.005061592322437846 
0.8651157815449374 0.2631257513744876 0.0020005373650387424 0.027131628196416305 0.02535669729349458 0.006372710182822269 0.007156982741446045 2.999703827097494E-4 0.0024557982429871533 6.723485352499343E-4 0.06959672430144073 0.02704605293490888 0.03917615935301487 6.717042191465737E-4 0.039351801735516126 0.0016872722524108852 0.03395640636962642 0.012241655938916851 9.71364510002775E-4 5.000850746394032E-4 0.0019299037316588452 0.015527403846816112 
0.868456676137445 0.0014594999997476488 0.8609675309265955 0.024738507612094132 0.03432057458191247 0.005026678010175756 0.0831324966766889 0.0027082813964033337 0.032490282601747286 0.09924522480742526 0.0012291740887608177 0.012899937092141846 0.004170044279548833 0.05493293021921442 0.007917073191925512 0.0015073810319551392 0.008750110761076745 0.009160086730937059 0.019241718980279543 0.024619552561101682 0.00694833086865281 0.0013722182827840756 
0.8160780604749618 0.6643299610879054 0.8252194316873266 7.771520246380517E-5 0.0013542364164273613 5.950246656041304E-4 0.0 0.029552473456654193 0.05273315947481088 2.081121618368112E-5 1.8825031213919562E-4 0.016577014245960295 0.017650898141484073 0.0 0.002463693616499429 0.04347380986324643 0.001329287110983287 0.0 0.03210930803754064 0.011220219753459496 0.007230719586678758 0.0 
0.646154324531602 0.7108343461887021 0.21114844975886543 0.02332042033940395 0.016663060780603242 0.016515650214435833 0.024973987671873008 0.0031133683534854337 0.051836354225617984 0.003803993494031337 0.010719438455269988 0.002541377631889204 0.0017822743883380747 0.0023092275887259053 8.78737364601442E-4 0.0 0.004057915186896031 0.003477381440781816 0.020395285867891938 0.01091416598595914 0.006952755896078185 9.633746400628468E-4 
0.8163543593438733 0.847704722493186 0.26461063317042754 0.049246042509626095 3.413780664308167E-4 0.0015777205467307435 0.0018095158008615726 0.02515393593114527 0.010779986352956988 2.711184016815525E-4 0.0031140636576507804 0.016533201952518645 0.00673033660360158 0.006699645649030905 1.6046823523368017E-5 0.20588112979255024 0.002924798562310857 0.030582068057384303 0.04383124021744369 0.012639645189758419 0.0011968681167683335 0.04988865721448329 
0.16460495181725016 0.6654452975869818 0.6631928072276545 0.0014049001687991766 0.003511150720312001 0.004726266673070398 0.0061795085657879775 0.027332805319320655 0.01338668716720635 8.398339548023443E-4 0.019648443344129823 0.004628033495033321 0.0 0.05310052239253382 0.012152549601559905 2.55843313590339E-4 0.020175762875130378 0.02895876904037513 0.018260118321738038 2.762979710177969E-4 0.005776386683918834 0.004935171153958994 
0.2914509364453546 6.351351470715131E-4 2.387939197506133E-6 0.04537234962514493 0.002333750969268876 0.03620745709350687 0.02455227156022967 0.05143296956386903 0.0038256080912785536 0.026844364027207905 0.0045599759644005325 0.02311345156474684 0.013908081640513959 0.007512391005435528 0.031296804943126685 2.617641048067547E-4 0.01370516254175199 0.0010685742310367896 0.0384967426799857 1.2607948483565564E-4 0.010278953872302238 0.005061514256806268 
7.185484036558134E-5 0.0 0.23511944157747977 0.0061306207880980935 0.034159795156911484 0.029274699289415486 0.024104952345801435 0.00423585455263107 0.013214785626973353 9.977177685130941E-5 0.008419200257757095 0.00740001478647536 0.03487552096165044 0.05897875694074169 0.010550992382287896 0.04461025890426835 0.018497489704528025 0.0022300796814974724 0.011272332028538445 0.021004150974361174 0.0013404298105927663 0.002008515070169821 
0.6881928067229026 0.8420829762081803 0.0048012711356940595 0.02512977682456061 8.541633537606313E-5 0.012916637783185482 0.022142262373485357 0.011379730488517164 0.03017344584525374 0.05708772320714414 0.011012545278454838 0.006911699647944467 0.0033184342704828396 0.0028019942367750877 0.010586630231466535 0.0018332172028886484 7.622186610429134E-4 0.032100181893789985 0.013722882104464934 1.238634578042253E-4 0.0101515501355533 0.011741248027140173 
0.009425828164634054 0.7340980163799348 0.3135343405200156 0.042039545846940876 0.005217539849006467 0.005971928877962985 0.008711950622071966 0.006250717706113313 0.005893789070965917 0.010194575994206943 0.007844696658247248 0.017873137738778657 0.00253942209813099 0.008982921287440743 0.0023237419713569947 3.6354158443705625E-4 0.005760260368205511 0.00673719958960729 6.764543677021486E-4 0.028115240903055633 0.0035869120252095023 0.005901884057773477 
0.6478476031119669 0.013038614688730354 0.2766253288589407 7.771520246380517E-5 0.0018139662705894252 0.01617480876284213 0.040442673536283724 0.0 0.0012893102611796492 0.018215510691256476 1.7125511151381764E-4 0.003910077210716616 0.0169074760606828 0.004739637375236998 0.0025256592279266103 4.62945060462276E-4 0.0055671334372068 0.03188215359100205 0.03262529158817495 8.75015916690678E-4 0.010476190735269857 4.3028718169586463E-4 
0.0 6.354316168449229E-4 0.3385942416669354 0.1704606213760645 0.0019760626467453966 0.44876564219901866 0.008056626560007479 0.041378372963559625 0.03201266360243992 3.6827958718087164E-4 0.0077603195154993115 0.01075875805856156 0.010114983092490322 0.01702426858341614 0.002983250709400961 7.118397145962959E-4 0.0031995517243528226 0.0305487370209502 0.04631079168419017 1.1498225859473896E-4 0.007222298440695579 0.004951086329164285 
0.8163543593438733 0.3325251120102611 0.006245883978670208 0.050272180012539226 3.2219223168766667E-4 0.008967648519135028 0.0018095158008615726 0.0255678125398734 0.010779986352956988 2.711184016815525E-4 0.0031073739841488562 0.01644884174063955 0.00673033660360158 0.006699645649030905 3.420223547640575E-4 0.20588112979255024 0.0025059642024750084 7.566294024422453E-4 0.04383124021744369 0.012622937752112765 0.007169238680398121 0.021624345349673245 
0.2610535634928873 0.7182656777094766 0.6763062424192661 0.005874048296924169 0.034673486312301535 0.01725931103849221 0.0 0.004555550762461929 0.03363042381893612 1.1691568667351795E-5 0.001571037388755032 0.0030652234236605547 0.03369215184686852 0.015319057327923144 3.3870723205619343E-4 2.1934638630769377E-4 0.019536018656794957 0.002460903988597595 8.937648563139278E-4 0.0011084290774216014 0.001304374473730489 0.0010844616257730567 
0.028866311123636523 0.683989203320831 0.34797252151134433 0.003228726153217284 0.010834882151682415 0.03326246555886675 9.913663207250702E-4 0.017181749524234798 0.021035235923811377 0.029447005018019556 0.0016780869711947597 0.06467074154307717 0.007145459155872322 0.0014909864349722263 0.006650478006551888 0.0019930423760171657 0.00301873121939964 0.010704545870381381 0.04102174243109531 0.0 8.763266925337743E-4 0.01465946776927892 
0.008627646199022232 0.31183745792298256 0.7552486096832645 0.014000483071130377 0.01843837921717335 0.03792090282882543 0.0013078738303413623 0.032948474434559324 0.03539362865277322 0.05733938278513894 0.0010386540135238868 0.01852222962100826 2.825344192766971E-4 0.0032499134412057942 0.01645385141488639 0.006246510681674335 4.782024686719351E-4 0.007057929725598211 0.019929754366177853 5.2235350838534714E-5 0.010686795262919399 1.9259895679189196E-5 
0.6763659863667695 0.0 0.0048012711356940595 0.026874581041689913 0.029560100440377095 0.016613865440873885 0.022381647587607578 0.0014727972395952322 0.0093414140480142 0.004411964673601904 0.011012545278454838 0.007399554606086233 0.03596769947778969 0.0028019942367750877 0.010586630231466535 8.421746310378609E-4 0.1267299600249338 0.10171957836590767 0.0464932611548486 1.238634578042253E-4 0.010737038022569345 0.008392903549584047 
0.016987503862465336 0.2556848722873634 0.0 0.004285263698817689 1.947108526943759E-4 0.01623462486426445 0.008366450666611833 0.12322888744834588 3.0806343605785315E-4 0.010600940901941854 0.06108854276311725 0.0028215247888377093 0.001788158592895328 4.1976786192158763E-4 0.006283661164267255 0.004013897511968044 0.05322805849972744 0.006046060785249691 3.671057598281308E-4 2.880946257459489E-4 0.0019093898406331708 0.010834794036341978 
0.30401005304929163 3.3961678144933604E-8 0.0 0.04184644974412005 0.03432846185320383 0.029664938916830547 0.28159762625517587 0.04038196100530402 0.035558469463321994 0.006946276540108855 0.00603188097944918 0.014905574447730363 0.034741008122012904 0.05631892701919488 0.163629420598766 0.0019284883158265558 0.047745727761381196 0.12322118622417766 0.017995098558435535 1.6599644645680887E-4 0.007024734606442786 1.4913942830008763E-4 
0.3595512170070251 0.004633589196206933 0.6461404572122703 0.0056211063639693085 8.048502419919952E-4 0.018163477611805968 0.02183425480408216 0.004552869938284861 0.03249471954541061 1.525082265726235E-4 2.2785986929054608E-4 0.003172675614707227 0.06974919081425804 0.025546076808513837 0.005475189537355842 0.016179059621733417 0.020303590180851802 0.001442560642464532 0.0021810101936584544 0.024572302996696903 0.0012811806930680862 0.0017463134710776554 
0.31906418942890646 0.8118067539281342 0.7985484439792832 0.006861840964746513 0.0052264151089507415 0.09165686933547287 0.05696037842770415 0.013096621681827883 0.07055210763956582 0.04066918843638264 0.0017036198074685067 0.08678163159194055 0.035477448214978544 2.175845972714036E-4 0.002154269984706181 0.011393955189308875 0.0017545330925677139 0.031798263248755315 0.004427542907373636 0.004439807892092248 4.416887637282603E-4 0.004202295253462373 
0.8639232966234829 0.0062397101552275624 7.513594345747213E-7 0.04537234962514493 0.0018760808824614915 0.0305179652191175 0.3600679025699597 0.025329306819696237 0.03211818647771269 0.1279809557635806 0.01076981179326967 0.006858802648239935 0.03882755359158098 0.007159063402315969 0.030785076658443933 0.00942132443345696 0.013601557529337359 0.008430788348787743 0.010781137000413742 5.862435460171486E-4 6.591918692473477E-4 8.289966087012043E-4 
0.35435682436016513 0.7178616353077336 0.6631552245776202 0.0012740319450129933 0.0035560978032815257 0.004114835683233606 0.0063045787817758376 0.004555550762461929 0.03534449372694727 8.504133591348944E-4 0.0 0.0030852168598459423 0.03504193453843399 0.015555395341407718 0.012451495103814943 2.395659766349498E-4 0.020303590180851802 0.014064198361791435 0.0011645683854201328 0.0011084290774216014 0.0012330897561934032 0.0031593862421623493 
3.724277962392341E-5 0.9793729934349009 0.0 0.023729257148803043 0.0031099914846283057 0.005110691918249025 0.07766910946498753 0.0247021802613386 0.6358144529745897 0.006396322121762463 0.0019659123274721815 0.026952707582431505 0.06811468403497865 0.017004470498958216 0.11361981840098678 0.007586348228795951 0.004828115494132493 0.0021112617036778136 0.009994182177558382 0.08602287672931158 0.0 0.53578795862873 
0.02386869183270446 0.8796159601473738 0.6474728530051213 0.06832726532207771 0.0034808512069869624 0.018073969108949272 0.008578860265157712 0.0304037651876173 0.007936308291244719 0.0013729187442616192 0.011681925495347818 0.0029649547722670755 0.06181321652500761 0.0 0.016240771399279166 0.0032769564440799683 0.01515490934115657 0.03304807505498037 3.650217106674694E-4 3.034027860815613E-4 0.0488578137089503 0.011713105412595147 
0.3030771245017498 0.005229706704643067 0.22917396133083065 0.0 0.0029040071294727677 0.005367846590207129 0.025274982717254875 0.028031826230889623 0.002319650232106861 0.005774154114863275 0.00416981901586394 0.04930928529608565 0.010081531502157409 0.01740143713390593 0.015973386122453002 0.00941953224107419 0.0034176161442150106 0.029470458053762066 0.01734633898132855 0.0364441542574254 0.007214379511302553 1.0184431512918731E-4 
0.6885938896849493 0.6671831908085145 0.6456236968554394 0.025298461938440736 0.05539754902979013 0.0019522788475463265 0.060972134628111505 0.03594191405781783 0.03138005359497281 0.005996815787744894 0.008269956226749076 0.0014398892520214417 0.04633749307837751 0.006374164395605145 0.04812445843187492 0.044352185104043 0.06878949640393482 0.011269993630745092 0.0024967798232830365 0.020690982784752288 0.12389428656378132 0.011530349473163466 
0.8131488915061867 0.00463710817499019 2.6132155501351617E-4 0.005726840125514582 0.0013542364164273613 1.0818266277270961E-5 0.009938129755421493 0.03541227132975088 0.0108725201799996 0.007828128758952807 1.4129113678939013E-4 0.002803951337570069 0.02045332651887247 0.005725359229319322 1.0568055859801629E-4 0.047832230077533025 0.04702258135859082 0.006193487884546288 0.015570875753082964 0.012247154723924273 0.056891235359209084 0.015015386841495185 
0.19738508465881074 0.0 0.27760810472891007 0.04748535229986131 0.013017802950382061 0.0019485546434942743 0.04144566082429965 0.0515696534319916 0.005735116260590069 0.1108225763378903 0.008489460079454197 0.017984937396581035 0.03430674514804151 0.02573062421333529 0.01433404764645051 0.009462459002900214 0.013891104385239047 0.001144514139305039 0.0019379105851598001 0.0010019123408993038 0.010702777253934152 2.1915232830550802E-4 
0.7099425576800737 0.004222632520325148 0.848072808770235 0.04314602033899713 0.012421851292996628 0.012910581775505331 0.019278167620547678 0.012881908680615681 2.039493697145161E-4 0.0010511600145761395 0.001989318859625189 0.007688225787509479 0.10648930760532292 0.018480732365813917 0.008081449170594175 8.092329524080871E-4 0.05416485259237257 4.3188967870070455E-4 0.0028699089899609405 0.03890159342071321 0.021397652274030354 0.012867020687465269 
0.016987503862465336 0.8177382120500681 0.0 0.004285263698817689 1.947108526943759E-4 0.0061401386300739625 0.008366450666611833 0.07077146901698834 3.0806343605785315E-4 0.011032812651368736 0.008110606997523315 0.0028215247888377093 0.001788158592895328 4.1976786192158763E-4 0.006283661164267255 5.278515070572787E-4 0.0016026275225641093 0.031943660708941085 0.00110427911111371 0.0 0.0019093898406331708 0.010834794036341978 
0.6943603109954474 0.7649507069412316 0.8878395151803092 0.006554146731106485 0.005237170613704255 0.0020281183337872485 0.017848317126413688 0.05116364182209207 0.006739934437446705 0.0017494536753409184 0.009513386297108054 0.017860767380642052 0.025124291826777202 0.09395601037651745 0.014275066046675035 0.04946176664015557 0.0014855538946609622 0.003664735853467869 0.0010298829582577208 0.012831399222388204 0.010792864085333902 5.761161496758462E-4 
0.5838732119006338 0.29266140509039024 0.22917396133083065 0.04113637274245252 0.003096569888906478 0.004693404258326284 0.024956127295434886 0.027939298901187563 0.016372450205297397 0.006200039180991691 0.004195210752965875 0.03646348853414789 0.010123484055233181 0.01740143713390593 0.033339750135955894 5.595868277415844E-5 0.0033277691699643216 0.003493018797616451 0.020439250629224685 4.865707686357197E-4 0.007214379511302553 1.0184431512918731E-4 
0.8317664027922662 0.8798829430763406 0.6573457598801874 0.06254107182273341 4.72265582808256E-4 0.04083705048984463 0.013142741334043542 0.03523966936809931 0.0 0.006002021820551197 0.03491838558856542 0.0 0.045625992875852076 3.360044211258911E-4 0.008694380504716919 0.00185721314559701 0.04777616166005947 0.027982010066980936 0.01627963905637753 0.0 0.0026986122020321475 0.0049581517937323195 
0.8321287857811408 0.691758424079849 0.8685461678066234 0.023280348491413222 0.016663060780603242 0.016515650214435833 0.025093542216553164 0.003753168711874917 0.003340723786795459 0.003803993494031337 0.0364308096941799 0.0032142689004193412 0.0015237836179566137 0.002340880094765095 0.0033932952933236477 0.01597673545148509 0.004067985871226466 0.024876398851918988 0.011865289437137288 0.004773850812576169 1.6216715993818895E-4 4.213723664150626E-4 
0.26128195191730774 0.8131231488808048 0.7462930388651376 0.006526505371149106 0.012871569818933698 6.962625072525971E-5 0.002243688115850804 0.011782591991987425 0.0021170942877786567 0.005844437454505962 2.997813470695706E-4 0.0075311302780085 0.03519359104738327 0.004785295255632568 2.645527242517908E-4 2.2085538385023163E-4 0.0 0.02316809163954535 0.03267827654376444 0.004268506659539378 0.007374855459730269 0.001918772351439014 
0.4799491762479339 0.19555364651666823 0.7768300466897342 0.052038027515563905 0.005333108893984671 0.002587518798106988 0.008792333860555767 0.02220174998287563 0.009003989858462028 0.009518031597736806 7.544695836877793E-4 0.016421136326179323 0.007830040470069789 0.00650365780046369 0.019675060291672836 0.04583150528081449 0.01278082505259912 0.02541288003036565 0.0012267313328343278 0.0014974293233064873 0.007692106859760461 0.011616498224863726 
2.2478587063399288E-8 0.012376736914805953 0.031437180268334336 0.04274845227851899 9.527667383394146E-4 0.03199329271845996 0.02321589298350668 0.04073596686833657 0.014037432127304801 9.930886599011455E-4 0.011185519480765477 0.012744724789568704 0.068878931854781 0.006300252891998669 0.006483059635510953 2.243662974519764E-5 0.04158987203820422 0.6877135043563312 5.267103283138654E-4 4.2328202696943415E-4 1.1493595943059252E-4 0.012352555340620363 
7.437926915481158E-5 0.6802144354528243 1.4667111719598547E-4 0.24151443695489858 0.0028796081119199495 0.037931993988734425 9.292786141103254E-4 0.053810046135682715 0.028268364424111472 4.6034388141199146E-4 0.001993441257511858 0.0743134042374341 0.0036382707934237007 0.007203307210016056 0.06314963663751906 0.011752401883421942 0.18886435295591225 0.00916042283197277 0.007208526817691107 0.024173692266112913 0.014490247456295006 0.009425247999604251 
0.30737205389540895 0.7713721533948444 0.02388871960306861 0.0699659044262956 0.011815595538500142 0.00286446588048166 0.022761259612573796 0.026815474386722066 0.0012526631056025833 4.8919422286308484E-5 0.005901264814601577 0.004309695492007578 0.03511974770833429 0.014977417294925901 8.478224393621146E-4 5.725397950222815E-4 1.4986182877461257E-5 0.007479474694093011 0.0013518022869884842 0.025881864610202962 7.847409721195814E-4 0.007098526804797323 
0.26128195191730774 0.8131231488808048 0.8488806671789859 0.0064908939879923366 0.012871569818933698 6.962625072525971E-5 0.002243688115850804 0.011782591991987425 0.02018418419660925 0.005844437454505962 0.00261848411934821 0.0075311302780085 0.03540844087235253 0.004785295255632568 2.645527242517908E-4 2.2085538385023163E-4 0.0 0.02316809163954535 0.03267827654376444 0.00470390271887733 0.007374855459730269 0.004885547221774647 
0.31465829075064244 0.6600669707494046 0.003382963176557896 0.0053854932632249365 0.034818494059435906 0.031943394778968924 0.05683538162577716 7.459845219173564E-4 0.05723225963203514 0.018145670858455226 9.99218479759707E-4 0.009261404225739888 0.07072586461168551 0.004555289396160085 0.0021492344010166364 0.004147301758852598 0.055345622971789396 0.03175363734606932 0.022737922403329256 0.001003765602455407 9.702149449808926E-5 1.0489206431297214E-4 
0.3041690567799762 0.11173037317552126 0.8056757551199712 0.004306777982493655 9.748325835931236E-4 0.001823130210630266 0.0011389966385055347 0.02157356659721922 0.05263733494967308 0.0058815850596840545 3.9446918989659383E-4 0.0030957584431295427 0.0014771495368779107 0.006563816279803729 0.0082289151175124 8.759256735038287E-5 0.0 0.009438875525846076 0.0 5.495948524838479E-4 0.007144563378093749 0.015621219449463094 
2.2478587063399288E-8 0.8319456043969921 0.2116774977000003 0.007943288218375266 0.006898707988244757 0.032727452125428165 0.060906251794203614 0.03674847933302146 0.014037432127304801 0.026953982688471063 0.01076981179326967 0.012124549271254757 0.03753906073651318 0.0051900408198168446 0.014882003404772155 0.04218814621141412 0.042468785291610064 0.69751348891097 0.06432130575381143 0.0010031547482970834 4.646085482063048E-4 0.026308488559106166 
7.185484036558134E-5 0.6802144354528243 6.493956522085065E-4 0.1322637424356443 0.0032743040367986948 0.03826332402672933 0.0011686573342476574 0.005435862539617663 0.028268364424111472 4.456562307420149E-4 0.001981873365627829 0.07604873279214315 0.0014265406894483643 0.007203307210016056 0.06314963663751906 0.011752401883421942 0.1779978083202141 0.7659761124548393 0.007565778900326586 4.6016593879662855E-6 0.014490247456295006 0.009425247999604251 
0.8645923423395114 4.920678760068466E-4 0.0020142769110579805 0.017463901896986322 2.3989318314086502E-4 0.018500865130705296 0.008624451274401083 2.999703827097494E-4 0.0020550162268146016 5.002309887741458E-4 0.06539884258928184 0.0028410837828694185 0.0014509391848064298 0.0017278127803080218 0.009780653498604781 2.9338557669026364E-5 0.04627884295150094 0.008768453360516647 0.0015746844983350501 7.826923372883149E-5 0.0024717597157065535 0.014521010933354407 
0.8651157815449374 0.827453292162242 0.00199429831272299 0.020092847520401358 0.04304579352771577 0.01851781395624885 0.0074428181676041115 2.999703827097494E-4 0.0020550162268146016 0.022367830886638514 0.06959672430144073 0.0028410837828694185 0.007193392748891721 4.1612043540726826E-4 0.11566158600034461 7.900822101867162E-4 0.03395640636962642 0.008768453360516647 0.07198846987351475 5.000850746394032E-4 0.0014189625446045153 0.014502751938525805 
0.8434678890903871 0.29465392221278014 0.22638217863601867 4.817005344650337E-4 3.00553059109737E-4 0.0014103541192504788 0.023118654546355227 9.47236481749162E-5 0.013805598657838584 0.0010767511726988083 0.01058647337504316 0.002863803124738431 7.145043221218573E-4 0.055203873526265795 0.0016505412083049923 0.0 0.047032392132194144 0.00904731911960459 0.0031274526822615816 2.749334929203406E-5 0.00646264090742924 0.012800994524372613 
0.7142539194150868 1.3691009138157555E-8 1.1130910591676996E-5 0.042700570505493085 7.157512472982302E-4 7.198631387824705E-4 0.02343638546910609 0.0 0.5815553649445667 0.007014388467673631 0.008123375739526822 0.05406556254403251 0.011113582984266821 2.9082897851448334E-4 0.009270108173605969 4.722461198013346E-5 0.008011390113825033 0.12368263490867072 0.010584792143729189 0.05158617572012146 0.0027309050399014004 0.0018707358088383332 
0.6471135608365021 0.6563487728345814 0.8717572746725191 0.008771553583947775 0.03686068883723873 0.0020942179113192525 0.013186531821297628 0.03636238992700612 0.026217326228851905 0.08376944122443278 6.111739167227897E-4 0.013169393815724049 0.014140209146539882 0.004645133608491614 0.0021363531386487237 0.045871586746047216 0.0059283036458588935 0.011103996516543386 2.1963098569156153E-5 2.7210950974147254E-4 4.4002132302997134E-4 0.012524965619592258 
0.6956788662469129 0.6461651672932348 0.7025067771332826 0.00554675480168065 0.01685923392586949 0.001754747911517104 0.01722632645841336 0.0039209855704797625 0.03413232285889445 0.011471239876034909 2.4281331123871073E-5 0.002974974168705691 0.053834834771933904 0.07953241994643392 0.002055719595678468 0.036667693991390575 0.037529742237456726 0.0019011109353519328 0.06429282590309898 6.445014258038492E-4 0.006380395476494299 0.09910185507054324 
1.1682743402254608E-4 0.9795364673503483 1.6989546266024756E-4 0.024738507612094132 0.03302929001540288 0.005026678010175756 9.279191689169735E-4 0.05336634620577302 2.3763289069189718E-4 1.5700114378411692E-4 0.00147807143201201 0.010968266544453827 0.06883940289102197 0.05493293021921442 0.0065186135975799165 0.007540121180099439 0.004834441262550206 0.0021247664762588866 0.019241718980279543 0.024506201544831335 0.002065130852560537 0.0014302931075282441 
0.8965934855334424 2.1055074029755763E-5 0.004006808327290223 0.0680817919881621 0.017542855073385568 0.032580408398606445 0.008177054495645516 7.301543608440042E-5 0.013960918422459792 0.011052397715670355 0.010771710165479316 0.07285643755129113 0.03148427697360205 6.436305839928906E-4 0.035890865188999775 0.04307186092043161 0.05036561891032858 0.15969306646299378 0.017613098537614436 2.757530205523386E-4 7.068942532904442E-4 0.01164581802898232 
0.8228824505121287 0.08540900288344028 0.8252194316873266 7.771520246380517E-5 0.0013542364164273613 1.4013555026946498E-5 0.010160811874688765 0.022799819679576297 0.05271716943416547 0.018215510691256476 1.8825031213919562E-4 0.003602959039011172 0.017650898141484073 0.0047379787493880676 0.002463693616499429 0.0010181425523574164 0.07474323497517031 0.009354497210196863 0.03210930803754064 0.011220219753459496 0.01047317436870264 0.012783919785203943 
0.8228824505121287 0.6361330252008341 0.8252194316873266 7.771520246380517E-5 0.0013542364164273613 1.4013555026946498E-5 0.010172421550569992 0.029552473456654193 0.05271716943416547 0.018138913250201123 1.8825031213919562E-4 0.01633868968283084 0.017650898141484073 0.0047379787493880676 0.002463693616499429 0.04347380986324643 0.04704758811985745 0.009354497210196863 0.03210930803754064 0.011220219753459496 0.013644707042678866 0.012783919785203943 
2.2478587063399288E-8 1.3788188535316303E-5 3.458019917647228E-7 0.2155793353477876 0.04347424452539104 0.03296506540236474 0.0041102250558119335 0.022788746733103653 0.02787104072393444 0.027057250800963197 0.010723147488215172 0.029611763661087233 0.03929156715651162 0.09018504609665669 0.01260378374360774 0.0015464061882235376 0.04715257552530706 0.6869777455326624 0.07197553437238564 0.010428403626449027 0.002288524356656192 0.5090016078031865 
0.2777409351546761 0.6757277487119717 0.8836844114166637 0.024871028383083242 0.05571545865577258 0.0016455281023646999 0.0011439864365272905 0.0031838980773861505 0.03142588213848115 0.011361403037738346 0.0017163299345192232 0.028640498639603468 0.0016656262737863134 0.007785316096041874 0.007865867267493845 0.04541885497112196 0.012663270385230642 0.06875681519762512 0.06051260401595478 6.778674102682642E-4 0.005504863069692737 0.01487122174009704 
2.2478587063399288E-8 7.147936516393449E-4 4.5665820692628465E-8 0.05286450413883062 0.002794771692502515 0.4559205563354638 0.004141496836978925 0.0407310245679524 0.004339981276733157 0.02719048568615827 0.005199908505179361 0.029515591435686186 0.03982974716403422 0.09606141024322246 0.038676928734293285 0.007268133901690047 0.048944285337967575 0.7002231859633608 0.010581415536223862 0.027947959733455225 0.013016392595726928 0.001845940306316629 
0.30096646272405125 0.8400539461363059 0.23155029366238328 0.00388880245878457 0.00823764455754096 7.481423189602959E-5 0.008784393088962266 0.026904073313090065 9.411642206762286E-4 0.0027074717072553475 0.008195697321935355 0.017376208352197747 0.0011971458680791955 6.18947574368145E-5 0.016712870188842866 0.010663481405447189 0.011246893870574367 0.007469728817852357 0.0010073545242478953 0.025827537378068744 0.06006034655901243 0.0020013077001220835 
0.10847062314759312 2.140866146107612E-6 0.0 0.023735985835123933 0.0031099914846283057 1.7535516976127305E-4 0.014975748210813156 0.024712802522174452 0.6358144529745897 0.020419583627611593 0.004331122816128526 0.026487103606116058 0.04548389134046992 0.09006993975467849 0.11642187899195988 0.0012057508040745413 0.0702492800080759 0.6407571379660912 0.0207433240341286 0.09363443752276164 0.0 0.5425960091656502 
0.2889102491570309 0.7540988097833328 0.32902107490564764 0.003391973800064095 0.016533819101370743 0.0 7.900546604345253E-4 0.04188453743234309 0.0014156496338410497 4.000886617915745E-4 0.0017184238523702145 0.06232386476495176 0.015310772711262119 0.007210398661375103 0.007793333287463486 5.492403721116956E-6 0.0030612679725443605 9.460434205757684E-4 0.0428266735161396 9.564264943119983E-4 0.0055097152310118695 0.015858407709081486 
0.8965934855334424 0.0 0.010355115295571135 0.0680817919881621 0.015245724709547359 0.018052250447227032 0.008014485301940327 1.3553074559226157E-4 0.0034979251273206512 0.011052397715670355 0.0068863787969016595 0.003939137239231005 0.031844686235275595 6.552362343109771E-4 0.035890865188999775 5.758673668553593E-4 0.04514177391818583 0.15500554332939367 0.018204701724689083 2.757530205523386E-4 7.079230983148846E-4 0.01164581802898232 
0.9620540950637569 4.5921062834767754E-4 0.7813203523289006 0.02360130386166049 0.00422553339387475 0.018420983971035684 0.008599847518872977 0.021976078408368294 0.008532580541288715 0.006669201003260456 0.034979335567712266 0.029375323717743082 0.03490997392696957 0.09729229030636716 0.014522923601437279 0.002095408360671869 0.06175591139924277 0.023781466219369378 0.03437567689058607 0.0014629877298729232 0.0 0.0014476594554609853 
0.2609349434642485 0.3179330916714501 0.8488806671789859 0.06529624894937387 0.012774599464372344 7.28058590384599E-4 0.0011646102666768958 0.011782591991987425 0.005311885300619306 0.028657637251522088 2.0325145512674683E-5 0.017520615905457802 0.03550533436135078 0.00325859189423431 4.604573725595102E-4 9.834621847219956E-5 0.0017537670362800968 0.0067710726009128485 0.009867999687965987 0.004574309190155795 0.021592885895940106 0.004721187579330315 
0.8221810373641366 0.3285440987671603 0.6765724985483643 0.0036608316171352143 0.0010309084254269117 0.01738632591090474 0.0018095158008615726 0.02558445600638605 0.05342335345010052 0.025411992474142015 0.003203053680903795 0.008583532732776258 0.014479419424572352 0.011463435489635302 2.5259902415881216E-4 0.053954465586135245 0.0705170120722497 7.566294024422453E-4 0.001337775036303176 2.827741734795202E-4 0.007171468274723095 0.014627660997561869 
0.6885938896849493 0.8799186955534523 0.6621902949360066 0.005008062608853569 4.7378525958314795E-4 0.0019522788475463265 0.060972134628111505 0.03594191405781783 0.03489191110306741 0.005996815787744894 0.008269956226749076 0.00252163536021843 0.04698344939564266 0.006393072542026226 0.04812445843187492 0.044352185104043 0.06991310918093205 0.011269993630745092 0.0024967798232830365 0.020690982784752288 0.03539938844247022 0.01152265745349133 
0.8651157815449374 0.827453292162242 0.0020005373650387424 0.017458423467690255 0.05598730632784256 0.01851781395624885 0.0074428181676041115 2.999703827097494E-4 0.0020550162268146016 6.37501508724209E-6 0.06959672430144073 0.0028410837828694185 0.0014487151056171237 4.1612043540726826E-4 0.009768396359451965 0.0016872722524108852 0.03395640636962642 0.008768453360516647 8.120644259139095E-4 5.000850746394032E-4 0.0014189625446045153 0.014502751938525805 
3.2829544585702285E-5 2.140866146107612E-6 0.0 0.2209637296159901 0.04347752852713934 0.44923264439738025 0.35068628140390584 0.02215252471421309 0.6160735738893325 0.021245775708808683 0.006321842145742645 0.029614279385632866 0.0072390610222662615 0.09036623190172487 0.11642187899195988 0.047206198100600116 0.07024668086922034 0.6781709505820404 0.07323456249283083 0.09430528537260051 0.0023212354783708616 0.5324608776342057 
