0.7164086935715305 0.28214411092150743 0.003020271464547225 0.0016352206742863032 0.0013795711643674706 0.008129565481801713 0.004880576083320546 0.02880047365090106 0.007094121709473437 0.006099767312500861 0.008410277106107533 0.0028325416378974927 0.01832185255946786 6.327989675198632E-4 2.5139723792372065E-4 0.0626159849754153 0.014020292756556234 0.019858071713224307 0.008709966533234241 0.00584683144797708 0.006501669282829776 0.011713620561173279 
2.069721339159066E-5 5.307864727061328E-4 0.03982537752145021 0.012271500161216628 0.05603354179744527 0.05538381966084843 0.05163103657801646 0.009385138583547711 0.002991900813988299 0.00935930260273008 0.11403605107483655 0.09979125025660432 0.0814023909699057 0.03775060627836285 0.0032772288128829897 0.06256898989928927 0.04601074131284542 0.03638095605807584 0.006505168148787625 0.0014435164301365936 0.27778274278422904 0.043661210427041464 
2.3223071315794745E-5 5.307864727061328E-4 0.8558880085638458 0.007392398871634669 0.05603354179744527 0.008828809321949245 0.05163103657801646 0.009385138583547711 0.1309211398369748 0.00935930260273008 0.003146144068700764 0.09979125025660432 0.08164780862255633 0.10040977919127139 0.005169790920752912 0.062399988011267116 0.007714094948554219 0.16289494269939048 0.006607544350143491 0.0011019407761936584 0.06300478396819754 0.042609705253849384 
0.21804820783562937 0.82890598201281 0.6682154867459875 0.0021845962431837214 0.003913551802566039 0.006428577704034241 0.005336516685015523 0.02289310588214239 0.010106820775752662 0.006919851238454962 0.0015763525803901418 0.030914401950910164 0.00440547966575838 0.020435375424766433 0.0058385872728699195 0.004211827499863038 0.001976344970933548 0.060322013679838235 0.02857283021748378 0.09458455445168527 0.011015906834101422 5.337871139960049E-4 
0.04723873478512142 0.24218214274054162 0.004279721431938999 0.00441528660992817 0.05729011024195903 0.009181275971427205 0.02673690878840039 1.1280242339664951E-5 0.020876520123809104 0.011594790941338905 0.014438260246498916 0.008505128568199042 0.02644081039762962 3.6374378904773744E-4 0.04032838841650582 0.030968327941144222 0.005017787423015166 0.02395171629199221 0.0132461678750668 0.006173218723342998 0.01369616295783598 0.0037863218482908903 
0.015458842052812866 0.2486478884011054 0.23767782473047674 0.004311309274368233 0.004022504812729598 0.037996532868813195 0.10500427178579398 0.002799230081166941 0.020374208401158382 0.007641391531244518 0.008298570023434261 0.077151810229321 0.022148331381177635 0.02029375730061454 0.02354026787782626 0.0741388557683857 0.008650250183096536 0.037898539549422405 0.05668022665764355 0.021828658587736777 0.20209470075914915 0.0047371348680706644 
0.6671379254483705 0.8823532567786754 0.7645441397693323 0.0021780218349336305 1.0912604197084122E-5 0.009576074001107052 0.050055042402997775 0.021039532219623513 0.08126743940159754 0.0070154637605487746 0.0343553157972372 0.03265444209378153 6.411786123468246E-6 2.2307924842673854E-4 6.340486518002539E-4 0.03218341712984894 0.002242292081276191 0.01847876437383702 0.00307846274525146 0.0053871059796116085 0.05812792280622134 0.0050286526312599625 
0.21325733637489572 0.6955762875441605 0.05823838316724286 8.135118489545064E-4 0.002186145777512574 0.0485931166175782 0.017269956766430183 0.02056036064902883 0.004841705390517017 0.006234671196335446 0.0023687278637541847 0.07118742154078754 0.04825416795506815 0.051003574674535604 0.005218734282773923 0.024194928576696653 1.6006903917596292E-4 0.004246364620644608 1.9285524203030337E-4 1.777634293809744E-4 0.022169505627938717 4.1099840089988196E-7 
0.8417621241273998 0.26202670323514127 0.8586241786433062 0.011923036499405848 0.004929551453497419 0.0011096580140571785 0.006135724304506169 0.00945243836338001 0.019382893478357373 0.010095446803096191 0.0208845058613214 0.004942832434447264 1.7765836936136162E-6 0.002192268457221748 0.0021580415251231805 0.030668846072966768 0.0040446913993831095 0.0011082879640424547 0.002072509330901754 6.59166310551598E-5 6.463634021163425E-4 3.8632651880454727E-4 
0.5750494789347771 0.34121943004961025 0.0 0.0016937122158484103 0.01033954751389329 0.008752341553814536 0.022100107468609038 0.003181282525251775 0.11670559246298093 3.655037569700189E-4 0.033101549756017756 0.005051424602669349 0.075308043050837 0.010331213528124439 4.1402875124105926E-4 0.05509122684024217 0.004735356116940296 0.0010050557112824092 0.008458205916251306 0.006812488128124164 0.004961853109708267 0.007522048475879715 
0.06539544509154738 0.01735436943263713 0.3351419013155368 0.008954594071993494 0.009922975706771798 0.00326678056495531 0.026342437078364554 0.002462312519138376 0.008882702663903886 0.006596745933296915 0.002196679304490891 0.03203680981076787 0.001602149647710696 0.010595823431204285 6.158909841169804E-4 0.033976572389739855 0.019038340976275794 0.04345262845641394 0.15787551964899849 0.009097966161828444 0.01155501146122415 1.4448781712132568E-4 
0.7528921702916165 0.6336792390782093 0.9361377146973175 0.0024002668187642975 1.8967690858522415E-4 0.0036293947499397186 0.03061884614969358 0.02152539641310601 0.013865564988513043 0.007697168979920056 0.05112645618005318 0.08951746807104641 7.462023326992549E-4 6.200790620248999E-4 0.019539170543419367 0.015571544523370104 4.749899976317414E-5 4.103500434288719E-5 0.014064854989919582 0.011324098456271029 0.01184061503809131 0.004059992562508219 
0.2126501395719607 0.7525299858924728 0.2485580575900924 0.005286335938893362 0.012818083113291225 0.0485931166175782 0.01746396324355534 0.1161434936504576 0.004841705390517017 0.00626679042466873 0.002279825099944542 0.06854730778570109 0.029639725059316904 0.07381980201508492 0.04049686392833024 0.024194928576696653 1.5628467526855334E-4 0.16209775427942325 1.9285524203030337E-4 1.777634293809744E-4 0.022169505627938717 6.16884542146718E-7 
2.452675919535852E-4 0.004973304785026056 6.304941719122935E-4 0.1254729600495707 0.021207458772910553 0.0014339082954192284 0.05354930125940141 8.766365430106816E-5 0.00268501942315073 0.08476170894376286 0.09585130726553956 0.006925272353431693 0.07409803865376742 0.010954665217546445 0.04119854713683749 0.07585015174687479 0.006430359841215392 0.023526836686805722 0.007473076335748818 0.11059727261717331 0.0062118140755885315 0.010807691495678874 
4.576808239632876E-5 0.35238400845694345 0.32337791289984463 0.0 0.00951944456980339 0.0010741004019836867 9.077229550178804E-4 0.00831849772082286 0.005672472943532904 0.032613840263484434 0.09275289799543834 0.003589498081740834 0.0016350597427087655 0.007608878149897393 0.008360314664504001 0.12242511878259757 0.013699628643445979 0.021700016798444143 5.286922624840222E-4 0.011644615678651929 0.012002235353790712 2.515613389239505E-4 
0.03557347057851479 7.644786211993271E-4 0.689105570909742 0.004466493258663627 0.004303224841828638 0.04263383426551237 0.05125977805575374 0.0010902866280034047 0.004764454243304867 0.0027945707271817906 0.05735449285536376 0.005646757533477195 0.0029889169703403023 0.043201767331852006 0.08348702885630412 0.03872697009859943 0.002922555771045248 0.021363186447588358 4.06918264269137E-4 0.0011780501867447444 0.013242555664181263 0.013049580185369655 
6.702519664385509E-4 0.8670745947361584 0.8021267906306508 8.898401257826299E-5 0.0015149207469652261 0.0025846805211353577 0.021714812687656102 0.0017741181880475947 0.06252274447799996 0.010260979567971052 0.03278523567662726 0.04965386158912867 0.012604980684320609 0.03764010640302952 5.561812055632982E-5 0.031177818980300986 0.009838646589114965 0.05983273731052634 0.0 0.009899635723000524 0.034127410944715816 5.483719822507583E-4 
0.00820097231683617 7.76286439408469E-4 0.008530529101534068 0.010697573212596546 0.03154935885577037 0.0018287544050892923 0.048622775053735065 4.989596405704053E-4 0.012042232272480243 2.3182512967724785E-5 0.16341670269780956 0.07109241008285903 0.0021772539671908314 0.013093026565378172 5.966551445345685E-4 0.03764215958696398 0.00861952739895104 0.0210640477362959 0.027614929165002272 0.011311226893101496 0.1225352085954356 0.006044616962605925 
0.014321536092073262 0.8993701047726569 0.7645441397693323 0.010794920544045686 2.9530492535982536E-5 0.009576074001107052 0.048648851027009624 0.03938319979745586 0.08126743940159754 4.028836098334543E-4 0.0343553157972372 0.031863323175924774 0.004286496223781546 0.002181529958278874 6.406662082250221E-4 0.0490086906817968 0.003956581888961479 0.01847876437383702 0.0019217456085819339 0.020101175603467754 0.057777292486804535 0.002458555077020288 
0.008202451981082215 0.2530498178236991 0.2401018843745175 0.028931667530263223 0.001756626769929933 0.007005223818644953 0.02891939970843852 0.0 0.013747050178904228 0.006019495193184902 0.0038137667903215336 0.08568508366218089 0.004955714192011594 0.0015499608991474678 0.004676576278222599 9.051084482635981E-4 0.0153030478730434 0.037865674389414045 0.01627876461762158 0.011065197223101432 0.01216652379656374 0.04547783045767724 
0.6889414876428117 0.008826087378858788 0.6440907295463154 0.002545713791414223 0.05613621410747919 0.007632354017512685 0.0 0.0020891534806933257 0.0030122303735218015 0.006019549675250218 0.029212112450635624 0.03338510125039522 0.005149801879816779 0.03621453151578474 0.006624824140469662 0.06257939555731284 0.015587399565631203 0.037561671335611876 0.0023761306976631574 0.05240295086596299 0.002324041769898054 0.04564830488200056 
0.25758274666841724 0.34346700552968845 0.6439183138944844 0.03253655061773166 7.961284623737557E-4 5.417594770126136E-4 0.021377786816785736 0.002955900398385451 0.013021448797893747 0.0 0.033733175744165365 0.0038295956033676005 0.0019441687520504879 0.003400224221753292 0.001648619912308886 0.07301415356210927 0.013989840506908576 0.03767265451980684 0.005120567572713363 0.010534072271383348 0.004904156730618784 0.04488494232862816 
2.3223071315794745E-5 0.22078164073762033 0.8558880085638458 0.0014353835549800402 0.05603354179744527 0.0038416493341689997 0.017039854038679966 0.009641443122502757 0.13185538188844592 0.00935930260273008 0.11547478512180523 0.09979125025660432 0.07861421329332739 0.004553296048344702 0.005169790920752912 0.06256898989928927 0.008791936506819132 0.03632634623872162 0.006640625807805086 1.3948330001791256E-4 0.23220316252631656 0.043661210427041464 
0.7155630892188966 0.8131761578074903 0.6048844662492541 0.004441242804427707 0.002020433272702073 0.0047536853062253226 0.004843554126503525 0.029869453361062025 0.010058755921571 0.0014431541375784732 0.027494856194769955 0.03604890353037893 0.018148816304477178 0.05067943156700491 2.5139723792372065E-4 0.07163118546561523 0.005061170078645364 0.06651810632523023 0.008754350914322721 0.011198625145231213 0.006493023441392198 0.002280245645620688 
0.6352624361524111 0.604407024065766 0.764585487579101 0.004744650654254175 0.053468639491364336 0.004891785706879823 0.049353212668405186 0.015272861995233599 0.005028070898975209 0.0045150989573735836 0.0019222466546747058 0.00848688513716212 0.016296560864205563 0.01382446616174858 2.0969085416402272E-4 0.00366436256770882 0.00527271883409395 0.02327909843467077 0.026634307973727633 0.0017147957100317117 0.004066582236944092 0.05699820598847098 
0.6316703566534504 0.010884863713555973 0.8681713205451665 3.378249658605621E-4 0.003769433856105853 0.0012871644361314375 0.0015155880339726355 0.007655726889583714 0.012784230224672762 0.002791651784995338 0.004175574168947117 0.028450286525700967 0.06720619245415949 0.05630240155556667 0.0412179183696616 0.0635885656420446 0.0049347520747805955 0.020113864267207703 0.004252217553723613 0.008708991760455243 0.004596019042545765 0.002065580685206617 
0.7844201417591176 0.24218214274054162 0.002455910723497323 0.00441528660992817 0.0036669490899923843 0.009164936141560703 0.02681817777773931 0.01556436167437784 0.006030666216394886 0.004423688711720739 0.014438260246498916 0.009567504369271826 0.02649386097243437 3.573644444131395E-4 0.008306502972492644 0.030968327941144222 0.005017787423015166 0.023951060720587197 0.027724723832297266 0.002142221355010708 0.013811354665060062 0.003940088283992087 
1.0626808969174434E-5 0.48055690893870867 0.0 0.0020405197918331995 0.004536508917724872 0.04907961994792105 0.041839014587447994 1.1041068195604591E-5 3.319820996763364E-4 0.08463696618063829 0.1812035242046605 0.08630324189024513 0.023354483684917344 0.00364215882359672 0.2941427008245596 0.05834455585492464 0.03770613517494888 0.023563434387940913 2.5185074679087943E-5 0.006722908436513651 0.014043545591759792 0.045255213723807086 
0.0391338604534362 0.9119655031331341 8.714881883950385E-6 0.018987918547343483 0.5668046723886866 0.0018958677805521289 0.028589103346973347 2.2830389716334536E-4 0.08304813309411867 0.009864308297050813 0.0034163447547540045 0.012492747612009884 0.0019505580176336329 0.012072347748010755 0.10211715573158552 0.11214827280672388 0.013625504040221713 0.0 0.016351265447949584 0.01128617629354818 0.004763790072312188 0.0441623565378661 
0.8906138703551704 0.00391719951197772 0.7646693082327394 0.010799052013324165 0.003383891730523829 1.4483387310129138E-4 0.0042541095993580535 0.003938574505872813 0.057976510956386104 0.007337472493360211 0.08863969813296922 0.03029723097846443 0.0022032094850132633 0.038912229244025605 7.742120299764448E-4 0.06348835091563952 0.0021083256395473754 6.729899342260508E-4 0.05121643953483234 0.0013406678471328164 0.016356111485139685 0.004875678596481334 
0.2781741410058166 0.6884660237707694 0.6856188727463338 0.0021020509444350187 0.0016404954654328221 3.670091178301473E-4 0.0 0.003025672360989235 0.075295766687111 0.03328995861274717 0.0 0.08345926197766267 0.0014458477486673487 0.020458345186327026 5.438658065079777E-4 0.005847762240763128 0.04273354571993254 0.02367743664981031 0.0 6.720921272547822E-5 0.01148003750838124 0.001107695839764545 
0.8744052085543078 0.2530498178236991 0.2403971830595621 6.78732289733989E-4 0.08750277396479912 0.0047273072256298 0.0 4.772219491976646E-5 0.0 0.0057854515061544366 0.0038137667903215336 0.03572536647980706 0.002106101135394999 1.0729226285829171E-4 0.004718821325218124 9.983098552867001E-4 0.009450055167103791 0.02573728313397913 0.0 0.010252750642710907 0.002661220323652576 0.011829505806016785 
0.8059319621273304 0.007323865390922835 0.8797329629375497 0.01890406086567014 2.8431004823881785E-5 0.0025701147927571382 0.02540270758502739 2.0329819561713206E-4 0.005606938881153856 0.011680425265542173 0.0043304213339565205 0.05004148084217671 0.024328243409010453 0.01089004622119288 0.011494313788618973 0.02992581493951421 0.013559640589730585 8.695790625717868E-4 1.6181448516227638E-4 1.9210200827489193E-4 0.012971833289526068 0.0015099285338880594 
0.26780092582885306 1.0820761042776793E-6 0.6560811370630019 0.03300657234065828 0.004503329019614683 0.05421159574551476 0.022336812833582048 0.0010361881456225396 0.0014065426696278655 0.012029616782429763 0.17900657118992824 0.03064927792853487 0.03253142041617166 0.009926791214275067 0.018839577532091825 0.005189139246667748 0.050522846594706516 0.001484940031186023 0.0 0.011845346921953756 0.34662135752522183 0.011162998670071377 
0.7097589702966217 0.6664697838691616 0.2664083916984327 0.03384590563676006 0.003962103199582469 0.006897225059814072 0.04938770199709014 0.02179309803064419 0.0659010704524298 0.0027843679007482375 0.031080711405343665 0.0018473196809459039 0.02357200100351238 0.011029459423299779 0.005316499333259214 0.014847753829148214 0.002158815318865151 0.02422134658648385 1.0242835643324436E-4 0.009858616676737651 0.004212530485079666 0.011157954057171123 
0.8535995719649958 0.8297160992908962 0.8068523020643558 0.0035937216276946387 0.023723056360295428 0.0037246243296308462 0.001377974295818065 0.006740637655925684 1.7458079410045577E-4 0.010711570443878377 0.00844048817440173 6.683872434188401E-4 0.02476878353828045 0.03813525264493093 0.0020480488926048444 0.03253698336778446 0.0041587713676421376 0.03887215791489641 0.00914161829677513 0.0027729604165177297 0.003518522364126978 0.003269929742389309 
0.8345015807347318 0.7481668944390963 0.2335679083182925 0.0045322927017509024 0.003155428303756744 0.053426049509205355 0.028840491420349557 0.0015877755168711444 0.0850239131708715 9.15083415207862E-5 0.1091053071366394 0.008263581386648745 3.033677549032932E-4 0.17605833537232413 8.661947409045051E-5 0.004223866284640519 3.5832837273393474E-4 0.02315959612856536 0.004797987602944856 0.006265756964797483 0.0048412095413399745 0.009329974702222726 
0.8774082488534786 0.6971932073583287 0.8061232450840126 0.0016540554211143862 0.023797447224546395 0.0028970993631522073 0.0013207658559864777 0.007139744174767518 3.4060598947411507E-4 0.03700203590203502 0.008495311990656406 0.05096942882766302 0.025712458926604315 1.7574484729357583E-5 6.993045284675876E-4 0.11616550052057224 0.007417239822351837 0.03881610118344406 8.29603317975324E-4 0.020694423442278932 0.01498244714076963 0.008016602465067968 
0.06481518271134067 0.017876821442542407 0.34047326867762473 0.011202643217699716 0.00999089997654205 0.0037599182418282732 0.0016284989555012612 0.002462312519138376 0.008882702663903886 0.006436722451233511 0.03266263893799794 0.03203680981076787 0.0015556323390961187 0.0 6.158909841169804E-4 0.033976572389739855 0.019038340976275794 0.03429394176671182 0.00460487586605334 0.009097966161828444 0.01155501146122415 0.0 
0.668594120465818 7.644786211993271E-4 8.443463456545008E-4 0.004456271257855523 0.00419951860713037 0.03809169149002073 0.05133701506268501 0.009551286698470171 0.09751749501712989 0.0027945707271817906 0.055905336154185914 0.006607585172917009 0.0321127462723803 0.037434443855781534 0.0031339578971170956 0.038367111140497664 0.0 0.021363186447588358 3.1143302640841523E-4 0.0011835892644549524 0.018154469255346 0.043351137920236836 
0.6686247561730285 3.6797592594602926E-6 2.1698076873512967E-4 0.001394489989512868 0.02080727133347879 0.02665230136889707 0.01793085814718391 0.003936256125817252 0.09692748584529512 1.2222617142160566E-4 0.17690804091706336 1.7551747734900758E-4 0.002600347437680884 0.021793609062887794 0.0016213193368456976 0.027824942007312364 0.05042735790939261 0.15911531837972093 0.008267916104350858 0.01127790340401625 0.06365054277696487 0.043433694875730816 
0.6677541521466044 7.644786211993271E-4 0.8583463023986435 0.0026665900569456304 0.004298568723123459 0.03809169149002073 0.0165755762799128 0.009551286698470171 0.004764454243304867 0.010076638429716067 0.05715486581422259 0.0066074892556378245 0.003013152319831346 0.0011635503450372134 0.0053648659068339585 0.03840366650508896 3.1285776298492843E-4 0.021363186447588358 0.001483584738177569 0.0021497770531564197 0.03205176967938508 0.0015952697382227024 
0.2754926549541009 0.7468955232450836 0.24397647108693327 0.018118201746815558 0.025195968642759914 0.004607392022011974 0.01712805287724646 0.008451030942776789 0.0047160793034938826 0.00626679042466873 0.0024848399086328066 0.06810707856336516 0.0 0.03763527595688959 6.943590834122869E-5 0.0030910155519165133 1.6006903917596292E-4 0.036694274451151684 5.773777211748078E-4 2.1525019722033138E-4 0.0 0.04557079683838247 
0.6889833336502671 0.8730054269251344 0.6653032605487683 0.002662137127928904 0.010898763040367146 0.0058838445182809885 0.029778532681779518 0.0021727376875221222 0.005047854273261959 0.01055878719660845 0.011117071795795928 0.04195609551649142 0.010121718860958265 0.0021096314246821374 0.015212341348660084 0.02209728444053606 0.008479157513974607 0.02035682626376495 0.0012317572969696602 0.0077313744900972 0.01428676638037007 0.04603074780417113 
5.635893684199922E-4 0.811393872253473 0.014489977266948506 0.007496655458316392 7.838845437868631E-4 0.057200985629899975 0.01672586933367327 0.0 2.544839705733949E-4 0.003194272064030536 0.19114526263299764 0.027209532706363393 9.23582701491607E-5 0.017611508086708187 0.0054258610266413754 0.02538233681810831 0.013254531362085133 0.03804881340244122 3.254587762925318E-4 0.010012307775672902 0.025593708588244446 0.011008278912489507 
0.8209880188566312 0.23873027751254677 0.7302860274695733 0.03242676339791588 0.013326581835584491 0.0 0.028678912806492804 0.0 0.04565176212231399 0.01162159080061538 7.383718855880871E-4 0.008515385903921032 5.466930332329248E-4 0.028952929884538056 0.02051325567006393 0.08083932246521437 0.0014364524590356597 0.038165190661544016 0.026617216647516883 0.006189475082075815 0.0049625729281035785 0.03905398206870822 
0.20744364279853877 0.6694054946046613 1.3829740794399012E-4 5.985526216481939E-4 0.020790607282760262 0.047053869127375386 0.01791437715308161 2.7231432239221975E-4 0.005954996265393338 0.0397021087472858 0.04318178348130017 0.0630831549820234 0.001404944747268014 0.03756182187159145 0.10463875917831572 0.07314114048137568 0.007082511798529723 0.15986981209638074 0.019824432515354203 0.011845998388807424 0.006189072448920951 0.009297866886796544 
0.2672038688025876 0.11840891307608459 0.6454270022290844 0.003173093794015612 0.01241840438217362 0.002592519904181528 0.022659023595944558 0.0010564883702567952 0.01674721028765727 0.0027517808555519675 0.004362729463294113 0.033368670448031386 0.0043046583651514155 0.009164118849029644 0.09222927711835234 0.00584193551352602 0.015584077750891212 0.03923986553185446 0.019071428092512194 0.0020313133580533663 0.010104072185172565 0.0077202035881027 
0.2889355780623567 0.7584586020217301 0.8235468002668489 0.0022001225383010666 0.016925099978679237 5.207812272474029E-4 0.021573610123920672 9.874928094796363E-4 0.0020319671792566538 0.003842118424373005 0.021926264105774564 0.012458542911738903 0.003941290550080166 0.037074117897412266 4.7465767318091235E-5 0.03205529993933239 0.009471916760297254 4.678269839436338E-4 0.004308697510143249 0.010173536704953301 0.03416401635040876 0.043145919615409 
0.28093975910011476 0.7307941662019937 2.1913501229604837E-4 0.011223565213131677 0.004557596159528136 0.0037674827133647166 0.02137322922170381 0.003798283652767933 0.0 0.0022023690057767983 0.00733069570042549 0.07748417985405599 0.01118365540772738 0.011599091903203901 2.0731625825294184E-5 0.050922193699086404 3.376324345537199E-5 0.03423894391266687 0.017376731455914333 0.001530578910107534 0.016567808436665346 0.00404917326814044 
2.3355037859591098E-4 0.786410781356826 0.24552086558071967 0.0021782674484314597 0.004816424511202204 0.015581984109113926 0.04858334200558125 0.00442315436218246 1.685238720270238E-4 3.225766383066486E-5 0.01092242877972507 0.008242775856968643 0.0019094083429977225 0.010422078770934595 0.00238427813919051 0.005741243578314806 0.002150895441112027 0.03614547409976079 0.01896691564151865 0.006246078459845836 0.011904464459763182 0.010688851122638055 
0.7003082178540446 1.1071245827980452E-5 0.8927815503785014 0.004456280369498021 0.15850576510135983 0.03754127166973687 0.0165755762799128 0.02165141268974422 0.22038707921040285 0.010273766728745425 0.05735449285536376 0.006665878487538813 0.0029889169703403023 0.037582586681302155 0.0018874489222722515 0.03076422264784406 0.03698096119429774 0.03805309740508305 0.05297315880428805 0.30977091018256586 0.017833917616623285 0.0018634607689525305 
0.6754048681846472 0.7817426306567913 0.01253651244974447 0.004312744795783793 0.021053265543077043 2.0974272072631778E-4 0.022659599817095567 0.01484811203721275 0.005298883711443321 0.0036712139451078704 0.0033779341346674256 0.03348995179517579 0.004136602450005796 0.005878874261841707 0.08787642208622913 0.03939869795463516 0.001670665676030551 0.06984929337964972 0.019287779974523335 0.0021326019690676512 0.0010124887578586636 0.007962674256431629 
0.6744413769211411 0.23420023109128607 0.7391199108377875 0.10883407011137852 0.013155818684878452 0.003021693105159212 6.158086207247587E-4 0.01474173628329653 0.0041750732315609836 4.264979034222533E-5 7.383718855880871E-4 0.008755506420463605 0.026193437153788447 0.006142049730517463 5.470484984472918E-4 0.11219854187390839 0.002098553855425154 0.024764289379347645 0.008219447295906518 0.006189475082075815 0.004967274411688774 0.03713454815969649 
0.21247093982887655 0.697248974654966 6.860825812665117E-4 0.0025162508608465354 0.003048278241310919 0.0029641742334912216 4.821450649623838E-4 0.00404258932766809 0.02527956204108074 0.02953896821704471 0.004940937458260531 0.033117576013299274 0.024163702113736703 0.010977240927035472 0.003066470823497826 0.23241094067822005 0.007435531154101489 0.03525018377438639 2.20526678727099E-5 0.006834780425074309 0.00572668076654894 0.009355036482619625 
0.7680417274280039 0.8227320238601872 0.020227720300783403 0.03957038137679712 0.010057740052474489 0.006714190939102537 0.0010062165047504245 0.0056597133845051936 0.0024784395116353307 0.07096475820204726 0.004347083737081474 0.04065104205667624 0.001006028987558711 0.044382727418660346 5.320911126574699E-4 8.356627416545681E-4 0.0043380035968523705 0.04384223427799297 0.15829393075552223 0.009164796707497671 0.003963099397976069 0.045140470480016695 
0.8059319621273304 0.3510911530610058 0.8788312134856335 0.01890406086567014 2.8431004823881785E-5 0.0011724304283100481 0.027609345481887843 2.0329819561713206E-4 0.005621026992614991 0.011680425265542173 0.012454946516633609 0.011521122900906709 0.0057759499194562835 0.010911358181685586 0.11140076031801674 0.07430636586801818 3.8105243529912725E-4 0.021638742727365823 0.0013962305913761998 1.8208055876098132E-4 0.012285307785220172 1.6868442312583526E-4 
2.3355037859591098E-4 0.6740254853367971 0.24480846673559742 0.0018153008062627759 0.0023087556195301373 0.045701838134223675 0.04862899946737551 0.02127023060047826 0.001954228089812965 2.316514927039326E-5 0.1113845937018568 0.00977060418311022 0.003796782677714574 0.17578566995780198 0.013468370478350832 0.005311405562762862 0.002150895441112027 0.03614547409976079 0.007926079945888516 0.006246078459845836 0.004034478232071077 0.010688851122638055 
0.5681945775867165 0.0032430362940484986 0.6488968046509418 0.029685068632883577 0.019858744175403318 0.00879347783257708 0.0 0.02064262403398064 0.0026988649207212306 4.57736405651883E-4 0.004034911492207808 0.0713877560974051 0.073422061343106 0.0031117510747230718 0.001141997373008497 3.680921482697372E-4 0.004840685208973683 4.1173843195801675E-4 4.9539641317074994E-5 0.00877789933921716 0.0026650335763516476 0.005055606697801405 
0.2672038688025876 0.6114222272408681 0.6454270022290844 0.0031758272977872133 0.01241840438217362 0.0025125347986768585 0.022659023595944558 0.0010400061726403588 0.01674721028765727 0.0028990277557661573 0.050510907219830134 0.030660580758893167 0.004292025062486875 0.008981485304795962 0.018172814169328096 0.00584193551352602 0.009310467496738875 0.010376010823891259 0.019155775109805036 0.008941321450206301 0.01022089366301207 0.007722856531734835 
0.012704163729494289 0.6774577447726492 0.6830323563825283 0.00550396213952122 0.0013806449027569433 2.2605953865168556E-4 0.04787547683783257 2.2975193239066908E-4 0.09388701235247947 0.07531871605153834 0.019957281781323583 0.06561450212169814 0.003770300796912418 0.014215335165886623 0.0072402207615113665 0.031357149785545414 0.005073404259906735 0.024275906485757524 6.837270682998903E-4 0.005696329432473951 0.0013843920943453663 8.085854965682554E-4 
0.2889355780623567 0.8536413832598058 4.7978552187627477E-4 0.0022001225383010666 0.017173133667147816 0.055842967593482895 0.021374678293450293 5.686767111892496E-4 0.0020319671792566538 0.004004553463116325 0.023081870410319373 0.007118774470130464 0.012796549152556722 0.037074117897412266 0.0016115146455969282 0.058122033810476 0.010269689899993488 4.585761367832032E-4 0.004308697510143249 0.011817394464342785 0.02926999710637007 0.010957927764134769 
0.8497841295537403 0.34340383114186646 0.7645441397693323 0.010787071821721587 8.020566541139381E-6 0.009603280639898518 0.050055042402997775 0.0019935651137273917 0.01935675259183535 0.007337472493360211 7.44769417465247E-5 0.07582326479898907 6.411786123468246E-6 2.2307924842673854E-4 2.7284610746542565E-5 0.06394092353314078 0.003956581888961479 0.0414118006648806 0.0018772831155508788 0.005307082639449663 0.05690775485057406 0.0037048373530901395 
0.6777761210891287 0.2570741314595904 0.8681713205451665 3.378249658605621E-4 0.0030706988936610464 0.0012871644361314375 0.04807966505976216 0.004683062997084587 0.012784230224672762 0.002791651784995338 0.004103642667675041 0.028450286525700967 0.06720619245415949 0.05630240155556667 0.0017402404638187058 0.06166833241435773 0.0049347520747805955 0.020113864267207703 0.004252217553723613 0.008708991760455243 6.314794770828289E-5 0.002065580685206617 
0.2678464018810346 0.8067014002212103 0.6782223342546136 0.002115462112094609 0.012729241892606111 9.294089973900688E-4 0.031052182079997884 0.0032052676072955796 0.005592300892955274 0.038695958485421476 0.06914801086886177 0.1162357911023229 0.0042671474303802815 0.006432686168149862 0.10180464354386069 0.005267446078212825 0.002888281970839025 0.03217911537972759 0.0017234220078238879 0.0072466272588688615 0.011554230816711215 0.05054398933961944 
0.7161816711176924 0.34674862550373386 0.0 0.0016937122158484103 9.280425557125693E-4 0.00879347783257708 0.004393524674517139 0.003655945794759967 0.0331699852622578 7.830756117696778E-5 0.033101549756017756 0.07845672923794544 0.01999852840193696 0.010331213528124439 0.01986451322216703 0.05509122684024217 0.004864407759329492 0.0010050557112824092 0.008458205916251306 0.006744320162644277 0.0012982969475066276 0.005832808595295579 
0.8476461666014407 0.8268908167865506 0.6627624969478985 0.0011824541975710527 0.024505012612100523 0.08562604486332523 0.022595187540732163 8.330765750916291E-4 0.006080191970012316 0.003035703433452403 0.0045277887732291765 0.022112824250020743 0.0019405134565225555 0.009472596206592607 0.10526126271469118 0.006926522294640733 0.0013026436362890813 0.026367112103847658 0.003986405783768382 0.010103666680912084 0.014438608764454818 0.04510811068562785 
0.13632080540369768 0.262848663165795 0.23881231558704408 0.002676369340508619 0.004838380999781532 0.004400423516158824 0.04773604627326537 0.0021269195411715916 0.016610927445484373 0.0028263774571722663 0.004362703105520641 0.008427567027788109 4.987860184035436E-4 0.001358022190268371 0.005807939023114786 0.06257939555731284 0.0015238314107169464 0.03891630436018714 0.0024813687550603748 0.0021568854613114225 0.03201443521832828 0.0016033541492984481 
0.21804820783562937 0.82890598201281 0.6965780451503115 0.0021845962431837214 0.003913551802566039 0.006428577704034241 0.005336516685015523 0.02289310588214239 0.010106820775752662 0.006919851238454962 2.7701035987352275E-4 0.004657286965022805 0.004404480532867119 0.020435375424766433 0.0058385872728699195 0.031083544413813804 0.0023204804887396874 0.060322013679838235 0.02857283021748378 0.005247246744369296 0.01073890415806501 5.337871139960049E-4 
0.8119829269543535 0.008234352754524485 0.019750852104137573 0.001291955497787197 0.1553268753579305 0.0026609594335663773 0.021571695039875795 0.010599816083833022 0.012118229991369207 0.005649542557690727 0.00470845649676682 0.07752929978762133 0.012883783017109521 3.502205277878983E-4 0.0012789556453955166 0.028662811745974983 0.009831003624097513 7.047831595787292E-4 0.020460207450868226 0.009927014276351438 0.04702097190936936 0.003127505918134918 
0.00465272425147191 0.23111179244312102 0.03074414237074749 0.010710180077072978 6.476233103382264E-5 0.002810978661872434 0.1111790167444118 0.02045668624871504 0.014943539204434964 0.010490481351019092 0.007019697660819012 0.07738211622600813 0.0813300723599005 0.020052515978811247 0.023578126255339428 0.07109843681755987 0.0300292494391186 0.037898539549422405 0.055524523310668594 0.010177060419632594 0.0018355008377328097 0.04311051949895712 
0.1866653265570824 0.8833509028468787 0.2772204181145448 0.0018161745335553113 0.02525475991929103 0.002962772063373754 0.028282235404017576 0.003396188962008954 4.4810503348769425E-4 0.006344731099099207 0.005842255321588527 0.03145022519561211 5.429016873182493E-4 0.018075415551742507 0.005929167045587429 0.00441975484989637 0.007435689227458592 0.011529141890287697 0.02672554393851543 0.008445179049869253 0.0013624876816577848 0.0021528785625170715 
0.26377787242437023 0.09995569047413438 0.6444743318458017 0.04368067386131135 5.047877305058721E-4 0.05614650050442887 0.027929158686264603 0.002684380166827375 0.005669384139144037 0.0023345255739333232 0.03507308678573416 0.03409433632694821 0.0616669693486732 0.013159753901476692 0.0033126381716030735 0.07264416810822259 3.11679980619246E-4 0.03811587974769275 0.016855104685701883 0.008269162729385965 0.06343735479757355 0.0038764223355069157 
0.042193452548569974 0.8658947497965148 0.8490988657981777 0.0011053998620497519 0.0048217405579084865 0.008960266651218856 0.02223932313928072 0.007687369827857138 0.020218222083092947 0.010012168997509539 0.0018627691120850637 0.015043916615187614 2.4967187645341324E-4 0.013566223734835521 1.2633375936424484E-4 0.049406286080729646 0.00415587725852614 0.03829644812399384 0.002075746015817656 6.412033830095884E-5 0.01687627813079419 0.00379471264239754 
8.079003482868718E-4 0.017688866195018346 0.8358632309566885 0.0019637338542963234 0.001609390721990912 0.002554609972033807 0.025393382558037535 0.0013654648122118614 0.0021235040800649547 0.008765342994632226 0.005968003521040273 0.049259572969621766 0.02412696006992438 0.0025931315565115016 4.3136007726523836E-5 0.030977221542043108 0.005222983161140344 4.4459535612429574E-5 6.0114734469801385E-5 0.0016586129020637972 0.008480960498393975 0.02693226524853253 
0.05589144187752301 0.0 0.23767782473047674 0.007387072108862242 0.003989890649163582 0.03792631342029557 0.11218341584123057 0.02169423520968047 0.004768613091244995 0.006382660612360725 0.0026102478750203366 0.07716321814894055 0.0020438580038708645 0.02029375730061454 0.0020757335801211097 0.0728823364768611 0.013163299130267706 0.162323686998908 0.052947068065908674 0.28402653435705316 0.07222238486777628 0.0046890139109367 
0.012857479157732776 0.33190359739866326 0.05441421433883148 0.017405176175435126 0.0030184631982543746 0.005185488717733001 0.001290532907507162 0.03916477828830062 0.050306964341593666 8.501797647626498E-5 0.005023312185120783 0.07524549188151404 0.05408166855216794 0.010859724736146534 0.0030765558131097756 0.048992782543433755 0.027878194260051933 0.03506286139357699 4.931340237268075E-4 0.01987318425959935 0.005896597837005061 0.0014955654293182042 
0.8321088873719238 0.005212460216324155 0.002455910723497323 0.00441528660992817 0.0019850175083836073 0.004806660400621761 0.02681817777773931 0.01556436167437784 0.006604715667155823 0.004169543185441455 0.0023819975810088247 0.008457241597314438 0.02649386097243437 0.08224981157764723 0.004977193598227424 0.030968327941144222 0.005003113540757741 0.023951060720587197 0.0132461678750668 0.01142315906823188 0.013398649945542823 0.006022146268211867 
0.2733946128067747 0.6681961224285577 0.8543751911365924 0.04298352395312362 0.0014043376281811584 3.670091178301473E-4 0.017218278597371656 1.9196374944208464E-4 0.0754695737356077 0.006085187587620366 0.0032301049646132705 0.008123968020776744 0.002069546214450885 6.955632624196153E-4 5.438658065079777E-4 0.02390070853891143 0.04537697638355155 0.02367743664981031 3.6616647557561645E-4 1.3292776766611646E-4 0.00752591254349446 0.001906098072189155 
0.18282104744092803 0.2619500068029216 0.8784018894897698 8.615610358677977E-4 0.0031021639673752405 0.0010864716970621904 0.0 0.00418569141966132 0.0 0.006183924314765281 0.0034471100479375027 0.03572536647980706 0.0020624624076878927 6.753653119008756E-5 0.004718821325218124 8.566654727693215E-4 0.004783960852369368 0.01706126765251321 0.00131505544273229 0.003174113903251354 3.6901031050109003E-4 0.011911298015299013 
0.2672038688025876 0.6665204085650495 0.6454270022290844 0.003173093794015612 0.01241840438217362 0.0019358206186467705 0.022659023595944558 0.0010564883702567952 0.01674721028765727 0.0028990277557661573 0.004553968370878777 0.030660580758893167 0.004292025062486875 0.008981485304795962 0.09222927711835234 0.00584193551352602 0.009310467496738875 0.010376010823891259 0.019432867922935478 0.008941321450206301 0.010104072185172565 0.007722856531734835 
0.0016241194183352625 0.6912925512862256 0.24529056652813902 0.0021635515498036753 0.0043421966130582305 0.004365783050939806 1.711690066951866E-4 0.004188205143253545 0.016535156009262586 0.0013749672536596531 0.004373356812915624 0.03349940715304404 0.003083859157911425 0.010378362964787141 0.004359858405385727 0.11926207900212851 0.007513879977827794 0.01657915461798758 0.0 0.002357946970260357 0.005660070821691579 0.0022790088625392613 
0.6765947653589502 0.24985562026599 0.2018185189223684 0.01692435542555762 0.002537983016162898 0.0017708094069593446 0.021936543880985773 0.021589928471458644 0.10464693766396724 0.011536622353080776 0.002037323639197633 0.008012346530531518 0.004226986767292765 0.03772669958993592 0.033855748689112924 0.06486630457315844 0.0014969839087883088 0.024885184190696415 0.001483584738177569 0.0031329467259236152 0.13563063246308296 0.002263894805868402 
0.1353356744358647 0.6711777199166981 0.2678373996738047 0.0024067343397928655 0.16261274410851995 0.0029112610011626616 0.001025033343322733 1.9103053581896214E-4 0.016389149585377846 0.002972379290056283 0.020304415423126877 0.0258629597890829 0.0030901209687108203 0.052472563873144196 0.005273205327712841 0.03077822465565175 0.04331214489097012 0.016077866209033616 0.050988376016967187 0.014737002773719081 0.014937087675599857 0.0015675838206226445 
2.2972788654996028E-5 0.22493710912339362 0.8480333900916113 0.002693371501103034 0.0027899354911944535 0.5422678839369139 4.8644851895598973E-4 0.001258654357877144 0.020866986448744067 0.08823798429603927 0.005558052492595764 0.06282809380824056 0.07945944121257464 0.010551649607692282 0.04119854713683749 0.08371629056050943 0.008681407764966183 0.024105822535441954 0.07982962828743563 0.12081408687376191 0.004994718842049772 5.757074424493445E-4 
0.633247219667987 0.8253141901124224 0.21693137263632747 0.0021845962431837214 0.0 3.721175577660811E-4 0.004714742088256283 0.021943843495145443 0.005267019001096364 0.010287810627760782 0.007028678817088248 0.006460671488796592 0.016226551363357027 0.014161716485047063 0.0195203878200239 0.031171819637584586 0.0014901823214613487 0.0013392693055583153 0.004306562041464523 0.005247246744369296 0.014429946629711447 5.111244834230981E-4 
0.08604051090754328 0.2591222052065619 0.8394506861122911 0.025454245701293596 0.016870247876022548 2.2559650330560184E-4 9.220102595352761E-4 0.008742821806253237 9.29072658824661E-4 0.08594202384205742 0.010528882664786854 0.01320750062626723 0.023996167455627958 0.005287272776140963 0.004868169567150676 0.027128102236876096 0.0037907196608545123 5.775161549818122E-4 0.007686811555501336 0.006980375766382965 0.02160238148848351 0.009209570161098763 
0.6642152673775807 0.7978507397537196 0.8632100814656402 0.018822044014111576 0.0015789582597822323 0.052883801423432034 0.01661576780962862 0.00536764712010241 0.0027826801627307413 3.8555782033569685E-4 0.03488155675539764 0.028457891220443805 0.06757723543267898 0.013867503494337777 5.84435101008036E-4 0.0045659117921760285 0.003911321844636655 0.0387609823049559 4.498308741623762E-5 0.009488489489752113 0.0042776871617562166 0.003963318033353414 
0.0031667924813136017 0.33430088953706566 0.840383965801769 0.01841455110474991 0.001610308101346724 0.0020014343879222467 0.02119011339019067 0.011808584173606024 0.0019804859528343576 1.7045046168179603E-4 0.054101232118084264 0.07561709086109367 0.025026541727905725 0.002319578952465839 8.626917448443139E-6 0.048992782543433755 0.005026838736584249 0.03878607680161931 1.1384903717642542E-4 0.020724728598469775 0.01671042617718805 5.177433980854407E-4 
0.25003839819704493 0.1254012911978271 0.7498571930210542 4.513841085123857E-4 0.055298180654743796 0.005530786336453618 0.027929158686264603 0.002684380166827375 0.06249395099775759 0.0023797553272115854 0.004778997881520108 0.03409433632694821 0.06408778538523632 0.013159753901476692 0.0036363065442518577 0.022279076068536355 3.11679980619246E-4 0.038014703377055634 0.0 0.008476419333280253 0.04563919057746778 0.004266060667255968 
0.8497841295537403 0.8723807282001534 0.7645441397693323 0.010799052013324165 0.0 0.009603280639898518 0.050055042402997775 0.0019935651137273917 0.01953513535255523 0.007337472493360211 7.44769417465247E-5 0.03196663299699356 6.411786123468246E-6 2.2307924842673854E-4 6.406662082250221E-4 0.06394092353314078 0.003956581888961479 0.01847876437383702 0.0019217456085819339 0.005383270812523397 0.05594980832576854 0.0050286526312599625 
0.6652178453192676 7.644786211993271E-4 0.8927815503785014 0.004466493258663627 0.15850576510135983 0.04354953427761612 0.0165755762799128 1.6876239207994082E-4 0.003891255014195458 0.010273766728745425 0.05735449285536376 0.006665878487538813 0.0029889169703403023 0.037582586681302155 0.08348702885630412 0.03076422264784406 0.03784376296814514 0.021363186447588358 0.05121484417856911 0.0011204224264784813 0.017833917616623285 0.002322535140966303 
0.27234198266788107 0.2530498178236991 0.2403971830595621 7.079341344645579E-4 0.0031021639673752405 0.0047273072256298 0.0 0.0 0.0 0.0059775840884111146 0.0038137667903215336 0.03572536647980706 0.002106101135394999 4.5342291663509615E-5 0.004718821325218124 8.566654727693215E-4 0.004829830291314878 0.01706126765251321 0.00131505544273229 0.003317217930232346 0.0026524796935956346 0.011911298015299013 
0.02001515031183297 0.01157261598699555 0.6395358755523155 0.005093311644256448 0.012862001234403243 0.05325681911952081 0.0261277677668348 0.0020039760908810746 7.282064278349345E-5 0.04061454559351453 0.007978776879666968 0.029007834195359006 0.0668939911171626 0.012924798068902137 0.0016622512769264713 0.03253698336778446 0.0041587713676421376 0.038737588071398744 0.00914161829677513 0.005568529280760896 0.0031744279655112964 0.007931753138060403 
0.73211077553425 0.6526089682732137 0.3309303484442593 0.0016793115947905338 0.003110206242802621 0.0 0.049034183221467374 0.0229112668164859 0.09927956671530061 5.821291996782906E-4 0.002222479759139591 0.05206576227678154 4.516893923396147E-4 0.02085480086030365 0.01106270367784321 0.06258904503586815 0.0069617513101691425 0.05431141209375923 0.013674152642328352 0.009984877923381957 0.055569696942342185 0.0426475030233993 
0.2889355780623567 0.8536413832598058 0.8235468002668489 0.0022001225383010666 0.017173133667147816 4.4018630032693494E-4 0.021573610123920672 5.686767111892496E-4 0.0020319671792566538 0.003842118424373005 0.023081870410319373 0.007118774470130464 0.012796549152556722 0.037074117897412266 4.7465767318091235E-5 0.030633220584574922 0.009697785706005956 4.678269839436338E-4 0.004308697510143249 0.010173536704953301 0.03456779220187445 5.481541197455829E-4 
0.86333130845662 0.7917581440192745 0.2763672574114611 0.004794523206498009 0.0020438852234097166 0.0032686894092735968 0.026276889124192584 0.006475152943289169 0.011246168577466763 0.00823190176577005 0.0014498950786273421 0.007071572277873094 0.0010439411454812554 0.020352151055464812 0.00537833991878018 0.030640516084302093 0.004878286567261879 0.043810741482742194 0.15723312015124352 0.011809024656151107 0.013811387441919645 0.004093452764997878 
0.7942698172457863 9.594164610875373E-5 0.76031193600636 0.002945773180799369 2.4252688048990306E-4 9.29811210273343E-4 0.04971008905310059 9.26583156072535E-4 3.1425015389594446E-4 0.037916340729970244 0.020907970533164868 0.05201508015346485 0.009120187257606452 0.0 0.00111509080438503 0.034751235500682674 0.002893054276064455 0.16419550040313188 0.0019180306427602147 0.0037292935816964287 0.05607344603486597 0.0032112182310750567 
0.20744364279853877 0.0039831850775319255 0.0 8.292910503250183E-4 0.020790607282760262 0.047053869127375386 0.017694533178317148 0.05135171878140538 0.006612185297785149 0.03903527052799978 0.04318178348130017 0.0630831549820234 0.001404944747268014 0.03714667063398759 0.028761036450093962 0.07314114048137568 0.007082511798529723 0.16051924161459694 0.008254320243043914 0.011845998388807424 0.002673746476726085 0.008359132629017971 
0.054654208110235 9.594164610875373E-5 0.050383109984731556 0.006939621945332947 0.025302303441252838 8.428661082027084E-4 0.06461724369215577 0.001030345914295661 0.0 0.037621952898657884 0.019142534390923404 0.029449950246149194 0.008016346805789262 0.013279690041922438 0.0020349537632933477 0.02145748811077132 0.01844351668519731 0.02014468444241608 0.0012133823432899204 0.028363898179795947 2.625536574050666E-5 0.04555513604616352 
0.8144281879396473 0.0 0.008809475142848786 0.010607488121389983 0.5589228890745417 8.411558549605257E-4 0.02868964150276063 0.008408111554665766 0.009871819717601548 0.009608045304091584 0.004417372166125118 0.011888133952775024 0.024281911899990974 0.013535781118191537 0.006277336974330124 0.004967923851458861 4.018463387080772E-4 0.06828442451012443 0.029269978411172185 0.011218617870757695 0.02740425331269142 0.045008571731132783 
0.0 0.905229913312074 8.714881883950385E-6 0.018987577254103615 0.5668046723886866 1.1629642066264545E-4 0.028589103346973347 0.013526096983935056 0.17908919683474278 0.009864308297050813 0.0034326764496873012 0.010798437028520146 0.0012548595337991894 0.012072347748010755 0.30473343379510154 0.0518811487725847 0.013463940110314963 0.006131270554625364 0.00955454671660282 0.01128617629354818 0.03650214339556765 0.0015177057794507223 
0.6878565904787789 0.3288578056474273 0.7658696318399338 0.043628902105636976 4.974439521192864E-4 0.009499483949990227 0.021507309229412668 6.25811641226371E-4 0.07099430723021585 0.005649542557690727 0.03431268921758564 0.0037721670552871506 0.0020589685976639366 4.097678380041159E-6 3.601627916133493E-5 0.07301415356210927 0.0131171979133888 0.006799603684792432 0.01686716399047917 0.0015210426911731701 0.06380295648343574 0.002960884440619236 
1.7687544840382444E-4 0.6313425335522139 0.9361377146973175 0.0024908629374925002 1.8967690858522415E-4 0.003643612319559137 0.030689270938298298 0.0014920722296762733 0.013865564988513043 0.007697168979920056 0.03201263682096378 0.08913971456807929 7.462023326992549E-4 2.8080178378950185E-4 0.01889617478381797 0.08298184402727647 5.215620468912441E-5 0.0 0.015273474974947819 0.011324098456271029 0.011640299526968309 7.393050700304458E-4 
0.21325733637489572 0.7525299858924728 0.25773220995253854 8.326540536644222E-4 0.002186145777512574 0.0485931166175782 0.01746396324355534 0.052133176151731526 0.004841705390517017 0.00626679042466873 0.0024848399086328066 0.06853332192746739 0.032283390418393565 0.051003574674535604 0.006317678188642753 0.024194928576696653 1.6006903917596292E-4 0.16488766610374261 1.9285524203030337E-4 1.777634293809744E-4 0.022169505627938717 6.16884542146718E-7 
0.8045783188688025 0.8538449869965503 0.6819026767226491 0.002416498368385675 0.011297768075228407 0.0027077892660857528 0.028282235404017576 0.0 9.198008454545901E-4 0.010537819868584654 0.019054481052510217 0.08327246819502895 0.004235698486712633 0.01958286172606451 0.01544407501008236 1.2072269184931414E-4 0.00991705476120921 3.211206543001296E-4 3.316430677947277E-4 0.0058498187155506046 7.152104954129719E-4 5.985057242183299E-4 
0.8476461666014407 0.8268908167865506 0.008221344665491404 0.0011824541975710527 0.024505012612100523 0.08562604486332523 0.022743259765531165 8.330765750916291E-4 0.006080191970012316 0.0028293150721319534 0.004552841252160711 0.02214333214267586 0.0019405134565225555 0.009472596206592607 0.0017336212328158574 0.025506480563014307 0.00945041227636199 0.025592630579965567 0.003986405783768382 0.010103666680912084 0.01447343254986485 0.04510811068562785 
0.011443719133748698 0.8387233297505667 0.6635386616714889 0.011714563539386942 0.012430282976541744 0.006725853079579852 0.052179724750865346 0.014439869006288186 0.0024632705625340025 0.008111085056317462 0.0771665994662251 0.030318892564361783 0.027006399273930892 0.010388107577788266 0.0031259186429028565 0.02186360770306771 0.009069742649089083 0.005595630731495262 7.544773406603774E-5 0.028993961461927127 0.022104728105419386 0.0023512187389376892 
0.04678811764181641 9.594164610875373E-5 0.76031193600636 0.002949764300407114 0.03375961628116127 9.29811210273343E-4 0.04971008905310059 9.26583156072535E-4 3.1425015389594446E-4 0.037916340729970244 0.020907970533164868 0.05201508015346485 0.009120187257606452 0.0 0.00111509080438503 0.034751235500682674 0.0029353571246623173 0.1647820933251109 0.0010868806309745974 0.0037292935816964287 0.013541748720302622 0.09694778509028615 
0.7314930460418803 0.06447619908067304 0.2664083916984327 0.007258024773540381 0.0028143698153157166 0.007018401176728143 0.04938770199709014 0.021464770037606024 0.06611442975967871 0.03647885097728032 0.031080711405343665 0.0729143056152957 0.02357200100351238 0.011860351769696416 0.005260083308074476 0.014646193222193293 0.004999855642647422 0.03864263172125236 4.5579639411964627E-4 0.009637271525954678 0.0042123217071301814 0.004108160869954163 
0.7192255952268931 0.09511616551222829 0.04579882367970617 3.534278103139942E-4 0.01256195656052492 0.043274498883332346 0.05232903126986167 0.04221097547107394 0.08134875108498098 7.213861525722821E-5 0.02316747414255245 0.07883896551304351 0.019945653823716988 0.05099676839712828 0.005426970647542557 0.011970633712201723 0.00886967994969581 0.02651079404717483 2.1168443498647497E-4 0.01626219364886571 0.0012701633119785033 0.0058759250958325526 
0.09484168828510081 0.4540844264669256 6.843332712168541E-6 0.0074980522724208895 0.001659318656541807 0.04913204722945011 0.04007872206375754 0.02038151095328637 0.01137942863542394 0.03264002116351774 0.019248462155549567 0.12257376180485874 0.010973332408481062 0.007608878149897393 0.034379912003636354 0.12635703844048762 0.013254531362085133 0.15772907999471528 3.30781013012235E-4 0.006746469535808489 0.02494096215212041 0.005806773430416296 
0.8905080804641512 0.6958607486298071 0.06057403034932807 6.33934550314753E-6 0.023736316367931626 7.608679883454727E-4 0.02153492405909326 0.021099056569163693 0.0060349057192667695 0.009003502078270295 0.0044046907255175126 0.02238889171787542 0.048283096282104865 0.07946184433920511 0.03311281869179502 0.12393205531302684 0.014127575951162286 0.0015553845098817704 5.540439733811894E-4 0.0030801104154149156 0.00563116116760805 0.02833946225348543 
0.7070394951039851 7.644786211993271E-4 0.6892523041175996 0.004466493258663627 0.004303224841828638 0.03809169149002073 0.05125977805575374 0.009551286698470171 0.004764454243304867 0.0027945707271817906 0.05735449285536376 0.006607585172917009 0.0029889169703403023 0.037434443855781534 0.08348702885630412 0.03840366650508896 0.0 0.021363186447588358 4.06918264269137E-4 0.0011204224264784813 0.017833917616623285 0.0023266651894726298 
4.576808239632876E-5 0.48480508554730456 2.7728655031092927E-8 0.006656405225605212 0.002536221765919708 0.02896666551290618 0.0399612958168504 0.008665698169144464 0.011375464659553629 0.032613840263484434 0.019147289273391162 0.0760435058074322 0.010973332408481062 0.00795863968902662 0.03437544366282531 0.12236360289659137 0.013254531362085133 0.005741248811789243 3.30781013012235E-4 0.007661171999537208 0.024829135920424125 0.010945410540444733 
0.6889833336502671 0.2415574198292369 0.6657343130035918 0.002662137127928904 0.0 0.0058838445182809885 0.12459099700631152 0.0021727376875221222 0.005042508345493069 0.009944054807085536 0.011117071795795928 0.04135469970261221 0.010133030154279521 0.0021096314246821374 0.0020011178374511164 0.02198833552920045 0.036533887756637594 0.020158958394932633 0.0012108977324705994 0.0077313744900972 0.013851960341947963 0.04603074780417113 
0.8116404853713479 0.3315605966243958 0.6674123275883356 0.03238690226355073 7.961284623737557E-4 0.004205941825735402 0.021377786816785736 0.010945553748790506 0.012779502559636849 0.009505396717033422 0.004349849966618856 0.0038295956033676005 0.0019441687520504879 0.003400224221753292 0.0016308899083117903 0.07301415356210927 0.013989840506908576 0.006799603684792432 0.005120567572713363 0.010534072271383348 0.004904156730618784 0.04488494232862816 
0.6110317074003628 3.125404943879462E-6 0.6613013074474392 0.0012385519116000529 0.05094567218993597 0.09811750700910205 0.011569424429573365 0.009981840972713554 0.003130013625104913 0.006098733305964409 0.02308074717012925 0.005020663698554497 0.032002566848871275 2.492054453109762E-6 0.017627372170015275 0.005682390544015113 0.16738504688541223 0.006462706965144276 0.018200314193294424 0.01994311299185531 0.05852910435476799 0.06858550532695373 
7.059645940897885E-4 0.23111179244312102 0.03074414237074749 0.010710180077072978 0.003989890649163582 0.002810978661872434 0.10994275826247116 0.07322893586792983 0.014943539204434964 0.030349834230339386 0.008678239613735188 0.07738211622600813 0.0813300723599005 0.00138553407379826 0.02354026787782626 0.07144524203566968 0.0300292494391186 0.037898539549422405 0.05668022665764355 0.2930258032167835 0.0015463586130488177 0.04311051949895712 
0.013331380246965951 0.7859678887688144 0.6781823622580199 0.016840071316427584 0.012677908885101685 0.0011542899669653192 0.008373208153451703 0.0032052676072955796 0.005520612854933807 0.011539272626757253 0.11032894314237018 0.11684786361788396 4.510876655265334E-4 0.006432686168149862 0.10136325577982491 0.005974184109075278 0.004208717191917524 0.03605646212173057 0.019049910055588103 0.007236995727678235 0.011654625369429475 0.05172573794519981 
5.635893684199922E-4 0.8351843221112047 0.06316713886600323 0.012066238808576655 7.838845437868631E-4 0.055062481033401285 0.01672586933367327 0.008750367809064208 0.0038389519411021686 0.003194272064030536 0.015079014732181456 0.02720892733450674 5.885560585486109E-5 0.03780891408063385 0.0032645057081225285 0.0039259025667837105 0.013216177550148063 0.03796069865081885 2.020740662013698E-4 0.010012307775672902 0.02427981895967799 0.011008278912489507 
0.8538294029946158 0.7813060042746716 0.6099537596479365 0.011003023058953036 0.020563468441494717 0.0015476123766134694 0.06150959237462926 0.00404258932766809 0.001233549824836113 0.0021344143931588456 0.007156602856890281 0.03349940715304404 0.024568879562269462 0.010977240927035472 1.5351492723664466E-4 0.03408203540481166 0.007403309331222468 0.01513114780399249 0.0 0.006834780425074309 0.005660070821691579 0.004035421404272854 
0.0038018943727049087 0.8321805677557921 0.001229559682785486 0.011720891816829324 0.012430282976541744 0.006721226019065897 0.052179724750865346 0.014145834494635915 0.0024632705625340025 0.07196116175877931 0.0771665994662251 0.030318892564361783 0.00449124795135134 0.010388107577788266 0.003052965800295457 0.005536842491786669 0.009069742649089083 0.0059040745244913345 7.544773406603774E-5 0.010235124052222483 0.021820554081668306 0.0023512187389376892 
0.6539140168959667 0.3410271766910653 0.0 0.0015053145200311664 3.9943455742161033E-4 0.00879347783257708 0.0064688758677937655 0.02097337462196414 0.11670559246298093 3.655037569700189E-4 0.033101549756017756 5.769572445166668E-4 0.075308043050837 0.010946501465218427 0.0 0.05557605010389936 0.004840685208973683 0.0010050557112824092 1.9828039792450802E-5 0.006812488128124164 0.004858937454303147 0.005055606697801405 
0.0012427743426665708 0.0010697799546836445 0.623105256113177 0.0017330272210377938 0.004690173224463977 0.0038026540175895547 0.057655107024482774 0.01451587988636351 0.008905646278831869 0.015102452361597775 0.014495780956806705 0.05141619429818483 0.07952011596182468 0.05035471433074881 0.004359109093162674 0.07266466781319281 0.042152260676316666 0.023839425985087377 8.710340545652665E-7 0.0 0.002506226453479931 0.003949923660207817 
0.6696943428615849 0.6564430078860961 0.8659643087500026 0.011557443976928374 7.076500022741944E-4 0.049426731474111335 0.04807966505976216 0.002461555769375476 0.012824173404277217 0.002791651784995338 0.004103642667675041 0.0071823025421755456 0.06720619245415949 0.05625449576904536 0.0017390105993368263 0.06166772668489355 0.0049396326611883005 0.03895829543640081 0.004287891761078813 0.011270407075456814 0.006643034974686136 0.009732583294984345 
0.6889833336502671 0.7360170718487877 0.6660940990202131 0.002662137127928904 0.0 0.0058838445182809885 0.12459099700631152 0.0022054526754209363 0.00532818988198888 0.00826429235060038 0.012155455599785848 0.04160688851299813 0.02636855881743492 0.012994964885217312 0.0020011178374511164 0.02198833552920045 4.4760155292321996E-5 0.020158958394932633 0.0012139879150393565 0.029283731460281494 0.03498347705873493 0.04651741689198737 
1.0626808969174434E-5 0.4813131626253332 0.0 0.12172940923133083 0.025399461673140382 0.027308894752247126 0.039960816913214535 0.008667532789318814 9.255479131809064E-4 0.08581804450522047 0.08758772244771632 0.08634538575568856 0.07023559997319509 0.03681306790811836 0.036291931569649244 0.05701137747339341 0.013598864766203412 0.023695905398864743 0.008336671156500492 0.007641333579220924 0.00493281971857071 0.004453913841617363 
0.8583091597752232 8.585923286017656E-4 0.6614044889296902 0.002662137127928904 0.0014995048192492748 0.0026325089700917296 4.0923434683889925E-4 0.001046230179331887 3.162451308521045E-4 0.011168454770695524 0.0047535896767158855 0.041008309759865705 0.02623864373401191 0.0010044524534440647 0.0020011178374511164 0.02198833552920045 0.036533887756637594 0.16654772265587806 0.014108325888472283 0.005082501693536376 0.024896566236765262 0.0434988967494318 
0.7723553275018272 3.6797592594602926E-6 0.3309303484442593 0.001394489989512868 0.03238260413220262 0.0 0.049034183221467374 0.0019142111695407953 0.09927956671530061 5.821291996782906E-4 0.02003147592048172 0.05206576227678154 0.006430512133370678 0.02105984316293273 0.007714089922225366 0.0603210472896626 0.0069617513101691425 0.16927727500427908 0.013674152642328352 0.01127790340401625 0.05836816105565956 0.0426475030233993 
0.01480975545281682 0.6574042738614172 0.9102025580815272 0.011550696284738017 6.784371462950356E-4 0.003579337520644942 0.029981442883307226 0.0068054384261995084 0.011142929092909534 0.005835048130382145 0.03201263682096378 0.007322434582635293 0.0010188263390377844 5.203041059249347E-4 0.0030871730581918783 0.030627127378804915 0.002529080626336975 0.0 0.00398845736555117 0.01132339150742399 0.011576988769621854 0.04933863641692139 
0.7916962905258988 0.6107604265501936 0.28641047830297195 4.5557130373325696E-4 0.020531391444214953 0.002495716072378436 0.0061828578312067735 3.252096811133462E-4 0.008835148719217267 0.0016076520571607078 0.02311737464900091 0.0033518872889711404 0.032847752569486306 0.01955479043700618 0.018922225352052978 0.031058673855020005 0.008440171946392603 0.0020944786322386645 0.002098903059232774 0.00829860038629923 0.015092050675752651 8.580101181831506E-4 
8.079003482868718E-4 0.017688866195018346 0.820585456414198 0.18444221996197047 0.017740306123221965 0.0025846805211353577 0.021860890592005747 0.0013654648122118614 0.0020319671792566538 0.029846845210165437 0.023081870410319373 0.04965386158912867 0.02412696006992438 0.03730973175364366 4.251249732529529E-5 0.031177818980300986 0.009697785706005956 0.02385925245707083 0.003739067210118017 0.010132273879220863 0.034127410944715816 5.481541197455829E-4 
0.673829722248031 3.6797592594602926E-6 0.3309303484442593 0.001394489989512868 0.012377629638704571 0.0 0.049034183221467374 0.0019282123989522951 0.09903039733185015 5.821291996782906E-4 0.02003013489751081 0.05195847322038044 0.03068360585642541 0.02105984316293273 0.007714089922225366 0.027824942007312364 0.0069617513101691425 0.1733856788610211 0.00844337325732819 0.01127790340401625 0.058796166899598656 0.043433694875730816 
0.8898368457084368 0.26202670323514127 0.7656186664806479 0.012269600081553141 0.004917569848623463 0.0010209281544656416 0.0504815206429004 0.009572967166477549 0.020218222083092947 0.0074127305122285835 6.844825615284402E-4 0.03201005155276725 1.4628997151999897E-5 0.0022608394750982114 0.0018450558283641789 0.030668846072966768 0.0040446913993831095 8.763802888940107E-4 0.002072509330901754 6.59166310551598E-5 3.7935621441866595E-4 9.169752590963004E-5 
0.28093975910011476 0.3824707948773798 2.1913501229604837E-4 8.077843113001939E-4 0.004557596159528136 0.0037674827133647166 0.02137322922170381 0.013293193065435001 0.0 0.010770814164260846 0.0294866256436348 0.07559242928479715 0.01118365540772738 0.017824377535929126 2.0731625825294184E-5 0.050922193699086404 3.376324345537199E-5 0.03429815306379118 0.017376731455914333 0.0016408290031124837 0.016567808436665346 0.002024681076549126 
0.7164086935715305 0.952406951767061 0.003020271464547225 0.0016387340250744592 0.0013795711643674706 0.008050433739499485 0.004880576083320546 0.028828548180393924 0.007094121709473437 0.0014276057206017772 0.008299761700149323 0.0028488842684089204 0.01832185255946786 0.05067943156700491 2.5139723792372065E-4 0.0719237703534014 0.007928914276075148 0.06676687221395586 0.008788883946761493 0.00584683144797708 0.006501669282829776 0.002280245645620688 
0.2704515241866457 3.6490092405164166E-5 0.2602647425692031 0.033356363736715536 1.943787076964681E-4 5.150405414269139E-4 0.021932950952135027 4.655763003825475E-4 0.011956277315407063 2.6247520329884463E-4 0.019577841797014592 0.07163850681847184 0.05793660575149928 0.013145567043684438 0.001112739670881868 0.09439506265986877 0.012370172755175957 0.003374943895559493 0.02742651319037731 0.01937607117422664 0.1225352085954356 0.008353786483798586 
0.2889355780623567 0.017688866195018346 0.820585456414198 0.0022001225383010666 0.01763817427076398 0.0025846805211353577 0.021860890592005747 0.014153338654511703 0.0020319671792566538 0.0038758210852828626 0.023081870410319373 0.007118774470130464 0.01293213727321502 0.03730973175364366 4.7465767318091235E-5 0.03063333233204059 0.009697785706005956 7.084560005965273E-4 0.003739067210118017 0.010126857856814017 0.03456779220187445 5.481541197455829E-4 
0.21392209464228756 0.45571205581444324 6.843332712168541E-6 0.0074980522724208895 0.001659318656541807 0.04955052304944048 0.04007872206375754 0.008637424021222733 0.01137942863542394 0.032613840263484434 0.01935267502453772 0.07643765246544715 0.010973332408481062 0.007608878149897393 0.034379912003636354 0.12635703844048762 0.013254531362085133 0.0238079822934653 3.30781013012235E-4 0.006746469535808489 0.024829135920424125 0.005719775801429338 
0.2778235493195094 0.33430088953706566 0.7570752980921988 0.018691627886818822 0.0016728096996888528 0.0020014343879222467 0.021371057607303727 0.011808584173606024 0.004906307518025951 8.274496681511499E-5 0.0032049296293829663 0.07561709086109367 0.05408166855216794 0.002215150898039497 8.626917448443139E-6 0.048992782543433755 0.027878194260051933 0.03878607680161931 1.8354943236697374E-5 0.020724728598469775 0.01658752938868616 0.0037495177987115543 
0.008167423607669921 0.33190359739866326 0.7501318834777193 0.018631246821541464 0.0016728096996888528 0.005237761245821537 0.021454617047669995 0.03916477828830062 0.050306964341593666 8.501797647626498E-5 0.005085873923738726 0.07524549188151404 0.05408166855216794 0.0021610110133944193 6.989085470347726E-4 0.048992782543433755 0.027878194260051933 0.03878607680161931 4.931340237268075E-4 0.01987318425959935 0.02220872311370965 0.002360414665742474 
0.8321088873719238 0.24218214274054162 0.002455910723497323 0.00441528660992817 0.0019850175083836073 0.004806660400621761 0.02681817777773931 0.01556436167437784 0.006543814586414709 0.004423688711720739 0.014438260246498916 0.009567504369271826 0.02649386097243437 2.591262048835686E-4 0.004977193598227424 0.030968327941144222 0.005017787423015166 0.023951060720587197 0.0132461678750668 0.002142221355010708 0.013811354665060062 0.003940088283992087 
0.7491795850601926 6.372573553018466E-4 0.24397647108693327 0.03311223202892785 0.0016537659923270978 1.5741665088990064E-5 0.012163349871176808 0.050433796622628715 0.011167160137966335 0.010941336327874383 0.0030791513110282756 0.007942674470455418 0.0017546941329741796 0.007554580525659892 0.04037967693587663 0.03047442008434815 3.1955974738297546E-4 0.0 0.01346650772199453 0.012399662070910825 0.021089100973820156 0.0021955346252536083 
0.2108423135661511 0.25227643149550605 0.0018595931529580834 0.0 0.0030662328716472356 0.002964502266706994 4.214808823288455E-4 0.0035066350278209497 0.01171004453215094 0.07164550777715686 0.005158848512510759 0.033463171174815884 0.023996167455627958 0.003737365856300825 0.004394718728886502 0.02721405028375772 0.004904722235183993 0.02492232630436876 0.0 0.00838125466839505 0.0012106477082987543 0.008079158437889013 
0.8059319621273304 0.7183958975268476 0.8788312134856335 0.01890406086567014 2.8431004823881785E-5 0.0011724304283100481 0.028471940862149412 2.0329819561713206E-4 0.005621026992614991 0.011680425265542173 0.0043304213339565205 0.011521122900906709 0.00266302827790265 0.01089004622119288 0.011494313788618973 0.07436792160218329 0.013637268950246303 0.021674225757405973 0.016560788807966034 1.8208055876098132E-4 0.012971833289526068 0.0015099285338880594 
0.0 3.670187332875516E-4 0.6799772420908446 0.005372090292066807 0.012502290206630948 0.04333958743712625 0.0015428438810438962 0.04609432701789712 0.008543326379256033 0.04045490653196642 0.007788176694231412 0.0787196236889452 0.08212424068223016 0.0736972184024808 0.03935623086475536 0.06356554899263936 0.008668762358211722 0.037884063565483114 0.04907289021556388 0.016326164118209183 0.2318277009583494 0.00794827832733121 
0.2737087843646481 0.017688866195018346 0.24558132364889024 8.302657186614609E-4 0.0015826341440885574 0.004663406871727642 0.030003593225164354 0.006102268880370155 0.004715984026264143 0.0038936213080936334 0.03281105530617761 0.0 0.01293213727321502 0.0784457760447021 5.29501258162415E-5 0.08321429599273723 0.002471810104832552 0.03426323260475514 0.003739067210118017 2.139692017908406E-4 0.036299352507403015 0.0 
0.042707509944923894 9.594164610875373E-5 0.3579342489060857 0.002949764300407114 0.03375961628116127 0.05246074583637707 0.0016531186837077418 0.001449577772619363 3.1425015389594446E-4 0.03626349504423114 0.021390525233214025 0.05201508015346485 0.0016631191617895286 0.0 6.169622757187659E-4 0.034751235500682674 0.0029353571246623173 0.1647820933251109 0.0010868806309745974 0.009444606698829232 0.028368104815893747 0.09694778509028615 
4.7954538652610155E-4 0.7013393616380406 3.1840064713496014E-4 0.0025480345676408213 0.00282380963860656 0.0036913182843592972 0.057539079580601275 0.0013434761917112004 0.008837502292182527 0.030144306369819705 0.009321573832893768 0.05150301110432823 0.02415855317514545 0.04648693047192534 3.1220163187251765E-4 0.062148362114227675 0.006505925570185773 0.023784767972015945 2.2220404403640357E-5 0.010711646751612128 0.008524205047137766 0.028700903164067426 
0.19476842395679628 0.010849585134407425 0.002264131052411958 0.017014762036200393 0.00234953116087716 0.02024088701602196 0.022264231985234917 0.004693939016801059 0.005633560344392656 0.011551546248977102 0.008948338061626489 0.06931229403194233 0.0018093243299739077 0.050874662190573475 0.015890902482036853 0.06285637240840997 0.00271157435751509 0.024958918535479054 0.015535442575282823 0.012939807826002181 0.005656002249449633 0.008197471387322767 
0.25638506678068024 3.6490092405164166E-5 0.772589394301341 0.033356363736715536 0.0 0.0019677414718140794 0.02216556114017504 4.655763003825475E-4 0.012042232272480243 2.2988863530641005E-4 0.019577841797014592 0.07163850681847184 0.09569439387505979 0.013145567043684438 0.001112739670881868 0.09418063185012274 0.012272661807738505 0.003374943895559493 0.02742651319037731 0.01937607117422664 0.1225352085954356 0.0051631250529767855 
0.8529659841236626 0.7481668944390963 0.00386199698611589 0.010688401494587366 0.0031501291018817077 0.053426049509205355 0.028840491420349557 0.0011399327104499178 0.0850239131708715 0.009522891849473702 0.0051964082166059645 0.01255618920167978 0.0019405134565225555 0.003301176384926302 0.0064195431584530265 0.004330805823235199 3.7119747602530964E-4 0.023020917572586425 0.004641757675042603 0.010511429820687935 0.004962490889421923 0.045008571731132783 
0.7680417274280039 0.2586756042719211 0.2794227638265584 0.03957038137679712 0.010057740052474489 0.0036495227956532365 0.0010062165047504245 0.0056597133845051936 0.008839241560875469 0.0011826802424307267 0.004347083737081474 0.040911419116299044 0.001006028987558711 0.044382727418660346 5.320911126574699E-4 5.422223111597804E-4 0.0043380035968523705 0.04384223427799297 0.15829393075552223 0.009164796707497671 0.003963099397976069 0.04587318732500396 
0.6765947653589502 0.24985562026599 0.216290150654804 0.0046415586326477385 0.03700766963473602 0.0019083252445660324 0.004717082294254615 0.021086270458545664 0.005290859907216711 0.003703401511744818 0.011945325389030828 0.008012346530531518 0.004226986767292765 0.03772669958993592 0.033855748689112924 0.06486630457315844 0.0014969839087883088 0.021365266614322496 0.001483584738177569 0.0031329467259236152 0.009753507114561938 0.002263894805868402 
0.2752179300894876 0.09995569047413438 0.003984251165736211 0.03936081831944731 0.001615182337438766 0.05614650050442887 0.017460151291494457 0.002684380166827375 0.005669384139144037 0.0021194826163461844 0.00467199254094494 0.03409433632694821 0.018486703639388927 0.009696236150320467 0.004394718728886502 0.023941624200099414 3.11679980619246E-4 0.03811587974769275 0.0 0.008269162729385965 0.046277853665613995 0.002586456179102258 
3.7315325799051804E-7 0.6780604774551293 0.008766590456561363 0.03122882939998703 0.03400434784843765 0.00359589792838443 0.02979631755520154 0.0064151735546647826 0.013283578266290452 0.007146171199864869 0.03201263682096378 0.08545908055902508 0.0014516158069478313 0.0863439631531655 0.3004046528377449 0.0071006810258532685 0.002529640897409896 0.0 0.015385035080901357 0.01132339150742399 0.012283767835560191 7.393050700304458E-4 
0.6673742817278551 0.0077021104365370685 0.3100235966439229 0.004786014881954742 0.004303224841828638 0.0035475705637370535 0.01677215956357564 0.0065026613717402305 0.004764454243304867 0.010273766728745425 0.004635192629802491 0.006643712497136783 0.0010169578608540566 0.037434443855781534 0.08348702885630412 0.03828654728056283 0.03785217209444551 0.021363186447588358 0.15634086317826332 0.0011204224264784813 0.017833917616623285 0.0023266651894726298 
0.20885768931917753 1.0820761042776793E-6 0.009780994194329817 0.03300657234065828 0.004503329019614683 0.05421159574551476 0.02696641865605582 0.00393673602740164 0.0010406819743044805 0.012029616782429763 0.17583439074947932 5.54980653818688E-4 0.0326160649329363 0.04460587906719307 0.0016089437737602068 0.05802957138462056 0.050522846594706516 0.001484940031186023 0.0014720308811136968 0.011845346921953756 0.33138761716645204 0.011162998670071377 
0.7699092934527686 0.2755142417959744 0.3351419013155368 0.008954594071993494 0.009941821023876918 0.0036307353222793733 0.0011076565599669169 0.002499419623466396 0.008861524180834633 0.005391815684997256 0.03266263893799794 0.0021885263436607037 0.0015977386169053545 0.010595823431204285 1.8826482044444898E-4 0.061301671199382526 0.002413915675877621 0.02999559702059572 0.004552809183162837 0.009094148403945831 0.01155501146122415 0.0 
0.7276665130470193 0.8390160706378119 0.25368298197501393 0.0012143184723247893 0.005388205491219004 5.06085306372853E-4 0.02981542782812552 0.0033753628325495205 0.005902964354505127 0.027281750373110803 0.005919387449194988 0.03176829912581179 0.05716380518516765 0.01619049537671967 0.0052346476398563435 0.025372281413962798 0.014320904844535626 0.015711339459724777 0.07997546765471286 0.00912505610170593 0.01505666099567939 0.008282733862998465 
0.21563680164388993 0.6298415835765757 0.8173650620428632 0.0021599397101596737 0.0028097087811655777 0.0028754992116362278 0.0 0.002163380942914685 0.024467858980616722 0.005387872231946032 0.005760614606470184 0.030690413713127918 0.04048010040543175 0.00288138823874834 0.0066689779480003045 0.07480583503071789 0.007403309331222468 0.02407385443161972 0.0010039285117017412 0.006834780425074309 3.618122191791119E-4 0.005441491858430819 
0.8404750815298289 0.8351763187259147 0.24903966861613502 2.591007950494598E-4 0.0038620230402912946 0.0066007744848265056 0.050542161531294545 0.011656254465249323 0.0056127917990859925 0.006885451236447154 9.855398579942977E-4 0.0046572496434403345 0.00396490869776908 0.0025221604724974048 0.005754064624100818 0.02799114435147777 0.040064086719980574 0.021102815731108535 0.028159737069305246 0.011463200580598642 0.010624272607617863 0.004829781802008725 
0.6866119293962816 0.6764414027889637 0.6493672185975599 0.005516417492781808 3.452836379192366E-4 0.06514697484084911 0.02198971250596911 0.02193376715903681 0.09448942118490533 0.0059371498477898375 0.002005565416206334 0.04487109885346985 0.003757761677040632 0.01958462905405106 0.03265441213038485 0.0608163146433552 0.0024115335137828288 0.03863971126382789 4.4471237946622634E-4 0.014004862579193922 0.0038546977242672423 0.034345406758511825 
0.871548835349695 0.005840552857264161 0.2977203392379195 8.836478109422537E-4 0.004801746892860082 0.0025983744791425356 0.056929383725148955 0.0023096733411041596 0.016610927445484373 0.005849644537430235 0.00436182234968246 0.03338510125039522 0.0051969018663129835 0.002370839685779856 0.006624824140469662 0.06257939555731284 0.015848606894727484 0.020108717317291372 0.0023761306976631574 0.0021607946968575423 0.03540639198463762 0.0016033541492984481 
