0.7463762816127077 0.5338846787247306 0.8673319443163464 3.30279443011873E-4 0.006707800154730668 0.019225367549302094 0.0030751277401438546 0.03585299479982948 0.0033741510459395444 0.028934679571319337 0.07817888783424855 0.0635115533068824 0.0010181978224893147 0.05650690948749092 0.008925156213302731 0.02215021777498738 0.06405228937511008 0.0016581900332676572 0.0017547691772795506 0.04346157770984575 0.004248155559668995 0.005501120804520945 
0.6747629657150035 0.8896715696130815 0.025927603278319403 0.058496631581845204 0.004996882657985542 0.058676955362753414 0.003601674999673758 0.0019251951131205396 0.005555139631479993 0.028057940697256246 0.065866629778218 0.007259590002091255 0.011219958487486243 0.024370807778140498 0.04733693963141818 0.007893389043551278 0.08997619657359862 1.1636354513724166E-4 0.009216810501404002 0.0015885462885045793 0.010668879598841566 2.468558189316458E-4 
0.8881119785123895 0.8519603914287598 0.6227094668567392 0.0037864636668559336 0.009600734833714375 7.076425257429836E-4 0.00908866151364529 0.002242743140363182 0.01778707165391664 0.028801559916800917 0.018254701067916497 0.007453808880474324 0.0019401831968962543 3.3618288599475063E-4 0.02038822122239553 2.3158930313003727E-5 0.016477922823926162 0.0018816611238460196 0.008399553031284946 7.495042137552158E-4 0.017661034066088342 0.0027074602125957536 
0.25611057584374614 5.032214832888758E-6 0.8970775811693974 0.004088560909702402 0.002765969006289202 0.011802761898616215 0.013218144930657694 4.154951317377896E-5 9.701072582897988E-4 0.0024753062176356144 0.007411330117544045 0.0010609136689859154 0.010813758057907165 1.4081236603675183E-4 0.008924956445057848 0.016790263941081657 0.022260483531666087 0.004044692255820775 0.008693443598005227 0.005168311505575498 1.8870765284280389E-4 0.0014511405886860908 
0.7078548224381663 0.7339761794818316 0.91173407097907 0.014168944197903006 0.00939763359385514 1.4583533818811724E-5 0.0013030889165329788 0.005205340268613036 0.01708000304519005 0.13722758381413386 0.01650424980427359 0.010224508290621902 0.00406897194964163 0.01719114712561695 0.046346566585547824 0.008594985070792503 0.08658713157515262 0.061934882629155814 0.0025943898805956067 0.0012169370007180979 1.1957581948831772E-4 0.003750380103234586 
0.0047073318601593694 0.06146541063420313 0.2305592195086197 0.047495461433535294 0.0013320148316339707 0.001395649492025584 0.003695176702338023 0.002432668543748351 0.03211825163489281 0.016386854777770375 0.025434021237056775 0.002373855244439827 0.01632884951115275 0.01741896631098766 3.3597574289245466E-4 6.956706839060956E-4 0.0179212576917425 2.976944476490076E-4 3.721504681470228E-4 0.06546125836462985 0.05158853732478719 0.029191821116785772 
0.015852948727178073 0.8989124358247159 0.6726441197352092 0.03166207155583954 0.005166669129554479 0.0022141120461794945 0.006801863032552761 0.011713740642123728 6.6735848025061E-4 0.04822224528378613 0.045364308331913836 0.0020646465742143903 6.595674528272011E-4 0.07077171682237274 0.0077238974220766215 0.00117558443292985 0.006747648076559431 0.013952782626420059 0.0035433521935491078 0.017017450633122554 0.028268945885408573 0.019099069636590284 
0.3037819763772639 0.2551247756678513 0.8643243456869133 0.013496717609620235 0.0 0.013314895320156547 0.0016111435244281838 0.0074257584402945 2.5428731618361115E-4 0.07929157360220214 0.016835358492182116 0.009244839719912528 0.009435867072309045 0.0033710274575877858 0.004128270595516921 0.007980422780906772 0.0647508901212079 0.04093251156623725 0.006049874649009397 0.0010080120311017821 2.109959116778498E-5 0.016556698885342516 
0.005261118590805863 0.7103216714924022 0.012128250923317874 0.007004380670910411 0.026377147889548522 0.0011813401682686814 0.01221674725039936 0.15218461830619778 0.021137822699951077 0.02618863900411758 0.028764885194962828 0.12647147480131926 2.1043494071552784E-4 0.011523525924772356 0.008964639190333891 0.017377996245141435 0.07696944591711383 0.037426881099339226 0.006346352924475057 0.01995922092944901 3.481932528586143E-4 0.005480440778614492 
0.8892013633505252 0.24042313822719208 0.2305592195086197 0.00882223758381771 2.178895860213987E-4 8.601709475626576E-4 0.003695176702338023 0.017303460860702058 9.054942207578984E-4 0.01676083309485247 0.02075371413751891 9.336362853750637E-4 0.015203141817832147 0.017416452095949955 0.002875879307956807 3.454064288672484E-4 0.015324426377483755 2.976944476490076E-4 1.0804009643675431E-4 0.021313463506655472 0.004836382860641476 0.006796856489659931 
0.01619733557611369 0.0 0.8820386983463134 0.0853162211192455 2.5537079845084406E-4 0.026045180205320373 0.07681275919053902 0.06605525941320757 0.002561515827324893 0.06774984017577766 0.0 0.016461835519771248 0.002936002895231441 0.0029030776070692495 0.01792421383466418 0.08118556789852054 0.06192289689035936 0.003041219142347451 0.00586022719706104 1.1056563787592891E-4 9.353842606577472E-4 1.4746240176287027E-4 
0.6629483880592051 0.6330812000893706 0.03464869289432543 0.036879335985879835 0.05176834833194499 7.663754318925084E-4 0.01001875612400549 0.017564408747525524 0.005716862018891081 0.04941596705294306 0.026716598484499518 0.0 0.001962248635349875 0.01816941260272313 0.07668590085514915 0.003698362356021598 0.017942792139732773 8.110751351509213E-4 0.012996059707852333 1.1427905460951324E-4 0.013628394470199283 0.0053991022392571855 
1.0009027582271596E-5 0.6366220064713488 0.6118292509627037 0.06335675421087397 0.00507563064081994 0.0020348828802927163 0.006847151776569034 3.3379093766166754E-4 0.007216183903351218 0.07656038520228081 0.01558612291457485 0.009210818508351246 7.133276070826616E-4 0.0 0.009476547728599394 1.8745980350710206E-4 0.015037008185126363 0.028747663632543885 0.06186240094122425 0.0015710087056232354 0.02901084939067907 0.0025957689339616264 
3.6210759480542754E-4 0.2873727094245715 0.6914671088990585 0.007138445219671027 0.005857849129644058 0.0030953861443310505 0.004866499901086986 0.008548282617059536 0.02291991265282161 0.003905043068018657 0.021795162987664193 0.007878467250917629 0.001361336752402824 0.01928485276334191 0.009067701442627737 0.00733616855509899 0.01274524488908722 0.004008140589633763 0.0017047711409464692 0.02780689422780637 0.052872785382991117 0.01727371001211444 
0.6557801041544276 0.6965254394744472 0.8980916727323199 0.0045997229857509935 0.009393122491540036 7.084421333601948E-4 0.007366940605298744 0.004507597008626218 0.017236696575651803 0.026246296227221133 0.07213747253599637 0.0153146598057804 5.023002305606077E-4 0.017124966160405083 0.052796753033167464 0.015226622040639484 0.03289385563746289 0.0021259157057484657 4.397737435417326E-4 0.0011712492747924259 0.05154120215172638 0.0033844498338221115 
0.32709506091973317 0.001445535296962966 0.6545710180431941 0.007998348951830436 0.00987320135472701 8.487851338221247E-4 0.010494686413806412 0.038515771456140865 0.037780500238467 0.0734009121715929 0.04022929808797548 0.0 0.06444890294315354 5.105647876990221E-4 0.0013213967974766185 0.012142441118917505 0.06475611453429835 0.028337140705381972 0.006139158445164277 0.2012753525023636 3.0018257938367588E-5 0.029291375839596998 
0.8383567546510948 0.8912672460485702 0.0014844374191504157 0.004216669981151489 0.0 0.0256555054048749 0.012855034631337605 0.002627712557307385 4.50663446160063E-4 0.05686168619032895 0.0450022110201929 0.0045193276045904125 0.0016065979051851505 0.07157428926435769 0.0023044875468008486 0.04333548609123307 0.07337053498176685 0.0 0.0027014549193682567 0.001608620877734281 2.54967728109502E-4 8.058949177192779E-4 
0.01619733557611369 1.2280244588978233E-5 0.8802741245376753 0.04694060516348962 0.005277461613581402 0.0011872335775837996 0.0750108059580494 0.06605525941320757 8.112576878910698E-4 0.1146713375757875 0.029091758822275854 0.012200004396079774 0.002788381675591138 0.1133940389669912 0.003927832172394039 0.006034840871451494 0.06192289689035936 0.5509628880904414 0.0057920538869502 0.003750562946918678 9.353842606577472E-4 1.9788841954316346E-4 
0.6999965737542267 0.865799471134855 0.012778283085073394 6.966790793149673E-4 0.05912433250787202 0.0032046219259497517 0.012278501871205189 6.476609503284266E-4 2.67776893421892E-4 0.01717001324716383 0.02166192618602463 0.004863673362291118 0.011378368074111822 0.03927477540035589 0.009251119923102244 9.431331076340107E-4 0.027830072655166065 0.0029776995235577986 0.0026250441538346516 0.0015247317768218626 0.0022527139354146415 0.0026067168350080486 
0.6855318528054065 0.89054281282716 0.9150629716743732 0.004030740545835697 0.01660996701995974 0.0020281092102652086 0.013141014732595914 0.033605142566269265 0.0016020194955073154 0.0025789293980436065 0.03599728147425286 0.04535300976277044 0.005415653107399007 0.014394793516367514 0.0034733211599779147 0.008966353394607985 0.07518777974812547 0.0 0.008314330064336104 0.001543054624830719 0.013667364734868084 0.002788401971109164 
2.966250479808862E-4 0.593374041919892 0.6784341753601815 0.014342413868357714 0.006149664896481638 0.001015146736898856 0.004725036280484609 3.174692817488893E-4 0.014735147372625813 0.02510737098758249 0.027415616746586585 0.008457311669548107 8.647543454252729E-4 0.030884488040932252 0.010811982384809838 0.0035724124354925947 0.06684840792536734 0.005033506332924675 0.010156241776385189 0.003619084674532251 0.027436850681022314 0.017065083418252344 
0.6970604707995475 0.0 0.8591655721163217 0.0032254797045463517 0.005415903801404269 0.09970438987227773 0.010144099795423318 0.06472716418055799 0.03926845523678361 0.6101237480416317 0.02963854909261506 0.08821463152111335 0.1058858441708969 0.008853938114612655 0.06321338855462824 0.024756683909241045 0.07565107501363201 0.0017887649555343972 0.05726080580166509 6.124291692726127E-4 0.04562247302186066 4.049048196002429E-4 
0.8406610216507722 0.669979095031863 0.7524551344460682 0.0025158619444045098 2.0010816913228202E-4 7.52539284916383E-4 0.008566530405068098 0.009979610327776754 0.009003069280788254 0.0948672140652954 0.028092917379207077 0.007419252932313153 0.006411913101552967 0.05953532610596981 0.001309849620788043 0.004604557151466518 0.06855295268491336 2.413879598262168E-4 0.008877960546235885 0.004489719155431972 0.020809042759280645 0.004341811040674794 
0.6825802088632631 0.008906321428292941 0.6252966312248144 0.002874327308240603 0.025863545279516474 0.005102532246727777 6.868476675908584E-4 0.0033560363095456627 0.0014623211147154545 0.09061050433081635 0.015584146348573219 0.044019967460078566 1.9454763241286317E-4 0.017126415355480536 0.007601318281415258 0.0011797349024270081 0.02793070544938228 0.028135195670062785 0.03620828168393946 0.021509439067234116 0.03219664833654087 0.009042426438629158 
0.6688266088815432 0.24780255660390516 0.1438176227590032 0.012444491833540013 9.10694380083163E-5 0.026539689393872953 0.006598342619947949 2.7246729046407486E-4 0.005562388124708334 0.02438771167957629 0.026399821749210226 0.03782358819196887 0.0022938870418031236 0.0 0.008011203277240685 0.001095303341012488 0.12461618369406907 0.00100060482447838 0.040335543608277395 0.0026305044982971116 2.33213839251069E-4 0.003944865274231817 
0.6686691721846669 0.8928034859217229 0.025927603278319403 0.006237550224045324 0.00941047748027355 7.071584534489455E-4 0.0035876923688804604 0.0019251951131205396 0.015043680543474259 0.005803430983648309 0.06648828776400459 0.007259590002091255 0.011219958487486243 0.02447658088259429 0.04734707849103239 0.007346067138718736 0.03559005238711703 1.2131443970728032E-4 7.252336273494316E-4 0.0011357089543383705 0.010668879598841566 0.0 
0.7931135764230247 0.20141431095530832 2.211458044732023E-4 0.0034794724387881733 0.005401259583953159 0.002064092296389125 0.010207355613026624 0.036850501718129404 0.04003321429034973 0.1159874012976081 0.004843328922763006 0.024998099529429378 0.12668203019882707 0.010719740749836157 0.015141146782432505 0.08117396900227292 0.06192289689035936 0.008537931303751196 0.00891405381047997 0.0018514827315362055 0.15854391217089298 0.03264635651312881 
0.745591748995586 0.00874354545875855 0.14358350451508667 0.0020409829363206705 0.017048487606720668 0.005697355700806453 0.0056804887152438555 0.007390891419009279 5.143531367162602E-4 0.02112665090653782 0.026742850632932042 0.006061856426894699 1.2888568585313516E-4 0.052798601485756866 0.010692215187971256 0.009690936541984994 0.1266526470473446 0.004949041848586997 0.03430354033608329 0.0026479284492052094 4.263663924934418E-4 0.006754304290533294 
0.8267117646940074 0.29858178312395517 0.7722034002728011 0.0013097332505826033 0.0021906143606795665 0.002293516431463508 0.0049625317943295 0.0026344525998453494 0.001839438577607969 0.005142723266229519 0.01131760267773671 0.004767853757311683 0.001659289177572675 0.07157428926435769 0.006893036816342119 0.0 0.06588136257565506 0.05315041191622222 9.78067019530324E-4 0.001608620877734281 2.847088182628101E-4 0.0012562659422005705 
0.8746541633112794 0.005505690684598399 0.8772974986687823 0.05307634888914498 0.013252512257121186 0.05897346099223463 0.025923050884675412 5.245835263881912E-4 0.018369346983220507 0.029346621600688565 1.1237498946692868E-4 0.020187332376270475 0.005562749189017543 0.013306820711940582 2.651996506742335E-4 0.0034553233038348598 0.03101428690606251 0.002559646517067999 0.0016398598173630544 0.004329049825223262 0.002946925478344282 0.0013563517477881452 
0.21040495984080781 0.18971974441761508 0.7584379583858897 0.014601674646718061 5.086386805710792E-7 0.028757507462182717 0.007247670759998791 0.004507794458946848 0.0058326768981491525 0.024537623529443702 0.009329999240932987 0.015270706616315969 0.01866048395088437 0.017873986759198712 0.020182076635224522 0.0021131658009277882 0.026794330069478844 0.008962008405591151 6.677788269364437E-5 0.0015085669351301834 8.569991476544926E-4 3.780527078843384E-4 
0.25327626733816694 0.010551147601896686 2.916877510407284E-4 0.010154046467567021 0.017890665869001714 5.255698184712494E-4 0.010383617534534028 0.011218967324090192 0.00245692071386275 0.019849247045357572 0.02367444521215317 0.0055916280460563735 0.001507080599937504 0.0707335004829546 0.009804279666362038 0.006729152278271524 0.12501764101295101 0.00493174523771447 0.06152561487037636 6.4073516466766E-4 4.26314166219421E-4 0.0069577327595038525 
0.4508289130621507 0.8033671694476647 0.15797694003323642 0.047457547536195466 0.0021593031956221673 0.0012915705669197743 0.004796421731634778 0.06574976049416534 0.03206918234925589 0.0011709394700464369 0.050542936705001915 0.0025989216011596144 0.011064671432026676 0.02204145555255529 0.018035580930284494 0.008961564106714573 0.03662165919191804 3.2135637678289304E-4 0.0025584565387967656 6.840947819032163E-4 0.017442313843547465 0.0028933211303167265 
0.0 0.7103216714924022 9.849652736825532E-4 0.007004380670910411 0.02593270523313341 0.0011813401682686814 0.010925832677195137 0.15218461830619778 0.02112313737513192 0.04809822451265039 0.014674009286894557 0.0017182486827493418 0.004166164967478328 0.11428447785623908 0.0012198922087422511 0.07576262859880947 7.556289104046019E-4 0.5349146975618038 0.006962983980707192 0.018635226670857326 0.008615770104557009 0.0027132500343793695 
0.7935898320597143 0.27431554140173225 0.2255735783110077 0.00300911195528172 0.07250536599859664 0.01115673621625792 0.0 0.00410398008662248 4.657818987674929E-4 0.08000635268692582 0.03020402670478966 0.0017655813669432262 0.00261827962624547 0.009238012257398887 0.013115957818783545 0.0022595135579080577 0.06734733902035657 0.004540923292869865 0.059271113381077434 0.003662886278966115 0.00853553820846232 0.02830303946034286 
0.8986081129888366 0.2745366421832527 0.7375414688155443 5.701160272418163E-4 0.02228262230180946 7.6984934500376E-4 0.008083730892742724 0.00272875480238336 0.009203815822133556 0.10094598602537425 0.01629173181707256 0.007444715532348349 0.006511342572292772 0.058940807989055724 7.444381703175023E-4 0.0026894312531125057 0.06454152450415233 0.004418499259581167 9.778822988846677E-4 0.0016504625515090516 0.017364243136572883 0.005202799475262011 
0.013723195522868215 0.2875512992087389 0.8658849389838461 0.0013097332505826033 0.0021730219207991446 0.002299885776260565 0.012855034631337605 0.003290977684137792 0.001839438577607969 0.028673649007883238 0.04453832407913347 0.007757981637160894 0.001659289177572675 0.07185875797449627 0.006893036816342119 0.005516213210596659 0.06588136257565506 0.05315041191622222 1.1561270296142536E-4 0.001608620877734281 2.54967728109502E-4 0.0012562659422005705 
0.8730714851143833 5.358518452693861E-4 0.651632145933273 0.015509136105975683 0.031180930656487867 8.639880277463789E-4 0.003452660735643178 0.010668728887818234 0.01500514674959667 0.016621277553144305 0.016723891582738938 0.03561435262337698 0.014832239395716339 0.0028265572667030073 0.0026458573785787393 0.006886587527628673 0.06871108675761034 2.994569486257536E-4 0.008868525526616194 8.16621012213475E-4 0.05275515086940844 0.014539666961218155 
0.024507833835462622 0.0010347312334554395 0.6745922986433311 0.040644367785907305 0.013172212830262955 0.0035102092662044216 0.004765704239594993 0.0 0.03343022209260178 0.017194744688959537 0.025434021237056775 0.01439741401812589 0.0061359692820554404 0.015411246311025178 0.001677755182445435 0.008831842458331024 0.017511972921997687 0.001191633169029756 0.009417685003722021 0.001360824651983004 1.233385811146813E-4 0.029149813009611846 
0.8342368628844032 0.08576667240383314 0.8437621468604914 9.92529882108556E-4 0.009882623558612247 0.0033452546417112945 0.012415494081411568 0.028251348010400634 0.03491011247706817 0.09049112336302041 0.1304478203537538 0.0010256790820001834 6.312235457811306E-6 0.023742138076502814 0.009218685855620603 0.0020235583206829554 0.13652377075161098 0.006839136355200658 0.006049810653173332 0.001363409683832361 8.988859672124584E-4 0.0023339541263370247 
0.0 0.6092997060884187 0.8452230182159622 4.2084276117264655E-4 0.006707800154730668 7.91058862550334E-4 0.01128838241808848 0.03606536248343673 0.003367914926466509 0.028633200725510302 0.07845075713618459 0.00771135959169688 0.0010181978224893147 0.05080146088973331 0.008925156213302731 0.017589104043679565 0.06405228937511008 0.004177389086054959 0.008845313285925152 0.01006001298893592 0.01731811874816227 0.005266677087100777 
0.009051991729843223 0.7066719827851171 0.7116363939959907 0.0029678674498084066 0.01344464920353391 0.011447822561873395 0.012495554092853236 0.1495404566210044 0.0033985030923647953 0.03644604215489639 0.015556722353957431 0.0020054472538106466 0.0060708498917031156 0.07084164014269632 0.0016823401021033042 0.0010955818326755075 0.07520303145602057 0.0011691545412807977 0.006794880061554952 0.019284759605132533 0.02893350936035055 0.0025957689339616264 
0.00640051261881204 0.020748267461446257 0.8824820776903974 0.014873425803575709 0.01333524929361189 0.0033210925134016826 0.01192892955612325 3.6248862396964007E-4 0.01758841161298237 0.03003400868554023 0.01749030503788581 0.020535593463631284 2.4086614154643577E-4 0.05396063093255406 0.0048675708588905835 0.006570667196620588 0.014972898439556803 0.004055483655983114 0.004756035704591109 0.0 9.090479315059569E-4 0.0013567731510443458 
2.6112007438366946E-4 0.8119104232741113 0.8768910586747494 0.05307634888914498 0.013189082273460492 0.01506060124734896 0.09123406994024869 0.00102816801931971 0.012566840966177186 0.027970721695787213 0.01582032582012676 0.005254888704286105 0.010711794022253876 0.18803727830706407 0.048305302582257445 9.782887864951387E-4 7.2614689222485E-5 0.004968479352570679 0.010549373594194212 1.437053621486659E-6 0.007108206729441447 0.0012527325741524048 
0.8238926566016662 0.6791990746642285 0.0 0.013592086450171568 0.05912433250787202 0.003210548539179677 0.006711088696959814 0.0010852549998950419 2.67776893421892E-4 0.012675641857220643 0.02166192618602463 0.004816644846468306 0.03454577298940652 0.03927477540035589 0.00925915988686853 9.431331076340107E-4 0.018556497264133054 0.0030640847857310374 7.879243311952843E-4 0.0015285891783116381 0.001800781923488105 0.0026067168350080486 
1.0009027582271596E-5 0.25063534102244445 0.6018812189952234 0.0028869511770362065 0.11336140765699146 0.011540624299261752 0.006822941506183699 0.0 0.005649445823857265 0.027783073068159712 0.026083908331624786 0.013923438805680855 0.002319550713318998 0.07078625513620827 0.007760065015603577 0.0014261749144708269 0.11946176113485912 0.039695713644269076 0.0032878285835026347 0.0015681276838164589 0.02901084939067907 0.0060153105022272176 
0.3927300600955979 0.6640127546818391 0.6758611465602218 0.014592322004532293 0.013525445980173051 0.01138447617417018 0.005612035151096885 0.001041955187031758 4.906365758747537E-5 0.013550630887143575 0.028785828788100896 0.0011948237866443437 0.005325576573118719 0.00364360939706087 0.006204968589501043 0.00788259494764199 0.07571796747621404 0.0029930091601402947 6.126431897753829E-5 0.004818618964878544 0.0010092899680216347 0.005559487353893585 
0.0 0.5338846787247306 0.871030195729856 8.852615306828463E-4 0.006707800154730668 0.0 0.01128838241808848 0.03606536248343673 0.003367914926466509 0.028633200725510302 0.07845075713618459 0.00771135959169688 0.0010181978224893147 0.05080146088973331 0.008925156213302731 0.017589104043679565 0.06405228937511008 0.004177389086054959 0.008845313285925152 0.01006001298893592 0.01731811874816227 0.005266677087100777 
0.3037819763772639 0.2551247756678513 0.6807152369488795 0.012928631529661887 0.0 0.0 0.003681127360615939 0.007464230054977854 3.923947225646235E-5 0.02875596028931335 0.039810552318891856 0.009244839719912528 0.002215870276899012 0.011358470902122522 0.0017234024463529455 0.007980516118500208 0.0647508901212079 0.04093251156623725 0.0062370619075905985 0.00380266933790141 2.201985353480362E-5 0.023206442055749142 
0.6368177814987533 0.18971974441761508 0.6840134634504158 0.015311649650810895 0.003369828518592106 0.04938413507836363 0.006828955962383586 0.008155101420426143 2.9307796550054544E-4 0.024966946369756753 0.030683880679233826 0.02158316459032498 0.006033268982050146 5.374219020826704E-4 0.0016939224320690143 0.006547585231418546 0.02166356887394237 0.01649021178584071 6.677788269364437E-5 2.68128029344665E-5 0.0010222471597647411 0.005822370855696686 
0.8707577376759914 0.669979095031863 0.6788989968076965 0.014809479920437144 3.0709960552142783E-5 8.115274117192599E-4 0.008569194107540425 0.010668728887818234 0.009089209397122345 0.14315654021605825 0.005933691742005521 4.975464581351762E-4 0.006035878859162688 0.019464810692613115 0.001162468465535668 0.00640920429831256 0.038530842470130486 0.0 0.008884781196325225 0.0047114523911035286 0.002947840227499143 0.005142808938012175 
0.25327626733816694 0.6086930521048791 3.627527930655989E-4 0.009969410755545508 0.07159565352623774 5.154556699402402E-4 0.0020786697342432253 0.011637569307930976 0.054704250590545234 0.027470939076616886 0.01979350570719756 0.01404277917093583 0.0026335990570751887 0.07229753132706504 0.0013104317127392148 0.02234561991497712 0.06610790224259692 0.003700054624018713 0.0031215782261392174 0.001895357035145823 4.4767360359719566E-4 0.0069577327595038525 
0.231393653004848 0.7466034194353839 0.6381519264324198 0.0017449100312988898 0.0011905492178256186 8.118867389639716E-4 0.022575350253514686 0.007298419831360929 0.0035473553303935236 0.02128727840151269 0.0033988669261324628 0.05883388873773976 0.005992017342101014 0.019422962983232542 0.006200169303432078 0.0073590174216204875 0.03787579510493157 0.0029868647537710747 0.009223519231117515 7.19952793507772E-5 0.019762559712968038 0.1027049068822365 
0.5914546184054985 0.7910909617199889 0.7265711548222402 0.057312910535783926 0.07954879503080892 0.012331677784067432 0.005045206755221724 0.005470953991711287 2.6242415068546967E-4 0.02453805618559817 0.008731568908109139 0.008037996899779002 0.006448392216574165 0.0 0.006676284237491486 0.02311604832498424 0.07535415713657674 0.015798196645240122 0.002485451001180621 2.4937539162380395E-4 0.01309837826462009 0.03086770126889921 
0.6354880948556274 0.263849367433768 0.014700785221165018 0.014799869356562266 0.10714289388505321 0.012494917162049151 0.0031331677158582443 0.052934115373635716 0.002279130682612276 0.02438771167957629 0.02607581607490585 0.010304477193297652 0.0022829101157550713 1.8106646352542954E-4 0.004878254770650663 0.023019168184380618 0.12658902727209223 0.002069499776882481 0.004711600288064874 0.0 1.4925276401170113E-4 0.003944865274231817 
0.8892013633505252 0.0015393404037728486 0.2305592195086197 0.018119889653883874 3.1794515711064267E-6 8.977591940253921E-4 0.003695176702338023 0.017303460860702058 9.132959225692863E-4 0.016110119237747432 0.01643597827383365 0.03107244540634973 0.015365186884846085 0.01741896631098766 0.019658885617192715 6.994256272161245E-4 0.017714555312911225 2.976944476490076E-4 6.53156367350584E-5 0.021313463506655472 0.016992183021912112 0.006794458958622398 
0.24430539391966272 0.0104838817506262 0.04634367394037464 0.00710463336384555 0.0018269969287292949 3.555498593320601E-4 0.005904718770199194 0.005210563387788842 0.008654071209060102 0.024085411529348275 0.053793574642734536 0.009743081589604853 0.03528859155222208 0.016516681987524526 0.008862963589015109 0.009688664629194928 0.018150148972585177 0.001862738813879248 0.0403354906540028 0.02604288653452999 0.0010628068406077088 0.016424452189547925 
0.6312392604864618 0.24484309176352773 0.14249705129723192 3.562863864796928E-4 0.016521799183854317 0.002062793919555046 0.003220909211769564 0.054502833094443225 0.002279130682612276 0.02444251532689212 0.02607581607490585 0.0276347421478942 0.0053954113513232736 6.0374113619164615E-5 0.008011203277240685 0.009534552311354865 0.12519095611897682 0.0426600134071206 0.002370292716510465 0.0026561927965778834 2.7408146493332515E-4 0.003944865274231817 
0.24825368578423423 0.8743949683572935 0.8498480611722006 0.007260141674786138 0.049700271891584796 0.005228851593708572 0.011343225036161413 6.363339210321995E-4 0.02007591687762767 0.024301356673991484 0.03495013954070896 0.007724213058057922 3.827991164990826E-4 0.013399543982935257 0.0030821941848565948 0.01002305950508289 0.017996888393303108 0.01161209869600141 6.146625445661684E-5 0.0010194533596352764 0.010631430750284112 0.0020042072959120232 
0.886042240813899 0.8045523927873115 0.22115613814817878 0.03163915424038695 0.02936193356238012 1.2716168753710487E-4 0.008746328974783661 0.0015361867119711077 5.136337589915567E-4 0.005814134261399734 0.017463336261247246 0.009352064039663063 0.0021985966863094474 0.009749767467820223 0.03640839910031861 0.14926489714788596 0.09966964911420209 0.0015972674702769314 0.006108720406288362 0.03808893825180372 5.670987872622157E-4 0.006733470437088376 
0.8828496535090516 0.22517499097974386 0.9035277193520822 0.0037933322381582227 0.00939451905307239 6.886849963965777E-4 0.008874301920842282 0.00230201540813239 0.018355677273013894 0.003848172613682938 0.018254701067916497 0.007453808880474324 0.0019401831968962543 3.3618288599475063E-4 0.05016015868752566 6.602006968841603E-5 0.016477922823926162 0.0019160448945161183 0.0069544616674700205 7.495042137552158E-4 0.017661034066088342 4.394189234899204E-5 
0.8828496535090516 0.8519603914287598 0.6101810455231436 0.0029773284391990083 0.009555000720325285 6.964427969227754E-4 0.00908866151364529 0.002242743140363182 0.006524147359021932 7.175147249047706E-4 0.015498870552671276 0.013949871284397716 0.0019401831968962543 0.06933006686293197 0.018313648640756845 0.0011716699545497914 0.016477922823926162 0.028265763726383952 0.06198722969214161 7.495042137552158E-4 0.02811525703925591 0.0027065568833634715 
0.7754480508402882 0.8519603914287598 0.9035277193520822 0.003805286747123095 0.009600734833714375 8.137550878512499E-4 0.02244986794318597 0.002242743140363182 0.018355677273013894 0.002038911250533307 0.018254701067916497 0.007453808880474324 0.0020690917058442324 9.066711887894905E-4 0.006121325204186193 3.530998535078206E-5 0.07035668525555511 0.0018816611238460196 0.008399553031284946 6.185258797838109E-5 0.017661034066088342 0.002688226016114548 
0.2466165445464068 0.0010347312334554395 0.682941988667704 0.01332068178904642 0.013194489252556752 0.0035102092662044216 0.004765704239594993 0.007766190387082611 3.1789549020845576E-4 0.003410328317954572 0.025434021237056775 0.01439741401812589 0.0061359692820554404 0.015411246311025178 0.001677755182445435 0.008837662081576568 0.017511972921997687 0.001191633169029756 0.002545610965254693 0.001360824651983004 1.465163215126318E-4 0.029149813009611846 
0.7078548224381663 0.7314227699402827 0.9118775748260975 0.014095284084814563 0.011965996731721794 2.004791461038529E-6 0.0 0.005349447952548833 0.00522425049259073 0.06906871163967541 0.01650424980427359 0.01537498080939021 0.00406897194964163 0.001202980536598619 0.046346566585547824 0.008594985070792503 0.08658713157515262 2.9356079048291003E-4 0.002567421975241321 0.004736512300155808 1.1957581948831772E-4 0.0037587805676528377 
0.01619733557611369 1.5312973849769173E-7 0.09904947123533608 0.005926169354360848 0.002358870899226831 0.025925873802204683 0.07681275919053902 0.06595175834614533 8.112576878910698E-4 0.3598101836474905 0.0 0.016461835519771248 0.002788381675591138 0.005025018278247195 0.003927832172394039 0.08118556789852054 0.07526314349369537 0.08168799737020307 0.00586022719706104 0.0018198584441705646 3.7738240610767256E-4 1.469074237045783E-4 
0.25362146895206394 0.6317017136426518 0.15797694003323642 0.01269102881703981 0.012598231302885567 0.003296260014272891 0.006719036664933411 0.06574976049416534 0.0056044764682020645 0.028437377339204796 0.05061584985290297 0.002111717028620363 0.0019663339738874167 0.02198391815349761 0.0029987377944637955 0.0010481653833572394 0.03540053562225785 2.746605093924701E-4 0.0025584565387967656 0.0016255383191395433 5.178087468108977E-4 0.002894925773139946 
0.6511271106768326 0.008862779317044878 0.20607934776275147 0.02879413705469919 0.025863545279516474 0.026992599133767198 6.429699425612766E-4 0.004714475237580885 0.001358970692740677 0.019317266561419362 0.026297114018493654 0.006144846620057917 1.9454763241286317E-4 0.017126415355480536 0.03391350973951482 0.0011797349024270081 0.05519346854275326 0.0016301014260482645 0.03440469954581311 0.021632246986919616 0.053441602092244106 0.009042426438629158 
0.2607616843179526 0.8111976941868715 0.15797694003323642 0.01269102881703981 0.013101061213004453 0.003296260014272891 0.009136936182350059 0.06574976049416534 0.03206918234925589 0.026715284302940397 0.05061584985290297 0.002111717028620363 0.0019663339738874167 0.02198391815349761 0.0029987377944637955 0.009010344227369235 0.03540053562225785 2.746605093924701E-4 0.0025584565387967656 0.004739953142200458 5.178087468108977E-4 0.0010462498797446165 
0.22328625230376728 0.818380996638457 0.6381519264324198 8.43514583945236E-5 0.0018769736430547584 8.118639726843848E-4 0.008708079227428875 0.007359360712641575 0.05024506702072555 0.02128727840151269 0.0059016977235813225 0.0 0.005992017342101014 0.019422962983232542 2.3776385410018532E-4 0.0064475158983164456 0.03765576149488258 0.0029868647537710747 0.009223519231117515 0.004646834330594568 0.02003938151962527 0.0 
0.25810650034362914 2.0986378333884205E-6 0.8503696430827986 0.006957065701801539 0.050586159037532455 7.172063381510077E-4 0.07680718499341756 0.016808074126440642 0.00570031880496531 0.11554475389707632 0.0033652598182605624 0.009048851374243392 0.0363294408108311 0.0022145298942726002 0.0032507316810893062 0.021279886988191644 0.0613976849839466 0.07165848330751573 0.004396246819709072 0.004383407452254748 0.001800778150914189 5.6253632741980533E-5 
0.7646634459228704 0.0012849010726364296 0.7528131491304899 0.0015133886404266016 0.010018723763069367 5.815493930903925E-4 0.022359890157312545 0.00538571640034609 0.011398432146787471 0.04802793954000996 0.005962761158482238 0.00839607929758299 0.11995196319644497 0.023821077851169853 5.6499127020582206E-5 0.020615111951218346 0.0650958466716581 0.00861716602425706 0.010360487839881196 0.022484960756451573 0.25302630334828524 0.006349826149444911 
0.00640051261881204 0.8804100946817359 0.05120686786476 0.014873425803575709 0.005917293071995018 0.0033210925134016826 0.01192892955612325 0.008555660209846681 4.0783276340188924E-5 0.005181974209131874 0.01749030503788581 0.007866270915732321 2.4086614154643577E-4 0.05396063093255406 0.0048675708588905835 0.006570667196620588 0.06549259307862287 0.004055483655983114 0.0025528595402163953 0.0 9.090479315059569E-4 0.002403205650178217 
4.755529366699918E-4 1.695588167581613E-4 0.2278281712393585 0.0020280983072752633 0.005620877301587888 0.027055764321239836 0.1932897617402236 0.0073381182048552485 0.027962759554100148 0.14715532842097856 0.008578565433234646 0.0038721619991734504 0.0020697841777597425 0.009279724074911327 6.802278146957157E-4 0.02177503753804977 0.04500022690849455 0.015836414362779442 0.008733346856619065 5.644053824336893E-4 0.2526840600193488 0.005089188051515653 
0.0 0.852713159060707 0.20140403425752823 0.048578582264295025 0.005554724714718487 0.0034051915199296637 0.005900492005670055 0.0663428699111864 0.0023152509038153954 0.057373584643489794 0.1386887355276071 0.0019220591927829789 0.003584414359120037 0.002628351518574351 0.0012480219441199092 0.07987012062916313 0.07750562969121098 0.07111550028147143 0.01177876471148899 0.021322789698854466 0.008583508012473815 0.0288991927867378 
0.0012130390737965513 0.01282413188305831 6.689332013311896E-5 0.007595082607751959 0.006307199562089564 0.01206078808163396 0.006345924776312314 0.0021601533944640384 6.886472622150304E-4 0.3437058994424315 0.04505774448174311 0.008022816477719633 0.0028850695476885734 0.01616837906014408 0.11073773285194802 0.021803673700268568 0.037983881344079325 0.07845654082952806 0.12959529756996388 0.07488422126572311 0.03259538178628871 0.0299166346775121 
0.6369277625463639 1.355389513235875E-7 0.0 0.0077418221618470884 0.050586159037532455 0.002776967951644169 0.015941180167442632 0.15016431292366722 0.005717642538935273 0.042298393227371694 0.003889220150012279 0.0037649203782467388 0.0363294408108311 0.0018726387674409479 0.0032507316810893062 0.002242265722829099 0.0613976849839466 0.07165848330751573 0.004396246819709072 0.004712170692755941 9.372082871845992E-4 0.064114555062361 
0.21007056107444358 0.6328483316427382 0.8912163014616505 0.0013089446192329761 0.00906504861508736 7.082048234210427E-4 0.008815765236514596 0.004567733177725942 0.005636875826165254 0.026248873832837735 0.06837981384050977 0.015347700874860669 0.018407877900677265 0.017136357614771214 0.03491569213042455 0.0017671312249502684 0.08677940788897828 0.07832880840889542 0.0024909554161528106 0.001149165290786739 0.010369272755739671 0.0027533181545272237 
0.24375054388600553 0.0828720156192343 0.8523401414172123 4.6319257389352674E-4 0.009882623558612247 0.0033452546417112945 0.012415494081411568 0.0038552561037525305 0.03491011247706817 0.046905546421102264 0.1304478203537538 9.770941160430037E-4 1.3412678300408403E-4 0.023742138076502814 0.009223123700137814 0.006559762010210302 0.13652377075161098 0.0067862012030096425 0.0025528595402163953 0.001363409683832361 8.988859672124584E-4 0.0023654338358081906 
0.7065207232065994 0.8177503013305762 0.2184314136801289 0.010169917914701992 0.005035732958877849 0.004988478642024357 0.006742376896456948 0.02640967790641427 0.0020447276100252487 0.02699342999918298 0.015941706689223706 0.014318880071488838 0.00411644787661508 0.07268480895582384 0.0055348800973677725 0.007411136445916874 0.01723968397620555 0.002996967290014544 0.003302327262503083 5.341154134924419E-4 0.029081961709272276 7.350192455398239E-5 
0.6240063992253402 0.18971974441761508 0.7553281004456747 0.015102901872929684 0.003868253496699149 0.028079558566246596 0.005695309063652267 0.010909697800618953 2.9307796550054544E-4 0.025220994994453495 0.00935790854473364 0.008417812761325912 8.143453472428687E-4 5.374219020826704E-4 0.006096444651608341 0.006547585231418546 0.02166356887394237 0.016769468104112617 6.677788269364437E-5 0.0044132755555337504 0.0010222471597647411 0.005822370855696686 
0.7759519230718661 0.8804100946817359 0.16272667625503223 0.001968664781769232 0.009416301962385352 0.0033290794698392673 0.012413435802384059 0.008594000324189303 4.0783276340188924E-5 0.004894306074067843 0.04602388546919264 0.008096069590355942 0.0041572933657207795 0.013709299852877364 0.0048675708588905835 0.0 0.06525270223434577 0.0035878599296484195 0.0024686842780668817 0.0014403006466805863 0.05123863382512797 1.3598528562169137E-4 
0.007737252309092002 0.6946794170818482 0.16329693035676152 0.005210012193455614 0.006707800154730668 0.0021403564339342518 0.011207864134755996 0.03538309131235768 0.0033697343707673796 0.028628384451275093 0.07845075713618459 0.00771135959169688 0.0010181978224893147 0.05080146088973331 0.008664041150649218 0.004884734760084292 0.0037831571726035657 0.004177389086054959 0.008845313285925152 0.0019360473734952957 0.017838213142898053 0.005266677087100777 
0.22943130335106343 0.009403280913927559 0.16118886810788063 0.01294766798328127 0.012754207388559077 0.012528213859883335 0.004815375086943647 2.1893260156712296E-5 2.927822526745935E-5 0.029648878177385412 0.02105904339054472 0.010049699496816744 0.0054151434755300275 0.039281884214844874 0.0017399307734701254 0.007966107397822487 0.030650956154348222 0.050826422853481004 0.002545401394311233 0.001632462544800956 0.016349467036444288 0.0054293840331566786 
0.21826824351060675 0.6222334268009683 0.15883080022619794 0.005411202756654109 0.008950641924046683 0.002097534885091284 0.011655139956498035 0.012363278607186398 0.005470304446645818 0.027417961773438998 0.003861733115226614 0.005847315463925365 9.079971830802305E-4 0.020081418427285634 0.02573190518501055 0.004870973061946688 0.11530184709021976 0.04254322827771713 0.06186240094122425 0.0011772505361333523 0.010394283336361616 0.002346222194933863 
0.7646634459228704 0.04718168105691563 0.7528131491304899 0.0015133886404266016 0.010018723763069367 0.0 0.022359890157312545 0.00538571640034609 0.03670988341179844 0.04802793954000996 0.005962761158482238 0.00839607929758299 0.001970697800177735 0.023821077851169853 0.010554691160084034 0.00775013091176586 0.0650958466716581 0.06195286292362945 0.010360487839881196 0.004620183853497412 0.027523250205526425 0.006349826149444911 
0.3037819763772639 0.2551247756678513 0.6566114324658312 0.012928177211776835 0.0 0.0 0.003681127360615939 0.0074257584402945 2.5428731618361115E-4 0.07552819872206255 0.040278735420216205 0.009244839719912528 0.002215870276899012 0.010311315643996968 0.004138286657694713 0.007980422780906772 0.0647508901212079 0.04093251156623725 0.0062370619075905985 0.00380266933790141 0.0 0.016556698885342516 
0.7273622440182701 0.9193455830716126 0.6884139350834695 0.06709081881476757 0.013154010072454628 0.027473255120030734 0.0015299821363409924 0.002554050583586326 0.001835784423713135 0.0252944153274099 0.007690636788001869 0.004558195382768271 0.011786080817233216 0.07421933771719734 0.005608283788232305 0.01656558379681234 0.011291860128419512 0.0063973289086204435 0.014209982093847804 0.0015856035521565944 7.585605282737305E-4 0.0012833907541067637 
0.24605164455397233 4.520134847038615E-4 0.8380644275636331 0.04046958539974362 0.005405471455949863 0.001225045372726776 0.06900034415986386 0.010594490769427572 0.005841198407555352 0.11727755805999221 0.05800930005278662 0.00912595715472265 0.035089299704325956 0.07084370364788117 0.0034609668534279665 0.04469613079216346 0.20439792513935268 0.07217854630898192 0.005319228048023112 0.004376857202966468 0.001800781923488105 2.1771384618228312E-4 
0.7456440052146572 0.2552519142536876 0.6444969954104514 0.06356367313823534 0.013534113299289618 0.01859413867431302 0.002856650427922193 0.016896067855747147 0.0021039258044382777 0.015399255556762866 0.025357633887028493 0.004700540742545701 0.005406447895649244 0.05683352016209389 0.036582246761859595 0.022122750206487667 0.06498854657004802 0.011577349626477738 0.0015533783601925852 0.04300416739506087 4.2119225624751705E-4 0.0014876434082956459 
0.2521191410939441 0.8111976941868715 0.8098063789821711 0.012904432556740432 0.013101061213004453 0.003296260014272891 0.009136936182350059 0.018850947352186162 0.03257316396129201 0.02675760247896243 0.07859305671070792 0.002111717028620363 0.0019916194810827674 0.02198391815349761 0.0029987377944637955 0.017627605376387703 0.06400774008574144 2.9213188118020253E-4 0.0025584565387967656 0.004739953142200458 0.0014436621172851972 0.0028934710935453814 
0.6662808469303539 0.23290236734840744 0.8912163014616505 0.0013089446192329761 0.0018440093812585904 7.082048234210427E-4 0.008803375603658176 0.004567733177725942 0.032647401597004105 0.026246296227221133 0.06837981384050977 0.015552720087143694 0.01809645946900299 0.017124966160405083 0.034991948713216654 0.0017671312249502684 0.0871068557490079 0.0021259157057484657 0.0024909554161528106 0.001149165290786739 0.018859814811812398 0.03285746988955341 
0.7935898320597143 0.6573405444688167 4.952612252499544E-4 0.009285644669870098 0.07250536599859664 0.01130727935550635 0.0011902287690678942 0.06644931653713124 5.388514191399223E-4 0.0896594864594549 0.03020402670478966 0.012416905666284384 0.00261827962624547 0.0015221389334284562 0.013502475449736685 0.08289571290870272 0.06734733902035657 0.004540923292869865 0.05898899140790902 0.003662886278966115 0.008581974354028788 0.02830303946034286 
0.7785499708118174 0.0015393404037728486 0.2305592195086197 0.01819746630311867 0.0018151223468953499 8.977591940253921E-4 0.003695176702338023 0.017303460860702058 0.03211168015481878 0.016386854777770375 0.01643597827383365 0.03175039344968132 0.015413420794561747 0.01741896631098766 0.04996053336047257 6.994256272161245E-4 0.017714555312911225 2.976944476490076E-4 3.721504681470228E-4 0.021313463506655472 0.016992183021912112 0.0067472260696593775 
3.2067889233689494E-5 0.8149906936716933 0.0010918736387515154 0.02562035307026963 0.012718025401636678 0.0011489062860706757 0.007444827890426546 0.01800109168336101 0.011889262791404316 0.012388157637626879 0.03372451567173925 0.009769546159370309 6.265356301765277E-4 0.1862095806751848 0.008007926811524471 0.07713362604383582 0.020233224553979558 0.5508042871965434 0.005786201399440836 0.018320293343277293 0.24445420986375574 0.032848831260231325 
0.18202072387252216 0.6466940933852223 0.8924304578674944 0.0029678674498084066 0.025436204087343865 0.002199329399243123 0.008931337439551594 4.4731993063784484E-4 0.001177727377629861 0.027382211383529354 0.016696607653854743 0.014033076342964081 7.19693828553246E-4 0.016767568046492057 0.01021598384123271 8.825767027082236E-4 0.018232670044687153 9.531769632507188E-4 0.03326503478705235 0.004765275730992711 0.029257891397974918 0.002346222194933863 
0.745591748995586 0.00874354545875855 0.8769156879446123 0.063241440960765 0.017038657833460882 0.005697355700806453 0.005812898472034603 0.007390891419009279 5.143531367162602E-4 0.02109939969397772 0.02674440406451762 0.006061856426894699 1.8288240585775256E-4 0.052798601485756866 0.010692215187971256 2.2293720954885687E-5 0.06629014789711231 0.004949041848586997 0.03430354033608329 0.002782681743270718 4.263663924934418E-4 0.006754304290533294 
0.7949909746498175 0.226234639569871 0.7171720554508101 0.06606195664657039 0.009502540607700206 0.011362612033649695 0.007240669455087404 0.0474189026282114 0.0012065947620249532 0.060685611314941885 0.015128131746424772 0.014072456267637954 0.005913878373306987 0.022165518636196077 0.01863571387544435 0.005357243423429878 0.07101554119222069 0.0092768735001574 0.001586655754764962 0.001038916029258221 6.907870314933617E-4 0.002060995301892724 
0.7078405305842902 0.6691264344595562 0.21352549775288288 0.014323003080982083 5.508948762126343E-4 3.415865950771157E-4 0.0012492059268954508 0.0010450419156320897 0.001011144112822217 0.14650636051186752 0.028172103554056686 0.03915036906975086 0.03528681977962883 0.0036199029115279793 0.0011196927530759855 6.214545721441602E-4 0.0 0.06001654686833226 0.0025924357531913393 0.004600950304882754 0.0503657520083998 0.020054303873338234 
2.966250479808862E-4 0.5920504780282818 6.070787608392081E-5 0.018487984803596532 0.006149664896481638 0.027467016115912502 0.0047781828931296386 3.174692817488893E-4 0.014735147372625813 0.02510737098758249 0.008839428313369339 0.008457311669548107 8.647543454252729E-4 0.030884488040932252 0.010811982384809838 0.003582462600987782 0.06684840792536734 0.005033506332924675 0.010156241776385189 0.02835791445288316 0.027436850681022314 0.017065083418252344 
0.0 0.7103216714924022 2.3065376268485943E-5 0.007004380670910411 0.026377147889548522 0.0011813401682686814 0.01221674725039936 0.15218461830619778 0.02112313737513192 0.1151779836696929 0.028737540393400825 0.12647147480131926 2.1043494071552784E-4 0.11571142608781418 0.009064986284203519 0.017377996245141435 0.0 0.5349146975618038 0.006955673270790584 0.018484143579700074 4.4858356229409216E-4 0.005480440778614492 
0.6644714654940703 0.8793169113272956 0.21089975998297533 5.001335891733803E-4 2.1100398356395942E-4 0.02742349684495085 0.09378121929018177 0.0010298262784180607 0.01209534090922695 0.0065221807983963515 0.007787307892614249 0.005154680268651233 0.010659875613695313 0.061506689097530355 0.038023382523082884 9.560321727043897E-4 0.030177904911188606 0.0043750977863197755 0.008908440836918686 7.282831076299573E-5 0.034033491820206666 0.005185488583520167 
0.002644147681485076 0.18892146031751345 0.7230272144944366 0.001623804687602125 0.016895801297815396 0.02729819605333257 0.005074472323490925 0.005231132981720175 3.6861566724190385E-4 0.024537623529443702 0.007605986719534044 0.00667570461574284 0.005634436104960939 0.0 0.006046777045133915 0.0031299730932465783 0.02231079786775384 0.004098829502706311 0.0025316340779304733 0.0044132755555337504 0.0012579030963269832 0.03107864422902877 
1.2974904531027351E-5 0.2730675376138395 0.2216509053186789 0.002473023889891318 0.004975058565950195 0.02583207997264571 0.14344362412362383 0.006530619159983639 0.0030330687442227076 0.02821195774666161 0.015897269982078223 0.0014605220805612787 0.0015376269711629607 0.009197260460061217 0.0012480219441199092 7.810657540069944E-4 0.018179989744739698 0.016596651232430388 0.0033567404226520943 0.021322789698854466 0.00923127805637258 0.026937949822201494 
0.24867377418879802 0.2552519142536876 0.04798270022372075 0.06425837256725031 7.795466344429052E-4 3.28280653049841E-4 0.11193331786639842 0.0035576951754408316 0.015033945267235532 0.015470258206920828 0.025357633887028493 0.004700540742545701 0.017613726036084416 0.05461411181694374 0.035932044498691786 0.02151498454440133 0.06493897450521856 0.004038396987733596 0.0013946237733648437 2.3904036163188268E-4 8.821861239684831E-4 0.021510464831812754 
0.0 0.003978754341832244 0.2014054024432066 0.04785827084846124 0.005554724714718487 0.0271102838040939 0.07674117365880875 0.06660438130316314 0.0023152509038153954 0.056331483735496166 0.014127389290719147 0.0018698261393679339 0.0038993156508255536 0.00274356925480221 0.0012480219441199092 0.07987012062916313 0.017847261914104132 6.757378088653723E-4 0.006383656510592794 0.021322789698854466 0.008583508012473815 0.02947725672756537 
0.33905548773393956 0.19921281220484682 0.6585103327497739 0.007192118148099419 0.00987320135472701 2.953340828731107E-7 0.010494686413806412 0.038515771456140865 0.037780500238467 0.07460391498453627 0.040278735420216205 0.0028581424942247355 0.06444890294315354 5.105647876990221E-4 0.009500593815630492 0.007060875832458749 0.06475611453429835 0.028337140705381972 0.009112181860167313 0.0037962420296627853 0.0 0.01720150213253313 
0.8966614358247185 0.014942224136711334 0.6746752610903377 0.00838076968469989 0.006398288416473806 0.005709659365799504 0.011651404586739668 0.004891816126025293 0.032707898758329884 0.019035689648374196 0.0 0.0060517590628435805 0.00581567309508578 0.015421976842775924 0.019522407528150237 0.00891735341479594 0.016323977222651956 0.04213385700771299 0.005028959686446045 0.021442321160862428 0.00981648745128775 0.03265114629583911 
0.044780161635019466 0.2514061089416268 0.6227270921759805 5.681615993349148E-5 0.10714289388505321 0.012293779581555288 0.003220909211769564 0.0014086687534770742 0.0020229799156553916 0.02438771167957629 0.02607581607490585 0.037781810130353324 0.0023247863547802123 0.0 0.009155154591903431 0.0014099618413168109 0.12519095611897682 0.04030858780771268 0.06185910303297554 0.0 7.393876094216824E-4 0.003944865274231817 
0.8325056554487529 0.005807072383935408 6.689332013311896E-5 0.0372805111552869 0.005031072775951205 0.01238402445601059 0.006345924776312314 0.016761641987675352 6.886472622150304E-4 0.3437058994424315 0.04505774448174311 0.024485792267111388 0.0028850695476885734 0.01616837906014408 9.506393691227149E-4 0.021803673700268568 0.03797348430896963 0.07845654082952806 0.011403717546974864 0.0018916880241799175 0.03259538178628871 0.02934218368343937 
1.0009027582271596E-5 0.8202684718039696 0.4999628899823859 0.0028869511770362065 0.00507563064081994 0.005044898661834616 0.0034772434223167836 0.0 0.005716862018891081 0.02781116953870924 0.01558612291457485 0.017246574604741986 7.133276070826616E-4 0.07007770592415269 0.0077602332237500255 0.0011754129464667405 0.02059057124242022 0.028071071764493985 0.0032878285835026347 0.0015710087056232354 0.02901084939067907 0.0060153105022272176 
0.6855318528054065 0.3011965738258102 0.1605598242978556 0.013109231855494317 0.01660996701995974 0.0020281092102652086 0.0055161718003629324 0.033605142566269265 0.001616834491207992 0.003596686924071106 0.015459494052650367 0.0011534972302434327 0.005415653107399007 0.014394793516367514 0.0030173797184527996 0.008966353394607985 0.07518777974812547 0.05640082988438183 0.0022286836822197832 0.0011081685726004587 0.013220889087092569 0.005562859610232868 
0.001608792059050762 0.04815324953505351 6.070787608392081E-5 0.012208736493738128 0.010044756230576046 0.027462932829942194 0.00745441352332582 0.04143127126644764 0.014621482941249302 0.02557552817519506 0.00291390693815205 0.008451909471930495 2.917075633804495E-4 0.023443807874447484 0.010811982384809838 0.008043732133700283 0.065089837999699 0.005033506332924675 0.010156241776385189 0.02835791445288316 0.027436850681022314 0.017360183205140357 
0.21826824351060675 0.6951518893859355 0.15883080022619794 0.005411202756654109 0.008950641924046683 0.002097534885091284 0.01121054220921028 0.012363278607186398 0.005470304446645818 0.027417961773438998 0.003861733115226614 0.005847315463925365 7.615152645802405E-4 0.02007268225018251 0.025618990225957934 0.004870973061946688 0.001894264849636354 9.79029288104733E-4 0.06186240094122425 0.0011772505361333523 0.029234919749745472 0.002346222194933863 
0.002644147681485076 0.18894943025705713 0.8750376748152126 0.015115023116955709 0.016895801297815396 0.02729819605333257 0.005074472323490925 7.793439542771219E-4 3.6861566724190385E-4 0.024537623529443702 0.007605986719534044 0.009456108877722625 0.006086390569484525 3.142589200292034E-4 0.006046777045133915 0.016816233555286948 0.02231079786775384 0.004098829502706311 6.677788269364437E-5 0.0044132755555337504 0.0012050301269126709 1.0446626156177712E-4 
0.8828496535090516 0.8519603914287598 0.9035277193520822 0.0037864636668559336 0.009600734833714375 6.964427969227754E-4 0.00908866151364529 0.002242743140363182 0.018355677273013894 7.175147249047706E-4 0.018254701067916497 0.007453808880474324 0.0019401831968962543 3.3618288599475063E-4 0.018313648640756845 3.530998535078206E-5 0.016477922823926162 0.0018816611238460196 0.008399553031284946 7.495042137552158E-4 0.017661034066088342 0.0027074602125957536 
0.24362745639805566 0.8804100946817359 5.966244609457855E-4 0.014873425803575709 0.006162754910047211 0.0033452546417112945 0.012399845938975827 0.0038552561037525305 4.0783276340188924E-5 0.004894306074067843 0.1304478203537538 0.0010496731342329833 1.296563310948407E-4 0.013618185890763957 0.009240023570192383 0.006570667196620588 0.07735889816115442 0.004914413039624511 0.0025528595402163953 0.0014568425179590687 8.988859672124584E-4 0.0023654338358081906 
0.2140914488248045 0.27588720254592425 0.0831389871144223 0.007380672975480461 0.00953397037516768 0.0013812602783682874 0.01280701418202297 0.0017117224625207406 0.007116571231676583 0.02446585202200346 0.017489436838846264 0.004825521222610289 0.0011478762484301952 0.071968609076645 0.050882046416359794 0.0021101949943616778 0.06856460932120394 0.009273292307391146 0.008502634564252856 0.010321442901782498 0.02704162234955071 0.0055919349242886975 
0.015852948727178073 0.8762453128159985 0.3031133954088584 0.03166207155583954 0.009865180682437946 0.002149631385149272 0.012104211516252787 0.0011196931633045194 6.6735848025061E-4 0.028645487690455797 0.045282824465270245 0.0020646465742143903 0.0011319235395996449 0.02449930861268269 0.005678892765883511 0.0011554304990567437 0.06867365546596117 0.013952782626420059 0.008495533417329166 0.0013867537344252156 0.028279374778553218 0.019099069636590284 
0.8389560617796195 0.24526561928077822 0.1295428774941762 0.0010684540646042054 0.02250351691528265 0.025636633117596813 0.005645288242094224 1.9120499068133075E-4 0.012427166827281195 0.06821053051467686 0.05446662818298593 3.944360385344566E-5 0.0043978891642547655 0.009688557736422153 0.018589171662081683 0.003305643690073412 0.001350727585807455 0.012527901613795661 0.006002833218819952 0.00490246624074453 0.001770728134626919 0.004150636046295371 
0.24605164455397233 0.800993164938335 0.0 0.005931602622809021 0.050586159037532455 0.0018590826658950264 0.0033977587355694325 0.00925675125937809 0.005841198407555352 0.05635027282719632 0.054509283669577635 0.00912595715472265 0.03506342242056194 0.07084370364788117 0.003152618319626396 0.0436594317223251 0.09936322333211758 0.07217854630898192 0.005334243744112614 0.004376857202966468 0.001800781923488105 2.1771384618228312E-4 
0.6644714654940703 0.6796281270413895 0.21089975998297533 8.944474295732662E-4 0.006189860221078829 0.02706360980614695 0.09378121929018177 0.0018584634138826986 0.027925803385055705 0.14253534516178096 0.008207017019625807 0.005148882564786436 7.09178807112E-4 0.06285918771492303 0.038023382523082884 0.021788881438336277 0.030177904911188606 0.0043750977863197755 0.008908440836918686 7.282831076299573E-5 0.034033491820206666 0.005185488583520167 
0.680378800625981 0.25684085487733194 0.6067264837869183 0.0029678674498084066 0.011318289650144179 3.7156445917893664E-4 0.0067830381978724735 3.6599874497853305E-4 0.005716862018891081 0.04674609892065444 0.015586884130654857 0.014033076342964081 7.133276070826616E-4 0.06953513350668855 0.012050261595559147 0.0011542891166944399 0.0 0.028747663632543885 0.06210310343070019 0.0015710087056232354 0.029395780101350022 0.0025957689339616264 
0.8850832635762208 0.7375507649484223 0.004347351215999981 0.0013781906247910675 0.009188780000368784 0.0026773321469470744 0.003565391122543923 0.0019018721968590488 0.03884644387496769 0.028458675346955953 0.01749283276810827 0.007131555300798565 0.001964880998136232 0.024314003361121814 0.0055934703897010316 8.384352845449E-4 0.034078493934070364 5.864385748293615E-6 3.3950353506741996E-4 2.398664405823238E-4 0.017858056599916176 0.030820923459901818 
0.8730714851143833 0.6783778972508058 0.6421548463954085 0.015509136105975683 0.031135794325467897 0.0011616372842313215 0.01237196006071566 0.010668728887818234 0.01500514674959667 0.031281068449802094 0.05311606998315073 0.03561435262337698 0.00625765180528591 0.0024339433734578766 0.0026458573785787393 0.006886587527628673 0.06871108675761034 0.0 0.008921170451784862 3.90487251655856E-4 0.05275515086940844 0.014575876497209197 
0.8915163895984666 0.0758691136939304 0.004347351215999981 0.05712948627971536 0.009187907590452436 0.0026773321469470744 0.0035847457142411977 0.0019018721968590488 0.03206918234925589 0.028936121487975957 0.01619001906544021 0.007112897437350768 0.0019663339738874167 0.024314003361121814 0.007644359318145184 8.384352845449E-4 0.03540053562225785 5.864385748293615E-6 3.3950353506741996E-4 0.0015963251261213993 0.017858056599916176 0.030744295972020913 
0.6987949077126843 6.829976164909879E-4 0.2184314136801289 0.010152500298629024 0.009307589863867052 5.228624855775949E-4 0.010353942991539133 0.011216588358792693 0.0024685549473032866 0.02699342999918298 0.02371762935785081 0.08675199307020665 0.0015138536962158756 0.07105401205853779 0.03941425418722237 0.0068472656617828715 0.06870545666440103 0.0017990373611648028 0.0035856455844575927 6.45715202749786E-4 5.226664058426388E-4 3.132279834807067E-4 
0.20229290759367546 0.8819349629536642 0.7742921484325515 0.012314108317178638 0.005220176746483803 0.010804016417746311 0.10104973326116637 4.510166287764045E-6 0.0018969622351829509 0.10351574486328902 0.012204758586312484 0.00687995487411426 2.9699953589413196E-4 0.023370849341440573 0.013266269088374286 0.0031430954232033142 0.0655622541791509 0.0038937146741838628 6.973670444319641E-4 0.011388129851573173 0.01797840849526427 0.0022647755182353484 
0.0061546795406975385 0.2653768069094134 0.29980787226178784 0.006461452937097189 7.17100385392137E-4 0.002034444120828509 0.02771658338963686 0.00209089274448853 8.250189603940799E-4 0.008994079844884813 0.01015566860013253 0.00781959168546382 6.68985493764844E-4 0.013366444542473068 0.007987258333213303 2.6631671294647784E-4 0.0339972363898741 0.00340618132111863 0.0015668432310287194 0.00415942656880407 0.028971059684878203 0.0030909928398507053 
0.9024811417924321 0.011409859567799968 0.0 0.009028921605696148 0.0715701072596662 3.3042373826365316E-6 0.10082025171311215 0.016356284327905996 0.05409140244858727 0.355149063107224 0.015301501122780975 0.007767042855649976 8.552979139723712E-4 0.025843768268020113 0.0011904915446217246 0.02197586483753322 0.0659230607877673 0.07999654071751577 0.0064631009629517126 0.0015326987767541973 0.03251770407085886 0.0012520298349920668 
0.7872832780452474 0.0 0.8591655721163217 0.0032254797045463517 0.005415903801404269 0.09970438987227773 0.006380955227352658 0.06564381989288554 0.03926845523678361 0.6202242112295686 0.029565835556970788 0.016454455448824977 0.0017790959848336591 0.008342065756746037 0.06321338855462824 0.024756683909241045 0.07547587283218944 0.0012446055657606954 0.05726080580166509 0.004311086824316277 0.04562247302186066 4.049048196002429E-4 
0.8434199613905476 0.674113935099925 0.0 0.002429210731373291 0.005946126558338377 0.027536373021668708 0.09508898985120592 0.0018562387705420508 0.001077214645494852 0.025825245097527108 0.0450022110201929 0.004777048284787362 0.0 0.07157428926435769 0.07179337485524766 0.005689363075037592 0.028288372530682858 0.05263218076960076 0.0010323287102684178 0.001608620877734281 2.54967728109502E-4 0.00127555232002418 
0.8383567546510948 0.8760435841093639 0.772501807388092 0.006231718083119189 0.0021906143606795665 0.027549593013705607 9.402830532272404E-5 0.0026479244417867338 0.001839438577607969 0.005465946087066206 0.04448974619241024 0.0 0.001659118470475057 0.07151591215890252 0.017810569141766184 0.010327612297414844 0.06571171989944581 0.05326182537833472 9.78067019530324E-4 0.00161804334537668 2.54967728109502E-4 5.737100331549977E-4 
9.84111692303079E-6 0.6289505673296998 0.596223506002896 0.0032576252656375537 5.661497445946032E-4 0.02715416140671509 0.00885331762649497 0.032755583113943575 0.003024516590436961 0.0835542549193339 0.1040302794217059 0.008508340899365734 9.923360534495052E-4 0.07003563383163831 4.515286892677389E-4 0.023825133973208266 0.06500118325773714 9.20578435162451E-4 9.744502750554688E-4 2.915684938657843E-4 0.024737595314269577 0.0053818471498462 
0.706573628171502 0.7309980340442008 0.23815393037051308 0.013406447482592511 0.0032211748907697226 0.007194509535474022 0.0 5.955721058103335E-4 0.03494655039541654 0.13665908573323124 7.852836317541016E-4 0.010079878562747507 0.0024882627296983397 8.282099632358694E-4 0.010526096393941219 0.008575471144928092 0.019790025968172517 0.06294623070009946 0.004559529485130244 0.0017559912263267888 0.0 0.0276505377084606 
0.010002289641671727 0.2603762136844746 0.6842996094812531 0.031152533642028635 0.009253952307868027 0.0021684559874548728 0.006847151776569034 0.046923685543298774 0.002810126490132049 0.08844442384465087 0.015059894042267846 0.014362976033963712 0.006147296438619469 0.06888838038822992 0.0059147766829591815 0.0010955818326755075 0.07520303145602057 0.009212682402796985 0.001532003110365973 3.3391121876979405E-4 0.029368560235878496 0.005516542250278526 
0.8396394246367653 0.24526561928077822 0.6328058457655894 0.001016481161632 0.022364887500685413 0.025636731622552793 0.005645288242094224 0.026244037394557523 0.012427166827281195 0.09260294236492997 0.05446662818298593 3.944360385344566E-5 0.0044423959736541035 0.009688557736422153 0.018589171662081683 0.002007600581682565 6.0545796436460575E-5 0.012709229227823145 0.006002833218819952 0.004798275921944755 0.001770728134626919 0.004452612990648863 
0.0 0.003978754341832244 0.20140403425752823 0.04785827084846124 0.005554724714718487 0.0271102838040939 0.07674117365880875 0.06660438130316314 0.0023152509038153954 0.056331483735496166 0.13904322141604314 0.0018695555657163273 0.0038994353458358423 0.0013022229907619434 0.0012480219441199092 0.07987012062916313 0.017847261914104132 6.757378088653723E-4 0.01177876471148899 0.021322789698854466 0.008583508012473815 0.02947725672756537 
0.2122053453767352 0.7902719027789193 0.7475080122575143 0.006490149003137335 0.009340775331485553 0.033188424237369805 0.009098119740286154 0.0077575245855767685 0.026124910543269403 0.06053491162643074 0.04246075391099188 0.0 0.006055121897410642 0.06853131672760461 0.0 0.022871257942307356 0.07558443661816837 0.0011805276434836197 0.001656933188963811 0.04239601900308958 3.309183223748277E-4 0.0012900332842429338 
3.2067889233689494E-5 0.020148369304552244 0.0010918736387515154 0.02562035307026963 0.012718025401636678 0.0011489062860706757 0.00738477306460622 0.01800109168336101 0.011889262791404316 0.012388157637626879 0.03372451567173925 0.009769546159370309 0.001689109485386725 0.17809786499663194 1.1005383191790494E-5 0.07464153863460747 0.10973927162514446 0.5508042871965434 0.005786201399440836 0.02417798268431543 0.24445420986375574 0.032848831260231325 
0.1798457638513159 0.22483171752351194 0.8978816881445043 0.006412716265739132 7.156844601751266E-4 2.0500587808997862E-4 4.594531431621404E-5 0.0016322052014487714 0.00809980497554352 0.05885971638790897 0.009537578674840496 0.007975308831155624 0.0018963675867008853 0.014406930860717038 0.005004296048258618 6.211812629310526E-5 1.2408498725405975E-4 0.0033965995394665133 0.009463610084421498 0.004389079140691904 0.019336436885450406 5.2783254885177674E-5 
0.227341683385696 1.4158838167252996E-7 0.0 0.006309333813243698 2.3267588630607183E-4 6.511401920563514E-4 0.10613146311367863 0.005268527432393502 0.003089330658911678 0.3430161141166954 0.017481664275500564 0.02447930861615061 0.0363294408108311 0.0704738893273662 0.0034645504273183234 5.400559392217882E-4 0.07491118352135351 0.07165848330751573 0.03048444429845764 0.0018916880241799175 0.017425490190832824 0.006414259369768004 
0.8539376732253917 0.8794663118456615 0.16118886810788063 0.01294766798328127 0.012754207388559077 0.012547976386158058 0.009115790209185003 7.209678994201745E-4 3.99444406160715E-5 0.029648878177385412 0.02105904339054472 0.010049699496816744 0.005415653107399007 0.039281884214844874 0.0017399307734701254 0.007989791694254855 0.01915231598874766 0.00281910687517391 0.002545401394311233 0.0015743885892701814 9.367397066551743E-4 0.0027873949432810864 
0.8199194617483605 0.6665247120156197 0.8786899322447551 0.01484498022573719 0.006314054792196669 0.003391946233653528 0.012426875602310188 0.001030479484917073 3.9743665090064743E-4 0.006250330186619454 0.028303344510985356 0.007725487830182688 0.0023331379828018606 0.013260270924896081 0.008788682475646035 0.007904414903941654 0.06868421417473998 0.004259610647010844 0.0 0.001047517487288294 0.0023265465726939666 0.02071627254695923 
0.6597775740381042 0.8202684718039696 0.6193242624039481 0.05602580169969337 0.00507563064081994 0.00205734215558069 0.008005444307647297 0.0 0.005716862018891081 0.027783073068159712 0.01558612291457485 0.008255493795596548 0.0021027883229078285 0.07078625513620827 0.11423138523806703 0.0011754129464667405 0.01805935841633355 0.027538468556896564 0.003484367731415208 0.0015710087056232354 0.02901084939067907 0.006006366304044388 
0.007753077589555624 0.8574546649468564 0.0 0.010065751151989676 0.05900914776990081 0.003210548539179677 0.006711088696959814 0.027496629937419494 0.005717280859092327 0.35341691216201254 0.05627311464695152 0.004816644846468306 0.03454577298940652 0.07036382065153875 0.00923246440061673 7.999722168443163E-4 0.07842522443570855 0.07174433647825207 0.006452783889566896 0.0015254493643674337 0.001800781923488105 0.002605731648187797 
0.22328625230376728 0.09416054406217622 0.6381519264324198 0.0027095443333322 0.0011905492178256186 7.097614895125056E-4 0.02200064547503466 0.007298420020969276 0.023070442247101683 0.15043411229018405 0.08022553129968202 0.05883388873773976 0.019176159815865283 0.010231998815492437 2.622955596022526E-4 0.006605490194864264 0.03787579510493157 0.00439747973014906 0.009214400871030107 7.19952793507772E-5 0.050586667689776196 0.0 
0.004768989326658337 0.8360011098889187 0.8568759958457083 0.006256188027442781 2.4823727750961956E-4 0.0013969654716607734 0.006031971893263415 0.007688012444770302 0.05949365494766931 0.14978262859851663 0.04634501041713555 0.007647059770991377 0.017263783953735956 0.017489881994675688 0.018013089485444125 8.396505630340516E-4 0.015837067150037975 0.0042120411420256704 0.00921181559135298 7.19952793507772E-5 0.050165529223074656 0.0 
0.21758522581069284 3.156994418169745E-4 0.6745413607806552 0.037155416185921164 3.5316886005384764E-4 0.012374703087564772 0.006440421045737405 0.009609233051444666 6.779731470017217E-4 0.14787891052377464 0.027794016436621063 0.009318627833108745 0.005407400718994766 0.01652177961218146 8.918553642227362E-4 3.700748540390352E-6 0.03974478784297385 0.010349204464804015 0.0025367888393203835 7.821625210074508E-4 0.017512039151282695 0.029524166952769507 
2.3898658732746103E-4 0.7595950576546624 0.5706272694975629 0.007231543847046981 0.005160725659283782 0.024559613167814222 0.009081637640849348 0.011651918444169164 0.03576308079830212 0.07655319038666694 0.028395927224060116 0.014106115517380509 7.019472594594776E-4 0.06781725495109359 0.007551110168569989 0.015229283862495266 0.016431380885535418 0.02138506137516399 0.0022746412460667035 0.0015508341506825754 0.03752969963125605 5.487654304031089E-4 
2.966250479808862E-4 0.29610155182181297 0.00682456928498032 0.007138445219671027 0.009699861554264314 0.005446341864736548 0.004866499901086986 0.007501630120957732 0.03220170381901244 0.04765308515688879 0.02484666234691689 0.006574555818726024 0.0028527358248992916 0.017382539549102675 0.010229729371950286 0.007269941641233119 0.01942181351047732 0.01906086666606932 0.010294300132012105 0.02780689422780637 0.05435704967688388 0.01727371001211444 
0.009382414425982255 0.8535662504666375 0.8246632671258672 0.014880449762369198 0.005917293071995018 0.0035510041035548396 0.012413435802384059 0.0026743884909167905 4.036878043735591E-4 0.02881487040636013 0.017479538420465537 0.007855715113875835 2.4086614154643577E-4 0.013593440834483612 0.004832577067934465 0.006570667196620588 0.06549259307862287 0.0016351541868225572 0.0043650498854440715 0.0010084169991341856 1.5798839779718266E-4 0.020887791374741643 
0.24139819379413793 0.25870658708182365 0.1605598242978556 0.0018255165715956936 0.011356935486182246 0.0016098090009207312 0.005547939114355685 0.00551355798184917 8.127728654253383E-4 0.08741666695042302 0.020833151874874313 0.0010585667302865846 0.004994316914095675 0.009726790739422416 0.00293127507763212 0.00901763480119215 0.002408352458886008 0.05817988768034593 0.0013660659463611766 0.004699540212339415 0.005717529802998542 0.005562859610232868 
0.0047073318601593694 0.0015393404037728486 0.6444462229010728 0.047495461433535294 0.0 0.001395649492025584 0.004687968666542051 0.007683877790087293 0.032117415566122035 0.016386854777770375 0.025434021237056775 0.002373855244439827 0.01632884951115275 0.017305092360633496 1.9102061558151293E-4 6.956706839060956E-4 0.017511972921997687 0.001036657261229235 0.020772523145030086 0.021045610434407044 0.05158853732478719 0.029119421057231025 
0.0 0.0024180594923261657 0.9080288246455316 0.1542980210826253 0.0067050355884315065 7.91058862550334E-4 0.2236684178981415 8.965553153218123E-5 0.026527482785397356 0.02858847142101946 0.022665287539773038 0.006509337287343349 0.0014755845660382836 0.051128446842342384 0.007786608041301713 0.017589104043679565 0.06564669122626801 0.060086675710339404 0.008845313285925152 0.01036320279096428 0.03386334824148976 0.004968977596628189 
0.22670033425333896 4.5910803920942104E-5 0.67259871479193 0.14035100353729754 0.0 2.5438546122169775E-4 0.267216188107904 0.007895788361552577 0.0036038014859172164 0.06107333741995246 0.01634086499340999 0.02448727664981072 0.002248753669861403 0.07929346345725771 0.10732410444955146 0.006836039835714783 0.01969160446208265 0.006030645246877554 0.002357633259805956 0.09265951460166166 0.046932708159670086 0.0063310980130384924 
0.6685294050746748 0.008862779317044878 0.6599737046574733 0.02879413705469919 0.025863545279516474 7.892859634131416E-4 6.429699425612766E-4 0.004714475237580885 0.0013332188625621065 0.021184876815871674 0.026085969283674598 0.006144846620057917 1.9454763241286317E-4 0.017126415355480536 0.03391350973951482 0.0011797349024270081 0.02606866448529868 0.0016301014260482645 0.03440469954581311 0.021632246986919616 0.053441602092244106 0.009042426438629158 
0.7001048543835522 0.878022207058905 0.8786899322447551 6.237567203213751E-4 2.1469347996882528E-4 0.003391946233653528 0.012426875602310188 0.0010356778965051258 3.9743665090064743E-4 0.006250330186619454 0.017703354047049733 0.007724213058057922 0.011165729909642624 0.013260270924896081 0.008882282184019426 0.007904414903941654 0.06868421417473998 1.633591365465389E-4 6.146625445661684E-5 0.001381236154138796 0.010572464739688396 0.02071627254695923 
0.02929601649706709 1.61599185132086E-4 0.862037790893063 0.02233185320880709 0.010681769063617196 0.0012463682710423514 0.06876428165754807 0.06433621828520414 0.04049558494296208 0.11617772707593368 0.0013702889348531852 0.016454455448824977 0.04214191167907425 0.002942139635764663 0.06126644193480565 0.08118556789852054 0.06032887658603965 0.060865037181253634 0.00586022719706104 0.004116794580220065 0.013595852399949912 4.884521401041786E-4 
0.24139819379413793 0.8794663118456615 0.15816274706946243 0.012931197793629244 0.009966146081614233 0.003369554274609404 0.009083303683861569 0.01024244082228121 0.007091211124042577 0.010402235022469435 0.016362629936533528 0.009071555059329528 0.0022379045283128993 0.023186541296577174 0.0040412043091951075 0.007968930325695359 0.06650994332748339 0.002593168509514677 0.0025440208541385894 0.0016019859091283624 0.005717529802998542 0.002494440887117107 
0.6140489205984803 0.7972974686755813 0.2960748263835308 0.001077965033277336 0.01003955413474266 0.03467330681370108 0.0011244777724175074 1.3213884146421337E-4 0.0026820084463741074 0.0964019815993766 0.010560460713161095 0.006719956412169501 3.6321501029607265E-4 0.07495313621635383 0.019545875771953367 0.0027127130867943268 0.07757195335361283 9.088812854956638E-4 0.003045747034467497 0.002138647284457006 0.06580661804550841 0.0024368568194741177 
0.8383567546510948 0.2875512992087389 0.0 0.0024344516266648596 0.0021906143606795665 0.002293516431463508 0.012855034631337605 0.002627712557307385 0.001839438577607969 0.025825245097527108 0.0450022110201929 0.004767853757311683 0.0016097848403009117 0.07157428926435769 0.006893036816342119 0.005516213210596659 0.06588136257565506 0.05315041191622222 9.78067019530324E-4 0.001608620877734281 2.54967728109502E-4 0.0012562659422005705 
0.6904005112245148 0.7290870687292939 0.6817187943608118 0.0017218112036425787 0.009401379294972239 0.002668661246701452 2.5916664565044795E-4 0.005350248887751024 0.039048315625179617 0.1425812063999003 0.1464858912818958 0.0062430079703059485 0.001995838944571244 0.014370093440598034 0.10545513123254593 0.031032525261390297 0.03406833957857093 0.01582057155208442 0.002213878181569669 2.7119979961727806E-4 0.03544312901635466 0.0010193560058704768 
0.8351249893670705 0.9193455830716126 0.7186174748674297 0.06709081881476757 0.013154010072454628 0.010790790229452112 0.0015299821363409924 0.002554050583586326 0.001835784423713135 0.05702721225672773 0.012114760979900649 0.004521953049318069 0.011786080817233216 0.07099281431093737 0.01863571387544435 0.005357243423429878 0.011291860128419512 0.0063973289086204435 0.002725703873508357 0.001608620877734281 7.585605282737305E-4 0.0012833907541067637 
1.0009027582271596E-5 0.8202684718039696 0.6026254660508064 0.0028869511770362065 0.00507563064081994 0.004924383916593031 0.006847151776569034 0.0 0.005716862018891081 0.027783073068159712 0.01558612291457485 0.013923438805680855 7.133276070826616E-4 0.07078625513620827 0.007760065015603577 0.0011754129464667405 0.01805935841633355 0.028071071764493985 0.0032878285835026347 0.0015710087056232354 0.02901084939067907 0.0060153105022272176 
