0.6768208560507123 0.873500211414546 0.8746015067300785 0.002591794335163363 4.135254220562386E-4 0.007961200697785139 0.05727021448657467 0.043822280095772756 0.013894041815450085 0.0018477262648660831 0.027001530518008385 0.004178512242987449 1.329999670497406E-4 0.00701444265937997 0.011837174829352513 0.12584113405311403 0.015074753489631793 0.0016111173585168872 0.04026168150228339 0.0015082850602048598 0.02453204623591074 0.0 
0.789871681267106 0.8772643032625556 0.6633510085710961 0.03772828305982637 0.010926191030014989 0.0 0.001930331997800485 0.10873549339261311 0.012882871951995294 0.10919030602064833 0.002562462705291559 7.282646820224933E-4 0.008626279219270548 0.04800125679159264 0.011127371652737434 0.027118717277124907 0.0014504849636184005 0.046027720473819506 6.860090261084368E-4 0.0019205857096392769 0.005475643036121217 0.027032580051957945 
0.8499945529877753 0.2091099114819371 5.935606223084425E-5 0.2920610815882013 0.012758982717473753 0.0 0.030367943322974086 0.15171009744998615 0.013926457048634308 0.012293211792719382 0.023547911701209824 0.004531301402398193 0.1397498671824526 0.006252047060450893 0.056850003219785825 0.020145568798059073 0.003982555935632653 0.04294408060075966 0.0025231333846085034 0.002390652880901244 0.022308699270714563 0.12965895094087124 
0.6058684703218993 0.8314442251070482 0.6700902625611249 8.803459431562353E-5 0.012385478534955205 0.03798645571628431 0.013761964066158882 0.01410252543121989 0.045375695524497786 0.0034044907719302867 2.6006201420691183E-4 0.003649062556427666 0.0021784136888317648 0.08540599110107833 0.012044399814168829 5.338881843546285E-4 0.003483986246629672 0.025394732920289785 0.04652245090492807 0.00568295868433983 0.005619960913820993 0.0012857425502133604 
0.6947833297336362 0.017732037187009525 0.24182468048347106 0.01703781705778686 0.01857850595246373 0.012551379571632543 0.0020793680647663566 0.0 0.012897261960044253 0.0375553940551654 8.847614426869183E-4 0.0017152484624554333 0.009439568046237322 0.09197685288720675 0.007923002462221928 0.02701265942150334 0.0030034333971265367 0.04228080723774929 0.0 0.002679062461727496 0.006880841577054434 0.0018570242847134773 
1.161581439382926E-6 5.446677368303925E-4 1.1274059524381307E-4 0.12629321819246436 0.04054779204752712 0.0033642388423801017 0.04239308536474818 0.06783178596401401 0.0014298050826662898 0.04482726870793535 0.04307532924235407 0.02843948525629197 0.22689290481503666 0.0 0.03665443348900716 0.1228868472549721 0.004168475286385961 0.14183274109529947 0.0033167557610172885 0.037493927782894676 0.05374419445950558 0.026945084434015897 
4.5836045415874945E-4 0.2881962511428437 0.18306333179567524 0.007400681931953403 0.005577966139814721 0.008488582003981927 0.04101174061814 0.10284116383960787 0.003928378150645923 0.0015653214462635024 0.0024851256602810646 0.0036626380952679977 0.020747366173241882 0.06531180473050921 0.006828310945708027 0.01609930926851713 0.0038403619388431348 0.03677833687552423 6.898529530450581E-5 0.0022662647034575427 0.006210305166362424 0.022074894899167086 
0.002819972834822578 0.6698766868819588 0.6710884764938387 0.0 2.7516566194780295E-4 0.027498678911425482 0.0 0.004918272614779368 0.0012950656481288056 0.0 1.289775880013999E-4 0.004238395140993208 0.009454931116599681 0.07502428638512879 0.03684420088835118 0.016213285098014413 0.04810505449570284 0.003254994811098521 5.788278195975151E-4 0.002032099675666681 0.06362614603634811 0.02134647647979102 
0.0016010515210998777 0.8972485078055564 0.01951830208091504 0.0017045630751710214 0.005661893139305009 0.009126117224720797 3.1345865207904394E-4 0.08122075366966303 0.011808354594419992 0.007062420894849866 0.0022732801787608723 0.004955432767245641 0.0014726099192210714 0.08047589759662885 2.3204254867671237E-4 0.017788067563527774 0.033108882480223194 0.08220303462901253 0.03742883334708308 4.4159819556749674E-4 0.051909380899722676 0.02128772102287902 
5.272875652715392E-4 0.26980622069336413 0.8587129304525654 0.0020081589409197687 0.01967166827495582 0.0 0.0052860048911715 0.015526699582737271 0.004297620333704883 0.0022898107617930984 0.026619742508610204 0.004342846797136656 0.0428839065759605 0.04269719893910542 8.211554172811528E-5 0.003296900254261964 0.004903653219684703 0.0 0.014835947630666852 5.810694111611332E-4 0.0026568575710008042 1.0388099392196187E-4 
0.8209038570737863 0.826648027385695 0.5235041604375605 0.13049263868115232 0.029942943061034163 0.009028935995254736 0.03803494932601649 0.1046756405144507 0.022249987631517816 0.0031202428597819974 2.019157400791998E-4 0.014665621224572087 0.012392475793210192 0.08319114695832762 0.05755592597390767 0.014449124270140942 0.015001828139808753 0.08330970673501362 0.0023733431693593837 0.0016027850423759407 0.006733946224332045 0.0 
0.28517991263932124 0.24399410840217986 0.8777649237281958 0.005047121471316665 0.032723014856544816 0.008562966605929973 5.8423074880691755E-6 0.012937384076169404 0.011624020574233007 0.012505335217381598 0.002300954739153859 0.0016238174105663236 7.697736373669956E-4 0.027067997414715474 0.0035394862564694426 0.029995156190524855 0.03567676081686714 0.01263186515674315 0.04551303148632013 0.01809251004861258 0.002381021236073043 0.0043506160758040435 
0.005544731304393957 0.02211752311828291 0.8011093222794252 0.017374253881585595 0.03546606849662239 0.001631582846969455 4.936011525350078E-5 0.012733007293339666 0.07344703880697515 0.005811500381006263 0.05426484331449831 0.004626330016261083 0.0025974399771193845 0.007075797144046003 0.017965337509234843 0.012952664543226427 0.004101489949794784 0.056056987371296836 0.04046096879500217 0.007490648934369416 0.006523158498351889 0.09377261883534474 
0.7444149988766053 0.6685932746270885 0.9353715249409353 0.004148857347492374 0.005683315699823843 0.007476808316046648 0.016140641192046678 0.08178848486658974 0.016021133465524938 0.004921248937684791 0.018655418041782168 0.0035830013230155576 5.521381804751372E-4 2.507779701851863E-4 0.004807526880056764 0.0065091613812848234 0.0027776894864415375 0.010147716613599178 8.37333422289873E-4 0.0016536893215822442 0.006236168664085809 0.021391287289889798 
0.6834984995346435 0.8627829117362567 0.028715548823794013 0.04481495052715503 0.010861913871943534 0.03771846928215708 0.09281464356292381 0.0 0.013386780832505024 0.003615079173835517 0.013620645331551284 5.335770303356666E-5 0.03319447234861114 0.04867197942404286 0.01289724893705058 5.338881843546285E-4 0.0016064042418143928 0.02426733757894371 1.30278613470242E-4 1.259703834677918E-4 0.0037052113894597396 0.008050794077818156 
0.08089828619539095 0.00110851130414083 0.7624463610252239 0.1121325646735992 0.012182276065170389 0.01827926610814778 0.0015963755126676576 0.009576255414682391 0.011817698161907125 0.004809499555469773 6.857590259935608E-4 0.0041615483314319 0.0 0.0 0.0031455641695346415 3.4505878094138673E-4 0.0030556465606346485 0.01201427511702724 0.0013552546590537692 0.0019449621947038725 0.02248422057541815 0.0036633156442334985 
0.9101654474351858 0.73349386072244 0.6625242415104954 0.004710368398133487 0.017973468510956964 0.009787733562210485 0.006234072148866307 0.04131889343287744 0.007274089910217756 0.005033223591672621 0.0 0.02460049937696967 0.002914094905418137 0.08383670795938573 0.002649890134941764 0.017780739391708943 0.08142507616608308 0.0 1.129514000784513E-4 6.206807282749358E-5 0.08150129823001875 0.008763458631621254 
0.00185576801892204 0.8283247934021152 0.6747735742644495 0.004635174068927439 0.0021419583040789593 0.0038326014242942483 0.0012018563287385584 0.04410885389925408 0.006727578393225906 0.016944041052665757 0.0011927034253149359 0.047092258745840276 0.03333580174030736 0.09318735610221394 0.003568873196483105 0.008191885859403687 0.012653979406483315 0.001141324074406605 0.006327457906159087 0.004258856026300283 0.006172683381347938 0.001489711246838027 
0.7673146639358839 0.27724972986802654 0.7141935176246959 0.0031374214582975957 0.03139166646452618 0.03649731093392716 0.04026666461249902 0.06730438458862384 0.018291440631284673 0.018404768625129103 1.6854346895068227E-4 0.001367974449413723 0.0019468008292301102 0.009394138259647286 3.574650598750365E-5 0.015553823552912306 0.03792633323242912 0.00424727228696584 3.87426749562263E-5 0.060282069207813954 5.188074140642634E-4 0.004735758544723009 
0.6005840208985294 5.446677368303925E-4 2.4754961934742724E-5 0.0013127576437245853 0.018571699250637765 0.004441178636236168 0.04239308536474818 0.06783178596401401 0.005213286605844303 0.04482726870793535 0.017363298281708038 0.03341952450834424 0.0 0.007489233127625297 0.019723946547137126 0.12203551205359345 0.015475601229377925 0.04890171324522031 0.03969600399721354 0.5205722937511501 0.05374419445950558 0.02723160851414405 
0.7912947907669895 0.026463221180248464 0.8648052511769126 0.012632589026270978 0.0067409841382575775 0.0087847241687748 0.0021918358897554174 0.0 0.03156284959959153 0.0052055184944105925 0.0016633050422617114 0.0026489461710721787 8.44834329638615E-4 0.0169938806737633 0.0021104683381957257 0.02184042479304724 7.202245308303818E-4 0.05339623503286794 0.03983700409767227 0.00270223987317504 0.024701699586696234 0.0359288580710801 
0.2896721873176817 0.7869128643463883 0.2515330679703248 0.0041957077311023955 0.017155954199986098 0.0030323596786948894 0.029317541319816655 0.0020664970393320468 0.01709660806395853 0.038868547896343766 0.001778577735575362 1.3208311448056117E-4 0.011775710871266215 0.0835503320306136 0.008693467837464872 0.011156440606500513 0.08256277682492952 0.001300362913204088 0.01199938164360602 2.080133096621843E-4 0.001601907023347948 0.00612641047477936 
0.297652220659254 6.28124148394027E-4 0.6683354462399023 0.03932456464820015 0.03059457324842588 0.009090992956206616 0.02944462557430194 0.10977034970494368 0.013173133623811869 0.1061682838209228 0.0018599092719611288 0.013619251111236245 0.028332842168846854 0.05018206992523848 0.026466956015920896 0.07818896957049973 0.012341205806010213 8.794983014797537E-4 0.02556699781978857 0.003523101328388777 0.007467306805622468 0.019125943456254818 
0.9517005372249716 0.24677862021495267 0.2459694710734412 0.0026426549236796028 0.012462636565368116 0.008688932342981164 4.739598279678344E-4 0.017362688399038678 0.0038570224445835214 7.130925212070873E-5 2.234204463237438E-4 0.016931763391120885 0.01852859088936855 0.011766815921973803 0.0018342302236450331 0.017116956979634865 0.0020771738409569203 0.04205493458838724 0.04046096879500217 0.005638398544964496 0.019573873692124044 0.001714064198216219 
0.7834222631544157 0.012749627132651487 0.6322125145002236 0.001256569751484447 0.0011060426994913084 0.007960110084258135 0.02958450323261572 0.09754148402773055 0.013931953860039092 0.0018829558489853893 5.4875398542759605E-5 0.0036083056097042827 3.971868307207048E-5 0.044070450083134094 0.010716721663591194 0.01786855821217497 0.09871255414091118 0.001435059641295527 6.505814700322084E-4 0.0014961307313708216 0.021113854031715756 0.003967368478885376 
1.6208583770243278E-5 0.0017018170318112147 0.010808276948395257 0.0020127452709329326 0.007958810721824389 0.0031532127146978845 0.001337945183952242 0.10301325189692866 0.0015251532507229576 0.018424832062710887 0.0021602817928251155 0.020116278143174373 0.005847896225371876 0.10070473583319929 0.04515936352755275 8.982194666593557E-4 0.003663828851590627 0.041586039786767226 0.04046681161915446 0.014261448673293733 0.04763980081987734 0.1403137147252518 
0.010311454161593625 0.6406297663561075 0.8068338681627659 0.012501240587473776 1.0093566240621356E-4 0.036064629122031074 0.014197187151858416 4.0268384858476586E-4 0.031273693110843784 0.014094870051819891 1.2909072208479137E-4 0.004110990518985632 0.029754739731767267 0.007193397258856617 0.023494039965223115 0.022398428419045525 0.003773668014613561 0.05339623503286794 0.03983700409767227 0.03722162760209097 0.0045869654264473515 0.003063945670232252 
0.29331875340994645 8.782175075336173E-4 0.8352609842801321 0.00298307883077721 0.030614367701752087 0.00906743730459655 0.02948667622385745 0.0017991924011937568 0.008215720603544308 0.03912511541208912 0.019730797169750906 0.05966624713734065 0.028332842168846854 0.050092707347392414 0.026466956015920896 0.0738107796786636 0.035704614137163145 8.794983014797537E-4 0.0016824533187491599 0.003523101328388777 0.0072741251235128365 0.019125943456254818 
0.9113897043382897 0.6885963903860097 0.6623065784577062 0.004700647088980879 0.01674229512329001 0.003097737960734255 0.00833512587378831 0.043940600108682365 0.017028957375211973 0.003231261177697833 0.001778577735575362 0.03205773937298076 0.009180430449174243 0.08588405810673347 6.032881128963732E-4 0.012569117174786225 0.08256277682492952 0.001300362913204088 0.01196475200013496 0.002742339264610593 0.0015720698095264152 9.959103370305866E-4 
0.03621224023203201 0.9119673184076666 0.24375967473532772 0.0038219453033989286 0.01674229512329001 0.004808023690681916 0.007765473744155494 0.011320944418072297 0.004292815505019763 0.005916559236615472 4.86860751012266E-5 0.004684080882348166 0.009507169141278998 0.0027473831004598825 0.033629918268156256 0.012569117174786225 0.004385496816404766 9.841636115799398E-4 0.01191858857186923 0.0011612259452427297 0.08961488125311198 0.027334608295949272 
3.327987006152072E-7 0.660831101770059 0.7562437732064314 0.13813215954469032 0.008366987352182241 0.005989461536303462 0.0 0.12060284378534962 0.015586147906399263 0.006666733854788963 0.0022704458671040724 0.00431599011428598 0.009145582545023404 0.08080366895115769 0.020294788251247812 0.0431802765973329 0.032894826179575495 0.03535246274818735 0.23086974899514426 0.01266881629481929 0.006783746427703515 0.032954323880942826 
0.0033586020222970414 0.004394827044981439 0.6576821619298792 0.0012651645474809209 0.00480031317901981 0.04379338657485695 3.1938273075956506E-5 0.09842446001640573 0.006742192443063386 0.0036494872618662855 1.4688703771534545E-4 0.004224670512004035 0.0020712995376615095 0.028060312762219364 2.3337846936969178E-4 0.013153824986425078 0.04812864881565065 0.02254841755674125 0.0028425007175722425 7.293863414005075E-4 0.0054507941744198415 0.02070193945496361 
0.2850319738350511 0.8514078119952526 0.24250459017187886 0.0046134166097569155 0.011551636705846333 0.007947397023485892 0.013916019271398284 0.0073758698988879365 0.014209316250711396 0.004661020497300199 0.001998220063576986 0.0013618448186819895 0.031508192191027 6.977156467958025E-4 0.013032269856079543 0.0014019679786767113 0.030870316758020454 0.01224270660595917 0.0051756865664844285 0.002497900561283923 0.007653704582221709 0.004129727854300036 
1.6525064843639446E-5 0.2682887477165084 0.8068188392442085 0.02994198931790666 0.006045672563306833 0.007596230765399961 1.0903127146216687E-4 0.01643362105716204 0.07347649506814417 0.018140247488086625 0.0023522237496956117 0.003697361137959856 0.0027281036565666005 0.007013441271206607 0.024125403866577123 0.020165976561403468 0.012952352212665809 0.023889684824480645 0.039906146924905087 0.0025399261001282994 0.010976530435613753 0.08224936842099989 
0.007230731399020002 3.4169075072498724E-4 0.00492060410647675 0.13461884157987286 0.03921962532087809 0.003108653472101072 0.029922337829755504 0.006385454291425632 0.007398128554841468 0.011865021310807876 0.01736089036423593 0.02143915092974537 0.1380891502969068 0.10146300701425545 0.001129117587700703 0.01929769894172592 0.10594980267936235 0.00959473922852555 0.002063313972053326 0.015017835240934998 0.025878695196236468 0.15026173125510595 
0.6596677960751195 0.7442353281084012 0.9717262217647594 0.0021925796955030077 4.6442402824244415E-4 0.007961799165496924 0.006206670783956922 0.04218677921633171 0.01566936556327203 0.013765524353092763 0.021819535566848017 0.003747106271990825 7.865592664701299E-5 0.00701444265937997 0.011837174829352513 0.0 0.015083288700022715 0.08096010077731698 5.849509394115317E-5 0.01200438357364949 0.05182814258579884 0.006374149500843649 
0.612781501363957 2.911801064382092E-4 0.9110829132476959 0.013603875665695087 0.006317583181694911 0.0177401232856775 0.029924725067284892 0.04244317465329073 0.00421996341356627 0.006141308707890548 4.9868978269675205E-5 0.025127638647218092 0.0282322649346858 0.022407672760604534 1.1513987751312271E-5 0.01780682068306283 0.0425155328387674 0.0014345330146836588 0.009890917234310754 9.79813040274849E-5 0.0032814059995500758 0.0039033021227675296 
0.29721181259644625 0.24870993373586536 2.459466742301522E-5 0.014135741141873659 0.019446200181652565 0.004493645025888598 0.030040453128886112 0.0011153469784506709 0.004279402571396178 7.773176863296177E-4 0.01941702195767632 0.03311038260831957 3.428334999314431E-4 0.0074805741579007596 0.03285935525135793 0.1254367479225073 0.1712810245285959 0.006855102428673696 0.0010858931118354273 0.0018062038503471219 0.054617785244532424 0.013247560647759612 
0.7834222631544157 0.6371125299148284 0.13343463272835893 0.0012745146498678583 1.3051661702611315E-4 0.007839302201421313 0.0010444293182591902 0.03873513314348845 0.0023874834408453335 0.014016018161493421 3.086986316755218E-4 0.00410448422724611 0.00974063628025872 0.04348519736386065 0.011014486901969597 0.02242278158063377 0.03827404402151867 0.008312929188277578 6.120016298209281E-4 1.2254341911638062E-6 0.028565610886672126 0.003968594085679269 
0.2875903139166232 0.648131552914267 0.0074485373524315335 0.003608096334291846 0.01802025020591131 0.009618475760914347 0.007154026320642954 0.04124401109225278 0.01808733495126501 0.005405341036902258 0.017717183937347083 0.002516905497064561 0.027387054609076214 0.0075250205612316864 0.002697626024995483 0.013544266496001212 0.08444956886835521 0.03586520071782562 0.04533474791260606 0.0015849873682099273 0.006310250383494036 0.008367983008394095 
0.7534627777445724 0.06459266157271126 0.8171836568988249 5.841609316610957E-4 0.030503428249878076 0.008956419622591163 0.0066712994670256745 0.009715239552554643 0.0077537737451992585 0.048871153865186104 0.0028874771437820725 0.002010455190852708 0.005860735169741775 0.08046158007008954 0.025464773870842602 0.0019018716221739923 0.002134591105521286 0.02307974757179205 9.953250464293452E-4 0.002766465023197124 0.022216495147234144 0.020059658187884667 
0.7571897211735978 0.013873399787432156 1.508202241387313E-4 0.053671779648108896 0.018351000410200963 0.037357440564291924 0.04026666461249902 6.652916938577197E-4 0.01499700259189048 5.715673154902019E-4 0.013575925974144625 0.0035540658409081165 0.011616054868669665 0.012696197203227072 6.329672336284524E-4 0.01149990294939121 0.03737096718857277 0.06163373826770967 1.2725813202132536E-6 0.008240054198776693 5.230274159169733E-4 0.03571297884199 
0.33945736530730974 0.7023629524080615 0.002047057250177564 0.003402426406837274 0.006104922136071521 0.010133760423721947 0.029020764599660125 0.015411348099286216 3.4240525557807915E-4 0.01818213717865654 0.02271717283602035 0.002598688287636493 0.009488720121421304 0.0013060078685392107 0.013004479021376452 0.011770289995988725 0.03749274128503968 0.0393561621666596 0.002229047989942264 0.001415222991662302 0.03455476395537861 0.08359846925605602 
0.0765516039405385 0.013503978836042919 0.29137079312729286 0.001486462253636987 0.027862163497674616 0.007768770566148383 0.014137007328697604 0.09754148402773055 0.0 0.0061573542679395 5.483446586542753E-5 0.0036083056097042827 0.02895632738198435 0.0010876413793875252 0.010716721663591194 0.01809242408926365 0.02977584936878546 0.001435059641295527 7.160145270385431E-4 1.0181278507372389E-4 0.021183357277927594 0.003967368478885376 
0.06889036267915682 0.7505860444788309 0.26273242391106383 0.009322838653652714 0.004839742790296739 0.008454423773593123 0.006206670783956922 0.0025294801941861287 0.0032510008671804997 0.043811394452578416 0.001255452694110865 0.031204566584307085 0.003654737710155153 0.00701444265937997 0.011837174829352513 0.02224809795088545 0.014674995241709442 0.08196548016072228 9.634451206454449E-4 0.01200438357364949 0.06359443700993112 0.02859305985703222 
7.289742923766798E-9 0.009359154234429276 0.22158920725812864 0.13526885850907655 0.0031632562055698473 0.006631009609828091 0.0013644791011281267 0.006385461906274044 0.014777094413915146 0.013687163072845458 0.038635595871118304 0.004303687413593474 0.0026994420268780343 7.566003871956268E-4 0.006731587757787579 0.03274493972988569 0.17573230777257723 0.026017214889946308 0.0014698356591576552 0.017454373677079638 0.06643026763295684 0.07240266968366263 
0.21316395850553327 0.6457714284948755 0.6575948901798372 9.545752536304838E-4 0.015610451588058006 0.009929172573876315 1.2436739109664138E-7 6.511053582955394E-4 0.01293595208392325 0.011402847779508564 0.0027952848079403955 0.002534702769169688 0.028756407855584636 0.043592667734391105 0.0019022242411178688 0.013315205553958927 1.167272510655161E-4 0.05289774408358549 6.131434584377849E-4 0.0012737481412560137 0.005631340820196802 0.008031290643471358 
0.854248927151352 0.9089916887052829 0.24415566943521916 5.588519140401105E-4 6.075810601288718E-4 0.00905809163454795 0.006993223904741339 0.005711604582792363 0.03240314098995701 0.0017568970415080265 2.20779356316635E-4 0.001254675300096078 0.03443991279189778 0.0317864806737137 0.011631860093383843 0.014055445734545941 0.0045678806700174554 9.943223701415552E-4 8.582951089101055E-4 0.0 0.007924443573754887 0.008913820891446485 
0.002041429899819128 0.017732037187009525 0.17506533319274636 0.01771121127953934 0.009943540304320044 0.011979410307159445 0.0018846511393127248 0.0 0.011684626339021287 0.0375553940551654 0.0013102922260210762 0.0027741712676034747 0.011324934475968787 0.013092710009086211 0.0079728847701976 0.0718417278602385 0.024236052733548723 0.04228080723774929 0.0 0.027741914167836543 0.023333872843913715 0.035562635133333007 
0.6135394183758749 0.2563980118968446 0.6693244848518816 2.6099856304456195E-4 0.03570825193477353 0.006061691254487741 0.0033392231143287814 0.006772509581727136 0.011627968621817388 0.011149152189678813 1.019593233799257E-5 0.016671936354968192 0.02783223285909712 0.02624436557590234 9.377346586479911E-5 0.0017633385830700373 0.01896708080725484 0.0013540363303790933 0.014854641115373147 0.00132141991287592 0.02511246774651464 0.02632683685729406 
0.8499945529877753 0.005664810891223171 0.0 0.20994721520883963 0.012756529126267818 0.0 0.030346344345654704 0.1592369552849644 0.14524542202855023 0.0665829248792736 0.023547911701209824 0.021356548949672947 9.408328924264547E-4 0.00657314927007909 0.056850003219785825 0.03933617506912588 0.002501787999788555 0.08255133020160849 0.010376837756722488 0.0 0.022308699270714563 0.12965895094087124 
0.02225500862363 0.20892524042415517 5.113012210687939E-4 0.004270450535236003 0.01993736726735719 0.004493645025888598 0.030249853672461614 0.007483485978898585 0.0043848036798302265 0.002536070199131199 0.0014138196043636617 0.018354884395151243 0.002744704314521029 0.003294436022290702 0.03381530889257352 0.002827421565011111 0.005055776078397888 0.006855102428673696 0.041256051013467396 3.6979109716861816E-4 0.09425774844128336 0.013037990422372431 
0.1648842220686899 0.632228717276402 0.8343983562483739 0.0023082684267188786 0.03564994767374381 0.0034228446420179253 0.026709471288837158 0.042210636176468114 0.01473346557689817 0.009574626686504042 0.018921551134924906 0.0025297483055535075 0.027661740429144637 0.006807385590784854 0.002663116160200302 0.03245294291077656 0.12330318145926383 0.0020008720167617837 0.0043822998038259495 0.0036561037651255974 0.022911064736956185 0.008493067581542522 
0.8399211967966793 0.7141184655035759 0.25000568261904993 0.012287815412900562 0.006690456869845051 0.008800159534202052 0.030735216358808215 0.0056611409442414145 0.03112020508740884 0.003612506479801645 5.125751721394064E-4 0.0012971874786162486 0.0014863115777442957 0.04354600506316593 0.0021104683381957257 0.03365321800148509 0.0023126188360596336 0.05339623503286794 0.03983700409767227 1.5132779066558747E-5 0.0052775316487129655 0.011507120352533593 
0.20922859454782045 0.7449730328944372 0.20962563047598345 0.1406181748258557 0.020690998023842916 0.013423942296191642 0.005428027134048876 0.14245352851684864 0.01554043921686777 0.004711557871664603 0.057715408501535614 0.004270395594448889 0.00894794744985811 0.042972042257338555 0.011925120280316122 0.0017466366337869823 0.0030901591676372746 0.024411996546887936 6.187351854975151E-4 0.0035665877704846825 0.06599100688566399 0.007863927721856886 
0.612781501363957 1.3022549826154892E-4 0.6711537844890231 0.006574297032933399 0.016941806145662514 0.01777672254709277 0.029751631443693503 0.06684886372060378 0.004219697836433291 0.023738126607940398 2.67719300149299E-7 0.1933297069196029 0.0013429418642969832 0.02241005994218031 1.1513987751312271E-5 0.0 0.09968689946349994 0.0014345330146836588 0.00345234477162179 1.0494800572430861E-4 0.002046145984106809 0.00370135160375297 
0.030562574960123934 0.7386881016960979 0.027305383614956137 0.0 0.020808974877597128 0.008672336342563848 0.006191763865703113 0.14245352851684864 0.015545910363363164 0.013697649890745237 0.025033420111514208 0.004270395594448889 0.00854231481584491 0.08070904960035707 0.011746778463648464 0.04193013432918657 0.01884307474704558 0.05729125712821803 3.5682748732861615E-5 0.013340762319182135 0.0651734016544301 0.026027471042621864 
2.129764355622465E-5 0.2981119729841325 0.24230311279931557 0.001029632553196201 8.0909566265365E-4 0.00779977127175021 0.005986437210562492 0.06665757979835829 0.0015384957992402165 0.025948107187719883 0.019557597217965923 9.486223875669044E-5 0.03563697727684496 0.004490656257308531 0.009644906402313535 0.12355750394230597 0.01011508840222481 0.0019945433693671286 0.004381700433231641 0.5074187574170765 0.001110327207551394 0.0063883078907664426 
0.6376213376695833 0.012018481389806962 0.8740038661637811 3.562356262823258E-4 0.004691772388525575 0.01071259341446691 0.007310853689591482 0.050656304276642666 0.007746927832648358 1.560248445667406E-4 0.0012128902367963337 0.004325022221656835 0.0040097204799556235 0.012850093455798762 0.013086321331175014 0.013516389940393229 0.0 0.02261981079182829 1.3601650225332542E-4 0.0031614222598175135 0.011600119149661567 0.006407385596224901 
3.327987006152072E-7 0.660831101770059 0.8931049366825841 0.13495189691036466 0.005146396161501985 0.004068752757348519 0.014205695738090154 0.08168105097337067 0.01607007305519391 0.007238229971584256 1.2413831481418816E-4 0.014325260428810766 6.132766823776295E-4 0.08357069940905407 2.1864850286460315E-4 0.021941719779784798 0.0028088736152839713 0.03739030914831229 0.23086974899514426 0.012379988425276026 0.006240469990831318 0.0159698897339415 
0.06735631495919203 0.8633012395633108 0.7986173596593429 0.0034608509586937387 0.005191239337990358 0.004254531628236135 0.012947312929737477 0.009220147810756592 0.011576434170984423 2.45681894005031E-4 0.0020823528383845553 0.03106156225379875 0.02088960887507592 0.029773155933409033 0.02554646925244122 8.782326354979811E-4 0.018806512641614564 0.018452201469890527 0.0010226778882380986 0.0030557708861121886 0.023365416905137163 0.0 
0.5854020251101748 2.8274961957488673E-4 0.24050171498686979 0.0025488399842403735 0.0061868421432620035 2.220844212549077E-4 0.0 0.06594072929399228 0.004437395762074759 0.01122702318238327 0.025698770679807283 0.016671313209905572 0.043014695975547704 0.01304910588594202 6.43786192847896E-5 0.013620674611530922 0.0266936983890668 0.0015678390412985277 0.0015559208403644383 0.0032710384330302752 0.024561561137088947 0.0010084001791003747 
0.16734250806886974 0.23583175637506995 0.0037669564390077626 0.0012361768947030914 0.03565892718359481 0.001580057512816502 0.027820310602734283 0.06943192540307283 0.021997366857700564 2.1449008748312896E-5 0.0022750455116007113 0.0021450235954918427 0.0 0.012706755877519686 0.009460271866951656 0.028213579383005068 0.017755894383248264 0.0034738519923276784 0.003226685956865479 0.007735079918987968 0.04784898506001539 0.0027929523038640186 
0.8724331486572874 0.8700858253238996 0.658206102544794 0.0023553919258174983 0.004388805682773091 0.02076466443325193 0.014008084580161933 0.0489961919374589 0.02272885422529185 0.0031238431619770267 2.019157400791998E-4 0.014665621224572087 0.012672312294978836 0.0831874748267124 0.026326659891349982 0.012351723345400679 0.02754020913051845 0.012146533688815403 0.004847651956818343 0.0016028459971846453 0.006557598451733291 0.004624869405256912 
0.8819178914784035 0.06668373945399991 5.3009359231511694E-8 0.018122380921657626 0.01342099379427885 0.00388620186125451 0.05927795960565623 0.0045869669857816885 0.00973642408831838 0.23029716982647797 0.0023880108195374165 0.016671313209905572 0.00287662106165683 0.006357069966985287 4.047202707690139E-4 0.010564322017894784 0.04474197257656488 0.010967558866418006 0.0017498311523037706 0.0014428271816994648 0.02490476657476918 0.004467257469309049 
0.318923808131783 0.2803161962414432 0.17889526881767454 0.004835517856317297 0.027781095022879863 0.007717490070007224 8.740634256302524E-4 0.0027316107243273366 0.0023874834408453335 0.004464395849682393 0.0013098228342319695 0.0036083056097042827 0.011438958620483372 0.013189984157826913 0.011010595515598557 0.029018989887568635 0.024755664926803842 0.04268368762446102 2.8362420611182694E-4 0.0296927781044382 0.02257145628284999 0.0022404651314891673 
0.2720613941042257 0.017732037187009525 0.24363824096309272 0.017186086978805935 0.019990227236279346 0.011979410307159445 6.300894221346574E-4 0.004112746569688963 0.0 0.02384556771961416 0.0013237662705587417 0.19893681587794704 0.011051249234793987 0.013092710009086211 1.0655776235454295E-4 0.0721198555671451 0.02431465447960049 0.04228080723774929 0.021377782542822805 0.02771161180001245 0.023333872843913715 0.037647540291375375 
0.31889631674582386 0.8382860557311241 0.6522183486834221 0.0023493005595914343 0.014024967518408857 0.003464127624411194 0.030371327881023737 0.1426002448208858 1.480125990445775E-4 0.006227789089381243 0.0013774074651306915 0.011844644597680233 0.03266588957384225 0.0030532656569953473 0.011492418584533669 0.018461801575263146 0.10652892411278167 0.011130109495470785 0.0019932926475861343 1.8036567015495284E-4 0.024369533622670667 0.024197767900975487 
0.029480996594794362 0.24870993373586536 2.459466742301522E-5 0.2934575052966666 6.0074319523808E-4 0.004493645025888598 0.030040453128886112 0.1516555876726854 0.004391193984259864 7.773176863296177E-4 0.019376355274191036 0.03270384293470198 0.0026200615715288042 0.007442490098010133 0.03381530889257352 0.1262233328287314 0.16561363795037298 0.006855102428673696 0.0010858931118354273 3.6979109716861816E-4 0.051848009226654224 0.013247560647759612 
0.6273398632865788 0.2639072639646684 0.80570122044054 0.004021169813803431 0.016689550997836474 0.010907695709390673 0.031042660665614813 0.009047183805790865 0.008169962892006525 0.0077742814798828375 0.020578881089786255 0.006468705046211512 0.019329223357230176 0.041653559769805 0.012897415108511997 0.014152695406504675 0.03589918964416726 0.02005411782642684 5.840872798505564E-4 0.0016218005030909331 0.020554872329006296 0.0021601797290363572 
0.7099123728790717 0.659564949351045 5.163013559108839E-6 0.002093240630436123 0.014607872851455286 0.010127086147952206 0.05538380131101278 0.2679876064468057 0.05609985776179961 0.012183716729185268 0.013556414280536833 0.0 0.0013820616917645107 0.05229321319311178 0.0026596421861501893 7.444691072643166E-4 0.036680335567465465 0.04716059313274627 0.002190806975742758 0.0012376267836313522 0.024817131158849134 0.0017207572709492733 
0.8420901081376405 0.0035265365377881164 0.005072348149928629 0.005454476957828545 0.0067409841382575775 0.00686925666361752 0.006425156290184553 0.0011272782983839415 0.01582720210592808 0.025029377926406804 0.012683857928611838 0.0035181597216818175 7.418265801415911E-5 0.017421391534141056 0.0021104683381957257 0.021857020163328307 0.002777294926176806 0.0817445524695012 0.003365804298441217 0.01208586353612992 0.0067954950318049705 0.006884237714099267 
0.6516221987986057 0.25876725635915804 0.25459508670310776 0.004021169813803431 5.331745522077925E-4 4.33636714012817E-4 0.029568403721474897 0.00566877045513443 0.01866590087884809 2.1932660696385303E-5 0.020750670107066046 0.05987688349936662 0.019021831089421525 0.0274320066904944 0.0010975370249239741 0.030123073559941115 0.016917005957736903 0.0018334735840786955 5.383459735881051E-4 0.0033196951760224268 0.09068969900050344 0.00443826248801127 
1.15193449416365E-6 0.6622002292705049 0.004215035127538402 0.004603240577871447 0.039674505928940826 0.0033094216696803046 6.003685016993422E-4 0.1497293298101735 0.002453428443273011 0.012243222591622693 0.04210964217623028 0.020763039795944536 0.14102510355625084 0.08267576827465017 0.05441037511325232 0.015743404843874122 0.002546741006409411 0.06328191025396195 0.002340872913051975 0.03452090705210009 0.006342701271674807 0.13928327462317414 
0.032142802220129996 0.7694849447943042 0.8259384323849902 1.3205926709338183E-4 0.020690998023842916 0.013694131016091392 0.005279270762343415 0.14321348499180597 0.011732104312515078 0.03753353108984789 0.012505392493935098 0.00507175120253062 0.0014375822149982663 0.03183387646269608 9.664519339662823E-5 0.01548685487308114 0.0023133030564925876 0.011320221795645978 0.0016400975610410232 0.002162470778232114 0.05300985147918856 0.005135481635828953 
0.7062959829932531 0.664482668675896 0.6269902182835223 0.008255252107621888 0.01859071341089695 0.003829579372566205 1.0499738102649422E-4 0.09992037962867026 0.006973384444212423 0.04462403674084566 8.622563812722567E-4 0.0017162247128187664 0.020339270721568006 0.09148607735809135 0.011261678363755783 0.0759059949493437 0.002906873045638001 0.05808234858410649 0.06445616772702234 7.414852262398464E-4 0.006963661894980763 0.0023287121990097515 
3.327987006152072E-7 0.7449730328944372 0.21370431985605315 0.136808061314375 0.020690998023842916 0.013423942296191642 0.005428027134048876 0.14245352851684864 0.015565719501388001 0.004711557871664603 0.055500107844741076 0.004270395594448889 0.00894794744985811 0.08202936149914097 0.0025493319677977345 0.04251628774063454 0.003098791725923945 0.05187166630986874 0.0 0.0035665877704846825 0.06599100688566399 0.026027471042621864 
5.599464778309915E-8 4.172606943946E-5 0.8139353293551944 0.12205769626013926 0.012755631097885025 0.007475506416108129 0.028336585531303846 0.33819836743724174 0.011520563756759566 0.06682060777014417 0.004425690278279177 0.0017224061473205474 0.002255799977005552 0.11323329834840816 0.004706096814096914 0.12274213881240648 0.0024835703536779247 0.22347297247788953 0.01051257440394102 0.008996243254267566 0.05003913567257169 0.07195758621450599 
0.8325847397828186 0.2586441371295873 0.6712713704155888 0.004182707813866184 0.01675461822400439 0.004872176760216021 0.029433668366838042 0.010093458011910143 0.13985254010190915 1.9741520804304616E-4 0.015469267969088492 0.05924784259460288 0.028123051439841756 0.0260333887543896 0.004554284667693551 0.004483925591504952 0.0045972127392921395 0.022369787966056466 0.043435908995091047 0.0033196951760224268 0.08291012832108907 0.008341911864467576 
0.7901565140121513 0.28112335895881685 0.6712713704155888 0.004182707813866184 0.04780185455544924 0.007738932419766893 0.029646902416232433 0.11319072432436705 0.04281399425622997 1.9741520804304616E-4 0.015571115925189859 0.05924784259460288 0.02698024578210769 0.026924504784492907 0.0010719192020446084 1.5713216604527208E-4 0.034875958039110116 0.022369787966056466 0.042182553277959764 0.0033196951760224268 0.08178417754614602 0.02387034920486463 
0.8557831885268938 0.7478454104544933 0.8699399121634299 0.012440613289420036 0.0067409841382575775 0.009949334628567971 0.014196788345978345 4.0268384858476586E-4 0.03156284959959153 0.0052055184944105925 1.2909072208479137E-4 0.0026365672828169567 0.003857944924922525 0.016951393299417084 1.8122677675076835E-4 0.02224830604809792 0.0023126188360596336 0.05326249119904383 0.04171584253156088 1.5108409455052985E-5 0.0052775316487129655 0.016720135141316733 
0.6543744011542273 0.736644384121323 0.02663196192603745 0.0021925796955030077 5.743018083318729E-4 0.007961799165496924 0.006206670783956922 0.04218677921633171 0.01566936556327203 0.013765524353092763 0.021819535566848017 0.003747106271990825 6.182388708765307E-4 0.00701444265937997 0.011837174829352513 0.024072234306391622 0.015083288700022715 0.08096010077731698 0.0018053932737495163 0.01200438357364949 0.05186907512741772 0.006374149500843649 
0.28848714268532516 0.7442353281084012 0.9708073286318952 0.009285297570477016 4.6442402824244415E-4 0.007961799165496924 0.006165403173819596 0.007467147645566479 0.0032510008671804997 0.043811394452578416 0.0019469350943612535 0.031204566584307085 0.00154920504737862 0.013167779342470935 0.011677651577434615 0.022056108577879627 0.014800977262406362 0.08326340981492873 0.0010316553436801913 0.0016085159730099803 0.0 0.028190649234449867 
0.015983916318481728 0.7695721613135644 5.7146730110985516E-5 0.1887279480852062 0.018582017165586245 0.01356609187229705 0.02728771503921129 0.003011262542912417 0.14516371160358046 1.9552576001992525E-4 0.0234420927368233 0.04701512137665975 0.002719166436729545 0.10518933096820596 0.005229053840927927 0.007498344837545429 0.03068465074889465 0.2455851740814287 0.0015157884733700568 0.03202778114658511 0.05446642492452829 0.13396546802375414 
0.6840951165271695 0.6865803280527731 0.2317668635430074 0.005056797401527196 0.023340171189907763 0.01781594918018469 0.029590519740603477 0.04698493718238492 0.032234713250519235 0.006162150184228159 8.327916297079569E-4 0.004475890335378914 0.03137246279965451 0.0013041649454932922 0.001534439401163796 0.01474068837602141 0.04363206862629999 0.04100240788802356 0.0013437696333317662 0.0018011713914561445 0.030066854131664874 0.010832278445073302 
1.5048381338908124E-4 0.9159410959450498 0.7765937376718228 0.0036148108359807625 8.57956560800479E-4 0.013586476477011791 0.002299365209670076 0.04914311544821694 0.004574839149359566 0.021984081152462982 1.3526510114940252E-4 0.0037335386873823986 0.06626570931713055 0.017547798871624123 0.10024962483009536 0.016898631476949415 0.03116333345509512 0.003765149669912121 0.015625454016019252 0.0035191899986990616 0.0740628019978014 0.004112746897639748 
0.31201905377685213 0.010287604136013359 2.2078745725509323E-4 0.002151838256708319 0.023627230824197633 0.010027284553805436 5.636388538954673E-4 0.001734931577087498 3.912790656035725E-4 2.5529707220712378E-5 0.029776120748318244 0.0013764401030514177 5.115463240584987E-4 0.012551790078668806 4.860067250792091E-4 0.03331552924420161 0.0024965069138868454 0.05772241268191285 1.391935066248416E-4 0.565682652168989 4.976843722759826E-4 0.011532276457087431 
0.779627302132859 0.012972061902454646 0.6519493511299659 0.03388512713591639 0.011137394801811794 0.035491839544982196 0.0072771508011030975 0.0024134855388775467 0.03170478182749837 0.10660729825218926 0.0019041808250710446 0.002611074405614828 0.0024123701376032314 0.04513306458299407 0.0019369278897706501 0.062271570494372305 0.0018907938939692424 0.08368926299854906 0.042510517124695855 0.0018369047582238902 0.00532442996092766 0.14040973451972558 
0.33831713181610773 0.9083562180127104 0.7933249329316826 7.760864483254677E-4 0.0019547524386760995 0.008019353135952749 0.006149838538169166 0.027697820863071168 0.00824937677158266 0.01665323976740954 1.4271766757508776E-4 3.82944324303905E-4 0.01807705541069263 0.007107625167748312 0.007387945765382079 0.03260714580469182 0.033933554430113505 0.012259214627340689 5.5782694258727834E-5 1.662150087709083E-4 0.021839381436571083 0.06943953781964385 
0.07909651045501957 0.7576312400682872 0.0 0.0021658574422621776 0.03626649595036612 0.007593562856827701 0.006472143968957287 0.04420143420364553 0.0150810752556105 1.8649693928949728E-4 0.01376294487194372 0.0827403767773896 0.001239774754536913 0.0952803827499589 0.012044399814168829 0.0 0.016779345244886223 0.10940520874228603 0.01521425189869495 0.00132141991287592 0.03017850700504482 2.5604429307441627E-5 
1.3619841384715412E-6 0.2793996888255569 0.6887459317250884 0.004102249218849615 5.418293913785829E-4 0.007556453306258971 0.039921196190129 0.04338136386763271 0.07528315192329198 9.27304449753856E-5 0.019669924638297805 0.02048431156336788 0.03316812377746246 0.09320798045559564 0.012934650226658424 0.030647088892251702 0.036398614826989244 0.024669111756278964 0.005999156537672599 0.004219596447109651 0.031173683808534827 0.07941025336583993 
0.8409352351696413 0.7110494366013252 0.8694048551816081 0.01297004362176428 0.0067409841382575775 0.0 0.014221213157428941 4.0268384858476586E-4 0.03135186968152031 0.006966384681216183 0.030948643760395383 0.002727877834898859 4.4559164204135103E-4 0.04371595790023623 0.0021104053755197443 0.02184042479304724 0.004585904909509796 0.05339623503286794 0.03983700409767227 0.0016569417287184264 0.005391232856066667 0.016428237728738724 
0.11471249301462598 0.2563980118968446 0.6693244848518816 0.0021658574422621776 0.03617795250452955 0.006061691254487741 0.006253558348474696 0.006040152461233177 0.0150810752556105 0.0038396915150377244 1.019593233799257E-5 0.003649062556427666 0.0020733233959416637 0.02624436557590234 9.377346586479911E-5 1.0005525534355006E-4 0.016779345244886223 0.026897727618660383 0.015498179202054502 0.00132141991287592 0.03017850700504482 0.020510239740677477 
0.32521469317385365 0.7561308364346413 0.6749921903008028 0.0015043996246341534 0.0030473193153607372 0.003398236390381037 9.622787483079672E-5 0.0067950760458609085 0.004429882792315345 0.005610641502622832 0.0183039641468186 0.0028995719125557255 0.008180026712270704 0.08418102801481858 4.96866918951254E-4 1.1231426797792682E-4 0.003166480029274943 6.612824484235505E-4 9.022696991748897E-4 0.009686485168785255 0.006508823374503701 0.018699596682298536 
0.7837078438492135 0.20786390802403976 0.8401093866745825 0.0046092106433206536 0.011902504213851303 0.008670663334428565 0.003492550936694313 0.014994542205938918 0.0025601302760417206 0.006155228688282073 0.004595474630358334 0.008102995642569444 0.008959867528700444 0.023548858686696685 0.007327775735266823 0.019656554031206593 0.004799187928012485 0.025748219913057906 0.0024277010533988626 0.02474146484150632 0.004712141090808981 0.16122991526586852 
0.612781501363957 2.911801064382092E-4 0.6711537844890231 0.006650615632602401 0.0061949718157105526 0.01777672254709277 0.029751631443693503 0.06684886372060378 0.00421996341356627 0.006141308707890548 5.1147090866454636E-5 0.02489032992735025 0.0282322649346858 0.022407672760604534 1.1513987751312271E-5 0.01780682068306283 0.09968463883705309 0.0014345330146836588 0.009890917234310754 1.0494800572430861E-4 0.0020888878916853412 0.0039033021227675296 
0.06852522368809988 0.8633012395633108 0.005821476332493525 0.0034818048925590998 0.020870366556290987 0.004405446176309233 0.006769744836147531 0.009220147810756592 0.003231680885433837 7.633891398813782E-5 0.0018746601366879875 0.029467450007132773 0.003703966596313519 0.09338752863464489 0.0251910228557019 8.782326354979811E-4 0.018799929885770228 0.019381407053897542 0.0010226778882380986 0.06007020483955117 0.008241426866930968 0.02801504589311971 
0.6879551161709835 0.02940142268931689 0.0012678318389776205 0.0036194511118108437 0.004149184224135058 0.00796913218304746 0.006551393656342507 0.044024903275322644 0.017245919206970585 0.013698844216710145 0.0010969929838148549 0.015172841900610221 0.016208468926858607 0.03722789215305371 0.006456524289500512 0.02533694145474056 0.027541123585076113 0.023985115865580317 0.0044949000795991845 0.003127866263508614 0.08892531043664048 0.010590179537429108 
0.8358539096953184 0.25883614843525393 0.2468248018971442 0.004021285737246198 0.01656178502828773 9.380362778181239E-4 0.030540244976411987 0.0023524736788435793 0.00379792198140171 0.006261727355207742 3.950044999486615E-4 0.017302702854332948 0.019254816368264607 0.027859285359922405 0.0018040635622231529 0.030416901150809153 0.03841757510204177 5.02604721989465E-6 8.118345797817131E-4 0.0031989411570261857 0.020960924673061564 0.0033622622958811464 
0.2757166916530006 0.727410523612796 0.20523505288336302 0.0022607817448941645 0.011296451470218743 0.007841472015081348 0.029807021400430816 0.012867803022519997 0.004195606573848477 0.013786030247368988 1.9467407203081457E-4 0.020167463710151465 0.03260885858141753 0.044581685201416414 0.012704698293021753 0.017599168822804045 0.0314754578975566 0.012202335583014574 0.005387598873448146 0.002487654484247947 0.021696843382593 0.00253512404038702 
0.7905860041833882 0.017732037187009525 0.24182468048347106 0.01703781705778686 0.019990227236279346 0.012551379571632543 0.002110706356787008 0.0 0.012897261960044253 0.0375553940551654 0.0016708279843183807 0.0013638401977365238 0.009439568046237322 0.012320865446449319 0.007923002462221928 0.02701265942150334 7.783161730948798E-4 0.04228080723774929 0.0 0.002679062461727496 0.02451674455611297 0.035562635133333007 
0.7944707278217131 3.4395868788839046E-5 0.20556818878773706 0.05410801588493079 0.01120774092363868 0.007501417106357717 4.8612328256355045E-4 0.013151701260241754 0.00806338417875773 0.025875331658287128 0.02050051130974166 0.006028478024334414 0.0355092483767698 0.0813461087823246 0.015413277194506369 0.017606563167497633 0.1012207850024628 0.012375904914634948 0.0 0.005522672526029556 0.0220245367037095 0.0010452265596745639 
0.6058684703218993 0.8314442251070482 0.8145837547191328 8.803459431562353E-5 0.010970935043866793 0.036833324903233905 0.013761964066158882 0.013993170200261112 0.04400514449731105 0.0034044907719302867 0.012842819928795629 0.003649062556427666 0.018512163113273764 0.08369036170402766 0.012044399814168829 5.338881843546285E-4 0.003834465314399786 0.025394732920289785 0.04731811733260198 0.00568295868433983 0.006185967003858249 0.0012857425502133604 
0.5854020251101748 0.03781066886606238 5.3009359231511694E-8 2.2815870803092643E-4 0.017929088202069347 0.006988554218922105 0.05980568114182132 0.006779384432123583 0.011601494332865036 0.011405611644010815 0.0188695563344233 0.016671313209905572 0.029540655264829643 0.06528736218204087 0.0029219254081740906 0.001811400712072891 0.04367380072593581 6.766276707614221E-4 0.002060048388172785 0.0056108274408342715 0.02490476657476918 0.02625465359908464 
0.6639372167756797 0.8625955544003542 0.6631504372553104 0.03883559550092416 0.020492491107438823 4.031011580647864E-4 0.005333702977600146 0.009637817827708534 0.012882718005085043 0.10538733155941996 0.0018702627867554222 7.764482964435911E-4 0.015724973522875534 0.048063030290279564 0.012864528895635613 0.012830279026264574 0.01205488876630686 0.024257571110827107 0.0 1.306054561875916E-4 0.005511516485440052 0.008397173282038413 
0.2849367533526027 0.24063950647460777 0.6726996434595338 0.005832024097246539 0.027333383063717333 0.008196317792471156 2.0236800247229472E-4 0.04383074605431133 0.011822878717726679 0.004799281125531317 0.0021066544081755965 0.0051588229955547545 0.0036344165121409283 0.0441927855725378 0.002549027400106006 0.0013807085347119783 0.041493816033764466 0.013410075052106868 6.842530308238818E-4 0.0027196259621315505 0.004675276457478875 0.021455526960361584 
0.9433070729124375 0.008786574378082461 0.7987460067287253 9.66731670705067E-4 0.011941741032586248 8.586085369283025E-4 6.108312032156735E-4 0.1284080937312952 0.0024747844928750583 7.445684408666914E-5 0.04219435848779441 0.004084007201130391 0.009602556604035103 0.02361624819899316 0.0073519125589506205 0.018922491139531733 0.004321772799082963 0.06382772247994684 0.04123456136385008 0.024497434778637327 0.004695358454856483 0.02454560327722622 
0.0 0.003641955136646778 0.7846387926063384 0.006383055595800626 0.03701933541113546 0.0010831642156289185 0.0024256232898862314 0.09769465867896777 0.004568058565991091 3.2498277283214537E-5 0.05184954043725476 0.0019788992901425967 0.02836850193505174 0.08641386421646782 0.01597151698484049 0.03442292356983495 0.004621078622362785 0.06434249904209663 0.005369880117013106 0.0010643536854561438 2.998759589480371E-4 0.16287525898426036 
0.6776119346305502 0.8539485901014952 0.18789560043370773 9.80796186395844E-4 0.013943834348798596 0.009209219150946298 6.574516074556748E-4 0.051772389284681246 0.007537753221539286 4.364488884941596E-5 0.019009833936889396 0.0043193637427193995 0.04029963414775998 3.2158854765247484E-4 0.024313257934652294 0.00203490754404976 0.004881284788014582 0.023945015792298796 0.04093624778237524 4.270563027292183E-4 0.03141210791747978 0.0 
0.7519747405179074 0.0597263471439784 0.9094885634654423 6.497541340053491E-4 0.030547610469322105 0.008891533324771595 0.014067386156296812 0.10795569804902895 0.01709660806395853 0.05394278585399592 0.001778577735575362 0.0020142549585681797 0.005705532430404033 0.0835503320306136 0.025692259948905873 0.012569117174786225 0.08256277682492952 8.555549468523497E-4 0.012169166634922492 2.080133096621843E-4 0.001601907023347948 0.020287047661736172 
0.7571897211735978 0.27724972986802654 1.508202241387313E-4 0.053671779648108896 0.018351000410200963 0.03798594775925146 0.04026666461249902 0.04471373257430651 0.01499700259189048 0.0 0.013575925974144625 0.0035540658409081165 0.0012655334696493761 0.012693946944091188 1.8785203690245382E-4 0.015553823552912306 0.03737096718857277 0.06163373826770967 3.87426749562263E-5 0.008240054198776693 5.188074140642634E-4 0.0026286690686372627 
0.21121680707511067 0.013180778432314022 0.28932623728970175 9.848682465928614E-4 0.011061019873322591 0.008742661976441326 0.029807021400430816 0.008077607949457881 0.007524201975503094 0.014003052471089444 0.0025640609399906755 0.009735121312610479 0.0031250461849449216 0.0050104019076708285 0.012730273946415497 0.03104109302414666 8.214364699854412E-4 0.023313753235695282 2.775361273989704E-4 3.139444428477186E-5 0.006634999293437567 0.004321934796310437 
0.612781501363957 2.911801064382092E-4 0.7173019617577878 0.006735004209751561 4.2158352281258457E-4 0.007774895863057676 0.029751631443693503 0.06684886372060378 0.017575878035981214 0.018432121007640113 0.10926118127730221 0.004765708095745559 0.001963793368266388 0.022325532875183816 1.1513987751312271E-5 0.001994692909617053 0.007517747950478486 6.383325532516651E-4 0.00345234477162179 1.0494800572430861E-4 0.002046145984106809 0.06989597307738228 
0.6698354984021081 0.6622002292705049 0.11143932547220436 0.11844563864733446 0.0032708607283176774 0.009007691468516049 0.03799631417180535 0.0010520356855015789 0.011638697767571381 0.012243222591622693 0.02407479683053198 0.016637964900595312 0.005569196818850222 0.04536911393500062 0.055380033528322964 0.01428636970551373 0.0 0.009569548261379394 0.004093143360543205 0.014619487895613481 0.005431731996297897 0.0021601224930744268 
0.3109202176466797 3.4599061544197474E-4 0.6749857932624869 0.0019601583799446444 0.015509507101300475 0.0052114292316625165 0.030455193049192628 0.004252825331735911 0.00414203839031415 0.05169668441126671 0.019601794377681666 0.003204484302081048 0.031999709487523134 0.002161551110746198 3.4919931022428866E-5 0.01925582651631932 0.10561293242518757 0.011185247341268639 0.002063796730256545 0.0017894706995041872 0.02696236608850099 0.023459502068173127 
5.94680266928882E-4 0.025990035173135306 0.010098897759508063 0.0035423346961347703 0.01103935989841174 0.006596011370994562 0.006167153060008918 0.11224711867873172 0.0052489344830820295 0.0015653214462635024 0.00246304286793336 0.03079071742321755 0.020805628025467857 0.06531180473050921 0.002866573632015903 0.003888865710123625 0.003914949890702759 0.03787891547835601 0.0016216101112473957 0.0018077832166878771 0.006246537290649202 0.022074894899167086 
0.29500977466982353 0.6057107386819734 0.6641164074849528 0.0038182484872981842 0.01683220224337398 0.10787184881877387 0.0071608138265390475 0.0029623305537172153 0.004637981005049127 0.005837681021703839 5.797130138412397E-4 0.0035153584175788705 0.009561698732393157 0.026933381687263364 0.003795735042436644 0.03006386822044255 0.03573590048966743 0.02171680491697093 0.044466646565185425 0.0011774646817317084 0.019740139672679624 0.008341911864467576 
0.0033586020222970414 0.25130106290569254 0.6647241888843652 0.0011872879905239196 0.00480031317901981 0.04379338657485695 3.1938273075956506E-5 0.004736211844259788 0.00672765323531592 0.0036494872618662855 1.4688703771534545E-4 0.004224670512004035 0.0020712995376615095 0.026896476704248468 2.3337846936969178E-4 0.016036966615461286 0.04812864881565065 0.02254841755674125 0.0028425007175722425 0.006749151718001683 0.08012395899636568 0.020679833246018568 
0.6109925723685665 0.22961281184871865 0.0034470817216832412 0.002151838256708319 0.023627230824197633 0.010027284553805436 4.776848290109076E-5 0.001734931577087498 3.912790656035725E-4 0.0034255768562200598 0.029901459913688085 0.0013764401030514177 5.115463240584987E-4 0.012733004182155432 4.860067250792091E-4 0.033805398389276514 0.0024965069138868454 0.0489626538019716 1.7462404533382205E-5 0.001300178358590934 2.224972265732494E-6 0.011532276457087431 
0.9081702855352622 0.9087557092340428 0.716706250131351 0.0038766595601807726 2.143975598124445E-5 0.008048731752057243 0.00900008883856278 0.026637291036310774 0.01812656996918271 0.01846010029975148 0.012572077272279679 0.014625569039072004 0.01747774369348528 0.003333466005371371 0.006907281718295667 0.0013169069415895486 0.006667411745785496 0.012414560179209264 0.03911299483107626 1.6497337302600799E-4 5.908469570665986E-4 0.06943953781964385 
0.7673146639358839 0.27724972986802654 0.1823754939365425 0.053671779648108896 0.031359204384945216 0.03649731093392716 0.04026666461249902 0.10269655096784297 0.0035158398932628575 0.006021982368584094 1.6854346895068227E-4 0.0035540658409081165 0.001946704022096984 0.009394138259647286 0.0017882515945506251 0.015553823552912306 0.037476594834857685 0.06314341984594354 3.87426749562263E-5 0.060282069207813954 5.188074140642634E-4 0.0026286690686372627 
0.8221724871220621 0.24399410840217986 0.8777649237281958 0.005047121471316665 0.032723014856544816 0.008796353136132702 4.6405062546578347E-4 0.012937384076169404 0.011624020574233007 0.012505335217381598 0.0024769333910480695 0.0016238174105663236 0.021038202662092883 0.02707714365733225 0.003533920577232951 0.029995156190524855 0.03567676081686714 0.012631795176399827 8.773634708330689E-4 0.018289311748492465 0.0023841772088409336 0.0043506160758040435 
0.7765875441382953 0.9089916887052829 0.24713366862435765 0.00300570175469413 0.0 0.008888049553557322 0.02992671276693603 0.005728084728307873 2.6338188191039782E-5 0.0017568970415080265 6.894931196910709E-5 0.0012919518410467491 0.028240062996409486 0.0317864806737137 0.0010959600835122128 0.014055445734545941 0.0046877009243923955 9.943223701415552E-4 8.582951089101055E-4 0.0 0.09072153568219807 0.027702695733019807 
0.08102558617314945 0.8820856719835859 0.2620159634028858 0.004148002694855456 0.004512529119569093 0.008466213954127269 0.005985166023660759 0.003112781953731079 0.01182167128869226 0.0014634011399582772 0.01931322408971508 0.0010785922760251192 8.034155961966633E-4 0.015139723814783158 0.006847902677501664 0.012864068466865363 0.0029819472946862723 9.238347226930103E-4 9.629358904485976E-4 4.1783078175436665E-4 0.005007880882933982 0.02190932674891593 
3.327987006152072E-7 0.660831101770059 0.6612987403752201 0.13495189691036466 0.005146396161501985 0.005739227610286852 9.469218002859554E-4 0.08168105097337067 0.015586147906399263 0.007231367187522358 0.0022704458671040724 0.014325260428810766 0.009145582545023404 0.083139630877639 2.0830661446378336E-4 0.0431802765973329 0.03246207934552464 0.08059721723284341 0.23086974899514426 0.012075036875111494 0.051914945943528884 0.03321496970307114 
7.289742923766798E-9 0.007663401018962568 0.22158920725812864 0.13526885850907655 0.017984576945203848 0.006723574465657498 0.02738554666182757 0.07016254914153881 0.01429832723237347 0.013324659920717328 0.038635595871118304 0.0015358767799928171 0.0026994420268780343 7.842288806679419E-4 0.006731587757787579 0.11970856514696586 0.17573230777257723 0.026017214889946308 0.0014217193947606598 0.5786916874335104 0.03099691012316886 0.07363115310651991 
1.161581439382926E-6 5.446677368303925E-4 2.4754961934742724E-5 0.12972819686350007 0.018571699250637765 0.00773306306000612 0.04239308536474818 0.06783178596401401 0.0014298050826662898 0.04482726870793535 0.01694806423559702 0.03295325052972714 0.0 0.007489233127625297 0.019723946547137126 0.1228868472549721 0.1713168732316693 0.058051325429946024 0.03969600399721354 0.5205722937511501 0.05374419445950558 0.026945084434015897 
0.789871681267106 0.008184196653040543 0.6844032685305472 0.0031709141660071893 0.019814027057095417 0.004397116612144505 0.001930331997800485 0.10750449301825268 0.0020542222092931467 3.282168070104126E-5 0.04434374205323026 0.0014405493376054013 0.009303615338059526 0.04435755320113829 0.011127371652737434 0.027118717277124907 0.004365923953981298 0.0640595817500561 0.003426181810998771 0.001906170060226128 0.0018350692213017833 0.027338832084366483 
0.3146958689827728 0.010817338105910956 0.7143419385376275 0.004568745686912415 0.006765862983330495 0.010180896504841878 0.002321427137580139 0.025492103281550015 0.014158286447625637 0.004924884696919837 0.0 0.03816114705988091 0.009333588733227092 0.06486712944169594 0.04505414250440661 4.6782327139282404E-4 0.043650359887357756 0.0038207081912108726 0.005699160622094326 0.0015659748141280978 0.028448416236320804 0.03057093117249328 
0.6860070842109833 0.6362621470052484 0.8343983562483739 0.0023082684267188786 0.03564994767374381 0.008200393284720544 0.026709471288837158 0.042210636176468114 0.014202552312908914 0.03787262260388108 0.0022689366508865695 0.0025297483055535075 0.017360882470945894 0.006807385590784854 0.0026580899054836652 0.022845552286751065 0.036799625178873856 0.054765727716164926 0.0043822998038259495 0.0036561037651255974 0.022911064736956185 0.008282700748444895 
0.029480996594794362 0.24870993373586536 3.421268910528503E-5 0.2934575052966666 6.0074319523808E-4 0.004493645025888598 0.030040453128886112 0.1516555876726854 0.0043848036798302265 0.0015530610459016702 6.966728700248742E-4 0.01911251073868444 0.002744704314521029 0.009522139698542285 0.03381530889257352 0.1262233328287314 0.01873043733356161 0.006855102428673696 0.0019174196298360792 3.6979109716861816E-4 0.0063438077152831165 0.013247560647759612 
0.617565800551354 0.827317256461805 0.028715548823794013 0.04481495052715503 0.010861913871943534 0.037235521056086164 0.0072552245447813505 5.045855977486302E-4 0.030958282256527966 0.003615079173835517 0.013520616552615626 0.002651180003299073 0.03259270275766746 0.01184953502525643 0.01173122355218964 5.338881843546285E-4 0.0023963472619613385 0.023685046381529542 0.003303430163103629 0.00568295868433983 0.0037287863422286235 7.491320560939763E-4 
0.6898589035913913 0.25876725635915804 0.6700939970337206 0.004382692507805437 0.015900013095481794 0.001652114386009415 4.29840982964542E-4 7.791248137457712E-4 0.0075038688208415695 1.9214805011821996E-5 0.017405917959390598 0.0028980305611279455 0.02079141404591966 0.0032297469986404537 9.750160159199186E-4 0.030133919797137206 0.06386172579841776 0.02442907819168115 0.07868048557380221 0.0012818288203228882 0.08136556045699737 0.008230502678314728 
0.2859923108949505 0.24966390948755662 0.7575566788043349 0.0010941782202036517 0.0029293535588669067 0.0012789165720195539 0.003328327798854211 0.005970212584735839 0.0 0.003709166813303758 0.017509253639139195 0.004236896509424368 0.009336829380585119 0.012715279384510702 0.009130032004557984 0.029122955974963154 0.018122809365310567 0.041982596511448284 0.03987068135752958 0.006619920173213681 0.06555670982367284 0.009100912034971216 
0.2789550658007199 0.017732037187009525 0.24182468048347106 0.017186086978805935 0.019990227236279346 0.011979410307159445 0.0020966251391096842 0.0 0.011684626339021287 0.0375553940551654 0.0013102922260210762 0.0013638401977365238 0.011324934475968787 0.013092710009086211 0.0079728847701976 0.0718417278602385 0.02431465447960049 0.04228080723774929 0.021377782542822805 0.027741914167836543 0.023333872843913715 0.035562635133333007 
0.9010956860462191 0.7675245732394371 5.7146730110985516E-5 0.30079743577019413 0.01866725584899301 0.0030369236627458733 0.030367943322974086 0.011223899376223326 0.14524542202855023 1.8256844432706833E-4 6.98738736293036E-4 0.002877316853668722 0.0027190767568721933 0.10441469014744786 0.0017595355806723778 0.007372104206284154 0.0037425846969919175 0.10224556944313985 0.0014458020988730091 0.01485574960331243 0.022308699270714563 0.017326182609756408 
0.6310245995351381 0.7869128643463883 0.2515330679703248 0.0041957077311023955 0.016375948549053797 0.0030323596786948894 0.014283049768279812 0.0020664970393320468 0.01709660806395853 0.003231261177697833 0.001778577735575362 0.0 0.011775710871266215 0.0835503320306136 0.008840981780699694 0.012569117174786225 0.08256277682492952 0.001300362913204088 0.01199938164360602 2.080133096621843E-4 0.001601907023347948 0.00637798334505443 
0.8568041996111244 0.637289387249387 0.2194977317596593 8.469856542569047E-4 0.013876763125180819 0.006882498576342813 0.0 0.006757148972403634 4.4670034217990894E-4 0.003291054773923746 0.018701000026489348 0.002361474425905708 0.04029963414775998 6.729694556798314E-4 0.006793779590775678 0.0018215561555724406 0.004687415590907116 0.001255009202156935 8.594009585992532E-4 0.005772449014928291 0.03138089661547283 0.00892631717621809 
0.6033915692049885 0.0036491417659853687 0.15936318482712108 0.006349132661382345 0.03701933541113546 0.00686939912295081 0.02951269567090107 0.09759123298796293 0.00750644755679554 0.037952322945040966 0.0024868779677084153 0.0034810559144898504 0.02831271315097754 0.08307691646643305 0.006591251502748781 0.017039021939183822 0.0 0.02366175854819028 0.005369880117013106 7.438449023730144E-4 0.005399447094214407 0.01935862099460956 
0.842561350131971 0.8293430480463713 8.440376596600685E-4 0.005454476957828545 0.0067409841382575775 0.007046890273837711 0.014196788345978345 4.0268384858476586E-4 0.03156284959959153 0.0052055184944105925 0.012683857928611838 0.0026365672828169567 0.0 0.016951393299417084 0.0021104683381957257 0.02184042479304724 0.0024113770814126615 0.05965071661445775 0.0033520407697862735 4.546919420861373E-5 0.0052775316487129655 0.016720135141316733 
0.2766942766858434 0.7577278169577135 0.800199687271451 0.05013220120445486 0.017986114224690295 0.009099434965411235 0.006034290781502963 0.010161215641796513 0.00820756892097413 0.018390926496692443 0.029373819596629172 3.0352885123149454E-4 0.0014312399023867182 0.041591830584334966 0.002853918235687751 0.03117836941923354 0.08259798476146234 3.6321798761792395E-4 1.311494010217322E-4 0.0016184835538225664 0.00539157914622796 0.028222024844310946 
0.33831713181610773 0.9083562180127104 0.716706250131351 0.0038766595601807726 2.143975598124445E-5 0.008018897777687406 0.008840676779456935 0.02679521344473596 0.01812656996918271 0.01741500299105477 0.012572077272279679 3.4720456912631925E-4 0.01747774369348528 0.003333466005371371 0.006907281718295667 0.0014541438724974599 0.03401235206800164 0.012347263426130031 0.03911299483107626 0.0 0.022835186411590026 0.06943953781964385 
0.2875903139166232 0.01815040629998832 0.0074485373524315335 0.0035591201822978594 0.01802025020591131 0.009766687752502475 0.007154026320642954 0.11520458529838071 0.0077545198007685666 0.005405341036902258 0.002973473071795658 0.004402491322869399 0.003950439057981576 0.0799769433977672 0.012952176091745132 0.013544266496001212 0.08526353350208049 0.03635968769019034 0.04215931765894932 0.0015849873682099273 0.006310250383494036 9.564283251723964E-4 
3.327987006152072E-7 0.7442024670108289 0.21059593073617103 0.1336212052186002 0.014501842753630763 0.005933727026563522 0.005279270762343415 0.14031815306006848 0.015586147906399263 0.006954712618039189 0.0 0.01448582222207856 0.009145582545023404 0.04413788558858317 9.559995182497624E-5 0.04251628774063454 0.03382730547795852 0.08289095685050517 0.23086974899514426 0.012075036875111494 0.051914945943528884 0.03321496970307114 
0.0012736260315116543 0.8404035407505215 0.9124687455709349 0.0021925796955030077 1.738605406862505E-5 0.007961799165496924 0.013660442080188948 0.04218677921633171 0.014116340636362277 0.013889535867514024 4.0240837863107044E-4 0.004119658174872183 0.029546223648702102 0.00701444265937997 0.011837174829352513 0.02226432452471224 0.042918583413874424 0.008004085251957224 0.0402042517392929 6.222206400810226E-4 0.028503169226913393 0.028325280746501653 
0.8409352351696413 0.640999421571591 0.8699399121634299 0.012287815412900562 0.0067409841382575775 0.036064629122031074 0.014196788345978345 4.0268384858476586E-4 0.03156284959959153 0.0052055184944105925 1.2909072208479137E-4 0.0026365672828169567 4.4559164204135103E-4 0.016951393299417084 0.0021104683381957257 0.02184042479304724 0.0023126188360596336 0.05339623503286794 0.03983700409767227 1.5108409455052985E-5 0.0052775316487129655 0.016720135141316733 
0.29274906420641145 0.20881577346281138 0.6964781553673249 7.62200193576137E-4 0.019520369806072583 0.013071582820736324 0.0 0.0 0.012420310469544987 0.05523858361961295 0.017934465505079523 0.001063842464816449 3.436501061766621E-4 0.0032762050964803627 0.0015897186272208434 9.312252369175263E-4 0.005220423419195254 0.011283613765770265 0.042231066871846495 0.0018057421432645803 0.004473071286605113 0.004319746517436293 
0.6109925723685665 0.22961281184871865 0.002833473930406172 0.002151838256708319 0.006799462338467401 0.004585614083804776 6.755192831741988E-4 0.0811865473572295 0.14441674762311452 0.002730526889370387 0.023800685610200607 0.0013764401030514177 5.115463240584987E-4 0.012520827374831994 4.860067250792091E-4 0.033805398389276514 0.0024965069138868454 0.0489626538019716 1.7462404533382205E-5 0.003136570701491268 0.0 0.01087863719626549 
0.06889036267915682 0.7442353281084012 0.9708073286318952 0.009285297570477016 4.6442402824244415E-4 0.007961799165496924 0.006206670783956922 0.007467147645566479 0.0032510008671804997 0.043811394452578416 0.0020788839166779854 0.031204566584307085 0.003654737710155153 0.00701444265937997 0.011837174829352513 0.02224809795088545 0.014674995241709442 0.08326340981492873 0.0010316553436801913 0.01200438357364949 0.05057972831799035 0.028190649234449867 
0.765137236075497 0.8314442251070482 5.2585120664421555E-6 0.005284024832168269 4.780106817258399E-4 0.007593562856827701 0.006472143968957287 0.0241089167866193 0.014149930507168585 0.037266193009768155 0.012546582941470423 0.0034169652923035036 0.0032951496778953586 0.006400800444352869 0.0119677617379337 0.021851972146894116 0.009489762294405112 0.07441105366708523 0.0044623269354979265 0.0019370479049084439 0.048098903150765676 0.005526343633747837 
0.6310245995351381 0.6885963903860097 0.6816953184240147 0.0041957077311023955 0.01674229512329001 0.0031255873848933394 0.014283049768279812 0.00565636201742286 0.01709660806395853 0.003231261177697833 0.001778577735575362 0.004669660502508859 0.009180430449174243 0.0835503320306136 6.032881128963732E-4 0.012569117174786225 0.08256277682492952 0.001300362913204088 0.01196475200013496 0.002866695875579339 0.0015720698095264152 9.959103370305866E-4 
0.2928432111177504 0.019977780692161426 2.5655062859822916E-4 0.0036194511118108437 0.018173443222699967 0.00796913218304746 0.006551393656342507 0.044024903275322644 0.0024403817601737245 0.013698844216710145 0.001100248295699752 0.015408860267092995 0.03247901606986334 0.03722789215305371 0.006574337430452327 0.02533694145474056 0.02762674764498566 0.003023367868948945 0.004496554386937698 0.01824450336683886 0.005762682709280154 0.021408363805578198 
1.15193449416365E-6 0.6622002292705049 5.935606223084425E-5 0.11996125445506164 0.039674505928940826 0.003062577479069296 0.031547862500425974 0.1497293298101735 0.014613444348931998 0.012243222591622693 0.021897539377406443 0.020763039795944536 0.1397498671824526 0.08267576827465017 0.05441037511325232 0.015743404843874122 0.002546741006409411 0.0839879973746148 0.002340872913051975 0.03452393450070482 0.05363822603234237 0.1403137147252518 
0.823709467904051 0.24399410840217986 0.026501620041090357 0.027325171589450872 0.012752065820365843 0.01810705225221721 0.006970586072003591 2.802428450495618E-4 0.011624020574233007 0.012487636512966221 1.986627762085736E-4 0.035864417867655034 0.021038202662092883 0.026939403134415632 0.0032960465011618104 0.029995156190524855 0.009300391521411929 0.013048578223782789 0.043442281193329275 0.0030044996015721544 0.005246811803456506 0.006057773204251491 
0.6332009818355043 0.6457714284948755 0.800199687271451 0.04993336098525624 0.017832844241497486 0.00977379348998372 0.006034290781502963 0.021250588128322555 0.007988403958275202 0.005036851009598895 0.029568818271398938 2.2005909308508162E-4 0.01768841601905554 0.04248803872403378 0.0026580899054836652 0.031008046752699824 0.08391422256992187 0.024685030806499655 1.311494010217322E-4 0.0016329128157223534 0.005548609580527801 0.027045581254766728 
0.1743628394646805 0.7972452419457124 0.8222013876950747 0.0027128958676945615 0.017145438118005465 0.005099688744416785 0.016140641192046678 0.010014499584603816 0.013744577163710085 0.004921248937684791 0.019240957806908952 0.003908707038285229 0.027377820090643424 2.507779701851863E-4 0.004583093890156237 0.005823296501434151 0.004628278621283519 0.010147716613599178 8.37333422289873E-4 0.0016536080825799453 0.01419883857681781 0.021391287289889798 
0.36086219157571997 0.8030490315489384 7.201230040462803E-4 0.00151042455431382 0.030152718145886506 0.0037250019358112817 4.721732348635273E-4 0.0024909320577169297 0.014149930507168585 0.009195840097569082 0.012945218126932674 9.328165122683355E-4 0.003391127060918167 0.0366406409942269 0.01100559777778777 0.02551668530878945 0.004612594189180063 0.07893734603766589 0.0034410225098605376 0.0 0.047327575667299324 0.0034401415386004783 
0.08089828619539095 0.00110851130414083 0.8777649237281958 0.004108950819150493 0.012182276065170389 0.01827926610814778 0.0017191995745329007 0.009576255414682391 0.011817698161907125 0.004809499555469773 6.857590259935608E-4 0.0041615483314319 0.0 0.011687641189081301 0.0031455641695346415 0.025256366183161714 0.0030556465606346485 0.05185564504340598 0.0013286434479243374 0.0019449621947038725 0.02248422057541815 0.003537207789890222 
0.7923900068691252 0.2744292629051202 0.699622850158316 0.0027128958676945615 0.03407501947921143 0.005046879062672455 0.005121281404646077 0.04841963825413062 0.0011135333994295067 0.0013891571721546953 0.01957515805950359 9.655907006420744E-4 0.003515696653833611 0.0030987722460135425 0.0030829811833857786 1.3514268501237385E-4 0.0046097804422430555 0.0030358741269629758 0.0 0.04600132571376406 0.0018064588226582258 0.004378249810569154 
0.2867553146042147 0.8922827486891032 0.01951830208091504 0.0017045630751710214 0.005657006759947691 0.00929287206362512 3.0721506028501613E-4 0.04704209344474097 0.011808354594419992 0.018100430804203593 0.002682389541924903 0.004955432767245641 0.0014726099192210714 0.012706755877519686 2.3204254867671237E-4 0.017788067563527774 0.033108882480223194 5.556214726358533E-4 0.04046096879500217 4.4159819556749674E-4 0.05241925186525247 0.02128772102287902 
0.857175528911751 0.8346834074239382 0.8176698294992427 8.029885905917007E-5 0.0011445729501546927 0.00874682024798556 0.01489677772137513 0.005720013296952665 0.0 0.03750981873778157 0.012317310925900955 0.0041082854024030125 0.0285626971144026 0.03186191629391172 0.026466956015920896 0.01772034343847994 0.03889854809815701 6.114986500355777E-4 0.0016824533187491599 0.0019771045100084508 0.007702431277067275 0.008556573238801428 
0.1921187655424707 0.6530237650419153 0.2796708155040361 0.003085814175833191 0.005236439865961168 0.016487877706780334 0.017430016485789068 0.01000466254059909 0.01588027589990866 0.0013891571721546953 0.019362918658734844 0.0010100492540418768 0.020070710186054233 0.06531180473050921 0.0552822949015615 0.013389679082274304 0.00451693660527892 0.06233577487076136 8.37333422289873E-4 0.0023569106604085337 0.004976407394718187 0.015506270841684872 
0.3297703932315311 0.7022237981455062 0.6853776784044339 0.0018917840285241766 0.004385669272335853 0.003597601634691137 0.014015322114762334 0.04789236392489643 0.007508506852824604 0.009763970590376281 0.004831828642148307 0.01061113866638003 0.051422402813269735 0.10798359748250493 0.00610176154323674 0.03493773238786345 0.03250034142218761 0.012170074779872735 0.0048556107051926905 0.0016126013940500291 0.006311913358651235 0.017019920513594907 
3.862180642358402E-5 0.2981119729841325 0.24230311279931557 0.001029632553196201 8.0909566265365E-4 0.013464088984825784 0.005986437210562492 0.0022456503713725734 0.0015375288486186977 0.025948107187719883 0.019563043196782304 9.486223875669044E-5 0.03563697727684496 0.07689507241311991 0.008926722436657365 0.00499605160251199 0.01011508840222481 0.0019097572623792921 0.004381700433231641 0.0018730263728307273 0.004397827971383168 0.0063883078907664426 
1.3619841384715412E-6 0.8594144102779725 0.6885461972726288 0.0010342193791811074 5.418293913785829E-4 0.007556453306258971 0.038988649192605945 0.044228261270776614 0.07528315192329198 0.017092552684190715 0.019669924638297805 0.02057077513679403 0.03316812377746246 0.09320798045559564 0.012853099075580774 0.030870669163019216 0.01335434061625216 0.10737854665449782 0.0053145001035707065 0.004219596447109651 0.031173683808534827 0.07941025336583993 
