7.689 12556.886086405813 0.44989004084197304 0.31235079800377163 
-14.899 22935.798077082072 1.116762635956494 0.10395399298344811 
-10.397 20044.558530856386 0.9443507588532885 0.12374713739365964 
-20.001 28250.573782839598 1.2892209178228387 0.11252717704843412 
-22.109 23949.184874531842 1.5609436435124509 0.11560550093350312 
-15.188 17240.89354338356 1.5184200531712873 0.18885148775097324 
-8.64 16417.852875026165 1.0345853477129043 0.17039305696361098 
-6.149 22452.21259115302 0.5908670163529773 0.08059951899845495 
-28.233 29924.91535501104 1.6692936368943376 0.0649363422184079 
-8.405 22720.730711128836 0.7449605609114812 0.10769153523873004 
-21.347 20826.30188115875 1.649290663147476 0.17814644259635162 
2.277 13349.904367126435 0.4314558979808714 0.201536287929473 
-19.494 18196.669966175934 1.836672325976231 0.26297808990912575 
-0.758 21960.85492251613 0.38788732394366193 0.10727680692144623 
-28.874 24742.634331633813 2.020524899057873 0.13211551613780587 
2.321 15234.97814373006 0.3989476942123182 0.1965744925290413 
-27.44 28298.871238176896 1.6753432494279177 0.10807934612176101 
-4.847 19270.774233684097 0.6055351783927977 0.11415761711857864 
-23.083 19112.769013837653 2.0549199084668195 0.19674305826925892 
-12.169 16707.597723634426 1.3206521739130435 0.23840630083435882 
-7.073 14729.557247219864 1.04988575780655 0.20902934382666236 
-3.722 24292.950023308964 0.4450201496833621 0.06325678779231368 
0.517 16429.41671503179 0.39266173157386547 0.15514965079477547 
-14.252 26861.731020773546 1.0013401232913428 0.10050808233235219 
-27.831 21176.121819352233 2.2726597325408617 0.1839524232706423 
-13.5 19129.325361629737 1.207437734561583 0.16027000141879436 
-1.259 19029.515216571355 0.4185895352616184 0.11694245479435267 
-19.941 23574.151256805082 1.414080459770115 0.16959396981602845 
-25.396 24561.367383445235 1.7377805102981863 0.16218891929167703 
-16.19 26530.88032611689 1.0689451974071893 0.06622399591268212 
-3.334 15463.27200066546 0.6876387860843819 0.16299260722341927 
-9.243 25327.713849809476 0.7107413893753649 0.0611518112982893 
-11.021 22058.26135171784 0.9566860465116278 0.14787429182496664 
-22.61 27419.466146252475 1.4202637889688248 0.07429554872373766 
0.27 18696.271103869636 0.3850837138508371 0.14668493738801613 
-5.12 15795.269963855131 0.8272267845862287 0.21892525888547273 
-6.182 19675.747281553613 0.7327839905826957 0.15966723571880703 
-18.567 21583.50994642407 1.5389485273878338 0.2838776375586073 
-1.765 13606.84698582833 0.6962652439024389 0.20165204940528492 
-0.221 15014.999964211733 0.49948506694129763 0.17874201557859395 
-13.606 21752.074732339468 1.1004709576138145 0.1444994046712718 
-8.671 23196.10494456318 0.7195458729671679 0.08048251182406131 
-28.236 26000.005417083576 1.8936307791787907 0.1197835673159178 
-29.498 30172.606329318445 1.7498543972044263 0.07455312386758436 
-3.012 19399.144916173464 0.488134475939354 0.1074273184617244 
-0.565 18772.287333105993 0.40753981150471236 0.1252422795153182 
-23.38 18851.682412987902 2.100875523410735 0.20913556680898476 
-17.285 26746.400027526648 1.1700223713646534 0.10913475837258735 
-24.088 23880.138958203388 1.7085676480317564 0.12777271599145393 
-10.99 22036.631638862913 0.9575210939773056 0.14845551487642755 
-0.469 19189.500795396267 0.38747313478661344 0.12610639114934477 
-0.753 21958.907807883148 0.38788732394366193 0.10733518179654176 
-3.785 17728.98177573066 0.6146486308149126 0.15124452027620738 
-14.06 26257.282690194537 1.009986504723347 0.10937704540019695 
-19.709 23475.87357745024 1.414458525345622 0.1726707287682992 
-13.793 21759.859551514375 1.1529490169943353 0.1396616203086496 
-4.585 24470.756698909987 0.47139521307647403 0.05697636820074688 
-18.586 18738.10669616835 1.6428571428571428 0.2394988742944953 
-8.248 16397.63399604275 1.0129918337045287 0.17359372751677277 
-26.009 20012.28800001609 2.2321699544764795 0.19621502934709883 
-12.4 25165.78018199952 0.8962236098721379 0.07296038678497066 
-7.126 14742.594379625983 1.0525914634146343 0.20857277842519006 
-1.766 13607.84698582833 0.6962652439024389 0.20165183504345563 
-24.929 29290.225306211592 1.5181418361737216 0.10293007056694241 
-18.535 21573.50994642407 1.5375722543352601 0.2838874570010455 
-15.986 25899.53050508828 1.0818399044205496 0.0743125546449546 
-7.939 16176.755032549174 0.9657645908053474 0.20799619260986782 
-5.922 22407.953672829037 0.5827426810477657 0.08265896202757875 
-11.71 21020.673955702812 1.0196339434276207 0.13122596831346056 
-9.215 19962.501823266943 0.8629361835900662 0.13986194339063843 
-12.913 16968.087659749563 1.3466015771686068 0.1850122618919804 
-0.263 15413.29417586959 0.4777437988447163 0.16948355014264016 
-24.679 24497.61567533856 1.6956521739130435 0.16545590364915935 
-11.573 16730.62149595624 1.259866220735786 0.23035920928093098 
-23.383 27632.38237809358 1.4567433731430237 0.08782315100481249 
6.448 13993.452363015645 0.38707782672540386 0.27207545741879163 
-22.161 19832.357782118037 1.9065953654188947 0.2192453016250216 
1.348 14280.47860495546 0.45584725536992843 0.19819646268983 
-22.196 21319.378246996755 1.7253497099965878 0.166723545556734 
2.037 14024.572726349457 0.41974501471068976 0.19865975272163558 
-7.57 14987.561654125557 1.0667425104285173 0.20490759674828257 
-26.779 30245.253860613986 1.6017269293038314 0.11373600174604377 
-17.892 21124.389629495607 1.4830063553467807 0.2674317742167354 
-18.364 24704.51909289298 1.4032356532356534 0.14264781628103002 
-24.371 24019.70614339564 1.7255227348157982 0.12459432478372923 
-10.971 25636.355133625988 0.7980713033313851 0.061645664828160376 
-5.835 22675.27188249635 0.5651774785801712 0.07677653326671813 
-4.397 15519.039164559736 0.8241094147582696 0.23353368911628694 
-20.326 27144.35770554473 1.3169897377423034 0.09694682346462305 
7.428 12595.741493969303 0.4647003451521808 0.3136424800490958 
-21.18 18146.586625352917 1.995047619047619 0.2205916022769719 
-24.099 18929.704589439923 2.172952380952381 0.21668882673781664 
-9.814 20251.80964857359 0.9033767970578401 0.12309006407087171 
-13.514 26259.630015857925 0.927177395863676 0.06377849711300809 
-13.618 17394.006296948723 1.3824521934758156 0.18205400607922642 
-13.143 21505.45388039435 1.1259580139953351 0.14350224982671564 
3.729 14662.970793162354 0.40308903694730475 0.22473956390731373 
-0.89 13461.84698582833 0.6410060975609756 0.20141754895643704 
-24.387 27732.680886854116 1.5205643950765535 0.07828883741539754 
-12.708 17582.088330358536 1.2388831437435368 0.19018914483995625 
-24.781 24697.196477216086 1.6905843172873143 0.16307241423531066 
-3.132 19253.079603147627 0.49851141250413494 0.10912610119959137 
-8.364 19644.21840911177 0.8266919671094244 0.1424788857797585 
-26.934 19999.378195224126 2.314002289202594 0.2001282766288179 
-10.418 16059.271970725258 1.209585393685812 0.18639294340178547 
-26.607 24222.093364425054 1.8513557660895132 0.13790122976208044 
-5.874 24605.789202005224 0.5493286631640397 0.06177348289860788 
-28.32 29312.604911701757 1.7048938679245285 0.07583936894829639 
-0.565 18772.287333105993 0.40753981150471236 0.1252422795153182 
-3.399 22470.338411631183 0.4621012584138132 0.08715616625711649 
-1.757 18825.863730044206 0.4761904761904762 0.13462092780865284 
-1.41 15139.054279545786 0.583765752409192 0.17076412738364413 
-12.832 21188.98882705946 1.0572468563864992 0.11889542719272661 
0.517 16429.46960039881 0.39266173157386547 0.15514965079477544 
-8.671 23196.10494456318 0.7195458729671679 0.08048251182406131 
-13.277 26174.825604707745 0.9245337995337993 0.06667109949366336 
-7.084 14742.810942215465 1.0491054434716407 0.20858977095770204 
-14.837 19243.482583094796 1.308659217877095 0.15841870211310954 
-1.766 13607.84698582833 0.6962652439024389 0.20165183504345563 
-10.071 16966.889923939012 1.1161754626456477 0.20754480413963933 
-13.146 17059.8215869357 1.3606311044327575 0.1840871186174561 
-21.338 18711.885160220947 1.9014660756904196 0.2487773860037152 
-2.838 19355.662191585343 0.4789473684210526 0.10784038654038547 
-8.142 18891.851343289065 0.9153403318658991 0.1574305050708986 
-21.527 24154.711479556296 1.5178066704352744 0.18589327651167967 
-23.18 27540.900371114934 1.4567865429234337 0.09263416402956844 
-24.524 24201.102642529073 1.7362309223623091 0.12696832433902563 
-4.324 23507.24894014956 0.4739988045427376 0.06816320561792881 
-16.795 23193.236051297237 1.2286359238955173 0.10551581000431881 
-21.111 21285.88539668633 1.6209150326797386 0.20757483901836937 
-18.471 21432.137353925107 1.5432201049433858 0.2838399138769346 
-10.701 20165.64337858989 0.9597180261832831 0.12473444946834299 
7.669 12640.244053043152 0.44935716525556607 0.31155689015222937 
-4.959 18962.822016685146 0.6271870794078063 0.11961776171927196 
-5.611 21912.341090131034 0.5830212234706617 0.09007110461645829 
-9.601 16428.46191018367 1.1097834204630321 0.1762152673264187 
-3.703 15526.696370642469 0.7112754158964879 0.1640632517642308 
-5.922 22407.953672829037 0.5827426810477657 0.08265896202757875 
-0.388 17962.380695781478 0.4283000949667617 0.14912422345829138 
-0.377 16266.845564273854 0.4410876132930514 0.15198936192795098 
0.59 14874.15404425516 0.4534204193881059 0.17765581546617856 
-28.236 26000.005417083576 1.8936307791787907 0.1197835673159178 
-7.9 16032.700323393405 0.9708769633507853 0.20996250996783558 
-25.503 24770.50886118772 1.739318885448916 0.15494205983876494 
1.794 14217.337606500452 0.4380530973451328 0.200072526191747 
-11.152 24478.171449573987 0.8719346049046321 0.09250943189314288 
-26.865 20147.889295011588 2.308453922315308 0.20238883222111123 
-26.747 29543.91535501104 1.5936952714535904 0.06457436811779459 
-23.07 27768.31969242055 1.4370990237099024 0.10574183082429246 
-7.698 25168.66831858969 0.642461358996792 0.06701997540247949 
-23.518 18807.535094782248 2.1297564687975648 0.2156249522082532 
-26.113 28807.652146757373 1.5856183547845555 0.1041624038789811 
-2.513 15244.306247868259 0.6462281679672983 0.16665958482480395 
-8.332 24965.553443951427 0.6732673267326732 0.06450615037600932 
-9.382 15734.74834422469 1.1458492003046459 0.18781522849170976 
-22.56 18566.449193983095 2.0653992395437264 0.21546594310143063 
-11.478 20193.771364071512 1.0162546562817472 0.12736595250223653 
-4.235 19272.466671051676 0.5716154349247875 0.11888373456453916 
-11.698 16460.321452782766 1.2795115332428764 0.23093741952258987 
-25.977 28761.88031667017 1.5858333333333332 0.10949929026258676 
-22.443 26931.97454928146 1.6190342504211115 0.1759090616631761 
-8.367 20076.606723158173 0.8053472448646887 0.12322874149019733 
-23.556 27681.728187132478 1.4637470997679813 0.08887111029281167 
3.678 12919.494112441722 0.46229955646537024 0.24028223191858666 
-17.866 26704.99844616774 1.2389568919638108 0.13956365737177426 
-4.297 16015.384303984123 0.7635732323232323 0.20851803160022 
-28.111 25109.102642529073 1.9439283344392835 0.12846454223270148 
-15.11 26025.383379612922 1.0674791914387634 0.08909288235933119 
