-16.604 20075.533014132907 1.4140845070422534 0.15392750823738863 
-14.686 17029.504547887296 1.4967544864452078 0.18932281695458764 
-0.184 22856.810576129712 0.3897532188841202 0.1132543978736363 
-8.947 16482.99439473516 1.0538833147528799 0.17095503038728288 
-29.783 29161.42182858472 1.7976653696498055 0.07907781069829302 
-9.344 25247.977445412398 0.7185401459854014 0.062396413676637286 
-21.77 23595.681086587196 1.5602766798418972 0.12087947515470461 
2.314 13122.251951561653 0.4420210832424573 0.204187964679221 
-23.002 27444.83650312907 1.4459134615384617 0.07593619141997238 
-15.833 26680.511834936882 1.0459601873536297 0.06427363061439445 
-28.474 29996.015912414783 1.6802443991853362 0.06643013897019667 
-19.629 27759.325621698954 1.234247374562427 0.06397884319961296 
-4.72 19159.63264525674 0.602276531637094 0.11494930903955919 
-1.442 18647.605857464972 0.4281045751633987 0.11984546979261984 
-22.977 18580.245485703035 2.119465648854962 0.22112371564003114 
0.317 16150.19009424131 0.42172413793103447 0.1551609343386422 
-10.587 19751.46137997987 0.9734151329243355 0.12857749456539616 
-28.907 24765.839118137334 2.020854355869492 0.13149301683774076 
-6.845 14604.564729995896 1.0473644003055769 0.2119873263424663 
-15.081 22913.10540761096 1.1489703989703988 0.1137776825042719 
-25.03 24019.945496714136 1.706922842329979 0.15788443505259736 
-19.483 20193.279520851756 1.568731563421829 0.24379501924932034 
-4.012 15532.972219375832 0.803998688954441 0.23150344720625776 
-19.021 23995.92604742856 1.3945914510031987 0.1627599493005498 
-5.874 19719.90202316611 0.7245824787576911 0.1621938084230971 
2.461 19028.31263652628 0.36590091336839187 0.1688176623753911 
-3.839 24338.07601406111 0.4465209890741806 0.062324493775510366 
-21.249 20374.858858890508 1.7307827307827308 0.1738964898372952 
-6.002 22293.561023401788 0.5813953488372093 0.08032481550316846 
-19.336 18114.91983707459 1.9331476323119774 0.27789249593130066 
2.704 15979.35828955888 0.393010220903396 0.21155931948325643 
-11.662 16502.642584534802 1.2837648705388387 0.22544217206711228 
-27.886 21187.11587388331 2.275324675324675 0.18470985114511698 
-12.791 25624.511862349063 0.9323912441119422 0.09686290328509313 
-7.144 22128.980474935288 0.7124399038461539 0.11661689871137962 
-20.784 28249.955369771265 1.316017316017316 0.1039294347419294 
-1.189 13385.838800777678 0.6898395721925134 0.21156489877385798 
8.281 12321.87768114559 0.46697819314641736 0.32737918925426146 
-3.804 15725.670846490788 0.7083333333333334 0.1608628751508864 
-27.558 28195.341824578925 1.6896253602305475 0.10921919162504115 
-13.815 19769.21453669219 1.1825168107588857 0.16940434088487014 
-17.507 27478.30708681298 1.1549486208761492 0.10025905160277945 
-7.768 18637.535089361176 0.8337921541637989 0.13589105587983605 
-17.493 22398.257347380375 1.30462932988022 0.12473216511772867 
-11.164 25639.27211764577 0.8545656397446572 0.09106988363519207 
-6.896 15337.640097928153 0.9576868829337095 0.20332471824197448 
-10.286 17745.4111749259 1.0672601384767557 0.19335727858081256 
8.332 12289.971656431619 0.46992832658148953 0.3288959561293392 
-4.74 24112.126652525436 0.48836524300441825 0.06261514777229621 
-1.906 17298.101505346152 0.4939189189189189 0.13683163166698414 
-10.658 25346.68506689441 0.8557075076751325 0.09912407517941597 
-5.473 22353.63792966866 0.5580893682588598 0.08090568000334568 
-3.773 18887.60107250683 0.5524546065904505 0.11538853914789626 
-0.761 14361.675536208562 0.5648506151142354 0.1890335650158392 
-4.295 14037.564729995896 0.880061115355233 0.21018791229978895 
-23.671 18948.445891459305 2.1133510840623813 0.20747352394893281 
-24.401 20945.929969992252 1.904827114002054 0.18823390303642468 
-29.227 30145.340466819394 1.727962638645651 0.06806401247994844 
-19.55 27799.993449805323 1.2318881916714204 0.07301015807792358 
-1.304 19025.915939724648 0.4197852261633583 0.11669555621440458 
-6.983 14799.668681968618 1.0440562096467907 0.20936472745999155 
-3.294 21820.327380321032 0.44962917181705814 0.0822409296058257 
-27.337 23417.10535926698 1.9793290410030502 0.15003874905039005 
-20.461 27647.56195676495 1.2862180429033208 0.06722435591513765 
-25.978 24267.244397794486 1.790119572057898 0.15513647737277686 
-10.283 21380.39778026384 0.894095595126523 0.12267175088960001 
-10.466 19350.169697929618 0.9804384485666106 0.14016321648181682 
-25.863 19613.71335749179 2.2497140678612277 0.20336619563308805 
-19.21 24374.714272727266 1.372781065088757 0.15212846589594575 
0.531 14215.44412058179 0.47727272727272735 0.18285908463893416 
-15.118 24281.282130646665 1.0716279069767443 0.08563995174018742 
-14.326 20888.057893790694 1.205351170568562 0.14519867978327203 
-13.749 16290.550645802512 1.4906737723639134 0.21335452606340966 
-27.035 26811.66412196169 1.7156626506024095 0.11172143520584929 
-19.471 19673.101766277396 1.6276150627615062 0.2662394764765324 
1.793 14738.705567946281 0.4061559049849448 0.18744794437008214 
2.56 16010.41636577282 0.394780310538487 0.20969909866584877 
-16.694 17312.791491013337 1.655514705882353 0.2238655684480623 
-14.447 17576.049721686253 1.3903192584963953 0.2153197128383252 
-19.548 24371.3836686238 1.374556213017751 0.1449002120072754 
-23.166 28557.54948364784 1.4318248175182482 0.06999891875839051 
-12.643 17416.82819198099 1.296011708744969 0.18642499772414572 
-1.823 19386.150456121195 0.4215840959293153 0.11170670625774318 
-19.791 20240.358118293105 1.5820497630331753 0.24098584969024145 
-2.304 14428.264074579156 0.6834669721267659 0.17761797735027426 
-10.406 16064.386333330125 1.20173781639592 0.18654172666247762 
-19.028 26061.399378321545 1.387425149700599 0.12122594978019924 
-19.021 23995.92604742856 1.3945914510031987 0.1627599493005498 
-7.228 15358.803030320907 0.9836179853607528 0.20935816839727076 
-25.277 23830.089647257537 1.8114209827357237 0.14419225641737446 
-5.983 22285.91193307754 0.5807751937984497 0.08050422342359362 
-20.87 19519.04383879544 1.685589519650655 0.23925381503272283 
-6.66 14572.389988563602 1.0263358778625955 0.20910140758092183 
-9.56 15473.92477759191 1.209965766451122 0.21077800522706605 
-18.575 18247.015256644525 1.8067632850241546 0.2935896161964157 
7.16 12413.284871205216 0.45164410058027077 0.2989641111893114 
-9.688 18321.55660498513 0.9770547945205479 0.1536052548599946 
2.168 14217.752878560654 0.4132338631203374 0.19993326959771884 
-28.414 26339.95331433174 1.8775248477075988 0.11176901589890513 
-0.166 23008.399661906587 0.38866613205025385 0.11222445887599673 
-25.203 24072.215886159334 1.7126296522269677 0.1566338961364374 
-27.364 30058.969116282788 1.6092985318107669 0.09591235115387342 
-8.991 24752.497558962074 0.708763647093538 0.0663664039325579 
-16.014 17150.15427719895 1.5985540334855401 0.2003990199362959 
-19.583 27804.67386626536 1.2328102710413693 0.07266355852957922 
-23.769 18954.350388260216 2.146590909090909 0.22016269314337336 
-0.871 13990.18100572111 0.6161770316673026 0.1927489649795801 
-10.516 21346.32639705411 0.9042724060391905 0.11485275693503309 
-25.146 29045.458923888036 1.5403830141548709 0.10028785975903168 
-12.646 26044.849820500967 0.8904382470119522 0.0724616727672445 
-2.269 18666.009564778244 0.4788821848205779 0.12764592077231934 
1.209 15249.402837891415 0.4010571522960027 0.1722029695887187 
-10.9 20310.83911813734 0.9667003027245206 0.12168615811056972 
-5.168 19277.117807325034 0.6285994764397906 0.12201383442403235 
-4.66 24137.383928116797 0.48326482677627713 0.062052770042953856 
-26.457 21016.782498631288 2.166174298375185 0.1814703186531403 
0.442 14272.266379621187 0.5034505422280644 0.19944385122141073 
-16.637 21971.475809812942 1.2815721649484537 0.14000181308457738 
-5.473 22353.63792966866 0.5580893682588598 0.08090568000334568 
-5.143 15404.656470571437 0.819731235660439 0.20877826383029463 
-24.494 19159.510595568823 2.1730182926829267 0.20799504881645287 
-23.754 18955.920080256048 2.1244274809160304 0.20702841651461765 
-19.687 19868.62042092728 1.595216741405082 0.24529659368302648 
-10.44 21327.833273630957 0.899041533546326 0.1157351091749602 
-18.534 23418.902594929186 1.3312811492231016 0.1526543942511382 
-27.331 27182.99286736078 1.7191011235955056 0.11797040443104134 
-1.782 18761.161373644063 0.44151565074135096 0.11684298530906195 
-15.813 17097.46013320016 1.5834283542379322 0.20012577111104402 
-9.472 15328.654017800975 1.2072243346007605 0.2103698247694757 
-15.857 26797.09926824939 1.0487448920023352 0.06418858119018363 
-21.809 23910.78424646994 1.5714755175813342 0.12891666572832705 
0.327 14292.266379621187 0.5100230036148538 0.19965044731118978 
-7.114 14683.904854759445 1.0556826849733028 0.2093576311989729 
-26.087 24277.54331619014 1.7991790337859175 0.1542201917796233 
-0.447 17673.435621760906 0.45608210081497125 0.16125575217919164 
-17.259 18309.369795711547 1.631594998475145 0.28964779897702553 
-11.333 22486.570828539858 0.951453488372093 0.14360558382981536 
-2.857 21784.451255206597 0.477657935285054 0.1003610940876941 
-9.521 25388.410192139658 0.7305109489051096 0.06353767087773929 
8.13 12345.862756141913 0.47099189020586396 0.3262645834410343 
-20.463 27917.382067183185 1.2756204379562046 0.06373055801789687 
-11.393 16244.395761191485 1.277756581457459 0.18670228975759645 
-23.092 27495.406862066236 1.4577338129496404 0.0782583977275125 
-21.568 28523.086623210016 1.3371150729335493 0.09920362255689986 
-7.008 18313.041974031872 0.797096439681991 0.13781852848350806 
-14.335 20920.45396581265 1.2038088874039425 0.14473703244150085 
-0.481 13475.077597440491 0.6192452830188679 0.20396679196449016 
3.629 12615.256685530132 0.45836431226765795 0.23355330532087637 
-10.519 19107.748891721934 0.9955767267778156 0.1423930577474547 
-26.22 29764.92557842364 1.5579119086460032 0.09650529764743934 
-3.755 15542.741958474367 0.7235621521335808 0.1671593397719197 
-0.311 16372.75603606595 0.4417391304347826 0.1486286527965142 
-28.911 24779.755627874627 2.0191596638655462 0.131267551988171 
-3.905 19063.16804650431 0.5609037328094303 0.12254481729803941 
-22.474 22154.795008100875 1.6927554980595085 0.18513096832995019 
-4.227 24019.57566133796 0.45959447546282695 0.061273721359606494 
-23.286 27510.421828584716 1.4588446572882372 0.07728364084791228 
-28.27 29366.640993200686 1.7008547008547008 0.07461782321807062 
-21.001 27263.580893630056 1.349264705882353 0.10170605510596732 
-7.737 18483.99888895131 0.8396128586242655 0.1381093673254191 
-3.578 24202.976752235412 0.4519906323185011 0.06980174348301363 
-18.799 24257.99040083993 1.3198159332758124 0.14549590111855604 
-6.768 16001.133840852126 0.974764595103578 0.19317549530770495 
-3.678 22060.517454088353 0.4753086419753087 0.08619780660243431 
-20.927 20497.111354864333 1.6383041802549663 0.24065335964118725 
-25.398 20776.155350124463 2.127084105224157 0.1921104145281209 
-15.252 26625.139627992674 1.018705035971223 0.06981661261988457 
-2.315 14476.622790762643 0.6808997331300037 0.17684973132663026 
