-15.123 23251.611493371696 1.1355932203389831 0.1096698624521233 
-24.014 19060.332703507236 2.136432926829268 0.20630970688431977 
-7.941 14862.914811714425 1.13587786259542 0.21777937328459548 
-9.329 25333.00749868081 0.7100815850815851 0.05959519150446513 
-24.647 19192.411918235324 2.1812642802741813 0.2082791949467726 
-20.378 24719.747164605535 1.4217331499312245 0.1778726838095427 
-16.121 26253.340550933957 1.072932107915802 0.06858322465518656 
-11.318 20084.532538035663 1.0946104276508495 0.2159042684428758 
-6.047 22134.259128299254 0.5876865671641791 0.08238553887746262 
-15.041 17280.190663698493 1.5037965072133637 0.18668732738707014 
-0.538 23135.86096312658 0.3925686591276252 0.10697289173996392 
-20.104 18100.054548335673 2.067311268129416 0.2670970711105835 
-28.443 29973.246628182344 1.6793002915451898 0.0653518175236509 
-10.762 20239.74335118835 0.9613185334678775 0.12296509750405284 
1.783 13235.544875946738 0.45819642205184374 0.198370352930585 
-27.462 28371.039877471754 1.678479565590169 0.11035415055379244 
-28.738 24896.468548308854 1.9973226238286477 0.12918838636864888 
-26.012 24386.7439625016 1.7703081232492994 0.15009391889296111 
-19.382 21732.863625737104 1.5610110400929693 0.2540360590170796 
3.135 15736.264032788704 0.3804673457159976 0.2005456764259631 
-23.143 27427.236951006507 1.4553383458646616 0.07642533858631666 
-21.223 20190.33169518918 1.7706157724162765 0.17259636941355447 
-14.47 26715.74726029924 1.0334057577403586 0.1036558309888253 
-8.641 20045.017941014445 0.8312883435582821 0.14354242659663333 
-1.305 13502.210907053726 0.8762886597938143 0.2642131977172766 
1.366 19605.954651184315 0.3680254408788667 0.1563563288122212 
-22.372 20364.42491390699 1.7774224496322353 0.2317556336352688 
-1.939 13795.821914151527 0.6847908745247148 0.19369913368060454 
-12.85 17412.900404681728 1.3183391003460208 0.22242856748801348 
-22.428 24090.774239452727 1.576243455497382 0.1149063791369129 
-4.683 15752.838306813208 0.7965395706504325 0.2142366548973404 
-1.636 18943.238884855768 0.4325123152709359 0.11515301882971839 
-20.749 28589.475157129018 1.3395287958115183 0.12703356207609312 
-27.986 21340.349856820252 2.268960414354421 0.1820033025175343 
7.094 12358.697033888478 0.4542483660130719 0.29927012202894476 
-7.498 23615.9552396331 0.6901004304160689 0.10338155078589072 
-3.611 15827.05319653221 0.6874770473742196 0.1583714311376568 
-8.661 16758.421072658464 1.0125091979396614 0.1653639043946806 
-4.206 24367.189854830038 0.4582124201973302 0.059695888845411084 
-5.055 19346.415352699198 0.6164109406270847 0.11364769141371472 
-14.064 20022.393209618353 1.1925664851009292 0.16491320522230857 
0.04 16085.571210897544 0.43927196359817994 0.1546564426442234 
-16.019 18088.72568884156 1.5927318295739348 0.28890036050218637 
-3.501 16331.800854672752 0.6583514099783081 0.1542725306780018 
-18.449 17971.440759811863 1.749332315909958 0.1948902023573509 
-4.046 24365.87090328297 0.4570516540917005 0.0625951732867386 
-2.927 18986.468238066216 0.4953302201467645 0.1116757962806793 
-8.099 25123.434416103148 0.6731097214326321 0.07116268429929525 
-25.393 23603.359537350167 1.835477318889641 0.1349460151072265 
-26.615 28613.665271438298 1.6656856974690997 0.09306769163283869 
-10.905 25787.138655065417 0.8377204884667571 0.094800157772766 
2.879 13986.547560663555 0.38523533204384275 0.20199066618765785 
-1.048 13426.047781345842 0.8495238095238096 0.2611006328849879 
-28.311 25794.674744108128 1.9077023074423138 0.11958723689697077 
-7.3 14793.371949417193 1.0976709241172051 0.22353352083870223 
-12.667 16347.027745469684 1.4180296690756942 0.2154208375169724 
-16.837 21835.856715424405 1.3123333333333334 0.12834596200044013 
-21.65 27629.01785351592 1.3951636685343556 0.08242639488594335 
-1.231 19289.804765263252 0.41198156682027653 0.12159934903865288 
-8.811 19855.697053033527 0.8398830789217279 0.1306330201677401 
-8.854 22758.120855254183 0.7441066997518611 0.08576070578218441 
-15.848 18318.883599159773 1.512249443207127 0.18591978896154435 
-14.022 25974.525559679318 0.9620437956204381 0.06952916117816464 
-25.49 24485.42222600215 1.7405004633920298 0.15093928135141307 
-24.542 19211.58295452913 2.170536733917016 0.20678210287546434 
-16.494 21625.814693302378 1.323549257759784 0.13925744797586423 
-1.551 23815.9269636511 0.40611111111111114 0.09642922212346007 
-3.544 14000.58612262294 0.9405714285714286 0.24370139928848278 
-0.169 16250.552203808034 0.4310801855533466 0.15401493134521466 
-11.135 20211.30028153782 0.9878542510121457 0.12442532580042853 
-28.853 29878.819145303056 1.7320854050892074 0.07671117642668078 
-23.355 19551.39860416138 2.082233119577518 0.21364801930657812 
-24.509 29403.583504367696 1.5106438896189225 0.1282310424200722 
-5.803 20458.159129447136 0.6241872561768531 0.10204971382306545 
-10.226 18041.51093029446 1.048963545389564 0.1530978818570686 
0.622 14831.014314303009 0.4710170079833392 0.18584141275873226 
-20.51 26813.48029871274 1.3600746268656716 0.1470103969301458 
-11.557 20110.269160993146 1.100589970501475 0.2119390903896792 
-23.442 18779.573897631966 2.119420068676078 0.21207884343211458 
-0.025 13339.468230949191 0.6375379939209727 0.21841962239845222 
4.671 12514.938756554397 0.43683083511777304 0.2468547893527289 
-5.663 22071.885900748493 0.5680049797696856 0.08232076976897784 
-18.783 21311.19827390938 1.433364691125745 0.17258290286607966 
-20.534 27732.32101253427 1.3467591357695383 0.13306429034448242 
-29.741 30218.42536971978 1.7557765428487861 0.0684428359310568 
-4.332 24377.655746608016 0.4622998544395924 0.058748322114385236 
-0.997 13999.693856223685 0.591672753834916 0.18653848774453569 
-5.098 16172.791180898426 0.7596086652690426 0.16724513933690807 
-23.99 19008.578364932135 2.138888888888889 0.20879158049405552 
-9.954 20227.145723000278 0.9095780308104486 0.12204448346508924 
-13.475 16606.124218016656 1.456 0.20991707001111415 
-27.121 27155.213184736564 1.738495024875622 0.09733701626859498 
-7.897 14857.466913912194 1.1351660939289805 0.21828505797159026 
-8.687 19900.002682512742 0.8530502190765082 0.1277722690482547 
-5.679 22431.590775853936 0.56490903484428 0.08030021150420963 
-1.351 13519.755652883394 0.8755725190839694 0.26323276824634123 
-1.645 18942.847128055404 0.43331143232588704 0.11517412811896598 
-22.178 23307.939384396035 1.608405603735824 0.1253179183581665 
-14.254 25748.805884025467 0.991397211509938 0.07417060836192077 
-8.828 22569.215118145854 0.7466542172424525 0.08796688448825982 
-17.874 21864.046634470236 1.3704313467237406 0.13744539764368213 
0.026 16220.234705670426 0.4479695431472081 0.16887264291375167 
-8.601 15742.058665482202 1.1001523229246002 0.18981782741449973 
-10.373 24122.00240698523 0.7938976966796291 0.07711278377529615 
-4.343 15507.734501425131 0.7640811071773416 0.20743375776280432 
-11.049 19920.743878578138 1.100589970501475 0.2202347176818212 
1.68 18556.157610599977 0.4022727272727272 0.17348938181873663 
-25.129 24224.7807924778 1.7355295566502464 0.1569861668696673 
-4.468 19703.005421363327 0.5988719309887193 0.12351395046476855 
-28.119 24553.830393524728 1.980477953550993 0.1337439267634469 
-0.61 16240.488584216788 0.459005376344086 0.15438882146440192 
-16.228 21680.473159190096 1.277610944277611 0.12777146116993882 
-20.119 18109.15380780001 2.065403195837978 0.26688632484118613 
-5.481 20751.52813881659 0.5950466387906079 0.09755850456880849 
-23.237 28819.50421864532 1.4275782155272305 0.0741132382651949 
-14.978 17270.301955162595 1.4975369458128078 0.1869521692040326 
5.378 12487.19273272026 0.48320610687022897 0.27666103983988405 
2.826 12888.22400837386 0.45164960182025027 0.21416220161530986 
-24.62 19625.293614824375 2.1413454270597128 0.19981749990561043 
-16.69 20605.66886639111 1.4189613105611714 0.16229316716720207 
3.009 12644.28932852692 0.6041984732824427 0.2644264642033855 
-10.527 16364.573218535617 1.1565062388591802 0.19332946822725675 
-6.298 16205.024271681617 0.8651933701657458 0.16421015490693144 
-6.015 22620.266894603228 0.576816927322907 0.07808410545936198 
-19.706 23172.00648188529 1.4725038402457757 0.1600501031152986 
-12.26 20758.145723000278 1.0438713998660416 0.12383511450954961 
-23.536 28717.971200536966 1.4368451688009314 0.06715663070672533 
-21.788 29093.499104583687 1.3990719257540603 0.10140718683064562 
-4.416 14459.681747756758 0.9376383763837638 0.23470749539965285 
-21.327 19990.7113421095 1.798474945533769 0.17583391565440015 
-15.2 17381.46398159135 1.5536054940862265 0.20353168470872113 
2.141 13955.00983967257 0.4093489148580968 0.19480652089535266 
-28.064 27428.949731819463 1.773049645390071 0.09677814126704426 
-27.795 24254.758192712612 2.0293715846994536 0.15137449338202327 
-23.998 19057.985631507836 2.134857142857143 0.20634150342455318 
0.666 14678.248631459623 0.4768050226717823 0.1884881380415686 
-15.541 26493.27883770126 1.064743967039435 0.07952570397521731 
-6.139 24664.603126275808 0.5667543090855973 0.06462184593224148 
-14.074 21495.02060248025 1.1424589656240323 0.14845791807117678 
-5.151 14429.802151689188 1.0970177425443564 0.2586789782389182 
-11.308 20075.532538035663 1.0946104276508495 0.21596098670993796 
-10.078 25294.248411576544 0.7826086956521741 0.07838587290290167 
-0.794 19229.49243137426 0.38740399385560675 0.12048168907503108 
-7.932 14866.114896981595 1.1357224552039649 0.21820278065976695 
-22.551 18610.355316645317 2.134630053394355 0.2344908168751272 
-0.54 23144.20008047564 0.3928860145513339 0.10722941237124184 
-27.643 20829.914579881144 2.296324081020255 0.18982651966140499 
-8.824 22557.199588617295 0.74719800747198 0.08829348220152491 
-8.601 19485.92526307093 0.8482082488167682 0.12596822122165677 
-7.862 16170.299937810123 1.0114857354575768 0.18503251398116227 
-2.865 18726.50121343985 0.5047043010752689 0.11687875871770115 
-1.071 14232.603700041576 0.5846042120551924 0.1832120007203443 
-21.896 22695.988524460852 1.62787550744249 0.13348016976613963 
-0.61 16240.488584216788 0.459005376344086 0.15438882146440192 
-27.235 28967.024928446284 1.6465875370919885 0.07239393777923643 
-17.958 22579.012659674296 1.3436880370125581 0.11854262846459952 
-26.012 24386.7439625016 1.7703081232492994 0.15009391889296111 
-4.204 19810.027997219386 0.5980718085106383 0.1310110819020971 
-25.973 24415.06745784088 1.758823529411765 0.14843236268163537 
-1.305 13505.628805385593 0.8759541984732824 0.2641558364349347 
-16.195 21677.592288589312 1.275 0.12796916299413313 
-24.092 19201.355042671916 2.133762788935203 0.20772610679620246 
-22.019 22768.365305526982 1.651806822019588 0.14199052982113194 
-21.298 28216.736331893982 1.3848598670904362 0.09389238677583592 
-3.357 15866.204677015921 0.6655701754385964 0.1576153158719848 
-27.592 25386.19311632802 1.8704361873990307 0.12412534284296048 
-29.786 30195.43182284091 1.7579039812646373 0.06824901910341576 
-13.901 20066.821573611487 1.19008 0.16878109428894003 
