4.3326584265450367E-17 4.3313200341479463E-17 1.0005101877493896 
0.7080248630318591 0.708038270951716 0.0 
4.3318506090093714E-17 4.3305395794838423E-17 1.0003267747050564 
0.5773383417981724 0.5776825056568815 0.57998348706529 
0.6700935097385666 0.6667404872357575 0.33593087968627855 
4.330784345978492E-17 4.3314300044684925E-17 1.0003064603724148 
4.331944315838475E-17 4.330935990071396E-17 1.0003833684415788 
0.6660614993667641 0.6676484268732228 0.3376000368027704 
0.4044292085449137 0.40450354470727246 0.8206826252734211 
0.40885457797821034 0.408682497916384 0.816508395103473 
0.7039382736099896 0.7037108040037351 0.10358539454730896 
0.1362694822784652 0.13635355045683037 0.9826813633158212 
0.23254010409424558 0.23274483837582063 0.9456920737268947 
0.5759629853807084 0.5767319015047833 0.5821645302564693 
0.34503783293088025 0.34505371587105427 0.8732471961910999 
0.13729299744258408 0.13721148783114495 0.9815304047856268 
0.5784073069809674 0.5785690049718623 0.5764958402265827 
0.6806622936567406 0.6871838172205526 0.27700096130258733 
0.3483696244450713 0.34828169247110197 0.8724842294750089 
0.7056399458563501 0.7042733057091042 0.09243525497868836 
0.296207877687561 0.2963567483799422 0.9088614282014889 
0.6129453496223192 0.6145930504701984 0.5021992587403961 
0.5321312488039756 0.532935614399026 0.66039944179464 
0.1208023174986614 0.12079078125189345 0.9857196624042681 
0.4082692696593319 0.4083560750850265 0.817525875976175 
0.5132983918963568 0.5131338250984127 0.6886586257131829 
0.6509094476695233 0.6566282315941928 0.3954585459377066 
0.705165583909116 0.708442979523674 0.08259547374504288 
0.26723594630578495 0.26721677080651446 0.9270632589665821 
0.16280074239676023 0.16285293662389302 0.9737802939669186 
0.6939488656075159 0.6948339289318783 0.19503630224716823 
0.6542525870825732 0.6518869099039339 0.38939078693928947 
0.5147676883454493 0.5158803221517156 0.6877118853256312 
0.6247069362567923 0.6245901068140846 0.4735031042486391 
0.4059485555245829 0.40567715920661535 0.8199495268635559 
0.19354038191349252 0.1932456254640146 0.9639583596138187 
4.330545206603732E-17 4.3305003335763784E-17 1.0001714842145544 
0.2562389432312162 0.25628052296310116 0.932640433761543 
4.331433941876596E-17 4.3308189390608273E-17 1.0003109095888982 
4.330397226227566E-17 4.330314657070005E-17 1.0001329537830408 
0.1605560728315891 0.16050249741855283 0.9747714177139016 
0.6252529133275007 0.6260911770864924 0.46873404442989197 
0.30169770739916496 0.30175220789887325 0.905329546451006 
0.45634676220094517 0.4566755927522586 0.7653381072808791 
0.6881617815100922 0.6906405712287434 0.23301375829862375 
0.19462306032678228 0.19499151108761126 0.9637120355097025 
0.6158412260558915 0.6155270272375932 0.494823609949126 
0.6906373155540896 0.688288338283053 0.23158431902014698 
0.5275767632589514 0.5281472113957104 0.668973312964316 
0.46049111755084715 0.45954097542539757 0.7611865972240979 
4.331397766378734E-17 4.331825343769317E-17 1.000422949677225 
0.695079025771932 0.6931658178507724 0.1997623097563534 
0.12012360801469289 0.1201633865429205 0.9864199180437303 
4.3317866500026755E-17 4.3313799893959654E-17 1.000416428358268 
4.330784345978492E-17 4.3314300044684925E-17 1.0003064603724148 
0.6449968630018965 0.6458449780066604 0.4108186690340781 
0.684574625154121 0.689772538174041 0.2554846904965859 
0.5090100881534636 0.5069698514487864 0.7014243282670872 
0.7078853783997726 0.7069360063924653 0.02971493437484344 
0.37404152789360917 0.37376843810688115 0.8502297371110425 
0.6520487099365051 0.6482267802362447 0.4045786215600055 
0.17653080353225967 0.17646063398436315 0.9695357029019444 
0.37940255707652143 0.37919172217212077 0.8449728002841181 
0.49828008069482216 0.49785535288637245 0.7134867520568707 
0.32623877263373 0.3263175429132352 0.8879403957526142 
0.05956672434012006 0.05959153552874659 0.9968787597936642 
0.7017443475976141 0.7017458747814881 0.12772651799889395 
0.03768452238098564 0.03767508908320087 0.9989186443186748 
0.38864767126547844 0.38891404250046063 0.8372090238019237 
0.6599647438085225 0.6562288587307167 0.37560285227140205 
0.19579222206666216 0.19588698053189652 0.9624054786202568 
0.6162867375319419 0.6173548494731079 0.4916239196385499 
0.14095205078345213 0.1410207676590732 0.9808069662309321 
0.6212367687567052 0.6226306730048782 0.4805810718518356 
0.507180575740332 0.5077589016895273 0.6996344242127471 
0.622520010435123 0.6209741802748063 0.4796176074634121 
0.3247885817854063 0.32479500279418955 0.8902986194831719 
0.44350648256412983 0.4438434533529353 0.7800874397250214 
0.6557319163434745 0.6599958076540162 0.3777895134509669 
0.6768315058876697 0.6759931116026088 0.29498920668448925 
0.07436823851802 0.07436573391573886 0.9947459222306073 
0.28003430080647723 0.28013776356063597 0.9193481000382732 
0.3177766391765147 0.3174592844509116 0.8958791598661587 
0.5774238724230082 0.5776163978390544 0.5805806223851618 
0.579214268927441 0.578351852660019 0.5789556259159054 
0.5263617579283801 0.5261986231588142 0.6693211215753253 
0.059249113651448145 0.059235210387735084 0.9970907045688008 
0.6703630700422433 0.6716042975329848 0.3201468960027253 
0.4650814448458075 0.46489818390546617 0.7556530113339706 
0.6967002013383325 0.6998523415516433 0.17557095824745558 
0.5759584072062306 0.5760369788105868 0.5822958662512364 
0.2691942688735663 0.26929685671154535 0.9255612242788944 
0.23511994694951502 0.23516290194465236 0.9437557388123737 
0.1374510619157767 0.13750331314294958 0.981648929065243 
0.4290501918413431 0.42865514374303126 0.797124172031388 
0.42797841200221587 0.4279432621040265 0.7971044322837894 
0.05480431968639915 0.054809103773569644 0.9972975120012126 
0.5763178539733197 0.5764360145967815 0.5811217654640688 
0.23511994694951502 0.23516290194465236 0.9437557388123737 
0.08686132767208452 0.08687317028920212 0.992995865008228 
0.11808266421737124 0.11805900304644566 0.9865958427128473 
0.3188995269343849 0.318726449203871 0.894304342185737 
0.28191494066924 0.2819618399544087 0.9189488388672904 
0.367212900007705 0.3674182842431188 0.8551979763783997 
0.5238065343478429 0.5240187457307806 0.673096355960032 
0.6610695042469005 0.6590802299226687 0.36393489025379877 
0.6191482588920627 0.6184866465544451 0.4870913632190436 
0.23446545899163015 0.23463219035987543 0.9441122163522864 
0.6924910046396378 0.6952972593281521 0.20552033324200497 
0.6727919751790183 0.6718300693818496 0.31369418711934327 
0.037858838391962225 0.03786803811875819 0.9990233792358431 
0.5204335292249983 0.5203935073044347 0.6791114635245066 
0.7019970706397604 0.7012203598376429 0.13000439083840365 
0.05116693128030121 0.051163472617510995 0.9978204871737697 
0.5784073069809674 0.5785690049718623 0.5764958402265827 
0.44760107077637923 0.4470649654057817 0.7754442968128135 
0.09897510611327318 0.09895457944331226 0.9908207907390021 
0.525905610025442 0.5220223410368567 0.6785422049830684 
0.23498999852568364 0.2353638095522406 0.9452819491279262 
0.6763604239635291 0.6828166773312632 0.29749718799457076 
0.2680399533288045 0.2681564940977029 0.926102093060754 
0.573416849460525 0.5741302433821144 0.5864977748035172 
0.46784617356183833 0.46685745476423474 0.7522387664706124 
0.6289067917365478 0.6304536256581545 0.4602637316067658 
0.7063680219761882 0.7058424871386204 0.06161810626904916 
0.1170472895342212 0.11701837926670054 0.9868968042731966 
0.6884656847373346 0.6850377742957838 0.252335650279443 
0.09490558403873486 0.0949984066575973 0.9919483067437659 
0.167394882604825 0.16744777803698957 0.9723251009917241 
0.03768362866086618 0.037675745828590464 0.99891550077257 
0.39402688396573626 0.3929638808493611 0.8329289712839433 
0.6991491748332147 0.7024445505552078 0.1541955067111412 
0.19883294803999066 0.19877155447114347 0.9603470712212863 
0.6999066896856729 0.6969567347096163 0.17263004534213872 
0.08480827006361934 0.08489485047065297 0.9939208097811787 
0.04421077146853742 0.04421933406852691 0.9983250578824395 
0.7074890571952692 0.7116022857821479 0.024303516032111616 
0.49358094970870786 0.49390269424541 0.7185244999297883 
0.7019970706397604 0.7012203598376429 0.13000439083840365 
0.22848302039688176 0.22793298522109 0.9481128349391977 
0.3160238383989059 0.31519542726296074 0.8971986229489256 
0.330293447769424 0.3300477858244448 0.8854003681835044 
0.20779078177767796 0.20802349165392917 0.956780744404115 
0.6794128523232437 0.6786185723678568 0.28208491582425715 
0.6525745343056597 0.6575056926229634 0.38921333648355816 
0.6783489644532184 0.6835682984408612 0.2870677485900125 
0.40621998148455524 0.4060572351231846 0.8198429532437366 
0.31040293346027303 0.31045644085573043 0.8996214129370619 
0.6776736177845563 0.6801803481487313 0.2878034593283935 
0.6605971491301599 0.6583420138038343 0.3696615980635502 
0.43017288383251895 0.42999359481668536 0.7946853701564938 
0.3567532147746104 0.35675447995519066 0.8649499616273632 
0.3567532147746104 0.35675447995519066 0.8649499616273632 
0.6056226294228066 0.6064950322738438 0.5180612125586984 
0.6664202261956581 0.6690352236752102 0.336572423353841 
0.44959523409094837 0.4487220262566774 0.7748494206931741 
0.3907885523245115 0.39055464454226296 0.8352061069714394 
0.07335793587658689 0.07337515878909785 0.9948996583863543 
0.24168737744389074 0.24174042584416774 0.940554116242613 
0.6865256085528976 0.6895592608693774 0.24293462161599141 
0.5944997928264775 0.5945457908858253 0.5421405231058934 
0.6432985568789052 0.6362163086772881 0.44231331708188953 
0.5898565303025463 0.5897657155979861 0.5526577241698901 
0.7015083160664313 0.7047203510969555 0.1308343958711864 
0.6421339692656793 0.6396927651283131 0.4289140500487371 
0.5302492230611812 0.528727756277471 0.6657801497629428 
4.3318506090093714E-17 4.3305395794838423E-17 1.0003267747050564 
0.33873358104511525 0.3387938786908884 0.8797281308768689 
0.5935376960307036 0.5934147040865112 0.5479849602933331 
0.5351269257121587 0.5336124908524015 0.6577136257063448 
0.20779078177767796 0.20802349165392917 0.956780744404115 
0.2174514475801389 0.21785675438199248 0.9534526251563806 
0.6917288096482797 0.6944896835633386 0.21044334294860575 
0.1074354271973004 0.10747752985256624 0.9892852247876245 
0.6901986576983323 0.686613409665714 0.2425943821566404 
4.331433941876596E-17 4.3308189390608273E-17 1.0003109095888982 
0.5935068122453033 0.593588221047873 0.5454764531762794 
0.557951756945955 0.5577554957376355 0.6160485959694536 
0.09369505610295759 0.09370238016095507 0.9914380723821784 
0.36395354958890563 0.3639964731487591 0.8576055297658073 
0.059249113651448145 0.059235210387735084 0.9970907045688008 
0.5475438286136867 0.5457028553676204 0.6377351492516113 
0.30107765128491615 0.30027085340266485 0.9073970540615502 
0.4727733009103018 0.47284976817401914 0.7456123132657936 
0.5988732158662963 0.5966821798834617 0.5391538300166676 
0.16767176855825622 0.16783104220037334 0.9724363489630832 
0.11122096751224646 0.11125094199298916 0.988234473858922 
0.6317939764253802 0.6282207261072803 0.4646392538831298 
0.05116693128030121 0.051163472617510995 0.9978204871737697 
0.5563829444967153 0.5578208799946277 0.6195543209822169 
0.6387910334021343 0.6423884947463046 0.4326080406419192 
0.4227706570790343 0.42371524958693846 0.8040751733870557 
0.3516679688664445 0.35185733886799125 0.8689272766094053 
0.7066689202040428 0.7113259282463039 0.05523025678291579 
0.06528576524080061 0.06528736573104484 0.9959410357058477 
0.49397010623600396 0.49448593528734036 0.7175219470322204 
0.24770875469577974 0.24775653565101385 0.9379308979866644 
0.5565439602136262 0.5564121606565053 0.6198096440300099 
0.6356035864809699 0.6420927822230094 0.4436039751469535 
0.13011280583125115 0.13009474606176194 0.9838324062308285 
4.330397226227566E-17 4.330314657070005E-17 1.0001329537830408 
0.2174514475801389 0.21785675438199248 0.9534526251563806 
0.560219135517073 0.560132077381581 0.613136749332081 
0.5100985693038965 0.5089085037695235 0.696474159016871 
0.6138165753286275 0.6140545628425069 0.500725386117075 
0.48457128110959113 0.48430073861640877 0.7298236962614666 
0.3568956447871902 0.35625869124668585 0.866016524889473 
0.40885457797821034 0.408682497916384 0.816508395103473 
0.5302231632499413 0.5314026443752359 0.6635118295018749 
0.48521604613139585 0.48537561576420707 0.7288350560932264 
0.636684618396344 0.632597108688221 0.45022748684228003 
0.4727733009103018 0.47284976817401914 0.7456123132657936 
0.1460090175327907 0.14617265729650045 0.9797719583372482 
0.30026423132938385 0.29998045153906455 0.9065200675884246 
0.4527770911640282 0.45252965513394944 0.7710750853460855 
0.4641709852264626 0.463507275085188 0.7581882722500385 
0.6432132983796714 0.6458899272329909 0.41765267013714 
0.4636218823155781 0.4635570694003815 0.7567489204372604 
0.6616395330647243 0.6645394835132109 0.3552634399313068 
0.4507521835072786 0.450346091930017 0.7726152453589572 
0.38311956755635684 0.3827882191769931 0.8413406763549721 
0.28363237651002976 0.28342515359835296 0.9171605566729142 
0.14621841525868548 0.14631744731145713 0.9792220260468398 
0.6999066896856729 0.6969567347096163 0.17263004534213872 
0.03768362866086618 0.037675745828590464 0.99891550077257 
0.6647480080810646 0.6629995886892224 0.3510404049202913 
0.6642781555218006 0.6621743774772388 0.3553706933279379 
0.4389656229662276 0.439200363750784 0.7860745209651907 
0.4839985699595051 0.4850266337507878 0.7305899999965392 
0.4839985699595051 0.4850266337507878 0.7305899999965392 
0.27676877321639776 0.2767931974765045 0.9216012386780993 
0.3011043279480983 0.30119922274347277 0.9053278624941741 
0.17003531303475514 0.16976275245813158 0.9721819446214346 
0.6788098504503498 0.6775575786956155 0.2873815969090936 
0.5628208541381896 0.5627972377292667 0.6074781322063104 
0.43017288383251895 0.42999359481668536 0.7946853701564938 
0.5939063120472431 0.5934666892384086 0.5466046109871175 
0.6463822483880027 0.6443817905359149 0.4134555941745857 
0.6357165197740018 0.6385533723195979 0.4418094421749217 
0.5445623936442058 0.5436002527375625 0.6421208205425014 
0.3570155246818461 0.35715223611185065 0.8654969327423256 
0.054871235911202444 0.0548770672055402 0.9972840290947499 
0.5060277628573534 0.5045175227112426 0.7022923342322647 
0.1411110058862012 0.14120463699181585 0.9809236855567224 
4.330784345978492E-17 4.3314300044684925E-17 1.0003064603724148 
0.17084321746072537 0.1708360025895599 0.9706558999757031 
0.6009753644280842 0.6015854388136028 0.52827087605227 
0.37404152789360917 0.37376843810688115 0.8502297371110425 
0.5011618123134414 0.5015029228379838 0.7068355536813575 
0.04740973145782221 0.04741836501024098 0.998036621461852 
0.6300615954819013 0.6325335709221885 0.4566817783241715 
3.5886467326729903E-4 3.5895426142074034E-4 1.0004827551316484 
0.20157139522954284 0.2016296823464721 0.9589993713607395 
0.2043349282530873 0.20504970550231885 0.9595117620314231 
0.33930042416194317 0.339475036702535 0.878002287422649 
0.7043298900624636 0.703985464588971 0.09461903081374659 
0.6850395281817463 0.6845170385985271 0.2555909509141254 
0.5391349708484253 0.5400015304162867 0.6493802505121533 
0.43277434739536524 0.4312540203546788 0.7944949125311545 
0.6109283711807154 0.6107736756505002 0.5060847076687973 
0.5641041361010912 0.5641878578010449 0.6053925882869102 
0.25462672093307864 0.25475897605776976 0.9337807055762748 
0.7063680219761882 0.7058424871386204 0.06161810626904916 
0.03768452238098564 0.03767508908320087 0.9989186443186748 
0.5389494329679732 0.5393333656216402 0.6503989882114537 
0.42080528422179014 0.4213584430251911 0.8060177530596576 
0.7023044528452704 0.7045328950873017 0.12027752417662822 
0.535275661588972 0.5363675976263138 0.6558145185747634 
0.06821025255697567 0.06823034248306929 0.9959346964983501 
0.6556275819318195 0.6572980230043466 0.37668522656478237 
0.367212900007705 0.3674182842431188 0.8551979763783997 
0.6969864278146366 0.6944819994193826 0.19105951768395077 
0.6811884749887215 0.686460719974864 0.27320915007056706 
0.26482902881181325 0.26422083230957466 0.9291265828016769 
0.5573724421904666 0.5571893431361407 0.6181236398650299 
0.38549365979319994 0.38575407731868855 0.839473944003376 
0.21989692403755426 0.21986636429169956 0.9507452603171382 
0.6127607054664654 0.613844261691822 0.5027610488363605 
0.5956790362348879 0.5966363019472791 0.5406366640061268 
0.6085688206080077 0.608440627274106 0.5142870623038845 
0.2442367069507056 0.24448406803798975 0.9393121513234274 
0.6837512084688117 0.6825387910466696 0.2643957585275957 
0.5417550649963478 0.5426884895046041 0.644664694781785 
0.2834363605871339 0.2844113337626283 0.9185256895848753 
0.7017935861657467 0.700756449340573 0.13538640354276493 
0.6250503757969617 0.6254660238591374 0.4684225294058173 
0.18346661345313728 0.18356946923467574 0.9666985473953363 
0.4968790815886394 0.4955660470983595 0.7148011582392673 
0.6720057774921674 0.673328221086127 0.31237271535222866 
0.5417550649963478 0.5426884895046041 0.644664694781785 
0.6492494444161209 0.6477862030796968 0.40218046927574624 
0.0475636297011743 0.047579273117046635 0.9981985094681036 
0.6491626081588339 0.6528009506480817 0.3994910701682315 
0.32786238951450347 0.3280448425634467 0.8870921143503654 
0.0025713749974362802 0.0025718188618841444 1.000383576953448 
0.26524425759768566 0.26533908817458446 0.9278529488571348 
0.0824799081197687 0.08251200138635365 0.9940657377668464 
0.30116041814590705 0.3011739660704992 0.9054290155762743 
0.6863742867007326 0.6896421042731943 0.24661935682120176 
0.1483673533152542 0.14841028972523074 0.9790523537105417 
