4.33137947868673E-17 4.331527994093079E-17 1.0003864990231128 
0.707259340586046 0.7072458886378682 0.0 
4.33090103381147E-17 4.3311744288830506E-17 1.000290419431329 
0.5774076014026501 0.5781911637461834 0.5783302597933879 
0.6684499409666277 0.6670416869034725 0.3353901829096023 
4.330813715461345E-17 4.330882904996478E-17 1.0002466705283544 
4.330601337432858E-17 4.3316973625183904E-17 1.0003162062226645 
0.6662013064433607 0.6692057830856868 0.33777708432816556 
0.4065492266126353 0.4066801396030907 0.8199564693379534 
0.4097068658808638 0.4088952747507465 0.8170460285510566 
0.7039148007242121 0.7047293675040452 0.10223695797962794 
0.13577662994110337 0.1358869352176966 0.9821564943397703 
0.2325321699435728 0.23231473162811173 0.9457128369476464 
0.575897262982664 0.5781822064973329 0.5831435780009742 
0.3470094813060045 0.3472082814975224 0.8723636968988413 
0.13922757124502558 0.13926193947058355 0.980673420270175 
0.5774775121186356 0.5776357729013174 0.5776857631137939 
0.6804072607379786 0.6803486121335558 0.2749634380764541 
0.34777851527116804 0.34778964144226343 0.8714581315965176 
0.7070389073322018 0.7044384619797746 0.09257707527252268 
0.2966639501943037 0.29678557739122 0.9085775544184845 
0.6129077456652848 0.6154767863214022 0.5008786896333036 
0.5323083377445316 0.5320858429069298 0.6619459735141113 
0.11980821652585294 0.11983679579595823 0.985741244855602 
0.4082762306294227 0.40907995514832407 0.8178428521791693 
0.5141537423671277 0.5140278642527283 0.6888553869150231 
0.6502795973075791 0.6529240015540512 0.39498605742194637 
0.7049129484596358 0.7049785520086239 0.08475079610313933 
0.2659675132274414 0.2661436740272118 0.9277355859293362 
0.1633606691411495 0.16340051510740117 0.9739659959565578 
0.6937803206415392 0.6984767273871367 0.19860669429009586 
0.6520655277019499 0.6516576086725504 0.3890545036022541 
0.5148618252925654 0.51553393842169 0.6876440436633802 
0.6248516682320134 0.6243974485196756 0.47191395340836767 
0.4065492266126353 0.4066801396030907 0.8199564693379534 
0.19220272706253672 0.19225658748365654 0.9634446588948884 
0.002157502279391806 0.002157505899170517 1.0002224861538667 
0.2594693439257002 0.2594701682848132 0.9311108384091422 
4.330103554674022E-17 4.331069783360552E-17 1.0001862484318467 
0.002157502279391806 0.002157505899170517 1.0002224861538667 
0.16047751140280098 0.16047393484520445 0.9741949845536193 
0.6247454107701308 0.6258032267606589 0.4692771005024034 
0.30199913933086847 0.3019431045623662 0.9046775721601208 
0.45645739263300755 0.45805850978485063 0.765703810313577 
0.6882484712769193 0.6898608861039398 0.23248064400975685 
0.19502755204083924 0.19501271205249007 0.9623164234657874 
0.615299964766367 0.6161533976303459 0.4953867249716665 
0.6905693609965154 0.6887215430491298 0.22846624470330756 
0.5267880231060833 0.526790128524153 0.6681598194742545 
0.4615328514693172 0.4606148539839042 0.7601770475207925 
4.33090103381147E-17 4.3311744288830506E-17 1.000290419431329 
0.6979968086712613 0.6935668305959987 0.19988597705483319 
0.12108152555199966 0.12103178343165508 0.9863383625977123 
4.3324531537396743E-17 4.330817091437696E-17 1.0004284094188447 
4.331053870718716E-17 4.331172147324216E-17 1.0003078050527272 
0.6453066869008421 0.6449376622893113 0.41095633250052666 
0.684569800146397 0.6870075041757939 0.2556923613375329 
0.5057987639527374 0.5053036848394656 0.7008087184538856 
0.7075068340835824 0.7072157113731811 0.0 
0.37537259958311586 0.37520330311217365 0.8482707137732133 
0.6462563608102553 0.6462860304085297 0.40668011986436986 
0.17490744780140516 0.17497363981192052 0.9697643707687078 
0.3799269418601982 0.3796295257788679 0.8446750007735745 
0.498048878862509 0.49753746479398114 0.7129316920573638 
0.3245721718067669 0.32463958233086226 0.8891721753230913 
0.06386904265651346 0.06387863201753656 0.9962476064352509 
0.7020501721666637 0.7049622859255473 0.12441141027845366 
0.042481032340068586 0.042485665973632444 0.9984504793120723 
0.3886857458451042 0.38910085019404694 0.836165081367218 
0.661096383259774 0.656619419413029 0.37606457730715204 
0.19376967987723023 0.19377678732140516 0.9620862416537445 
0.6170936210452124 0.6175874116730775 0.489961353822051 
0.14239771472970292 0.14241914784091786 0.9799168034776122 
0.6204032364506491 0.6226276642508801 0.48167126390646803 
0.5069465857036077 0.5060467388901728 0.700072998043907 
0.6207566093382767 0.6218623928768972 0.4804477392281602 
0.32463743261915895 0.32479705685752686 0.8890000439080096 
0.44326556298360115 0.4422523942979916 0.7820100551234453 
0.6554390427856951 0.6584304669342685 0.37807893223392774 
0.678467559674169 0.676445711777803 0.2946242126396684 
0.07415460833352963 0.07415536311312579 0.99479739092114 
0.27990997632234604 0.27998608968478345 0.9206414723132392 
0.31757183219764984 0.3169859132477001 0.8955016006317695 
0.5768095894788262 0.5770320249336562 0.5793118778529566 
0.5774076014026501 0.5781911637461834 0.5783302597933879 
0.5267880231060833 0.526790128524153 0.6681598194742545 
0.06021101839709114 0.060231251695573584 0.9968195777097966 
0.6701024525708839 0.6722470201162488 0.3211345552924876 
0.4650793137548456 0.46752899811871756 0.7562012962196045 
0.6965850663092997 0.6987628083681641 0.176381730440205 
0.5768095894788262 0.5770320249336562 0.5793118778529566 
0.2672582645311479 0.26692041006426953 0.9271591749692322 
0.23598537021279956 0.23607049145179537 0.9435924122963424 
0.13949239917022196 0.1395024455764217 0.9810575520653257 
0.4288324955406895 0.4296363336779711 0.7965433639190682 
0.4284589575082712 0.4282661979977495 0.7978071830598221 
0.05307518202567548 0.053087027587506025 0.9973393386209424 
0.576746442222214 0.5781267073714759 0.5802325840337764 
0.234738889006952 0.23469146941944916 0.9442525479123827 
0.08231095035331598 0.08237220507823415 0.9937633571510215 
0.11686334441989295 0.11686396358442853 0.9865605525351997 
0.3186444502380495 0.31907067064405426 0.8936556507078132 
0.28209983579317327 0.2820777396664425 0.918558417167856 
0.36798706195435144 0.3691792276985934 0.8558172748308115 
0.5240976148390436 0.5256990757353339 0.6731469714577885 
0.6634515723316333 0.6597441248058252 0.36296418145642134 
0.6184739324118997 0.6185263087281849 0.48589400680641565 
0.23515767899609344 0.23515695169005116 0.9436405237309753 
0.6928462591563577 0.6950945073507744 0.20394539511339432 
0.6727066867417719 0.671325223160108 0.31610000032444624 
0.03631368340022543 0.036333298332011654 0.9995218552932312 
0.5198349600839403 0.5199691455926634 0.6795263091069097 
0.7066055569522404 0.7018688692057521 0.13090581881164814 
0.04967754079357411 0.04969197615862757 0.9980048579875783 
0.5779768363128316 0.578532493559603 0.5769158069166871 
0.44810302799784785 0.44703736766580887 0.7765446356468564 
0.0988201159346966 0.09882544482837449 0.9903601197490066 
0.5223810887850941 0.5208387331638112 0.6779531890169117 
0.2345810936249082 0.23494014390271373 0.9445842197805948 
0.6761004344819378 0.6793049121957807 0.2968918202465743 
0.2692078561516303 0.26950061243750917 0.926039691703196 
0.5738482960884763 0.5757813356827644 0.5861338647099829 
0.4683815747667697 0.46721192860399713 0.7521093704059063 
0.6278107685043526 0.6288876474759377 0.4613257162327975 
0.7059315160126115 0.7057861664208663 0.06713178909702255 
0.11591872952614 0.11594193335284292 0.9868179572663344 
0.6868546626752744 0.6845817930838655 0.25282435964036737 
0.09529924249138469 0.09537378465302633 0.9922331808101241 
0.16871519900982077 0.16880637522549627 0.9718427809303799 
0.039498380895159405 0.03948634900336253 0.9989570600854432 
0.3925154768396074 0.39197406350674124 0.8332101704988985 
0.6995786307364484 0.7044021284207894 0.15236054811084587 
0.19863782125111454 0.198886433698379 0.961261779264782 
0.6986568569322839 0.6968393293942613 0.17485131602012022 
0.08495288816980552 0.08496256843160817 0.993029109073455 
0.04311410712939166 0.04305510280634949 0.9990162235466409 
0.707103378951783 0.7075285267703483 0.02788112655435436 
0.4918514751910863 0.49124080427404937 0.7205170485111477 
0.7077147635802827 0.7019984602111194 0.1293996144058094 
0.22632486851073877 0.22657549728757043 0.9485464725753359 
0.31583520066349247 0.3158703220818257 0.8968714573469457 
0.33035186753457196 0.3303201206353917 0.8847728124986141 
0.2083722368972241 0.20849488831415144 0.9566694583538179 
0.6823283441652012 0.6788472900926845 0.28308771511539216 
0.6518132140856175 0.654180176372833 0.38963964054467864 
0.6784689545621477 0.6784163871259613 0.2849751844525216 
0.40660802554646736 0.406855751387521 0.8191175729210135 
0.3098454867408237 0.30986258459383587 0.899829608927394 
0.6775069224241108 0.6792522373714495 0.2882806752519113 
0.660006634632479 0.6578317663140915 0.3686950647224726 
0.4317598260319626 0.4304278604930555 0.7951483611318023 
0.3574807621266344 0.3573677411824952 0.8634615276332637 
0.35829321972939815 0.3571609777781289 0.8649596836936336 
0.6054641290012153 0.6072686457151082 0.5185812311368486 
0.665911325318028 0.6659082480074443 0.33734110451413674 
0.44848485232057395 0.44764870570492554 0.7753587013957479 
0.3902918437243861 0.39019069264257955 0.8345159932844824 
0.07245568631627837 0.07245947030888483 0.9949753378323825 
0.24074662987289927 0.2406708087143567 0.9419213357486854 
0.6867552639891471 0.6891687036496694 0.2435386158599856 
0.5947346329299159 0.5962696341848165 0.5425694509629128 
0.635273543299295 0.6353169320056173 0.44153410587107306 
0.5904346829997646 0.5910431702096881 0.552443652546632 
0.7010775621707693 0.700884121948747 0.13742269291375475 
0.6393885285507052 0.6394594563894828 0.4292073826718798 
0.5286046294970036 0.5283377463454489 0.6656496374884717 
4.332005467848488E-17 4.331375026775311E-17 1.000441125756926 
0.3379023405878853 0.3379055581906423 0.8804362289292126 
0.5947059528161133 0.5925331914794368 0.5477393784456355 
0.535328970282684 0.5339096532706759 0.6571796214397086 
0.2095837928671449 0.20965806337153736 0.9565552141801612 
0.21798422234578815 0.21793295666528525 0.9528417444550011 
0.692166940127245 0.6978079039383192 0.2106753031901439 
0.10580918185184676 0.10581777623370195 0.990115057005103 
0.6894301998311632 0.6866716939369694 0.24199348315419975 
4.330103554674022E-17 4.331069783360552E-17 1.0001862484318467 
0.5939037427727348 0.5938966630969459 0.5439258257827257 
0.5581325121639334 0.5587188722722876 0.6157427958301541 
0.0935322510613494 0.09357336007776237 0.9917563903640082 
0.3657206358151721 0.3660173986583595 0.8566165307999012 
0.06021101839709114 0.060231251695573584 0.9968195777097966 
0.5473586998213311 0.5463351616736881 0.6370246584410331 
0.2984503273879719 0.2983469624493748 0.9072481851983852 
0.4732172671233626 0.4723538590119741 0.7462197677524748 
0.6009776652752411 0.5974324743553493 0.5380298756003655 
0.1698620866664921 0.17002675117726745 0.9714724569592459 
0.10917441409931403 0.10919836779554593 0.9884490086151556 
0.627667128962465 0.6282555279148853 0.4621185924181019 
0.0580934587537474 0.05810020755188386 0.9972771851482545 
0.5553701549213553 0.5564315902247625 0.6206155126721913 
0.6379721726568635 0.6401539205414682 0.4333383218322483 
0.42241993534795275 0.42215989218790867 0.8035976557258241 
0.35202509740664634 0.35228196299413594 0.8679144582380766 
0.7062888586342588 0.7066938639971104 0.058864114846821025 
0.06816017452012028 0.06816518996476906 0.995564228534613 
0.4930822008151153 0.4945257619499992 0.7183639403288167 
0.2479440060117666 0.2477607741314979 0.9385801154522643 
0.5561131478402057 0.5557650849706932 0.6200477426141915 
0.6343826454707049 0.6349243461331222 0.44264345950049483 
0.1291090633360414 0.12910296120810735 0.9837714714785513 
4.330813715461345E-17 4.330882904996478E-17 1.0002466705283544 
0.21926500692405057 0.21933983821913516 0.9518628973912301 
0.5595179012569006 0.5609302368617415 0.6142429061065151 
0.5092033190737754 0.5077510854025882 0.6976712905681588 
0.6150640884736789 0.6137046137917812 0.4997941598269184 
0.4842624734971184 0.4840873764366244 0.7297484349618557 
0.3551918292679209 0.3554334985839458 0.8661874531244216 
0.41134072158151663 0.41083414303032023 0.8147299677495634 
0.5299975511997492 0.5302422238049802 0.6635233258653527 
0.4842624734971184 0.4840873764366244 0.7297484349618557 
0.6341017741296142 0.6324195984420055 0.4499824894580613 
0.4726887016061957 0.47435195717484113 0.7466634440963188 
0.1481296069670396 0.1483432103826951 0.9787181064623213 
0.2984503273879719 0.2983469624493748 0.9072481851983852 
0.4535196159039993 0.45277891303839046 0.7698883716358643 
0.4626395587713873 0.46255277289287866 0.757678887178145 
0.6427990595050623 0.6438656706557563 0.41812477963557687 
0.46401102873520195 0.4644497503318792 0.7571652332443728 
0.6616060625503584 0.6629249812227095 0.35494738602182285 
0.45122900246616354 0.45222116863678175 0.7728097233954876 
0.3841625954794912 0.3840772080473059 0.8410460353976199 
0.28404282424895805 0.2836444584195067 0.9175755230329221 
0.14598291491820053 0.14599400475896412 0.978897269518098 
0.6993992598895334 0.6968705658073541 0.17274214579668062 
0.040061332823145675 0.04005766067744771 0.9988807734463214 
0.6672209934148955 0.6631722512456677 0.3504476844682598 
0.6680540522359842 0.6622332587557085 0.3555094711094462 
0.43863590658873025 0.4391316189413339 0.7858032896394979 
0.4838849568520295 0.48594271629821373 0.7315326754314023 
0.48624391327411065 0.48464499790279986 0.7299952010767446 
0.2751617859312789 0.2752102887288048 0.9223508921338636 
0.30174839593175173 0.3019645358873256 0.9054759193669387 
0.1687112272832936 0.16916233179063173 0.9734472364209698 
0.6797000385517828 0.6779784304038365 0.28744960646888074 
0.5625818358226751 0.5625090792393557 0.607642998477362 
0.4318867734293846 0.43304303627557533 0.7936274123456972 
0.5928481028440488 0.5931065563086312 0.5463313114058426 
0.6474379105311072 0.6443961946538735 0.41424705605488427 
0.6353031985734198 0.6360995337749987 0.44221224524721114 
0.5454609287377442 0.5441014759103978 0.6404815191535127 
0.3574807621266344 0.3573677411824952 0.8634615276332637 
0.05307518202567548 0.053087027587506025 0.9973393386209424 
0.506380357989511 0.5045156590918404 0.7026782428603545 
0.14285544093397876 0.14284567739910253 0.9799613745093688 
0.002157502279391806 0.002157505899170517 1.0002224861538667 
0.17088929293501448 0.1708843300108393 0.9708996228887229 
0.6012425909538341 0.6049999109173407 0.5295865223660587 
0.3745606038451673 0.37408722182034904 0.8495698113328377 
0.5018130273595216 0.5042776578868668 0.7072164873052293 
0.0495568027943725 0.049538627440536054 0.998012249150317 
0.6299283418686697 0.6313017288800825 0.4565499892553442 
4.331053870718716E-17 4.331172147324216E-17 1.0003078050527272 
0.20291342625461772 0.20295730269050177 0.9589504650041865 
0.20435895020590097 0.20458336984453512 0.9587117854601247 
0.3374536854499341 0.33751440664496984 0.8795383265575657 
0.7044238382528624 0.7057136335770912 0.08993641438113446 
0.6867999599020856 0.6844692492664927 0.25387477390121777 
0.5394444999419339 0.5415227527673373 0.6485881552464042 
0.43150672456482386 0.43101567222526044 0.7937330650400597 
0.6113553383806289 0.6104050211140468 0.5084491834066688 
0.5636184794806645 0.5639208960127976 0.6050169896563715 
0.2543541978359001 0.2543712587486158 0.9334113015316953 
0.7094166835822027 0.7061889011183369 0.062104053253872346 
0.040061332823145675 0.04005766067744771 0.9988807734463214 
0.5398969924940618 0.5385424407074422 0.65002948432759 
0.4207670406686511 0.4214737648109301 0.8048671512160657 
0.7021600444848574 0.703103984218974 0.1240268858547022 
0.5352997942815478 0.5355025463979133 0.6547516669141109 
0.06620210034451722 0.06621316712851046 0.9960101174158905 
0.6566247721927752 0.6628377136016784 0.37628349218806584 
0.36636285326479434 0.36630179598351764 0.855924529188559 
0.6943273727534885 0.6941275687467556 0.1938937981370634 
0.6812019978795332 0.6821182940620296 0.27245659277215073 
0.26454075749668454 0.2645473470831866 0.9279462653267866 
0.5568569108982692 0.5560898876819202 0.6192361990840384 
0.38418817927221816 0.3850282693458183 0.8407969971447742 
0.21921501049813633 0.2192377455735057 0.9514587073604829 
0.6116856415349363 0.6119435140390685 0.5032078348038437 
0.596820923071829 0.5987225482211855 0.5379580341821255 
0.6079294689328868 0.6082077659621917 0.5136479105044052 
0.24408444796038758 0.24423153416459736 0.939740554779779 
0.6871017677909 0.68276785774667 0.26424330301962273 
0.5413234377625249 0.5413575674058028 0.6449916510428243 
0.28239924355946705 0.2823675819823393 0.9174345463756193 
0.7020989754339403 0.7013583325984643 0.13408439411689613 
0.625275548550122 0.6271851303200596 0.46857566904276887 
0.18291855337733937 0.18296478283568632 0.9664762334442962 
0.49588451229738034 0.49577245226992944 0.7153730160898438 
0.6709245160072891 0.6710002876208552 0.31629941887033025 
0.5420672496704478 0.5429170213554044 0.6434990948179087 
0.6504610400572356 0.6483586926791264 0.40083175826024536 
0.0486633604960066 0.04869195042158429 0.9982001584479514 
0.6484022198142761 0.6497978732605405 0.40043191349818735 
0.3274173919819813 0.3274821055127445 0.8868135095133971 
0.002157502279391806 0.002157505899170517 1.0002224861538667 
0.26454075749668454 0.2645473470831866 0.9279462653267866 
0.08434032298379716 0.08432392579564264 0.9931560494740046 
0.3015731658795387 0.30132609000164945 0.905901075419836 
0.6862800666574776 0.6916182506735588 0.2462168438201099 
0.1488432872086363 0.14887050749279118 0.9787785342002467 
