1.0 0.4352786854222057 0.5138446980134389 0.49616955002812724 0.5068586991369413 0.5067375437256139 0.49479171453145426 0.5059516109790431 0.49428076270423704 0.5114764546280111 0.5020420860578053 0.5073384911610376 
0.0 0.5246907181908579 0.5138783820250463 0.5213489249161344 0.498720882320346 0.48548662142005616 0.5092321697922482 0.4793255341738377 0.4906586670860548 0.5040808520781528 0.5184160907259671 0.4977803795355049 
1.0 0.8821285969202466 0.5017374111888481 0.4997769511744188 0.49587284311732027 0.5063286250401293 0.505779801573235 0.49523939472143874 0.4992588188615207 0.5061038435505167 0.5094442603494254 0.501617930816302 
0.39291381386352364 0.1284105655154886 0.47017287826500465 0.507526716167056 0.5033095118557482 0.4946112012723252 0.4988541918148399 0.5214056758788248 0.4695175861195219 0.49343967260489263 0.5119945839461822 0.5131653069510513 
0.2177375802904951 0.059616474093920756 0.5034564912019921 0.5101318952659778 0.47192352440871205 0.5038686055099234 0.4902605155880578 0.5329801118911333 0.524374496819492 0.4869634229925125 0.49063719212631274 0.5309735484421559 
1.0 0.4701201449337243 0.5043479713359416 0.49815505673752136 0.5109788836529098 0.49947972769878635 0.49720616195065725 0.5065487309173746 0.5022910498732507 0.5101654467296817 0.5026604183723391 0.5070101841801862 
1.0 0.7953695895441998 0.5018163424779691 0.4957379721067232 0.5108038125867678 0.49737837855530653 0.5058498904148424 0.4968881991643257 0.5112813330624217 0.5079804411628421 0.4940637597478308 0.505435387431588 
0.21830161792233102 1.0 0.5217499371405013 0.5080898816280934 0.4966733418237898 0.48901570190350274 0.48272285970769974 0.490189842099775 0.492533890557172 0.4959332085720186 0.46690571958693533 0.5171432653381186 
0.6128273780479141 0.23111231415854283 0.4963777715112271 0.5121889749324832 0.48568742298206014 0.49880868378292564 0.5060247997994093 0.5076809832084517 0.4824070174219735 0.49593442364496765 0.5201014958947079 0.4684008061681286 
0.6091177828118706 0.008324620138823374 0.5074408210641038 0.5248324205716746 0.5092529829085257 0.5123657667040339 0.49351741161792306 0.49242111663188315 0.49452145416217586 0.5028716164959147 0.5112715400759837 0.5288100218344036 
0.0647356363447518 0.25113044832225007 0.48298950016297526 0.5053975559937334 0.49514808298871527 0.49782233637161444 0.4899513959360839 0.5059980088736817 0.4899449775001253 0.4965324926187585 0.49048970835104483 0.5017279840734539 
0.8784799781523949 0.6425583209518203 0.5026680968692516 0.4987885140378946 0.5000722221163191 0.4907662661357392 0.49787321057791145 0.4973830069987544 0.5131222157356865 0.5051250128826528 0.4950623037515398 0.5161417910968558 
0.7868499838282352 0.17092295232638396 0.48282153253101867 0.5094842200774332 0.5286226570250804 0.49077914633518777 0.5012985493418334 0.5236672685379247 0.4937039696431087 0.4987041585676767 0.4946131615400187 0.48807816637722673 
0.3959149481743689 0.4793457150479917 0.47789781594639524 0.49533345019317504 0.4991494214340878 0.5047725210351199 0.5003111703818238 0.4947683769185365 0.4920237883861016 0.5080528689764208 0.5081955990684647 0.4771671185048001 
0.6745433549319808 0.42969765183506525 0.5015432046848805 0.4994934744813516 0.4795544408692074 0.5209414019898154 0.47263836389620684 0.48995708753378353 0.4848929596285845 0.5022332963666113 0.494404009654032 0.47876013676512574 
0.8723902359072182 0.25467717682356344 0.49215734927653565 0.5066655545206419 0.5099256663221432 0.4868321410461071 0.4974437427198113 0.49750078823049615 0.4984882428607204 0.5047418278741971 0.4937245110919912 0.513554141736109 
0.39148183674119164 0.22335876647526495 0.4890629249911292 0.48897529029109293 0.5062326275175538 0.4899423960809395 0.5024378509118748 0.49848288055952794 0.5114915247018119 0.4623362180305133 0.5011230892106661 0.5015391730916615 
0.1771881070336635 1.0 0.5061483244605434 0.4869787427093666 0.48930654571636517 0.49265445729036417 0.5048148149328163 0.4755749816190217 0.4998370490730959 0.47804359031735266 0.50290123445844 0.5305598284146746 
0.67320302790035 0.0 0.5074311817252956 0.5057233148300482 0.5261002230721996 0.50483151786548 0.4814471410150518 0.49595276770731084 0.4859159803461218 0.5149045389621146 0.5091320509256207 0.49309152097648556 
0.0588955353291476 0.0 0.46910988084948535 0.5165495240140218 0.4957187181737296 0.4968840130133815 0.502582252002178 0.4871505581635597 0.4846217749765782 0.4981505646775819 0.47699716126708236 0.5135635993667598 
0.7244625069659283 0.5771677085533916 0.49171692931045474 0.5162857154697228 0.5170658794677832 0.5117002669983164 0.5042925268819721 0.5029294860972211 0.48806237862305396 0.4840090193791965 0.5059029943630777 0.5119356403190578 
0.3338546956485241 0.518921683906348 0.4886541665108882 0.5057615152539126 0.48891747133589647 0.4871712039778592 0.49706683329833456 0.5145666045337919 0.5100606382195945 0.4994959645043687 0.5061825954683015 0.4955417683252163 
0.45827843923168465 0.05212164995924115 0.49516520739900716 0.49453716202927434 0.4810660807673882 0.4969953197994862 0.479642208484358 0.5071720642959918 0.4915304230072468 0.5403360027081305 0.4781334830103552 0.4862649031920194 
0.8925601983027422 0.5556970029639448 0.48459474085526727 0.5003289414577813 0.4900513610175359 0.4894320470871741 0.5065199177554607 0.49855417642932187 0.4984338578051021 0.4967561731575141 0.5102096571934585 0.4916489496137235 
0.6082738427020307 0.7670442624289939 0.5360500592522038 0.4887255451495445 0.5050389880656129 0.4910497007289369 0.5045229776275291 0.4820336985421737 0.4705331153022122 0.5086438796635142 0.4890355606382938 0.5100884508244037 
0.4816116687249334 0.7369526626029672 0.49834810944408187 0.49878424839940894 0.498402148895948 0.5115452186214645 0.5036659946691683 0.5111723275180625 0.512063325071163 0.499380387316116 0.5028426132749299 0.5081239258963319 
0.2573571109018221 0.9743266329405271 0.5168771533517073 0.47423162077384473 0.49471414589990204 0.49828695798609335 0.4799838941554233 0.503686357722017 0.4983661403658215 0.5345526672938362 0.4838581805567932 0.4837207897312302 
0.054081530338687005 0.7474196401646569 0.5055292575733668 0.505036686437325 0.5036126214038215 0.49471773432869104 0.5159880366815395 0.4763346308624693 0.4988651630870193 0.49412438146864146 0.5133237447459309 0.49837205501681375 
0.7556812677644692 0.5478898748397004 0.5049778962205196 0.48844771572025525 0.5045450413393847 0.490023928218957 0.4910780158661173 0.5036269775457529 0.4887447981958323 0.4964367234902825 0.5140638831197075 0.5212843036301368 
0.8515683981212638 0.4568533880731776 0.5084272013797531 0.5067901242502624 0.49686143183171405 0.5038746395197617 0.4989034297721279 0.5035258270665393 0.49070496523749063 0.5173424475978519 0.49639971895463963 0.5092690826452183 
0.1265851181719832 0.9720582102095918 0.5153066545047891 0.5024738352424785 0.5127796308789228 0.49944517689767776 0.5081166848988897 0.48654897857155777 0.5021387033597653 0.486172940381088 0.5099908533896664 0.4936854552032145 
0.2536603931740412 0.03244458140884676 0.4943603299483643 0.5266903422911358 0.5032108595523 0.5089790058187387 0.4967380758563417 0.5263787511597013 0.5115115270700803 0.4844604181600915 0.4683482776828599 0.5199129604787078 
0.4816116687249334 0.7369526626029672 0.49834810944408187 0.49878424839940894 0.498402148895948 0.5115452186214645 0.5036659946691683 0.5111723275180625 0.512063325071163 0.499380387316116 0.5028426132749299 0.5081239258963319 
0.3128411980646929 0.195091934144786 0.49111609866818895 0.512563309239429 0.4989715520543545 0.5112256584162174 0.5282563598414398 0.5054903043778334 0.4881056424238175 0.4700920411379532 0.5007879020665607 0.49871709007303955 
0.6109540607835686 0.025383564302501965 0.4882587545535577 0.5081271316581184 0.5210459442647437 0.5102881712638977 0.495685191670064 0.49176567426129303 0.4993852443591727 0.5109398933416947 0.4975740991146249 0.5150790148351252 
0.824814442424486 0.5254518617025091 0.4952183223916841 0.5104622602449919 0.5171623213606421 0.5246801026446888 0.5163761847830352 0.4989848768183067 0.5083744945929938 0.4906013348060697 0.5041152959488326 0.5144055524697054 
1.0 0.7778489943641189 0.5001654185642125 0.49193912791432565 0.5129610900554944 0.49581056384692623 0.5032835287605288 0.49871770172899405 0.511233886017487 0.507364795937765 0.49754181071490566 0.5022728530716988 
0.7629631087917051 0.4509298063793049 0.4972483475522806 0.5098715839408055 0.5021972287531205 0.5140178625879777 0.49243022121133984 0.5005275103111438 0.4958121099111242 0.4976493001818363 0.4874145135144151 0.519041377349896 
1.0 1.0 0.49413809017917437 0.501195132867101 0.5110649512828644 0.5051073700536758 0.49730894067985054 0.5019726111841922 0.5070645266276291 0.5030440638528373 0.5096865590951926 0.5124410091848575 
1.0 0.7885600751524724 0.502620276496813 0.4909885120850768 0.5137548030630456 0.49427509134794406 0.4970948807158997 0.5043117200380263 0.5127178270158049 0.5007603112033591 0.5035279571338649 0.5038832434419871 
0.854353481129295 0.6066659803347871 0.5013585173826858 0.5007958747870447 0.49720049628179525 0.49487225886053476 0.5059868795789504 0.4999350785907217 0.5138852789761714 0.5019806015336236 0.4961614222278153 0.5168968848895423 
0.31023581572875353 1.0 0.5274192343974493 0.4777089870985436 0.47968333073708 0.496751709363181 0.493458643728132 0.4994172721474239 0.4838359944075038 0.49631462732662124 0.48574850271074227 0.4775588598394451 
0.719072779110676 0.2140687658806093 0.5159504854744466 0.5128207227563153 0.5112429963105494 0.5209944190720093 0.49227494092368257 0.5054910916470845 0.4946255139504001 0.5089982413341533 0.4874139072904559 0.4980945307698283 
0.5539701067575791 0.19212969677327363 0.49849413038915874 0.5106405894975373 0.5125803440312491 0.49127565927653427 0.4939883549656128 0.5216628532459983 0.49688174732176427 0.5086270242368038 0.5061833816470525 0.4893402869427476 
0.1489015105631372 0.994008581576105 0.4595539259287735 0.5073269529772477 0.49803084373555356 0.5173316867101652 0.4805389468462553 0.5038342001908089 0.5115516403941416 0.5115205796407887 0.5015640244825282 0.5040472995247959 
0.8236153995825617 0.7842570966661189 0.4833702480000177 0.5121603373175605 0.4898599487899692 0.48374591562935726 0.49684596110639445 0.5102205644049466 0.5112899004491875 0.497064074028726 0.4931821753994372 0.49651112894093613 
0.32815801559284097 0.19586090978732562 0.51340410497582 0.5287311644181034 0.4987695024707193 0.4919512042019406 0.49059916186008534 0.5064175572942871 0.5074746419906873 0.5005997660917118 0.4771505962034873 0.5019883317986995 
0.14814946963841932 0.07604237266840935 0.503718185646502 0.5138585867618244 0.5034122120319445 0.5081902651664938 0.5135278052570065 0.4993533876160616 0.4772377051389711 0.4987314509765672 0.49218166430835986 0.5245694892958361 
0.46320901224963074 0.9297827535426176 0.5182658885318021 0.47358710647353375 0.4915968134371026 0.5071208060515426 0.4969254558552513 0.505430150861685 0.4753082172828274 0.498138011940121 0.4820566489538498 0.5162818441161421 
0.5487382258675881 0.2272142192294399 0.48671188820254147 0.5083831701151124 0.5006399750532715 0.5038131025971696 0.49380500142472356 0.525568385145456 0.4820519091944411 0.5100913612042048 0.49005392310597967 0.4972815857852929 
1.0 0.4352786854222057 0.5138446980134389 0.49616955002812724 0.5068586991369413 0.5067375437256139 0.49479171453145426 0.5059516109790431 0.49428076270423704 0.5114764546280111 0.5020420860578053 0.5073384911610376 
0.12789958532026163 0.0 0.49102912801301296 0.49134534713125044 0.5073637985464516 0.49274244503635706 0.501831287930542 0.5176791035900283 0.4967383465593724 0.48401916525561817 0.46749182868716654 0.5309698227595998 
0.8915233034921807 0.5435444104643314 0.5211505966192196 0.5005183115168561 0.4993477521313542 0.48866770023043604 0.49084654489568214 0.49460633404817933 0.503766546545513 0.5058878068590309 0.49888435588516156 0.5044979124994965 
1.0 0.8821285969202466 0.5017374111888481 0.4997769511744188 0.49587284311732027 0.5063286250401293 0.505779801573235 0.49523939472143874 0.4992588188615207 0.5061038435505167 0.5094442603494254 0.501617930816302 
1.0 0.4701201449337243 0.5043479713359416 0.49815505673752136 0.5109788836529098 0.49947972769878635 0.49720616195065725 0.5065487309173746 0.5022910498732507 0.5101654467296817 0.5026604183723391 0.5070101841801862 
0.2687437767840556 0.7831307531142135 0.5099918189881087 0.48239400722828374 0.48088010014383453 0.4981352985826799 0.5177710847731132 0.5024053689099035 0.49325764881849327 0.5070432167246334 0.4923100028354296 0.5094039317956186 
0.16307729187009282 0.9916681244405263 0.519313629959328 0.4895565604482983 0.5051946940532548 0.5310499546289178 0.4943153367089525 0.5336322148223211 0.49412264035483416 0.4967566647147138 0.49201663220333974 0.5018049852828862 
0.4932876425569862 0.3299487823960218 0.5147762976213202 0.4934262027670101 0.4790675190947645 0.5114705940228659 0.45652298393837826 0.51406047422937 0.49162396680281617 0.48650830342544593 0.49523559689441643 0.4804129602510657 
0.019616903763166486 8.465976086365831E-4 0.5078491500336569 0.5193524385941324 0.4871767880556538 0.4943115904933082 0.5107837506289581 0.47037964933304116 0.4664933005074868 0.4996642422666761 0.477274184979639 0.4888411570097731 
0.6454865700082348 0.23516031476334442 0.5084544501440293 0.5169098854204499 0.5068236197450511 0.5215601019346334 0.49616698686209726 0.49844804322738934 0.4985560400882039 0.4930616434220918 0.5251435647431548 0.5037686939483861 
0.26560103229033544 0.07609070478473443 0.5122816449018781 0.5147802205816439 0.5082982429734908 0.5122953566218416 0.4974541369578591 0.5136589691806335 0.5045114856788336 0.4907964073689802 0.49910129157678707 0.5463166776424448 
0.841579591041566 0.44878513486186794 0.48793433240274975 0.5012361907231486 0.49475607014312933 0.4911047533579396 0.5151783153236036 0.5032824774298441 0.4992424767214342 0.5020688642142228 0.511811990115142 0.493533861876136 
0.6385467832849092 0.12428648210145402 0.49925955326233196 0.5081310944146386 0.49793625454610846 0.5136682580238419 0.5038896713428141 0.4994849073052063 0.4957580897972773 0.5118505463366918 0.49781924313150583 0.5062770859673493 
0.5044861747854199 0.5877201969117051 0.5187176938311101 0.5052212040933801 0.48851616831012845 0.5201586035935363 0.48343402076408637 0.5102871552024866 0.4753398509612957 0.5150263594574724 0.5128509879121887 0.5267024591056587 
0.695755779165003 0.13475642847655517 0.4966014814896001 0.5142463379508755 0.5008445899782941 0.5006417054388611 0.5038657565612734 0.49205444353225425 0.4964186021460383 0.5105501935174799 0.5027754911148079 0.5220233052317873 
0.9422562841765989 0.47919234570106306 0.49977874471475503 0.49840888245375875 0.5017190498474191 0.4992101449173547 0.5118074508157638 0.4924257030704621 0.5035760630254927 0.508019310822361 0.4914726623894563 0.508074345950261 
0.0806255889932121 0.8696060942240971 0.5135974611696851 0.5024326628805706 0.5001938616676384 0.49883225545918025 0.5147280108649817 0.48111538487612454 0.5003908626243972 0.4923055619784687 0.5106267350621954 0.496448610739057 
0.9618424221221735 0.5204923938691288 0.5050279673640297 0.49724791649537675 0.5129540885060164 0.49045067506274564 0.49521807577739696 0.5034036801355972 0.5048836826337173 0.5018227557136281 0.4931702173239051 0.502144080862538 
0.630687779891524 0.4194956980573122 0.4902656734722328 0.4972976488308015 0.5019171675635224 0.5111820166178282 0.495893589319243 0.4983475807088487 0.5007527812824417 0.4888134203160474 0.5120665792132728 0.5020079282197288 
0.24329899123153712 0.020926335140117047 0.4835962062665453 0.5025551353146609 0.5027145356960883 0.515978027916564 0.4755990443959343 0.4811145367906459 0.47536022454481175 0.4938915789395111 0.49874991211730163 0.5148138206279342 
0.8223501829963171 0.625507092269115 0.49067310957699234 0.509620941635527 0.5111624066564133 0.501861947350686 0.4999528815649141 0.4934178418058866 0.5024606291792157 0.4992350380605084 0.49650747246251326 0.5262644768053641 
0.326229539504987 0.9962870869930108 0.518153303884668 0.5029345942523138 0.46818397927894806 0.5109791350771493 0.5183980722420353 0.4992636779911137 0.476114171116941 0.4764670949187275 0.494795934784965 0.4973152427842352 
0.8718818550706373 0.7402593792817602 0.4952735492755275 0.49992203331802487 0.49346242707106125 0.4937588091459505 0.5093638706427316 0.4943748571728869 0.49634200012224594 0.5033376890001525 0.4942391051525392 0.5137327411056278 
0.3190005275050056 0.9674231894508589 0.514740909341953 0.4802630731345053 0.4957408860210883 0.4950340727200523 0.49072568259767685 0.5489400423349285 0.4975431608407183 0.50899033577313 0.4820827689752242 0.5015077791813484 
0.4920186693654699 0.8406000588462011 0.5078330177289508 0.5275335002712007 0.5016832001596775 0.48183071810356837 0.48895603329996185 0.49745339867169824 0.47821452095162986 0.5235845708328888 0.5277636910917719 0.5204474809144012 
0.31839024254794807 0.05473800783457741 0.5103869893781038 0.49182238104677123 0.4839091647791511 0.5137404023331688 0.4896997214149144 0.5071493115586438 0.46603412250892257 0.5034479213826281 0.4973462357725971 0.5067426987820022 
0.6960257127801959 0.41625356848980954 0.5058246529341117 0.5201963707489701 0.5039381814142249 0.5049306767674577 0.5028818664288424 0.5030344151845567 0.49342632420869326 0.4979587376743572 0.49410777448392107 0.5022046507029174 
0.5689074137446581 0.5710040989165304 0.5005488776447692 0.49876152229206294 0.4967346881009689 0.4984655650777801 0.49501366170281136 0.4930378226988508 0.5040321534608534 0.4977863492455706 0.5164514342077594 0.48463823403462014 
0.24649772036284973 0.9674462733674887 0.5238375831086899 0.4954405339110742 0.49339450497737775 0.5025455049769982 0.48341559203921314 0.4943812195187539 0.4902562353238877 0.511335910471663 0.47154259124436115 0.5419166051042765 
0.18895956559300184 0.0 0.5114533231807503 0.532433103036668 0.49806977994433016 0.5274232999963826 0.4988647833646277 0.5184771751635137 0.498925631639068 0.5263868302698838 0.48339529812666004 0.5530842314726658 
0.9351786726843765 0.6526065165901864 0.5005807834714253 0.49465384886520114 0.5010645538953606 0.4984777673794057 0.5066752049719907 0.49391017598155373 0.504544786536318 0.5083693552334989 0.49786615377375476 0.5049394026047553 
0.7407743703139651 0.2603451844432078 0.490191288257735 0.5065615875693952 0.5024490140452835 0.4990098090369566 0.4892055227112095 0.5058816162995117 0.4879332078476979 0.5084840715780966 0.49769928470571767 0.5041031841110604 
0.7035620837688165 0.6966398928539328 0.4990955058816306 0.48678254193331494 0.4967990317723414 0.5123678080705185 0.505815418373257 0.49667309700146667 0.5053492041998335 0.49490531974741403 0.5092694623771855 0.48988071109080833 
0.3932065817317744 0.1960127465188774 0.5010262516969088 0.5043873414218745 0.4973556329604326 0.48911411656974213 0.5184716540764484 0.513009128782132 0.5108826699560036 0.4736646694145752 0.5160356662665044 0.5062108736315424 
0.3914156333912554 0.6450012452552523 0.5131458333813163 0.49043215461051143 0.5286553597940432 0.5146955257448019 0.5027861020021203 0.47995163787515877 0.5039440956280655 0.5183206966285885 0.48424247648151897 0.4735434183416982 
0.4657922236852544 0.46723910737852 0.5024683427396925 0.48672619956183993 0.504489452317336 0.50058122004203 0.4835971065447332 0.5106531730181484 0.5288164205005208 0.48558516211069186 0.48856592681345584 0.4960042562708045 
0.9455816633852182 0.6827889757569339 0.5063159612935046 0.49465203930290225 0.5015733411760996 0.4961907297356315 0.49558108970988923 0.504183461317284 0.5075363920554212 0.49546820837722577 0.5080994211281357 0.5097414505252766 
0.20802142216133862 0.9862392808539232 0.5292291816491171 0.5055838149783852 0.5008934270800467 0.49631424004450886 0.47800139039015116 0.4926441300442975 0.48672712656881256 0.49650214731896136 0.46000639737673005 0.5061349540603609 
0.5447592738800042 0.46321232167044035 0.49389732060313324 0.5115314414872969 0.4776026777594494 0.49902974159249514 0.49323401777842735 0.5074915116934197 0.5072992958748349 0.49639244309578734 0.5062598995129703 0.5285732101374198 
0.11293367619386312 0.9880171631522102 0.5082895587135539 0.48370925739085835 0.5100146540669623 0.5404676328022061 0.4978454698643763 0.5245753988186759 0.4997817974839702 0.5165888757755615 0.5023549553833864 0.5029469367426862 
0.3932065817317744 0.1960127465188774 0.5010262516969088 0.5043873414218745 0.4973556329604326 0.48911411656974213 0.5184716540764484 0.513009128782132 0.5108826699560036 0.4736646694145752 0.5160356662665044 0.5062108736315424 
0.7523584818537505 0.3299223499060262 0.4993216516021374 0.49781225310775246 0.48677076456813334 0.5236387455280634 0.4821111893716345 0.5062074016186263 0.5222896371626824 0.503241443739459 0.49017966665648455 0.5291571480143158 
0.783465271265213 0.4454944734316042 0.49895724881583786 0.507656239586386 0.488161434270725 0.4957069030306269 0.513621897821581 0.4993120000879865 0.5060916908049776 0.49907914059633773 0.4756305965268632 0.4938255408511739 
0.8741575795504204 0.41629937602367945 0.501304405174247 0.5115174912153558 0.5069302345926435 0.5040864318098488 0.4919553308166612 0.4985086113523193 0.5075190503357542 0.5206296491085869 0.4951080242411584 0.5158182497808868 
0.5856443557866605 0.6773822296703496 0.527383876541657 0.4969733746214623 0.49677757818787066 0.5056041521612366 0.4939784991958077 0.49616042687233014 0.47293648313175396 0.5118351195604933 0.5009432742752413 0.5183954549650311 
0.5879854216611058 0.2534843376202366 0.5133527532334914 0.5038129767711077 0.5146082412402533 0.5171057428962612 0.49564790234701034 0.49546763597030363 0.4946551603757071 0.5008178141808288 0.5102137437261484 0.49446143250538144 
0.9514180743084777 0.6603833002601215 0.504725653513657 0.4969479801979851 0.4945867745346114 0.4987193000091222 0.49894467420258637 0.4957517369718418 0.51479200156278 0.5047825953001506 0.5067588658078611 0.5060373903870177 
0.39403403762706024 0.6278394195068284 0.4889826194271507 0.4910410367827648 0.4927336111368754 0.4971230047926376 0.4907005409183869 0.5119958313528147 0.5031838154855465 0.5095575179012113 0.4974871253417785 0.47683139271049985 
0.7852406423242748 0.37067370366252084 0.49945226012043553 0.5021935442179352 0.4945714615067022 0.5035709792173446 0.5078629310452337 0.5045073070946842 0.484484132484065 0.5191605486803876 0.4970960194611106 0.5013480178232861 
0.9217379433778045 0.42141755963209526 0.5149866890999184 0.5100075357992535 0.5041297998862595 0.5034107227283064 0.4983744219277994 0.5065884993080985 0.50057772448455 0.5108000413232989 0.48826460921162995 0.50610778147087 
0.8958217666367447 0.4898221898769824 0.5026392355507628 0.5023324898262089 0.5001164840626459 0.4979487303251732 0.4903120774204951 0.5080977189131919 0.502241423703679 0.4965035822209712 0.5024788062917146 0.5117728271181201 
0.7027521226024503 0.363064332342083 0.489090004526852 0.5055096104573655 0.49688801067775484 0.5080391958388712 0.5057314967220462 0.49141805457732474 0.5039975770601588 0.5084234714161129 0.4955605352358101 0.5113178675970214 
0.7407743703139651 0.2603451844432078 0.490191288257735 0.5065615875693952 0.5024490140452835 0.4990098090369566 0.4892055227112095 0.5058816162995117 0.4879332078476979 0.5084840715780966 0.49769928470571767 0.5041031841110604 
0.6538142138057284 0.26804174852011553 0.49944175900625876 0.5028563426210844 0.49676434573536604 0.5121762302788073 0.5161149032572344 0.5071349031658927 0.4846412103009117 0.49494222574557245 0.5144693205605857 0.5102539916404518 
0.46919347729773175 0.7241629314489517 0.5107356892125572 0.4929892012696354 0.4864732224941642 0.49509649153653656 0.5001830759250023 0.49577826260185776 0.4917598052302472 0.4930668513599539 0.5042452395113228 0.5136746693401052 
0.2351920412461439 0.019170306412754325 0.4936062068787064 0.5189597777529604 0.5118370746617549 0.49973275521136784 0.4747613080873019 0.5166317274587691 0.4979910927014607 0.4931983376761337 0.47156943062939094 0.5229390100241333 
0.3221262701028083 0.0797539646952617 0.5076622918889719 0.5149582946978626 0.5183901164302028 0.4949676971010854 0.49517005702391537 0.5228804598913026 0.5126621556909755 0.4871344773370425 0.49140435358455714 0.5323825923046279 
0.785486257052293 0.33422865454616685 0.5207856222559407 0.5290593418148815 0.508521269586045 0.4941936468437354 0.5010557409783796 0.4825203367629496 0.5054788265133576 0.5047363237129177 0.4812155705318361 0.49266769389082193 
0.13031168294572343 0.984100073058495 0.5168762462914349 0.488917334625226 0.4826236023655075 0.5045506568681618 0.49931883918964004 0.48287422941524494 0.4906711102029177 0.5092288303535242 0.47990906384617604 0.4894594986793741 
0.20343658424875238 0.09722413079952727 0.5049851728487342 0.5124214613278383 0.5022550434336048 0.5006183321037029 0.502466196047215 0.5117304201574241 0.48506821703909336 0.4903070730200464 0.4953224579791021 0.5322563595935792 
0.9670181604791064 0.5121240603790691 0.514151540794022 0.514476399675229 0.5061768875008266 0.5057746387577999 0.4969579527454194 0.5100514383186652 0.5088371969263941 0.514381451603521 0.49230654638863547 0.5010841521270999 
0.4737988937365192 0.5886216190003684 0.51303409410557 0.4925437752747556 0.503962055630064 0.49121945037855613 0.500560244518595 0.502863933378147 0.4865510309537119 0.4991841419304621 0.5042069805783639 0.4940582077427691 
0.08352203703578166 0.005566212236389714 0.4768296866457271 0.5075608744509241 0.5003616486368228 0.4925728235966022 0.48072630408096007 0.5173323075862063 0.4990176457627482 0.4891482202378713 0.4840089811651473 0.5173710544895955 
0.9521287683179951 0.4467338930790421 0.5182919296065901 0.5057789709550012 0.5019266524233077 0.49603485034297734 0.4934368958863614 0.503319690657871 0.49861975247567947 0.5085130629860581 0.5081963636804889 0.5060659553604714 
0.38917389951367715 0.44370725448773224 0.48977970974278584 0.49070961192447293 0.5031027430511072 0.4951710330996112 0.5001494547363051 0.4871149168085976 0.5014826027479722 0.5006794075452625 0.4933804464601347 0.4967637757656873 
0.5654346932200233 0.11680785863391807 0.506538004350674 0.5120363936963248 0.5177666198321336 0.5194575678956405 0.49551329041009273 0.4957342624897324 0.49123266252746517 0.5081093044173824 0.4975752981995748 0.4943397775513806 
0.9102890268733445 0.41884221120232995 0.5040799213260091 0.5051894255608043 0.5044737428601263 0.4944843818316056 0.49405565982535093 0.5000501869266323 0.5004189158382397 0.5084514750424227 0.49674255529309186 0.5082467453688274 
0.47283913092521823 0.22622908026035324 0.5046640406754674 0.5311530539155247 0.49197347890788035 0.4886642462554238 0.5118305027754289 0.5188524470046655 0.5166792306581928 0.47429016613161007 0.499804235284475 0.48675572058134753 
0.7854344482281295 0.4230403925786983 0.4892189400380201 0.5238071132734293 0.4880486852318142 0.4855411981370095 0.4978722903632219 0.511165011923004 0.5019529231638333 0.4976277837765847 0.5006902996974508 0.4966122315486868 
0.19179721459613686 0.9868681120076622 0.5150253703619238 0.4855633340167343 0.48215605830401553 0.49366080337490204 0.5042900890364233 0.48062897424934803 0.49395921710223334 0.4870972950860244 0.5028473577045032 0.5220621313346018 
0.7546037977760779 0.5534553279649087 0.5011803086449229 0.49846824533380074 0.5037655470042006 0.49713939544274127 0.4907547633141482 0.5089271402139222 0.4979941937643611 0.5017373455195393 0.5138598765718092 0.5145434942448655 
0.3980342013430108 0.6621452699142748 0.5040817154716773 0.5018887715206558 0.487072722999657 0.4912463708469989 0.5023159891225087 0.4964942016757683 0.4830813326646576 0.4933104951683335 0.4891483666418412 0.5271867577882319 
0.5412527205433109 0.1353921303761351 0.5002929138215633 0.5134795391534228 0.506188470563201 0.5030587878428832 0.4949176141377909 0.5096333178935724 0.503078469510801 0.5134505839470641 0.48799213908449224 0.5234649087223185 
0.30463504405669134 1.0 0.45154328902557306 0.4977588833024389 0.48318247623982136 0.5094842640637736 0.4761678877060704 0.49035326526056006 0.5080400368292285 0.5206006396802697 0.5068058088220004 0.48207955766722715 
0.042848159462468505 0.018554040787965687 0.5456597779798351 0.5173811516471034 0.4874578391758724 0.510942824684803 0.4930275892109011 0.5066901609189025 0.474468704909462 0.5040749219468884 0.4862557011072243 0.4807705810082862 
0.8939564792696495 0.8194616860884878 0.4818144925308526 0.487153018584107 0.49865706422575595 0.5003083926170215 0.5147616573641549 0.49286169089706 0.5093385375889162 0.49899814904633416 0.5015357829310915 0.49425963423942854 
0.1605370821227885 0.0 0.5039200978965321 0.5212502706213273 0.5092894745143799 0.49795099847829916 0.5031374279746044 0.5315077525350109 0.5009503338403942 0.49061137198618343 0.47479873697411434 0.5414794661996372 
0.9170510599226404 0.5103477611182402 0.5027119282148027 0.4984223138233302 0.49912692313074286 0.5088802725987205 0.49073027673437336 0.5056904386802192 0.4990911971959479 0.5031707433343604 0.5145618941829557 0.5061115669860079 
0.8459120488690648 0.3955793485096061 0.5036327540121681 0.5086115735002995 0.5119890970173031 0.5082462257014573 0.4976988827180222 0.5010872425791335 0.49500681900392013 0.5052995075263222 0.4949874890780841 0.5201041480344999 
0.9644412930822779 0.5987946306370516 0.5081870078387795 0.4969401064246031 0.515497264805544 0.49282970876721666 0.4979883923610569 0.5060214279826087 0.501445942070481 0.4991124202533521 0.4931659599510379 0.49729925000625924 
0.6266701441651148 0.2392303431040384 0.5112795414279868 0.4965254774145241 0.5091036995703844 0.5123254419523751 0.48468956133805197 0.50076235386624 0.4946614887205963 0.5201174831001345 0.49126228704344 0.48122977273208634 
0.09655590653724751 0.9267006551154717 0.5090020783792775 0.4832213770080334 0.5023662783501279 0.5142494146293815 0.4995232859470619 0.5051269924599894 0.4867269700580857 0.4996491507385516 0.4925050715625783 0.48984896082551294 
0.8187625627144995 0.488023931438808 0.4867757709950219 0.49573772017885165 0.49000683388458777 0.49811197940428786 0.516863676748798 0.49771469702813154 0.5023503360559288 0.5084187974652221 0.508151466820803 0.49019526074315334 
0.10933982071240309 0.4858164598214685 0.49949442010496625 0.4919064554478326 0.49579081624538646 0.5082448710436582 0.49827655298264567 0.5085111591246352 0.5004193492956688 0.49199394193400436 0.48907095766998354 0.503506081110123 
0.9236380972911354 0.2775665918251589 0.5058354742551792 0.5244886847788386 0.5074424241665545 0.5086979350689803 0.4993615991935055 0.5038615062203071 0.4883905720569208 0.5041714833485547 0.4991122458760441 0.5126432144003588 
0.9605992236116019 0.5407919344701764 0.5164628829726523 0.49589415059266306 0.5011527156109226 0.4975411460875391 0.4883299589992176 0.5069174128211567 0.501759431032687 0.5082676238071538 0.5068566656231439 0.5135139275881123 
0.0 0.9881097452604384 0.49972691095255267 0.5001427289046272 0.49506657510857766 0.5171573108743653 0.49617480605447356 0.49005575024029513 0.4902503410171639 0.5114946452270417 0.4800718101165133 0.5132223053134727 
0.5100466740724294 0.14757081558925816 0.5193905779730749 0.5128419885579908 0.5092501135769609 0.5073042057740037 0.4852809972211936 0.4941482398121476 0.51422543278191 0.48497311490757145 0.5123809589245976 0.5186283350916161 
0.08280437171176996 0.007421616315186286 0.47156965076460144 0.5148810406676809 0.4945568085661656 0.49595265220760465 0.47327774407109346 0.5174668020218212 0.5001864251771496 0.4959813599128016 0.48806518099281615 0.5151137838439226 
0.7914281036662126 0.10082959486723117 0.5057639328334775 0.5134037217793829 0.5054088120681788 0.48534871878446706 0.4971706517780179 0.5015241204690197 0.49122428355832004 0.4996065852617271 0.5045080520448431 0.5222870391394904 
0.7058788125579862 0.5140326135173426 0.5100041384465187 0.49137170096640553 0.501189821565149 0.49643218328686434 0.4767174110085942 0.52074117435565 0.5056313846274086 0.5288689071525929 0.49177252236816826 0.4958923695801726 
0.6907923522145789 0.3518600995182589 0.5011876256661033 0.495194669652529 0.49908510800274064 0.48642743696574264 0.48662932527897773 0.5125801159250496 0.49522746820090324 0.5112912225079161 0.5093890745831912 0.5107453578816334 
0.811566063634965 0.6458353522825677 0.4985966588927456 0.5050454540037255 0.5058926884450693 0.4983860130448316 0.5003105798105628 0.4979409348591236 0.4959216439588229 0.5059885514378382 0.48796114452920186 0.5198930000599926 
0.18223094647453303 0.0 0.5101611607905627 0.5291570738790128 0.5049175221833433 0.5210932865822537 0.489641940431253 0.5073974691517693 0.4922102534381293 0.5085504871537545 0.4864996706536537 0.5471435118964911 
0.2533202131084631 1.0 0.4973873932475346 0.5023032140603758 0.4464464927401335 0.5238307552433676 0.5131145743244632 0.5350819398923438 0.4988666039779811 0.5092357846978183 0.49276607453368726 0.4738546455130994 
0.183509772602231 0.9930455185272442 0.5192897348325728 0.4806284056563328 0.5088057962796697 0.48924399137200303 0.49522965943617725 0.47754502738157295 0.4983039215658033 0.5248080350870874 0.5088798498402607 0.507529436263285 
0.6113073794855393 0.5557659518759716 0.5116914435608717 0.4841942878791536 0.4788972781306027 0.49416816900896543 0.5031887446814362 0.49526522587098704 0.48163744512060225 0.4871432552174537 0.5329317117564463 0.49035984832834767 
0.710561994969769 0.392784568344926 0.5235233505431863 0.5173360505556869 0.49628031470831246 0.4954535984590636 0.5006143650821615 0.501077499054424 0.5056194769920754 0.5097388245676504 0.4923869239176945 0.49418807236715157 
0.18496879086489576 0.9472587299676355 0.5108660921737662 0.4803142609532589 0.5043976770608442 0.5082512214148753 0.48440641438892507 0.5045234477100827 0.5102670868483906 0.5406433896557419 0.47886356849691236 0.5022436183764916 
0.23953499187360283 0.063901187253187 0.5229775722509642 0.47393551759602964 0.5077038078307423 0.4973680932352265 0.5245780072956693 0.49850126170356335 0.5086223665519938 0.48656510132637387 0.48699790535236814 0.4939186105378096 
0.5844333491959482 0.33351728665493896 0.5052184141186605 0.518580764848912 0.4916735928324195 0.48776149594925955 0.48692775509764863 0.5445745205738743 0.48382307255002643 0.4951529549814474 0.496952426430519 0.48474455216394896 
0.6628318695253864 0.4899624363288496 0.4803101808626537 0.5074615578273238 0.49572818975341254 0.5232569689494255 0.5082150514943073 0.49058025299304064 0.504818407330859 0.5290339908400723 0.4966801096842987 0.5093332010282998 
0.6639344411641368 0.1887467164776504 0.4785688289217504 0.5107070635892075 0.5044951909804656 0.5107043419020904 0.5000699353381921 0.5071989266576195 0.48940846326105236 0.5213821652873784 0.48634708911622826 0.5163676297563795 
0.3450257060071448 0.9655777750034207 0.4821489165384223 0.4745680461726137 0.499851458705978 0.5074931913044236 0.5044289882433309 0.5226959292465628 0.46469817060844965 0.5283135953479314 0.4976077147074447 0.48537778686537153 
0.21686567997820586 0.9837346786420592 0.5283841201645099 0.49789995748465243 0.49744228848532823 0.4992427338198332 0.48298024063873235 0.4601436687266117 0.498129861157247 0.5070777141108991 0.4835646055303971 0.5277508949515348 
0.563149109062426 0.5160735875441135 0.5130434699151444 0.512220652168765 0.48966834640809975 0.5203803685557382 0.5298610977561167 0.4914179266651087 0.5118435109599075 0.4985347016589898 0.4868245892224235 0.4854430349034845 
0.6271735894571862 0.1921611866067448 0.5001250233166441 0.5047868645268287 0.49026698708607663 0.4986265484497331 0.4989607057684954 0.5086969419660803 0.48175628209323673 0.5053724800710107 0.5218137969080369 0.4973409168668118 
0.9351786726843765 0.6526065165901864 0.5005807834714253 0.49465384886520114 0.5010645538953606 0.4984777673794057 0.5066752049719907 0.49391017598155373 0.504544786536318 0.5083693552334989 0.49786615377375476 0.5049394026047553 
0.7788863290732349 0.0 0.5079538064950246 0.5259888787750444 0.5006185543726493 0.5094479128951713 0.4885193654181231 0.49314949535603364 0.4914070182089999 0.5058054523514793 0.4772085792174603 0.49794528443521957 
0.15546991594667034 1.0 0.48115809391843845 0.5164829177093146 0.4897914977488625 0.4952165832467898 0.49132096248960433 0.46416657757562135 0.5229122051389523 0.48140458469417124 0.49776955262000716 0.4957917351255425 
0.36373133977621064 0.9348463789017178 0.5030422532912188 0.49624713864753434 0.4992557699795629 0.49802300341112093 0.5035258920588959 0.47441813765112206 0.5050902201029096 0.49811207630247395 0.48002676646134923 0.5262730646062681 
0.29030492076327613 0.09412387041606193 0.48495407540575586 0.5383100240707386 0.4990698309063651 0.5221032162541968 0.4997043534126673 0.5181987883376222 0.48899400515972463 0.4933021096565454 0.48738049888559865 0.5133189781359329 
0.3720846319546404 0.7242601615702626 0.503595257501321 0.48289570529366843 0.4977419449721209 0.503729039878578 0.49801450071044767 0.49661778875244805 0.4862320054015524 0.5025194999846421 0.5099756260163486 0.5011249601515937 
0.08721491794675174 0.994008581576105 0.5124693621494691 0.4989342794728613 0.5107502697316701 0.515105540461982 0.5115982477131904 0.4913577224090361 0.508904296917454 0.5038770066940645 0.5180441045829873 0.5056744312366643 
0.28195924356901975 0.05920294446532259 0.505018057750891 0.516136752773434 0.5048588428238328 0.4956345067175982 0.4896998716391997 0.5312205801928199 0.5100387446866033 0.4883623770864902 0.48301158340630423 0.5284982551949409 
0.463139921272011 0.0 0.4782992634083635 0.502475276967665 0.4822034465834951 0.4883247015028996 0.5060658452157131 0.514497896751217 0.4559076992349779 0.5076691829122106 0.5071330605353577 0.4889855497147534 
1.0 0.8821285969202466 0.5017374111888481 0.4997769511744188 0.5166796349765892 0.5021243374777156 0.505779801573235 0.49523939472143874 0.4992588188615207 0.5061038435505167 0.5094442603494254 0.501617930816302 
0.682950713606661 0.5542893457731295 0.4948818058684591 0.5010793344343951 0.5129420368062144 0.4924298049713845 0.4812922370751327 0.49038569466227133 0.4975271748409391 0.4966882630753158 0.4945837477409378 0.5134436448664332 
0.3669307754338419 0.0 0.4977326494785586 0.5058316922092653 0.5500838890637727 0.49523321597124825 0.46506963040411964 0.529221903082137 0.5236144341696732 0.5050624915517505 0.49862794867858584 0.5375139159725346 
0.4560355790014756 0.11393846630563356 0.495469645316207 0.5227986793790471 0.5111229795516101 0.49688243429204426 0.48812525446369237 0.5093955691286066 0.4686637350526184 0.5169528209196298 0.4998333749536348 0.49792956147965844 
0.8096118427796801 0.4968202652676411 0.498104701877919 0.5011710188964035 0.49336473357277505 0.5056482032261069 0.4908837511122569 0.5027912331015377 0.511086016822098 0.49828224166975643 0.4887756349367457 0.5241322258614232 
0.8009421514368926 0.6173336707271273 0.49386567800646763 0.5035441279463997 0.5277909579401278 0.5138639232580081 0.5025723251629176 0.49485080063691983 0.49791090622475437 0.4860648363857286 0.510343058817592 0.5078742262878947 
0.13288840589484857 0.9858011298596423 0.5174858613300881 0.4846036172418134 0.4960394862667474 0.5283088689298936 0.4997152071996095 0.5191138152994196 0.4927940627282915 0.5031986115697928 0.49224057617885897 0.49179767196732205 
0.9065472671621748 0.654003731151325 0.5107846394900698 0.49853135045568936 0.4946250573348883 0.5012738749692871 0.49890317814819274 0.5005103741065959 0.5032788968726896 0.5041386078453152 0.5050069209473896 0.5036041257749138 
0.15502680306966932 0.033727188522498605 0.5097476704974135 0.5176544714496162 0.5106125801701702 0.5274392227474234 0.5195773553774421 0.48890490409790843 0.48885046187858916 0.5076451632820218 0.4928197042353025 0.5309429370469588 
1.0 0.7434529005595165 0.499579149776468 0.5049740743473685 0.509520271184968 0.5071613304449648 0.5043869581482989 0.5028093604583334 0.5129330432582508 0.49820417007784823 0.4952707798981387 0.5131774837940932 
0.366044152128143 0.12726176784911392 0.4867980440978954 0.5412320452711312 0.49734502662600105 0.5177104926626521 0.49655061219771446 0.5218206453524818 0.47590105424097895 0.5140785134796083 0.5025718199064336 0.49085879825221546 
0.42199172337134383 0.8098295714865604 0.5156603480205494 0.4939475352410684 0.5238933041272161 0.5111742324042284 0.5113717587952992 0.47618726384112686 0.49828677570647906 0.503836697941246 0.4936855164902023 0.4975779393710483 
0.9146188055853097 0.4990603218605664 0.5080289883970052 0.5036190341436461 0.504393806670581 0.4933427315565387 0.49737853541655364 0.5050057647760259 0.49615135114081915 0.50844136923084 0.4969290676948275 0.5107658700539413 
0.6538142138057284 0.26804174852011553 0.49944175900625876 0.5028563426210844 0.49676434573536604 0.5121762302788073 0.5161149032572344 0.5071349031658927 0.4846412103009117 0.49494222574557245 0.5144693205605857 0.5102539916404518 
0.9455816633852182 0.6827889757569339 0.5063159612935046 0.49465203930290225 0.5015733411760996 0.4961907297356315 0.49558108970988923 0.504183461317284 0.5075363920554212 0.49546820837722577 0.5080994211281357 0.5097414505252766 
0.43816766840020177 0.030137383455179356 0.46284829099654423 0.4856838875502885 0.49653721458195443 0.5025549940430352 0.4975848269742505 0.5065594656374327 0.4672831268609736 0.5360724987732791 0.5110335697981895 0.5254251119858717 
0.7220149716733749 0.6637291606853668 0.49087413781086764 0.496166422331772 0.5130100877171491 0.5157904990787717 0.48326676798176166 0.48743203393839174 0.49916933618042736 0.4933039504578522 0.49547641525913066 0.5206745271719829 
0.5351468998361476 0.21628522104799314 0.4788347845888221 0.517449495291052 0.5024507261515563 0.5165012354742378 0.5039624739149533 0.49190395635586776 0.5101869141101036 0.5165553583176409 0.4894525226719415 0.5181923174161199 
0.3609762130858893 0.22853642362066826 0.4996312239868438 0.5041586873773523 0.4898337648399433 0.49423370191751104 0.5013541292307964 0.5193866461113703 0.5191669535810404 0.46314584772288125 0.5209485428793191 0.4908132857861347 
0.84428901902488 0.2125313151219972 0.5153052613836788 0.5210359770643871 0.5140640245677621 0.5067448006446525 0.4981355983688064 0.5044430304865017 0.4948167696705845 0.5024879192446868 0.4758743890181672 0.49378625287527694 
0.9004802065030532 0.40943601778429684 0.4944628909924856 0.5110988731533366 0.5078900983598602 0.50089437973439 0.4953118658360541 0.5047167143561415 0.5006913963589373 0.510051188850333 0.4828225300749886 0.5094981406172749 
0.305194788278954 0.0 0.5037839554508156 0.5212891696530159 0.5086198108124003 0.4982226143942844 0.48799515644097585 0.5383337076868533 0.5271787604339908 0.4948420591094549 0.46755991516276413 0.5170532804985595 
0.9493735298803933 0.5098669624870212 0.5050886269738062 0.4976085108132781 0.5027105868195417 0.5007832922478528 0.5047618041278394 0.5035219117571844 0.51508960567204 0.5104018050984375 0.4956232901485897 0.5108483251253702 
0.42462108036662505 0.12013414690073693 0.5077446751840553 0.5116075036910667 0.5001191217400528 0.5002560914577208 0.5008840068508674 0.5106052290170378 0.4817629153352974 0.4966197530654318 0.5073161882955359 0.502398524536452 
0.28430351946002896 0.9497121335463243 0.528749227256498 0.4764905205369484 0.49054309800114243 0.5047889873385487 0.4987194526749096 0.4900245182634006 0.4742542851808155 0.5073355534013065 0.4939028087918873 0.5070079654083557 
0.5925893629534402 0.46655053326114837 0.4947004857339584 0.498926043884215 0.4913078321464205 0.49512089897801115 0.5038255854010271 0.4964154523916711 0.48712174094541044 0.4899895863146348 0.5070504035319106 0.48152695364909553 
0.6685769369128227 0.518921683906348 0.5026775421641363 0.5121488046340685 0.48958202110904064 0.4989155584807086 0.4905140316922163 0.49881573749992525 0.49709836131295715 0.5071058647350698 0.5001511346187596 0.4791137538632094 
0.03716690507656498 0.9748353280282551 0.525586452782024 0.47528036131894236 0.5016545525165599 0.4934379405455115 0.5060488941116145 0.47877605683120933 0.47636578131417706 0.4927901827139043 0.4989696103494589 0.4772581142773582 
0.9380839444410718 0.6557277763017396 0.49906409550027825 0.49762895328048856 0.49927208847293436 0.49296704005715475 0.5114675110792619 0.4951035774955625 0.5048152735609099 0.5010795357748603 0.5022456835362883 0.502881200375664 
0.5096790242768325 0.5389206496049939 0.5143368845531301 0.49498056933337664 0.5202104568069452 0.5144679833932637 0.5069615569704257 0.49371891132923146 0.516863130041413 0.5020869756566776 0.5043212528681997 0.49085381095497416 
0.7721857886595863 0.2955868183050875 0.495539508751667 0.5006689508069869 0.48652805095033097 0.48955467105127526 0.5225595270984925 0.496649605443397 0.49768417000103177 0.4996991566582206 0.5346059292640153 0.5007208242120906 
0.42462108036662505 0.1549756064122555 0.49824794850655796 0.5135930104004608 0.5042393062560213 0.4929982754308932 0.5032984542700704 0.5112023489553693 0.489773202504311 0.4953087451671025 0.5079345206100696 0.5020702175556004 
0.2911650339596338 0.9244131905056031 0.4933481402418519 0.4686095082194884 0.5045152750173535 0.5086008436073185 0.500764030789136 0.4901702829671787 0.4637703946253081 0.5173601954193552 0.4929838387363962 0.4739686770577721 
0.8845125683531977 0.4881204312746717 0.49526476108090606 0.495381526512198 0.4958702033111604 0.49869018921683245 0.513915468735215 0.49070746082360106 0.49579962242116143 0.5071347126442642 0.4940986414816941 0.5059695029291 
1.0 0.7953695895441998 0.5018163424779691 0.4957379721067232 0.5108038125867678 0.49737837855530653 0.5058498904148424 0.4968881991643257 0.5112813330624217 0.5079804411628421 0.4940637597478308 0.505435387431588 
0.7990343530104022 0.9810994815668043 0.5040523655730368 0.48322419806990224 0.49316557956069285 0.49791554928164383 0.5236233407789731 0.5109527489189457 0.49893638507029653 0.5007112926783494 0.5135365331974991 0.5117443130373813 
0.4198711939427142 0.748957881209118 0.49971173409167835 0.49894139593129283 0.49730378413755644 0.5017005568629754 0.5121155167391054 0.5136456073157819 0.48075090647052343 0.4965283892988607 0.49776932992357076 0.5147289399584604 
0.48913513951475945 0.37062841586847717 0.48936102574240004 0.4850804981914377 0.49964174584953636 0.5068875190230778 0.48117059457592104 0.5146914655571008 0.5067122215801017 0.5224533024820748 0.49352116710721755 0.5079472257179096 
0.3314271953877397 0.0 0.4925960635499801 0.5004336109646761 0.501651481983334 0.4640872767161158 0.4960727519183836 0.5437986615003063 0.4707891657658892 0.5026856622955583 0.4583925323310616 0.494529091015273 
0.5203345651358708 0.4884988330707527 0.4910405904900984 0.497281909042407 0.5012623162471361 0.51620771785667 0.5122323232649099 0.49183801480024764 0.5108693910156851 0.49724746190806324 0.5018857164188614 0.5127441146810184 
0.6645779960073717 0.36936084777398825 0.47984993943221355 0.49323952904396307 0.5092954820480773 0.505574857880458 0.4876199710406183 0.48624421650921723 0.5095168505622419 0.4988220492329819 0.4997710568197693 0.5110521783312383 
0.6066228337750903 0.15115274931408934 0.49642204474055807 0.48081323109580043 0.5011302185878488 0.5189683507660714 0.48199989260675674 0.49206664490733076 0.4912962330987124 0.5218450687936895 0.5122048115508112 0.4885575230640065 
0.46141997029721205 0.8310561410021966 0.4994539867566966 0.4869156499549684 0.47662598387844674 0.5092443608564745 0.505110848236807 0.510883961550145 0.4904318406472064 0.47631041483881814 0.5089168537693536 0.5280279238648288 
0.5203345651358708 0.4884988330707527 0.4910405904900984 0.497281909042407 0.5012623162471361 0.51620771785667 0.5122323232649099 0.49183801480024764 0.5108693910156851 0.49724746190806324 0.5018857164188614 0.5127441146810184 
0.29607038644897216 0.04925062801498725 0.5162524841979073 0.4653889855515731 0.5155120161637126 0.5019166951066211 0.5095768467971441 0.4817916253740277 0.4925976318600913 0.48176679693164304 0.5041579066198035 0.4964398514128504 
0.5351468998361476 0.21628522104799314 0.4788347845888221 0.517449495291052 0.5024507261515563 0.5165012354742378 0.5039624739149533 0.49190395635586776 0.5101869141101036 0.5165553583176409 0.4894525226719415 0.5181923174161199 
0.8668652037056096 0.663718180629256 0.4968877521537006 0.5045297846850545 0.49995870257741676 0.4876576609241504 0.49965631285287926 0.4993750645844492 0.49988239648151356 0.4933230396000538 0.5037366825307903 0.5191073037085304 
0.7205965118093263 0.3059230040918949 0.5042260574470194 0.4945196882737956 0.5005191569911215 0.4923188644754811 0.4907321826405046 0.5029084950266002 0.49854045726128066 0.5016281417416373 0.5092980573635415 0.5039424367554346 
0.5596422433105829 0.33936422435106633 0.5098670877303725 0.5075000699582513 0.5024049160863523 0.5056116194956078 0.48199930480767716 0.4974181567366373 0.48589300655346784 0.49805715542536855 0.48648843867919156 0.47868874953282775 
0.5450421968304797 0.05794747054405869 0.5119679555885264 0.516942347166593 0.5055242130991351 0.5021196043806015 0.49315085579809026 0.5180109690214136 0.4947636498148194 0.5067250086496237 0.4931688188600408 0.5229906774951546 
0.2737700888204382 0.9416243030038928 0.5159832991713654 0.4701799786824533 0.4944312110329045 0.5032301026366972 0.4952788585315365 0.47853095441760923 0.4733393065248352 0.5114032725201296 0.48705423273804493 0.49412595093756057 
0.5461680897061751 0.7051538086860387 0.5009449775241747 0.4928354302325248 0.5015318037589298 0.4962911833832794 0.5124838263353493 0.4812843425560377 0.49703212370718775 0.48454489739261475 0.4972542157410978 0.4964908315547172 
0.22974020323928337 1.0 0.5153083221351519 0.46316598870392633 0.5035327089250953 0.48779714606269914 0.47113799462257155 0.5112544064508237 0.5029469366526802 0.5429356609633078 0.4846375760015941 0.48532127378160483 
0.5605960776258228 0.2094162315549734 0.5039372669162931 0.5099905472308387 0.5037954835856739 0.5260066570589874 0.49534435189306775 0.49555714597482037 0.49302676957334346 0.49647500174170506 0.5201924723071683 0.49309742611213453 
0.6359796925959975 0.20024183182997543 0.5018598486279449 0.5036944018702033 0.48875003924736127 0.49349881627293396 0.4843431438668029 0.5107709973067391 0.48040210572052205 0.505380635263045 0.521842049097808 0.49648914009394585 
0.7384385078794761 0.3204510550234524 0.5038721385528753 0.5029828961171696 0.49467638284361637 0.49605496229787815 0.49763278644789066 0.4983645079053271 0.4950034101763394 0.502210113113263 0.5244995214076974 0.4986058260402957 
0.8703573453687531 0.509843443636173 0.49934522446488183 0.493569725623679 0.4913252952039534 0.4995771562035048 0.5075005195291391 0.4909321527987817 0.49780824001021406 0.5087582693041559 0.5016685477996787 0.5044434177779228 
0.10944184654463761 0.0 0.47990705518852844 0.5132143000147326 0.49928945482636106 0.4859592038894724 0.5016249686303595 0.524651229423767 0.5173315720222746 0.4905856518900771 0.48927150091654403 0.5308013133592333 
0.9622764037262953 0.7147476756071625 0.5027636111350899 0.4936520703474946 0.5164968336265223 0.5008029990804999 0.4942778675969553 0.5017993401896481 0.5013039214809503 0.4964930261093945 0.500396784454621 0.49891710670623773 
0.22630864379688637 0.0800200432114117 0.4839303670095233 0.48361148074473825 0.5253468762207192 0.5093851592015115 0.49600071705124427 0.4740542585647466 0.4900827142017737 0.5090644315470524 0.5038437143089688 0.49772126470462497 
0.23052724559291884 0.1869390529195858 0.5091550164800485 0.507811485198503 0.5125402702084758 0.4892892936638766 0.5177701819632181 0.49223362320382413 0.4965241564732526 0.481317642843336 0.4979961139229658 0.5042242209384558 
0.5743448302387689 0.38343395372062594 0.5013964392484361 0.4999986134346409 0.5006471586704282 0.5042092989830034 0.5010644507185653 0.502632736778268 0.4970372441125231 0.4987606254466662 0.5105839220954616 0.478708443349224 
0.5216126310296231 0.8049055960793561 0.5150348259134578 0.4894569628920753 0.4892552960293357 0.4996378800601484 0.503537393497963 0.5122069670244154 0.49529836002045946 0.4930944801655074 0.5054282496347876 0.5324886267161042 
0.5193216098601994 0.12590912784842326 0.4859351600505936 0.49400993865781084 0.4872724986982091 0.5299478377520805 0.48987629347524586 0.4918322243175648 0.4979108539134059 0.5283535706683496 0.4811095642071945 0.48716818782516014 
0.7440418067581056 0.08481986507803321 0.5003482619146018 0.5123755373029316 0.49720568427792455 0.4964865905339989 0.5143886502277099 0.4866311121922968 0.48437824159672804 0.5067085502922403 0.5088171325894916 0.48587316756057974 
0.7201585085239904 0.8182761867134721 0.4957687826475913 0.502588610131346 0.5184577817896395 0.49239616758221133 0.4952032318420154 0.4785388427304607 0.4933827265855847 0.4992679533699931 0.5064902583177007 0.5322752568729998 
0.8477047117394145 0.32405381010498646 0.4857659959238478 0.503035178650974 0.49435181088893887 0.4835099254829122 0.5006578468815186 0.5009595725319187 0.4990139062934616 0.49792998890346707 0.5038588046652916 0.4949633568899862 
0.18526697922275834 0.0349886643248562 0.5069931766257162 0.5171371367327866 0.48123569576075065 0.5136289758548671 0.48651376618842784 0.530339209783668 0.4992646636700892 0.4932522068678756 0.4823157512202813 0.5385480034230707 
0.41465826876010714 0.07689641778789913 0.4922296444349672 0.5411998155571048 0.48173214372651063 0.5196021693428607 0.4928164359168732 0.5036077100435861 0.4827671055630918 0.49969244139493696 0.5162412773688837 0.5226083994211578 
0.5812171256575502 0.8716596647057364 0.5390294896803681 0.49395038036668126 0.5019076572087684 0.47809631969164573 0.4960420195049463 0.5045785051765077 0.46456560667858676 0.500295083985892 0.48860215228780035 0.4993221839227035 
0.36673118232477986 0.003143462932447272 0.48958655297086207 0.5095972782022227 0.5188272762182404 0.5180762095615278 0.4667357548592913 0.49295947850063 0.47946205768627526 0.4748638093706299 0.5026682802177307 0.5249554422287894 
0.2710719499610684 0.0 0.49343610237926516 0.47878682838495257 0.5208681636280795 0.5095760474908304 0.48294878598990787 0.4818678328775394 0.49881832911768537 0.49616815799674574 0.5005934927950617 0.507633238197633 
0.29038746210874017 0.889717809999073 0.5112671321007061 0.476519421379792 0.4893611366066549 0.5063590433713652 0.5079412406502849 0.47628653806936905 0.47690829510407345 0.5105013435664998 0.501679560124785 0.49313298302719855 
0.4414624567417328 0.18681934716563742 0.4888535829909363 0.48616073342457533 0.5045021289167684 0.4958006390426728 0.4929484208316828 0.5122711549337795 0.5141063341178767 0.5054070954955717 0.5011934495342075 0.5071308980677727 
0.6631640867205664 0.6545745835827014 0.48564357015213133 0.4972795938701013 0.515449469055235 0.4953375387343616 0.48240783970145806 0.4760135833228767 0.5056947793188751 0.4934103279740194 0.4974937672181197 0.5139143307382195 
0.94923786436952 0.8021583649931417 0.5076783165305518 0.49459081943722794 0.4978300602929817 0.5032916984686711 0.5031388556473371 0.49645159130074584 0.5108438878334909 0.5039081438113162 0.5035742669738913 0.5009388844637371 
0.4949457426690168 0.21799053127679027 0.47589217959765373 0.517016647987915 0.4906675401078429 0.49382887567375844 0.4978445775124452 0.4952937802759572 0.4908115808156363 0.5117346465168187 0.4969195863771856 0.4969713984434223 
0.8705214045532494 0.5889597701934406 0.5061008150207272 0.505291632836256 0.5246763926917816 0.5020436947858193 0.50772795675313 0.4949940633760941 0.49643754525011596 0.49530220874411623 0.5003342318945623 0.5179257897728877 
1.0 0.7018529897079107 0.5022192571184778 0.4928660288793556 0.5140820510390748 0.49464128011691855 0.49966100363778626 0.5035694835824804 0.5122334652603924 0.5005852889977901 0.5003312114417157 0.5054507151147399 
0.8428456708412755 0.5956179343714265 0.5188333122135611 0.49643841007040485 0.5167944901305845 0.49052848173252644 0.48716993334030284 0.48493876285556325 0.5137839965810213 0.507640540526887 0.49328587983855265 0.4869543565538323 
0.35348688784502386 0.7544072002175607 0.5119260007854757 0.49049756434078146 0.49013926776908484 0.49956486223367547 0.5136875730233197 0.4989427249228041 0.487847517121107 0.48943724175290576 0.49651533804705983 0.512037453069852 
0.6444706683190089 0.25870068334340945 0.4785518718780115 0.528271296202117 0.5058326863727185 0.5145761226514973 0.5219306315548569 0.48301380680164707 0.4965767303381399 0.5198123629688209 0.4813484089255353 0.5251926082230609 
0.49846003541402795 0.5762241441202852 0.5185460716660094 0.4895676779439269 0.4985467748083679 0.4879174177153367 0.4945940241115435 0.5246002725198389 0.49205548033357377 0.4974533729610087 0.5074449353722399 0.4935310724335915 
0.9553913649741737 0.49842349851215345 0.510403054097446 0.5127689730380861 0.49963220787651463 0.49726795766780085 0.49655583011649207 0.5084411934199987 0.505918482743001 0.5085148698075177 0.49208853983634976 0.5072790531063751 
0.3014292691813296 0.7882887225771193 0.5048665090573814 0.47779845295724477 0.48716437059545403 0.4979546721925655 0.5164345025321925 0.5052062700468883 0.4932261696796747 0.49626175708304676 0.4959475243093596 0.5033885972510331 
1.0 0.4352786854222057 0.5138446980134389 0.49616955002812724 0.5068586991369413 0.5067375437256139 0.49479171453145426 0.5059516109790431 0.49428076270423704 0.5114764546280111 0.5020420860578053 0.5073384911610376 
0.8142121169655726 0.4615811371121807 0.5072571722067551 0.4971182825763339 0.5066336449809623 0.5089222504622183 0.4989604780372019 0.4895838984170233 0.504620171885116 0.48241118398698163 0.5136778421325099 0.5009376519924678 
0.8142121169655726 0.4615811371121807 0.5072571722067551 0.4971182825763339 0.5066336449809623 0.5089222504622183 0.4989604780372019 0.4895838984170233 0.504620171885116 0.48241118398698163 0.5136778421325099 0.5009376519924678 
0.6821881043877487 0.3304131584325207 0.5114825547747225 0.5100961965883856 0.4965223302218392 0.5038149143689354 0.5083646341696979 0.5041062011101585 0.49513034364649355 0.5023405251566114 0.5034281222391401 0.5022210320038016 
0.061494168491040335 1.0 0.5254008429710708 0.46394025413203666 0.4944780040248236 0.5202140663206024 0.4989624415602932 0.5075765112747791 0.46278400411452103 0.497920270121161 0.48485663851129124 0.5032622113227253 
0.16393146552616147 0.0 0.5053301096422946 0.5429099674562576 0.4888835922737825 0.5092784213513727 0.4737932920664193 0.5331591913145993 0.495411619841891 0.4874412342971407 0.47099293773454365 0.5266172727941181 
0.4487399284403385 0.8504032507818735 0.5154756882529092 0.5030702913880621 0.4994466717056677 0.5133842002368592 0.4853588830747346 0.5165634957024581 0.4980637696663619 0.5242706946719675 0.5042279794504521 0.508544458829177 
0.5835140336678699 0.33325739857703285 0.4891714343584963 0.5218031096462002 0.4943402599933466 0.5017707883836744 0.4931344266115313 0.5150970345478663 0.4726232870010427 0.5070034188667389 0.4874832255027129 0.5262953929154046 
0.33848771236957687 0.08978498584746011 0.49112410983437066 0.5315569221122421 0.5037286485036959 0.5065252621412377 0.48407908953503176 0.5210371149130553 0.48039959801184695 0.5140266274894024 0.4946662857783298 0.4956688141963157 
0.4126419276510585 0.20074367177232655 0.4866063734579057 0.48638547312500024 0.48460569877184795 0.5226306276077952 0.48365533624680157 0.4906606040568189 0.4780670719590761 0.5131998104602806 0.5049136674656989 0.5178848504882303 
0.7660390855362014 0.39866350391848004 0.5044180342926888 0.49681413428944854 0.48319414623054413 0.523420942509342 0.4768330629361627 0.49231213231709053 0.4816962615908512 0.5073515877980024 0.492528301821972 0.4938378011561302 
0.03819976388048517 0.005069758429023616 0.5008949085759765 0.5251197457204899 0.4863643934079258 0.507758927862983 0.5050086145622152 0.4818967320477152 0.4729316942571358 0.5090304853695555 0.48014862115195533 0.49413472730326863 
0.9622764037262953 0.7147476756071625 0.5027636111350899 0.4936520703474946 0.5164968336265223 0.5008029990804999 0.4942778675969553 0.5017993401896481 0.5013039214809503 0.4964930261093945 0.500396784454621 0.49891710670623773 
0.44873010564592164 0.19280523080301398 0.5014559945910126 0.5223730321579927 0.49810639258195083 0.49083126084315853 0.5075644785227496 0.5150273979800174 0.5032262165812519 0.4847994556493563 0.5038693779472723 0.494412969068474 
0.5943133840083301 0.37675617129252936 0.5097108585161745 0.5050082138658623 0.4992379454566257 0.5002771944433122 0.502244644659295 0.5033152163646618 0.4982539180399315 0.503991976509567 0.505664008271567 0.4767534793860797 
0.07908262326178667 0.7432836258195585 0.4960894182563258 0.49713183057207894 0.49707216566845647 0.5234596552799176 0.4961419727475698 0.509686801707724 0.490911443067937 0.5136693902250686 0.5016907953739989 0.49338728987716274 
0.45518621758723704 0.9574960719694446 0.494011648705617 0.4980717980438787 0.48320949980322125 0.49008041811149056 0.5078718545047447 0.5044670832847509 0.4918691756423735 0.4805895205265263 0.5163732053591452 0.5249004347692 
0.9381452270322697 0.510163957895736 0.498485204920652 0.4986012428761045 0.5010404166901667 0.5032051013984955 0.5000308361790576 0.49479425931623056 0.511101992308843 0.513925478451925 0.4995705202787415 0.514026624558986 
0.2448648309342054 0.9896840610741884 0.537669854258904 0.4869000956406215 0.4671147898338411 0.4971129621434099 0.4961318082099733 0.49381546987345426 0.48389895268514094 0.5178775466097945 0.47847345976288225 0.4895895289286161 
0.6520468812034218 0.0 0.48650496642769014 0.50260492451729 0.5213861125598407 0.486996768559902 0.4752644720052513 0.5121425909920769 0.49458496501199245 0.5275538368786876 0.5006792276738747 0.5053841028385402 
0.12382092658924515 0.0464899582522046 0.49069176770353623 0.5114213823050969 0.47901241302034636 0.5079040388944717 0.4823577520641369 0.5127210451790754 0.5113423715340003 0.4827536642849357 0.4837339441576035 0.5097321046919734 
0.17522219317703203 0.7670852653568014 0.506844987355032 0.4790250910609549 0.4951669852332954 0.5171972363926852 0.5096807056450101 0.5064047040564126 0.5017576038727845 0.4894233417698622 0.49146899240020137 0.4991576439124845 
0.7561001739154557 0.2881081681791315 0.5079365140265588 0.49045480306440414 0.49199623834212336 0.47895317831572337 0.4777001289592346 0.5074649160740428 0.48989809395327805 0.504579265449088 0.5084798125349825 0.5026260740796419 
0.42462108036662505 0.1549756064122555 0.49824794850655796 0.5135930104004608 0.5042393062560213 0.4929982754308932 0.5032984542700704 0.5112023489553693 0.489773202504311 0.4953087451671025 0.5079345206100696 0.5020702175556004 
0.6335933370899166 1.0 0.49164101808257105 0.495822155348245 0.4886933814387384 0.4792728518083022 0.4864279387435455 0.49591859003080485 0.5056389485611493 0.5052945974160046 0.5018879222635017 0.4884471085894905 
0.7990343530104022 0.9810994815668043 0.5040523655730368 0.48322419806990224 0.49316557956069285 0.49791554928164383 0.5236233407789731 0.5109527489189457 0.49893638507029653 0.5007112926783494 0.5135365331974991 0.5117443130373813 
0.3338546956485241 0.518921683906348 0.4886541665108882 0.5057615152539126 0.48891747133589647 0.4871712039778592 0.49706683329833456 0.5145666045337919 0.5100606382195945 0.4994959645043687 0.5061825954683015 0.4955417683252163 
0.36146950792131033 1.0 0.5099869136072565 0.5044441104884267 0.49511574201098524 0.49627558378761605 0.49079594334818083 0.4664283357453616 0.4977689930944018 0.4988212533383065 0.4713239236679846 0.5457815978586278 
0.3425181800529272 0.05014130815795742 0.5043006550251175 0.48270907704812166 0.48748241275731896 0.5170836635696341 0.4769381047925316 0.5067803246344675 0.4676459545898591 0.5193191344231263 0.48992512740644867 0.5072027110001174 
0.7757708161890113 0.12852331931564456 0.49964283976950424 0.5097423821699376 0.5077652787557478 0.4885701579487648 0.5056795955610487 0.498427029674267 0.486843619282452 0.5099231532614005 0.49036363055243837 0.5198838753797815 
0.1693635387917791 0.0 0.5092462938814574 0.4790205255463854 0.5136714640667095 0.49724291255026576 0.5051167521099464 0.5387004343949682 0.5133553613483038 0.4874616947887253 0.4665142519367792 0.522407109105711 
0.44446937084591454 0.518606765385958 0.48146803180201336 0.5003801981811585 0.4935150601951095 0.5004562468640992 0.5013954579891011 0.49434861384324136 0.494787688300449 0.5033265446640767 0.5053304058159518 0.48344197309905584 
0.7383911914050042 0.5006202159656679 0.5011007364139597 0.5188947098944231 0.50926645295241 0.47881484301980837 0.5013234588170391 0.4952650878337214 0.4987092598074102 0.5015419439030072 0.5098640406237172 0.5152876174405121 
0.08423970235979336 0.003710808157593143 0.48208972252685284 0.5002407082341672 0.5061664887074799 0.48919299498559976 0.48817486409082667 0.5171978131505914 0.4978488663483468 0.48231508056294103 0.47995278133747843 0.5196283251352685 
0.30998447511023064 0.6050905926183502 0.5036281341070388 0.5029460271136718 0.49454521226677284 0.4849828107118524 0.5109625505471451 0.5070993509259649 0.48694580831312145 0.46450510030802517 0.49815301081953306 0.4936448825892906 
0.8341021198452807 0.5854168368142747 0.4915791584161665 0.5006750776185331 0.49139514712454446 0.5110230014718271 0.48666883893729246 0.5054292663813953 0.5039016316876588 0.49486503204070975 0.5270817023081062 0.5048846428109783 
0.5064553668424967 0.6331280352483758 0.5023647658356677 0.5049857057724019 0.49430186991419967 0.5028313573582095 0.48600835096875616 0.5052705025105168 0.4945970889011958 0.49733844199301214 0.4828028734535823 0.485519996228303 
0.2051894163958365 1.0 0.49814402096730537 0.46796290969120347 0.5126061170433891 0.49489065297686063 0.513327980882377 0.467390346058906 0.5369708074515287 0.4925226193377209 0.49007741342106403 0.4972650490180012 
0.44446937084591454 0.518606765385958 0.48146803180201336 0.5003801981811585 0.4935150601951095 0.5004562468640992 0.5013954579891011 0.49434861384324136 0.494787688300449 0.5033265446640767 0.5053304058159518 0.48344197309905584 
0.2613926031297805 0.0 0.5255521676468287 0.4783804877549579 0.5215907606200371 0.5044293456166941 0.5059429498531645 0.49399041503991503 0.4931829473546731 0.49416592658490766 0.49929853880674907 0.5118615610193336 
0.9566608230566629 0.5526642554293135 0.5117749688130885 0.49930300364232916 0.5095695337154935 0.4989829939702169 0.4934266285215674 0.5023827586327554 0.49566557451396687 0.5084670477451108 0.5064801315023552 0.5162099916458416 
0.2597364467357179 1.0 0.523833983453593 0.48518192028166174 0.5038364530369892 0.4884285304057222 0.4898549797967152 0.48046494075064416 0.5132904125074369 0.5004739430516021 0.5061267975472961 0.47317635887586507 
0.6928552869819998 0.6791858464801271 0.49043263169867835 0.48857439795625085 0.4936657775728671 0.4983328190451021 0.48204367549500643 0.5103625856439965 0.4907140229643454 0.49004128766509436 0.5094233218660411 0.5178976025396432 
1.0 0.7018529897079107 0.5022192571184778 0.4928660288793556 0.5140820510390748 0.49464128011691855 0.49966100363778626 0.5035694835824804 0.5122334652603924 0.5005852889977901 0.5003312114417157 0.5054507151147399 
0.7563633256172084 0.7637250597322693 0.5007262316061938 0.5347698595168442 0.5084613725867565 0.489214440274655 0.498182392534956 0.5165927119808084 0.4912302974139002 0.48908934753687955 0.4908909062260239 0.4878828517794761 
0.9251110086759521 0.38285656507891963 0.5150631442656965 0.52198540071086 0.5083757230423882 0.5029056168103525 0.4940499843675644 0.5014698558434724 0.5062074874083438 0.5067016337246736 0.495581324921479 0.509279434737283 
0.7197634410100527 0.5338803591112505 0.501851536849762 0.49324745455700325 0.4630761026108068 0.5123350314003463 0.5040289303861187 0.5016826825970437 0.5022625414384512 0.5006433552229761 0.5002613448535311 0.49344832059568666 
0.15691072777397722 0.9885727957928696 0.5180829905620039 0.4847728701407794 0.4957146993225886 0.4968973241200824 0.49727424931290864 0.48020962839840897 0.49448751588436046 0.5170184327203058 0.49439445684321837 0.4984944674713295 
0.8666267498314387 0.8052400440898806 0.5040959578967606 0.48692070167083956 0.5069639835197111 0.5082790570934439 0.5043087249742282 0.49738386489587894 0.5065443698181429 0.5028554920132375 0.4963560098098514 0.49538984720888 
