1.0 0.12892125280945577 0.49354134915294084 0.4959586847948091 0.4949035286114353 0.49741408213766913 0.4963159575370321 0.49550625089913924 0.4969055701973958 0.5016018641602268 0.5003961118328967 0.49917606099116774 
0.0 0.5278412709220703 0.4920701057545724 0.5011318517283344 0.5071949855519956 0.4925717222212036 0.5055178430496272 0.5036127496343679 0.5074956358035617 0.49498184409459256 0.49882014172120365 0.5072500360343315 
1.0 0.22988745594353505 0.49746939135579366 0.5043183223585953 0.49212787767711214 0.5031241953335777 0.4992602439347511 0.4907554835711272 0.5091962466743778 0.49876161422564436 0.4959498914032982 0.49654306947177973 
0.3921053349486342 0.11281274425263321 0.5062376196670051 0.4918354166560774 0.48524356586569584 0.5020184088365051 0.5185607291138117 0.49974387584025726 0.487800858652254 0.49586352403394013 0.4973546124975339 0.515738060370699 
0.21686689911366114 0.2102007955701649 0.47231233612496937 0.5071342714848992 0.5142857927233756 0.47323312340090146 0.5002165522852426 0.4826223662867123 0.5162989600008072 0.5107590429410809 0.4919655136616776 0.4912239769259963 
1.0 0.26101847832927483 0.495639384884926 0.5014361290483271 0.49932141268986713 0.5008973440266679 0.49800906692072 0.494268298679546 0.5000966411652269 0.5002192300492396 0.5001780135006653 0.5045130027124026 
1.0 0.21876641857135332 0.5019357909970646 0.5020273514147031 0.4901773339416188 0.4996011994879855 0.4969817844269353 0.4939126626004656 0.5025942542523719 0.4999612470033378 0.4978233243954726 0.49722622507867664 
0.21869255303824137 1.0 0.541774013791652 0.4857201938095566 0.5258370202293479 0.5137614217119224 0.4932740679439148 0.5262690220316047 0.5129369880186696 0.49380487461715605 0.4925067939298146 0.5332060270197068 
0.6113889065628136 0.3140994206018216 0.49904980074350874 0.4992871347216843 0.5027599074677422 0.4837123028847985 0.4992725566809147 0.5010989753983899 0.4960549139240921 0.5131666509693521 0.5017854933091263 0.47773478635218525 
0.6083587982479367 0.5173795761635863 0.5147747324516444 0.49613149328555983 0.5110808147075878 0.513044151821013 0.5154115632162838 0.5033996258375253 0.4963625019237976 0.49413550050503324 0.5152233444037457 0.5010689631733629 
0.06358568908446358 0.492191591551412 0.5019668792181575 0.501833249992561 0.5021678589692299 0.4996360768493804 0.5127153740674568 0.5041426635070463 0.5004135449747185 0.4970625275099464 0.5022349125820034 0.5042761894603142 
0.8769936604166068 0.22186511499372208 0.4976191389373579 0.5042468191854725 0.4946592669751006 0.49636789759364996 0.4863728032332669 0.49442705026884615 0.5074531875890418 0.5069530620612558 0.502781558690409 0.4921939651214978 
0.7875161515459728 0.2910412856355692 0.5009559711260262 0.4947873857519416 0.49945972309284253 0.5134045512395098 0.5099108633538408 0.4970484190542249 0.515070570949794 0.4949757754884905 0.4990048009028627 0.506779539368641 
0.3959614902375751 0.01693754654315649 0.4922363406842278 0.491547438648752 0.4859317745569779 0.4844525647002998 0.505352173159215 0.5117484077803287 0.5050375539619586 0.49821444131382575 0.5111464416064024 0.52325581979876 
0.6740904346727592 0.7633307677245564 0.49941249092662765 0.5307860102448227 0.5126539373094602 0.5073405332884843 0.4892413858962247 0.5295089353089664 0.5059417449173237 0.49125043739220065 0.4926601805707027 0.5004022888273494 
0.8721584609985645 0.3140997939699103 0.4987211371167218 0.5031722224076708 0.49331710420194796 0.5004474806856604 0.48959100091552743 0.4992421472087979 0.5134618637018232 0.5009961177281139 0.5025424064424612 0.5075913140500932 
0.3917641779515986 0.3574019209411801 0.49286115637441047 0.5054570602273922 0.4886338002587469 0.47931819740801185 0.48563892414581283 0.5077224970335046 0.4934864350844503 0.49686404551033414 0.4933227446214282 0.4716940809104348 
0.17783046898491725 1.0 0.48235300905361106 0.48784570652222636 0.4822274027926712 0.529201103071387 0.4753276672387891 0.48801628127881297 0.4913320534970928 0.48497625689587776 0.5197426172880526 0.47793444606245516 
0.6722200183825733 0.15842815353755912 0.485795768994595 0.4852132364232272 0.4755700826765087 0.5147802754718699 0.48404726173624907 0.4721603849505762 0.48801810779939964 0.4861033009431569 0.5076891573379918 0.5106081816726934 
0.059141961487678155 0.5638380869655839 0.48822073712184444 0.495908459153985 0.5000215168513602 0.4992372262611663 0.4906482886278335 0.5130666880515578 0.5065775551805108 0.49856830017020454 0.5071307813251932 0.5020437428110947 
0.7244720333611039 0.4164730308027317 0.5070929510514065 0.5104734711451887 0.48720041516630663 0.5002458086141341 0.4932794300264399 0.5135512114087415 0.5051801980403267 0.5055702322778456 0.5032610585830477 0.49629202482299667 
0.3343663610628716 0.7242340021954617 0.49960816292850696 0.4940219762326787 0.47447275778748393 0.5070883124062951 0.4941723840914609 0.489145811620254 0.49705881155337106 0.4981360740443087 0.4992731133460472 0.5020475720034302 
0.4593551689902542 0.1724213051005518 0.4806485863269785 0.5109214210634709 0.4959961577139236 0.4736064062993086 0.5006864546352738 0.505203274918166 0.48717229987621957 0.4765621652385751 0.4795988916838927 0.5125727189576108 
0.8904731880787855 0.375980662558694 0.5019036973951723 0.5011994497082864 0.5004886352028504 0.5023913678379974 0.49757330382323495 0.49081239552086997 0.5011751690695669 0.5138910354862656 0.5019806662088917 0.49517508998658755 
0.6095087937824956 0.5143181734922729 0.49602722587154047 0.5012568177244114 0.4939784501830339 0.5040424743722001 0.4913682499885801 0.49630882161002454 0.4940637107467233 0.49673147117484656 0.4919589725105748 0.4966099394590087 
0.48204945612290995 0.0946605618177179 0.4996945752742371 0.4879137821115913 0.5096376404991505 0.518352954009355 0.5003887534137788 0.49722519539508436 0.4953239426552355 0.5228806480362698 0.4910851023220669 0.5133104787155571 
0.25811681251221097 0.8519310330221965 0.47798618033724494 0.509517495175664 0.49709940935317876 0.49341479320285 0.5081300209636228 0.5036271968590325 0.496164755987748 0.48234818015681663 0.5000601573728329 0.49712093713984484 
0.04946034519128369 1.0 0.5165374563527407 0.49882694922932724 0.5165068004625667 0.517310346548203 0.5083971309264051 0.5226831485417277 0.49745810042970673 0.4980989454072524 0.4895970012782921 0.4913397508515887 
0.7530888158248031 0.00869882098389782 0.4826920113651333 0.5122960339819677 0.4843270593152637 0.48218780401249184 0.5021707391295053 0.5065126794496051 0.5110954307678235 0.49729211639041687 0.523253268213329 0.4976737079042979 
0.8515635192810851 0.12407305958231753 0.5010719303106229 0.5175227964625413 0.49635790218298487 0.5019033681276341 0.5000758183394496 0.5091755272582219 0.5057276259668014 0.501666436171512 0.5082658120606689 0.5069052450913941 
0.12564090533841712 0.8199012925205058 0.5150385338559091 0.5061630178243772 0.4941143304083411 0.5182118903808914 0.5166379450935656 0.5073143742633426 0.48479621422183355 0.49532164036827797 0.506158832387928 0.4922871546138982 
0.25481767329644633 0.3289127432308009 0.4943581827802832 0.4943048831146987 0.49940841914390444 0.4929566512352421 0.49780037119210263 0.48284620192307387 0.5052999675343266 0.5034256075537269 0.49731126064118897 0.4921418915833759 
0.48220367900711564 0.5621418133053454 0.493885640469673 0.4952504718678951 0.48013058373363615 0.4970315766804699 0.5087450749100838 0.5094420363170272 0.49412654340843415 0.49421345171822084 0.4921354706456339 0.5058625626901405 
0.31210881047598715 0.15298742151538391 0.48427791912813595 0.4840269478392004 0.49172243003761834 0.48831096492786696 0.49761985198563163 0.4948085395537076 0.4739193060774339 0.5004623568478994 0.5013574796813053 0.48648888919061156 
0.6111845380190176 0.40386113502502796 0.5122102660811081 0.504680216368712 0.4900878771425007 0.5014356354690888 0.5042705498526717 0.4891385340706308 0.5024833739367794 0.5069155759924261 0.48202689819685796 0.4796576545497556 
0.8252772766165111 0.40034673657809305 0.5038364696519959 0.4906658396971516 0.49922082251486977 0.514059468883599 0.48727065672599673 0.48285669384845303 0.5027335982978127 0.5036094236027094 0.48595597578778105 0.512019514923871 
1.0 0.4805314313746059 0.5044415665858997 0.5020206092581305 0.5051094796005989 0.5017580821638064 0.49321136901029233 0.4895308633493466 0.5014293397200155 0.4977950991266583 0.4991062206617204 0.50058218686385 
0.7605446294195877 0.7627687843400659 0.47981792374807425 0.5181081631670528 0.5084875232406247 0.5202099666651214 0.49716458856671947 0.5063444378333053 0.5071397501639675 0.5012085325313804 0.5184815887060625 0.4929387455606004 
1.0 0.20236146208278427 0.4972896291776018 0.5034399376656806 0.49811561149451555 0.5002443374698232 0.49442421150598886 0.48860213291750865 0.5034649627244396 0.5019997537447907 0.4977226161263478 0.495564606697475 
1.0 0.4805314313746059 0.5044415665858997 0.5020206092581305 0.5051094796005989 0.5017580821638064 0.49321136901029233 0.4895308633493466 0.5014293397200155 0.4977950991266583 0.4991062206617204 0.50058218686385 
0.8544163626328432 0.15388585536948846 0.5040357731678387 0.5192513672698209 0.4943969771880621 0.4911099552120096 0.48754809567648605 0.5013444276340167 0.4979914703455471 0.505204814200177 0.5070214210181154 0.4991744657102165 
0.3096778751165854 1.0 0.5080916578661092 0.5171087953830074 0.5045515004164991 0.4955747923086099 0.4992818819645505 0.5288114472149242 0.5298026745727407 0.4937867336700068 0.5028705507213928 0.508386110677972 
0.718898480675333 0.5629105563072594 0.5128310735307164 0.48208028067134273 0.5028488030605816 0.5195937653505394 0.48595877353309114 0.5140532933659001 0.5015446313067693 0.5203659660576784 0.528626447916846 0.5034627032802277 
0.5551990409946219 0.5268061727937183 0.4997008035989019 0.5136969040764017 0.5004899918789356 0.4988177171978301 0.49545243831916297 0.49870253037148815 0.4989595044306835 0.5074037529810322 0.5057745223262062 0.4952939725226517 
0.1484253273145415 0.6003601443316047 0.5054035558638684 0.5039872327364235 0.4848969133829901 0.5048289400465031 0.5090395818873523 0.4985182751540387 0.4932814948528443 0.49265983148127307 0.49626431964701345 0.49570104291104394 
0.8245281899736063 0.3533836556226688 0.497531764567449 0.5006403469321874 0.5021066161559159 0.5031782688487041 0.48607482524585705 0.4960124975583817 0.49791591673611524 0.4866778354487382 0.4993259322450452 0.49592314280293404 
0.3284232578260355 0.2015327351472809 0.5116404262406964 0.48555179250012703 0.4820141144149286 0.49560487324485947 0.49419380548766495 0.476191015165679 0.5161587238089511 0.4995585291498728 0.4906692265439506 0.4750128595844261 
0.14774242516618236 0.0 0.48273852421414615 0.5046032377256031 0.5024724191313372 0.4667318416997074 0.517871507669603 0.4705663375740654 0.4889871884824607 0.49994145200596013 0.5069663101449076 0.4761333810072567 
0.4654107483455161 0.6214626207915978 0.49767013374175595 0.4705790600292701 0.4945221328189107 0.4848807557149193 0.4891590511659219 0.5078373602044712 0.49525080489494083 0.5027321736408017 0.490253371744762 0.4899108632811404 
0.549448468995124 0.40146633270475957 0.5027376909500725 0.4749238097608267 0.48618273741546747 0.49070291149578893 0.5008002390648756 0.49849507676715094 0.5055735432882527 0.4962230278410983 0.5029294026598756 0.5026019398885995 
1.0 0.12892125280945577 0.49354134915294084 0.4959586847948091 0.4949035286114353 0.49741408213766913 0.4963159575370321 0.49550625089913924 0.4969055701973958 0.5016018641602268 0.5003961118328967 0.49917606099116774 
0.12665548919854985 0.027906700338518206 0.4837628277874391 0.500248442975086 0.4976434398337852 0.4866951513840394 0.503863707023524 0.47402149277612327 0.49130616485619283 0.4932339399627983 0.5247235482052951 0.48983226510669686 
0.8905856840653588 0.7101957885963708 0.48347728558549624 0.5311694858284873 0.4968428945916794 0.5155369763388209 0.5025604921743538 0.5083607809634285 0.5109345522285638 0.5042715781715226 0.5026246407609233 0.5059486049178066 
1.0 0.22988745594353505 0.49746939135579366 0.5043183223585953 0.49212787767711214 0.5031241953335777 0.4992602439347511 0.4907554835711272 0.5091962466743778 0.49876161422564436 0.4959498914032982 0.49654306947177973 
1.0 0.26101847832927483 0.495639384884926 0.5014361290483271 0.49932141268986713 0.5008973440266679 0.49800906692072 0.494268298679546 0.5000966411652269 0.5002192300492396 0.5001780135006653 0.5045130027124026 
0.2691003865830969 1.0 0.5075488639469747 0.5337930343029456 0.5168441562665964 0.4829263220317869 0.4977983390291195 0.5225944868425241 0.5160077312803064 0.4952127517091737 0.5072850774419038 0.4740610656277268 
0.16335626539242587 0.9707645666278871 0.47735809939620116 0.49667849702807726 0.5142259559950436 0.5052804652897483 0.503189919666859 0.5115592035205422 0.519450047171775 0.5016444080804876 0.5058272892307636 0.49779001763266095 
0.4925484674841709 0.0 0.5290455903299031 0.5129368647317128 0.5121596680698343 0.49982360994295105 0.5119711990198289 0.512168523661667 0.5262418100652854 0.523618018568245 0.5161858138692823 0.5115347123995998 
0.015805365098500515 0.0 0.4878322818647155 0.497017011404834 0.5026966778966797 0.4785183869055132 0.49833947052854377 0.49220987523700366 0.5065450783841238 0.5104036215560221 0.5072483613186201 0.507852497501722 
0.6442018584780527 0.0 0.4935488156848849 0.4867744827487155 0.4856220096596431 0.5156850765698628 0.4866057178974457 0.5156227412548952 0.5147850795529215 0.5079973258061903 0.5005143077642065 0.49561915954246427 
0.26516910443195824 0.013690826399833711 0.45046676500777355 0.500445044003289 0.5421723261344407 0.47186313880347514 0.5009259099059442 0.4667819153045269 0.5162647484228075 0.5082496213401382 0.48983713985300775 0.4915443084284004 
0.8401987240860237 0.36519141824748014 0.4862263882927868 0.5043725532251132 0.4962031348566158 0.5002123712082656 0.4871608199974027 0.49481033724318785 0.49089076736046355 0.49612247611769544 0.49753784100139475 0.49495065853588843 
0.6391254732642814 0.1418253252527729 0.5115226406949053 0.5026468730524537 0.48370536443340634 0.47995117596798553 0.5010613855682062 0.5152824010435922 0.507176428351894 0.5136539699070669 0.49444338894760076 0.507346857536674 
0.5040170651924705 0.26381325838077496 0.5184772577211489 0.5069444923038464 0.5116708594979852 0.4901096459453943 0.5031387111360359 0.4875301039204011 0.485638704110446 0.5098290754760947 0.4854331836545284 0.5014051788868532 
0.6960048961346859 0.4998500768714055 0.5106324086639441 0.49647182408412316 0.5044248900030078 0.4999941443852099 0.48525157256852813 0.49856551729859305 0.5118817275169545 0.5099597784072941 0.5223679418370288 0.4987297270870318 
0.9442162996508418 0.2630673724918353 0.5020523893933306 0.4952661114798286 0.5057078354923045 0.4987643668729988 0.5058666899260718 0.4897563387609723 0.5091576433096296 0.4958704435546326 0.5040405181001683 0.4991884975017681 
0.08088468961961937 0.12767617393116776 0.506206457414545 0.48698939798969343 0.49901365115284413 0.48612861574196214 0.4929955901750351 0.5032421974575596 0.5028538075133164 0.49654152716106414 0.49788128380051755 0.5022050361405108 
0.962231202723733 0.3541997245139839 0.48950705137589823 0.5033212022116014 0.49582567174809133 0.5051044793492361 0.49693176743548195 0.48949762184798173 0.4970698964800719 0.5007070336402633 0.4920213379997519 0.5071609555481142 
0.6307169512982915 0.19655179835742823 0.503152764659752 0.4964478338469728 0.5119842377116112 0.503263047542754 0.48807787148241155 0.5054253041467884 0.5063957561233948 0.5086109993199852 0.5064527999957235 0.4847825267927046 
0.24288683090242708 0.09303515507498314 0.485495145625217 0.49062336616439084 0.5009396655486853 0.5093191998518198 0.4996336334052853 0.4952946756237867 0.4992866128258393 0.4778696088819119 0.5036434098379837 0.508175366511984 
0.8232947901246808 0.20965135378856173 0.49629170646455256 0.4915965702988063 0.4926231228266478 0.4920458203967812 0.48970351399791123 0.49698930131111213 0.4971346903274711 0.506757030433631 0.5051570035626776 0.4922732634875959 
0.3263595725202294 0.9285761637198569 0.5060140203384488 0.5013626871815658 0.5136874324227665 0.5073562891509349 0.5064296268178557 0.5131153830294992 0.5033778679535565 0.4862649019230898 0.49797405113178506 0.508047796149374 
0.8722306469432747 0.34994568819710103 0.5039173641419848 0.5051388003478168 0.5061766394004026 0.4963103033575925 0.49392143095938584 0.4912511820729583 0.498494715452231 0.4926516327981021 0.49630661730548187 0.49232484609881577 
0.31929379355765153 0.7784141674339334 0.48701624728133286 0.5027848025518895 0.4774485287195415 0.5017456935665634 0.48655293029098073 0.486959519924676 0.4947572262837299 0.494389335549167 0.5112105284459347 0.4899067418011914 
0.4927019715273424 0.22593003118412122 0.516777408536546 0.5082262177026735 0.49890225796793297 0.4836434905400877 0.470384394746282 0.4918303423013575 0.4955378552178642 0.48982642416286776 0.49967515105563926 0.48361772258578134 
0.317923994622712 0.4736900344526985 0.4980082666227501 0.5114831107478965 0.49000226369477695 0.5061994885260869 0.4820600069097089 0.4832150136519659 0.4997541404130549 0.4928982814036855 0.5108049983037606 0.5087374042543027 
0.6955089610467118 0.6972138559870107 0.5000748342865646 0.4771882693150117 0.4934198074096289 0.4856795488980648 0.47988181778694655 0.5095228927408701 0.48780705219275455 0.4890839561698562 0.4948849125776999 0.49425583025551967 
0.5683434732721295 0.9846248711348395 0.497062617951449 0.5369617638066788 0.49672420412348217 0.526513980619159 0.47308109009288357 0.5139974621181499 0.4873573031142144 0.5036368313505685 0.5005609559954434 0.512879936747956 
0.24582881046913446 0.9397523724399178 0.5220576228019937 0.5027068093238801 0.5039715368450522 0.4906642710302447 0.498186552282374 0.505772753836474 0.5226669162089324 0.5102925024464664 0.4993967408591263 0.49228551638024987 
0.19069390219986054 0.040401448790457185 0.4840300131926374 0.5094106744033429 0.5025417796002902 0.49047368955574355 0.5015987914196511 0.49022952297957145 0.5147343537938329 0.5277082161351353 0.500683266189579 0.5079809899771734 
0.9332603423059749 0.37976056505264616 0.4998830986804595 0.49962914236904177 0.4973337453818843 0.5013726977070291 0.498923102527598 0.49280223498564607 0.5003101929796129 0.49336450402130677 0.49980027525654597 0.4963467835741434 
0.7409055499875379 0.3394270042049764 0.504287572011552 0.49869426443015075 0.5026626101703088 0.5135385752675825 0.48294715402310007 0.490443367963189 0.4991282395762886 0.4985793903865943 0.4911121941186666 0.5096125207849918 
0.7052413710725675 0.30981736819509625 0.5018004387350666 0.5098203104447419 0.4908340578132296 0.5139268519242484 0.48745074212051487 0.49815099568650256 0.49593569658219827 0.4856957898441183 0.5071550596426087 0.4962990311406877 
0.392304307621557 0.07798892243866795 0.4707182889958046 0.4980507538111757 0.48995586698573457 0.493070663106809 0.48554103603660304 0.5067877515582451 0.4957514761051291 0.49960897730407655 0.5008761889160313 0.5012155701454493 
0.3918892792621079 0.2167451379697964 0.501780372713247 0.5062747961596337 0.4922116979831721 0.49508077328978123 0.5155025618962956 0.48705284782696584 0.4955901840981934 0.49192061544669863 0.4963609451430494 0.5048719667219413 
0.46531542676839455 0.0 0.5394399074054402 0.5142096959612485 0.5107487839144406 0.49494480191480167 0.5051332018492979 0.49491157913200323 0.4967529123557298 0.4743955795905829 0.49004726744577465 0.5194118336993562 
0.9447908664184614 0.3771966746915334 0.4994950874464778 0.4993548578561122 0.492326207510208 0.5096882543328822 0.4874335205529648 0.4998875278632297 0.4981181930231008 0.49786982018272985 0.4998020055164247 0.5025135258105847 
0.20769155911550533 1.0 0.5157650283899249 0.5014131631217935 0.5138160122662383 0.5105666156257559 0.5086323073135942 0.5129728401081709 0.5050675441796868 0.4808278918289433 0.49581591956023485 0.5066898642162058 
0.5436536396849777 0.5207409536105826 0.48671925774311786 0.49471625660960133 0.5038549614284741 0.49072670668752283 0.47848257525391674 0.4993708409200191 0.4999236993614359 0.4845115901430412 0.4814061647630263 0.5071520635053024 
0.11303704796598918 0.44404872706533005 0.5071599530226363 0.5026454069192359 0.4878728987788633 0.4963386847335653 0.5067406842838459 0.49626647871655344 0.4894803258523387 0.4934899818255894 0.4952329090869456 0.4965599393740924 
0.39489087140738954 0.08935048023529503 0.49792379275175513 0.5099196429327555 0.5054878609137365 0.4981111709773944 0.5074570853702024 0.5005590413722559 0.4903682045974048 0.5065241891064471 0.4864715680384359 0.5018761160371262 
0.7527495549801301 0.5536035836359132 0.49898645234958483 0.49725010596849073 0.49366210422431234 0.5057300965110338 0.5094212150011008 0.5136045965469437 0.5057828330585773 0.5069406184482352 0.4961080738276572 0.48869391622471603 
0.7859785368924069 0.3292516918726388 0.4894947744526697 0.4962469205815529 0.48618579130665496 0.5038945557081866 0.5006389112727239 0.5123984804671702 0.5148849571212457 0.5133255872522187 0.511120141531381 0.49731230504088697 
0.8739848243305138 0.4316568329413296 0.5008982340159545 0.49376346097874363 0.4839504825023515 0.5149686391562813 0.4960977475263082 0.48297764745703065 0.5031464140252464 0.4957558562763486 0.4968426229808376 0.5011130194184461 
0.5857428890584409 0.48640021295850044 0.5081417011262503 0.502293663859054 0.48879566866734053 0.49741566604308507 0.4972472496333933 0.49650453637157604 0.5005413668454735 0.501478031206308 0.49291085793064504 0.49189329722126635 
0.5857428890584409 0.48640021295850044 0.5081417011262503 0.502293663859054 0.48879566866734053 0.49741566604308507 0.4972472496333933 0.49650453637157604 0.5005413668454735 0.501478031206308 0.49291085793064504 0.49189329722126635 
0.9504640312334292 0.1708469259346947 0.5012474398322875 0.49768730522709936 0.4936982150788888 0.4961751494895348 0.49263438624566447 0.4943448953186812 0.49156631559442676 0.5072397770112818 0.49838233204011584 0.4991311878268505 
0.394820159873457 0.21771573567899946 0.4986784767805407 0.48818334039188 0.4847283014948382 0.4936754518653123 0.5062229123181231 0.5018925775539411 0.4907126231205202 0.4984837115516283 0.4957807193138046 0.5162036754896391 
0.7852106711523297 0.1668583836473559 0.505385012665165 0.4928130574814327 0.48329308484585853 0.4949858193730008 0.4956805934141023 0.5022410083734723 0.485398952414352 0.5092416607586265 0.4972693232308343 0.5036762317305308 
0.9220937704656302 0.27887071382795714 0.4989509612501711 0.5033127683619587 0.4912505800456528 0.4986940696311628 0.49741426115547355 0.4993001263132837 0.4953237894608681 0.5001783208508995 0.509142779051073 0.49796694280831877 
0.8940723620889691 0.1988701196279554 0.49113240839255845 0.4984446365450404 0.5012981100804643 0.4964828312860067 0.5039586335466495 0.5009503091802805 0.49173984914567825 0.5206490310849363 0.4975641691001432 0.5175148815497278 
0.7030872710618759 0.29935211137036266 0.5019164071389355 0.4788319182425897 0.4778208079949182 0.500843205390919 0.5171780205792061 0.48306326429577473 0.4997321638245209 0.5134977170448956 0.4932601236850734 0.515130607918266 
0.740687985503016 0.15390074597925404 0.5055348496785314 0.48499268488877695 0.48896240046168343 0.5036451486859879 0.4987429469692536 0.5100063792263411 0.49577638694924675 0.5040142879151354 0.4975929645406104 0.5068478945148618 
0.6527423390226484 0.5871119100831155 0.4922783240201141 0.511081500861924 0.48269627294837786 0.5031462981628805 0.5060139448490113 0.49902481904775847 0.4883012797600781 0.4702332510200585 0.5011635395331145 0.5011300580564937 
0.46976108816051804 0.30875694079191096 0.49044904800490896 0.513218090099874 0.4976564734808162 0.4857259980915629 0.50730046513245 0.5158773101007383 0.5060929874096356 0.5022428824541528 0.5133097285207688 0.5162411971026184 
0.23547891986110625 0.0 0.4588116625991069 0.543555134957042 0.5004800537041565 0.49208303561535915 0.5001709625021309 0.4926263159864259 0.5068982220051774 0.5058307321091647 0.5108005913322557 0.4939623494879293 
0.32155229715632144 0.0 0.4984466321741635 0.48217735162950115 0.4873149160853735 0.4966860462422986 0.49536394428217934 0.5020702147131884 0.5181418910510267 0.5068431877411042 0.5058018513660889 0.49259137672951436 
0.7851572230885187 0.19118630891167435 0.5024871425464221 0.5069069112246611 0.5079005875833594 0.4927305469078311 0.4884233807350734 0.5042910478595479 0.48329109002539544 0.5011764868141131 0.5034377773598713 0.5079752415097812 
0.13161883946119973 0.6990606397618786 0.5248007322533425 0.49100539287392164 0.49010817168402726 0.5012148203608922 0.508955062552402 0.49526354370948034 0.49964481677257755 0.5137251115046335 0.4973995915680014 0.5085183295367188 
0.20380557775269487 0.039471598776487114 0.49271170911709006 0.5072277326688558 0.5021912366263314 0.4949114003644402 0.5047115389526198 0.4865003561581064 0.511881555468183 0.5181147761985408 0.501383981132579 0.496285595691796 
0.9653462653542664 0.1815000645041691 0.49624396028155204 0.5064278764334739 0.49579946986749435 0.49905202846409397 0.48967902500282734 0.4936855250628597 0.5073386275240042 0.5043754789245537 0.5004011128255186 0.49564536387328373 
0.4731482255166127 0.35644062296994455 0.4941148514600649 0.4948218325504347 0.5018925306844578 0.493353795554382 0.5055910531257927 0.505794584175099 0.5030404890984195 0.4988263921952567 0.4884368675664593 0.5193194942515376 
0.08375700438743279 0.37482948790877924 0.5069291915356889 0.49234029902166476 0.4983175257502817 0.4919003125788993 0.5024669160534339 0.5048187451492536 0.5027813708112335 0.49248281921480896 0.49757762551755746 0.4985320437345157 
0.9524101272201573 0.35537107237483573 0.5008953549038421 0.5038836592511251 0.48829090596899644 0.49278628219695236 0.49072690654978285 0.5045140632613367 0.48931075595646695 0.5060531816113181 0.49753101455652377 0.5031292836668955 
0.3899171148561213 0.21566643935738256 0.5231170972866178 0.4998676997019614 0.4950947631359307 0.4764025827152879 0.5286267177423967 0.5179996882642703 0.49699911440507977 0.49759293592802417 0.4774142366467462 0.4857511032290266 
0.5658311362511966 0.5457874563996006 0.5006764604793756 0.4967933499785523 0.4871197395514806 0.5069608996464037 0.4988428513129128 0.5053556860096602 0.5073900507979457 0.48105812367290185 0.4886953225833386 0.4921008349080763 
0.9096710952452217 0.4100039460918581 0.5006829217912174 0.5062692809068338 0.5026529496307304 0.5117259965992231 0.4954461587630852 0.49954566089631003 0.5034018539187546 0.5059991050203669 0.48162622222415885 0.5021339411117486 
0.47334077896126747 0.17640249825703638 0.5086142495178934 0.48695813360905255 0.48670975846363645 0.5056499192804234 0.46859998520322554 0.5001404086126446 0.4974811238857571 0.49615809024096014 0.5055392817748339 0.4941929861548049 
0.7859232962035896 0.2819027009553807 0.4849971884464165 0.48468154901925653 0.5056827820913776 0.49790132852543534 0.49803725736086024 0.5123888002682728 0.4928269587958575 0.4982148805004435 0.4947112538758147 0.5123462238683302 
0.1920062212489046 0.8663663869713176 0.4957712947588592 0.49791250561931655 0.49740542833536205 0.5062500312132322 0.5048295025098981 0.49651034729042853 0.5099388291363796 0.4952017161991505 0.4998656833466102 0.48777512273117457 
0.7517645753685595 0.13974879548817296 0.5046668471493834 0.4876571083853478 0.5049119527512251 0.4918158894697582 0.5031035864325253 0.510534571477837 0.4958757353447126 0.5064912621450357 0.5049315601453268 0.4851446366758201 
0.39883204746309053 0.32048201364692563 0.5245111169206947 0.48309356681488547 0.48878379773459635 0.5092328682300878 0.5073149558023214 0.49308505526459145 0.47755096906633554 0.5002916015853993 0.5056485280901899 0.49434621104313603 
0.5402921210621608 0.1729894858845189 0.5140638448795181 0.5093459837141306 0.4773505880971787 0.501514872098128 0.514231544872256 0.5240209237234555 0.48582111978435016 0.49330114095341526 0.4831502516601006 0.4854049284153872 
0.30545314819573655 0.6260159716012212 0.4856778682148092 0.5049608178280202 0.5069574936908126 0.5181820464514452 0.5029222769675514 0.5038567925153589 0.5045649589393011 0.49626845085762106 0.5152985350265472 0.4859726438873448 
0.039695527091482045 0.246095795775706 0.4948995805414365 0.49880570888039627 0.5024322684329547 0.4890772318774468 0.5055274222980003 0.49817626937202497 0.5034793116794212 0.5037330745329842 0.5047416369503117 0.5060643434810181 
0.893935641174588 0.30159315810379866 0.5011253189568947 0.4968186758497976 0.4890587442319665 0.5009393370362494 0.5058908001521064 0.49475020689681576 0.503417803348708 0.4979477317163215 0.5018231104085933 0.4953786734853599 
0.16204293016051455 0.0 0.4561938920886224 0.51905906950604 0.47872252417058864 0.48848935567223306 0.5068588328805662 0.49251998668530694 0.46889006289253715 0.4865232269835946 0.5256265566564766 0.4873832422398805 
0.9139830541574085 0.4324509030877656 0.49319325594965746 0.5099516146868885 0.49295765262473 0.49197782974860543 0.4963837501335842 0.5010303285587626 0.4832517545069621 0.5055796397494541 0.4971035409443101 0.48850303019203395 
0.8446544035767513 0.2788298361698554 0.4944537682280999 0.5057083033531196 0.5033037456879067 0.494392569901585 0.49066449585989635 0.497779369331972 0.5315235279512721 0.4975231524255485 0.5004873766156633 0.49992126446372454 
0.962231202723733 0.3087997135773045 0.4909654672513972 0.5056651016366832 0.4931007421471154 0.5048430192180797 0.4978163746947443 0.4878386496205534 0.49328380469214983 0.4985846942206571 0.4992801119832329 0.5046270397894623 
0.6250392084549126 0.013574445677831476 0.4902484016522017 0.47125855822041585 0.46980295138232575 0.49665482927848836 0.5012141510376027 0.4922858682927552 0.4718097229266645 0.50034458456861 0.49127603703978917 0.49475760658948487 
0.09685163422197557 0.8113646074702134 0.4957826516796598 0.4844588166584095 0.49107252768463777 0.5151951198976356 0.4953280761373706 0.49563146094146293 0.4950042530368574 0.49929162928547877 0.5143722244264797 0.4938809659087026 
0.8187151734338382 0.3674949266456179 0.5152726206647789 0.5006402968216928 0.5033349789236256 0.4995039495726544 0.49880457838382947 0.49102118770880593 0.502756380467114 0.5256601443858637 0.5107698250557161 0.4814999472526263 
0.11061089005273868 0.03335847766627448 0.5033670214913938 0.4768050461597599 0.4940352237202249 0.48755325730059473 0.4965091347034044 0.4896123386055132 0.49520528260789254 0.49588980521413106 0.496877256588823 0.4982042943540228 
0.9237238319243105 0.19560865052671877 0.49225412155711473 0.491051234395423 0.49902926044210455 0.4934945732234681 0.4970384686828091 0.49117764334331465 0.4902441407464181 0.500453363840651 0.501664427619774 0.4990129513585991 
0.9618619159621553 0.17414451745708745 0.4928977353550278 0.49350495959511603 0.49696639452676994 0.49545432768056863 0.49667721310992063 0.4933419471212269 0.49357485547190694 0.5010276140004388 0.5010302697263354 0.4990945061748834 
0.01664300178860261 0.9561645403175706 0.47552297086490053 0.5078352559733942 0.5000707178782278 0.5103011391466254 0.4979169011274987 0.5171807324755027 0.5017100904157232 0.4885715879694641 0.5132462000557078 0.514166948141289 
0.5103620767708295 0.09300394599571088 0.512109542207097 0.4962108903099265 0.5058420737652125 0.5034930545130418 0.5051900940640988 0.4915574800564957 0.5059535340617464 0.4842260108918445 0.5017125229337661 0.5144264441648505 
0.08232084700352607 0.25125283091997347 0.506567824475117 0.4896648485056791 0.49866558845156295 0.4890144641604307 0.49773125311423444 0.5040304713034066 0.502817589162275 0.49451217318793655 0.4977294546590375 0.5003685399375133 
0.7945965354547319 0.0 0.5034101267083824 0.4996375422871751 0.4892737827262281 0.5110514316034471 0.505536038004293 0.49254825951559567 0.49918691214123806 0.4888423076110397 0.49103426408058226 0.48497770206264595 
0.7055056311583723 0.05686491796516546 0.4992940623637819 0.49279286811185136 0.4977397906646197 0.4915180546864707 0.5104723822582735 0.48515971525375207 0.47597500337192533 0.49765286016622434 0.507426046892145 0.5005559766369534 
0.6901319637417607 0.21469067283681764 0.4969038297469527 0.4976903141982774 0.500682405440219 0.497325808250988 0.5039967249597539 0.5062769569003258 0.49153987675449595 0.49387531224101755 0.4994537864003669 0.4900672654972743 
0.8097953425591495 0.2788298361698554 0.4944537682280999 0.5057083033531196 0.5033037456879067 0.494392569901585 0.49066449585989635 0.497779369331972 0.4876389286820575 0.4975231524255485 0.5004873766156633 0.49992126446372454 
0.1827027997907233 0.07894319755297423 0.5256585849907183 0.48967059039465793 0.51772375374156 0.49099378601067656 0.5121801312045037 0.4858644928940068 0.527216319867348 0.5240358185512748 0.4959683936073292 0.5177481795760829 
0.25269395295662017 1.0 0.5289884985749848 0.48192577466057346 0.48790215596545 0.5170114732232411 0.49340340358659796 0.504043995837383 0.49690828441301343 0.49658699010875074 0.48847302568405543 0.5117941662707657 
0.184807636638452 0.9654679209110184 0.5151420758505153 0.5191066804736464 0.5123823848358571 0.5014983997967204 0.5039030291847751 0.5195775893841084 0.49891809505109674 0.49820813586090595 0.4987821424569504 0.5022744982150044 
0.6113889065628136 0.3140994206018216 0.49904980074350874 0.4992871347216843 0.5027599074677422 0.4837123028847985 0.4992725566809147 0.5010989753983899 0.4960549139240921 0.5131666509693521 0.5017854933091263 0.47773478635218525 
0.7107974507236006 0.24954218777366613 0.5131013508553919 0.4851486033620538 0.48532030041707064 0.5022830486830084 0.5010842558188713 0.4850552426016161 0.5090055682013164 0.515028721598791 0.4991897624415255 0.505159908497153 
0.185251044564322 0.9827339604555092 0.4788812462387321 0.49129816222719475 0.5040081160422996 0.504199642693416 0.5006085101865079 0.5097228562521166 0.5204712671279472 0.4989563648336956 0.5073312913902424 0.4984186973674995 
0.23951328717523784 0.0 0.4952091170062193 0.48640413967143026 0.5098350682368328 0.4857124152710882 0.5169922578559065 0.5062226231339335 0.5174199316561701 0.4753003919652721 0.5187141853871716 0.5112716597455864 
0.5841216505476488 0.5850996512808104 0.4976624840523405 0.5296944517784825 0.4959904132966797 0.517539004028869 0.49195617966157257 0.49796385577055374 0.49457493584437884 0.4920029744439568 0.49618258989120323 0.494377472037136 
0.6623024748770263 0.20207415011103602 0.4942560081450058 0.48817570158054624 0.4877459744702845 0.5092748159189561 0.49368873342432823 0.5027214971316398 0.5215129553824996 0.5133596288271305 0.516697069312372 0.5005739943561869 
0.6636962814470329 0.5821792540729754 0.4837945397197044 0.5119359291210446 0.4881489148800947 0.49357872808072345 0.5022524387851346 0.48891727016457653 0.47532171803465045 0.46692399995774814 0.5041327715188496 0.5029590331355877 
0.34521901759702245 0.9781887348320768 0.4939396122964694 0.5097402735533675 0.535516740166322 0.49929581026499503 0.5067498676077584 0.5117915390170187 0.5297513254250321 0.49837919613549875 0.49237557761193446 0.501292999817921 
0.21722338183977213 1.0 0.5132750937103966 0.46722279635108876 0.45946022421645794 0.5407596739593351 0.4772878280372639 0.4939267694861029 0.509942809999653 0.49796590511069305 0.5283809966225114 0.48530502416739874 
0.5632539024222568 0.0 0.5033858893412173 0.4843234078276505 0.5001080587054397 0.49746622284674136 0.4881559818700456 0.4799483505275437 0.49899812725981985 0.5180291638614513 0.5029388541928137 0.5185629844209321 
0.6280565730655842 0.40162826001680935 0.4874756197887231 0.4914139330591374 0.4671855470923686 0.5082763645469901 0.48871411862722325 0.482776847958752 0.4886017932773032 0.4788466850229448 0.49466829098239257 0.5008501457567442 
0.9338758446142289 0.42290387387279893 0.4974378196490671 0.4970334145037534 0.4982940548613132 0.5060295514546213 0.49288051632726065 0.4951776798723246 0.499161332621606 0.4937717412881565 0.5003049238373809 0.5023854280356228 
0.7791014564190143 0.4551628737587635 0.49017855312224745 0.5263506632314656 0.5044712586432349 0.4908667672831727 0.49035276723812043 0.48998895287795097 0.48670830656114444 0.4997616091073641 0.487005889684514 0.5075336463649649 
0.15589079635348368 0.785562355479746 0.49138082763003477 0.5003328648822504 0.49956143468901687 0.5050547026681258 0.5061147507771057 0.5050387393372904 0.5063657710123096 0.49715211978088036 0.5010458044388886 0.4967455302718524 
0.365316814712965 0.03848879268618996 0.5082883058170131 0.5008989188900678 0.49579920930920507 0.4995085934033723 0.5087822987914982 0.48874361158683044 0.4768276218530283 0.49888484497757557 0.5121601868707382 0.513540911186582 
0.2909559116183851 0.1660157794604548 0.5124108383054105 0.49322314767716635 0.49296348338274043 0.4942985210813369 0.5222579952156414 0.47159361800090716 0.5029170601855081 0.49812900388540104 0.49583643369170227 0.5163903191212476 
0.3709763193495569 0.9391114301196628 0.5120645142153093 0.5095809224851272 0.5317192229691011 0.5106427468363833 0.5051249695299298 0.5098232506466178 0.5117992533290687 0.4966698854830969 0.48522264881870275 0.49430050337531917 
0.08671567136097362 0.33924722025636617 0.5024335933092363 0.49349051538162725 0.4994569805528949 0.4956084703331185 0.5073132942794394 0.49929922187320197 0.4986774575191098 0.49667162007800797 0.5004490272509432 0.5022522244248837 
0.2813984799799169 0.19053317781796175 0.4957176967294268 0.4918128633670711 0.49457794655614673 0.4784272106460898 0.4899272897152046 0.48176828894359297 0.49524991006526553 0.5040534522290339 0.5090355089062177 0.4875788666115821 
0.46285741331570607 0.2360939999121448 0.5074583924852265 0.5017433989556587 0.500067807265224 0.48397609018846727 0.4712825924592723 0.4894125434047651 0.4949705521438143 0.4902465477630405 0.5055024146043569 0.4992774416243305 
1.0 0.22988745594353505 0.49746939135579366 0.5043183223585953 0.49212787767711214 0.5031241953335777 0.4992602439347511 0.4907554835711272 0.5091962466743778 0.49876161422564436 0.4959498914032982 0.49654306947177973 
0.6824811758804319 0.34646233514267943 0.5037148992754125 0.4974769781908348 0.4967577366364452 0.5084089534319618 0.48729463237581927 0.4857787464713302 0.5034612404351158 0.49256060766782617 0.4914390277856854 0.49993560339990883 
0.36839539751930134 0.24894395446062081 0.5067186156810497 0.4977087803666834 0.4892030389690572 0.48700621117809983 0.4898625879563927 0.5075712890984576 0.49449502892602065 0.49985238869088783 0.49358337245271405 0.4781049458892214 
0.45765152106238016 0.4186718194594682 0.4974388553084124 0.4982474073476759 0.49698914207516204 0.5052586910444982 0.49051944381565465 0.5175304627431664 0.5086353969821577 0.4888445717129883 0.48925512747229954 0.5064325035562316 
0.8080406927825037 0.7324091794482334 0.4941550627557575 0.5270269217072838 0.49714090797244054 0.5120871025953588 0.5080735843052497 0.5109263763212202 0.497777417048054 0.4994858411976159 0.4934142373042061 0.5019393090682429 
0.8031969426211505 0.41716886166362255 0.505989237733362 0.49067737094135366 0.49413068487670836 0.5129508063064594 0.4951832281036401 0.493195163422464 0.5001092361759433 0.5015793659653889 0.49854660189099065 0.5083582955430261 
0.1347893877757546 0.8426224663900307 0.5052224095597835 0.5076317797011114 0.5085804138314786 0.5050561301442147 0.49853571121818935 0.49730657808607664 0.49735102195437697 0.5072711054561633 0.4977259828627867 0.5081913140173611 
0.902626525954234 0.06242087126762377 0.5017437294037714 0.4926350670301497 0.5038028187948458 0.4931301780131976 0.508008940376308 0.48955785916995 0.49473250234679267 0.5200539927411313 0.5110367100437404 0.4968608434307917 
0.15489267766334847 0.0 0.4694662081513843 0.5118311536158215 0.4905974716509629 0.4776105986859702 0.5123651702750847 0.4815431621296862 0.4789386256874989 0.4932323394947774 0.5162964334006921 0.48175831162356864 
1.0 0.21876641857135332 0.5019357909970646 0.5020273514147031 0.4901773339416188 0.4996011994879855 0.4969817844269353 0.4939126626004656 0.5025942542523719 0.4999612470033378 0.4978233243954726 0.49722622507867664 
0.3666321029113808 0.5769487838774008 0.5026268768295563 0.5019953104392343 0.49848458292227293 0.4998843110589254 0.5056140819244833 0.5038555183529745 0.500084483911642 0.4837324101549668 0.5216627504893567 0.4953503508207728 
0.42185137130523975 0.39943918477161744 0.5090872245236193 0.479959810670204 0.48846309484618666 0.5028753411976337 0.5106468951134274 0.5034454839454718 0.4932789487338082 0.5026612534871124 0.48785602038623266 0.5083696103547908 
0.9151895747943751 0.27038572339169176 0.5046345646116479 0.4974932871693857 0.49012887707150576 0.5114203572701661 0.494485020592152 0.500440464894976 0.5049638707070699 0.49952301685514355 0.5072249858732236 0.4977306410668391 
0.6536012911250197 0.6317899912493496 0.5048622117617191 0.5043618606990097 0.5029304841376615 0.49458157283523274 0.49961125712928595 0.5095769834927806 0.5079771236147241 0.5271154240574794 0.5008897359870731 0.4886781725690696 
0.9464893299058372 0.3055690752889394 0.5051461278240099 0.4963516949028742 0.49695938635340176 0.5065463370094035 0.5048770133570633 0.4978254380256213 0.505710326011406 0.5046051386823289 0.5137708088675804 0.4990213742732489 
0.439400532750613 0.35374646514077046 0.5095228832265782 0.515613718288481 0.4977461944673593 0.48515518333688523 0.474262219170602 0.4968984310229346 0.49764400290140076 0.4881956246086463 0.49248830310038616 0.4871203428119777 
0.7216193983197281 0.1663975976462592 0.5068817197505531 0.486209246832537 0.5054938737424037 0.5050163511369341 0.5127848266928249 0.49562925841046124 0.5148908205738759 0.5173506493261883 0.4971022659401501 0.4948504431607316 
0.5348595911372873 0.502228715393031 0.5000045712165347 0.4975205588397382 0.4843839068987511 0.4893757271910777 0.4832006491948364 0.5112365409734665 0.49665735266286154 0.4875074554147257 0.5146787773982192 0.5163645825642879 
0.36141517629951314 0.08882025534445721 0.4866164940414607 0.5083121539311177 0.5066238676752731 0.489118099323139 0.514635064169549 0.48111020988066705 0.48633693238713716 0.4856301531083877 0.5157121172178691 0.5176638319681621 
0.8455721339348801 0.5232953730675113 0.47654908135500273 0.5174228206643497 0.5047906847582602 0.5000633653938966 0.49610770797152737 0.4855460802976799 0.48683884434996816 0.4809826056403369 0.48991694818023324 0.4914613113477396 
0.9008153985374598 0.27088094805979107 0.5006622784680863 0.4963559538856081 0.49075445210565644 0.507818876104996 0.4973159089674476 0.49432608171290104 0.49444788093511693 0.5091351992885558 0.49975017930967436 0.5003442806426923 
0.3064913673086197 0.37291881312823993 0.47704823136021146 0.5048986747714563 0.5260588308902754 0.49614234565318127 0.48450723719622457 0.4945461763106521 0.4866259718420563 0.5002141691854114 0.5192073331085618 0.4785858668526838 
0.9475215958929071 0.26275837083947184 0.5070075113956832 0.4966815677112636 0.49016209141592 0.5042519602472747 0.4789622811072393 0.49951871781084206 0.5023878823793473 0.49997462209983895 0.4984302670183866 0.5101597285652926 
0.42512417735551844 0.22641623716949855 0.505204074270238 0.4945160948371844 0.49328069711754496 0.4946399318163558 0.5045041486249338 0.49803816094818854 0.4829497517347501 0.5026226066154487 0.5057852214357375 0.507157784049915 
0.2843080411369574 0.9062048063864246 0.47762563580653417 0.5072385694692012 0.5018186395839302 0.488661922102516 0.5000195297081468 0.5129108496010035 0.5352263399632837 0.49702120902729047 0.5043972423362805 0.500190545117246 
0.5929579961464567 0.36167898557557326 0.501426784129327 0.5050723689616872 0.5273406477545151 0.501040382370292 0.49176515490078726 0.5020639172591383 0.5026776302770392 0.5080073761505087 0.5061136611609649 0.49003824965767817 
0.6684073574420972 0.393249931838823 0.5011688441193287 0.49948922062153656 0.5034610351626752 0.5002243533077756 0.4841064492670588 0.5078988323043286 0.5036896725152584 0.517237009477217 0.5020519674941629 0.47351595332091256 
0.03739923335573695 1.0 0.5014615235259621 0.5048275203182766 0.5010293825498762 0.5123458367803704 0.48830098708063197 0.5228911786455558 0.5103013028477053 0.5005950731793449 0.5163802788498688 0.5018824494816786 
0.9378950941143676 0.302513523991248 0.49941917502632016 0.49888875026623936 0.5054608617520576 0.4926124249064999 0.4936155816636677 0.49182590169246765 0.5008402838297104 0.4975538040180438 0.4990666095877354 0.4928643374972534 
0.5092784453094672 0.7947720110460013 0.5041609511287479 0.49395004341262855 0.502098632439536 0.5174218882183264 0.49422509839985007 0.5078788204601008 0.5096164926119439 0.502028652314472 0.5116074008790246 0.4932999510446058 
0.7735351589515878 0.3891190646605694 0.49522321099510824 0.5026454913691161 0.5179252298505299 0.5080925923883892 0.502551216557948 0.5021152388063083 0.4943259383547058 0.5011923263902709 0.5005553260808264 0.4969484255196917 
0.4252574535178587 0.11320811858474927 0.4980158640262314 0.49129943979516555 0.5062338744347772 0.5047010935640768 0.5129308479179793 0.5025817578088998 0.4866462690291786 0.5135480006443702 0.499340871540729 0.5079007074213353 
0.29032991254881096 1.0 0.5279833108491416 0.49914478928829925 0.5105117586866942 0.4889078867749167 0.49649089576198924 0.51236223866486 0.5382389914310569 0.5198404084178793 0.49997465458573787 0.48951962514849007 
0.8821322045729414 0.5299816858884518 0.4955900760614179 0.4978320169925229 0.49487960976679163 0.5096056650706724 0.49280076855099775 0.5013879906151913 0.49718731737376604 0.5014322479762006 0.5037982506391181 0.5110626117579145 
0.9999685793994613 0.3938563635778579 0.5058539822494498 0.5023005096375999 0.500402318789582 0.4983091532831108 0.500434172945916 0.49244156342379153 0.5011039888054445 0.49739505270258044 0.5008760303244735 0.49364152362160796 
0.8002937779559626 0.21389296091006876 0.49837617686313657 0.48792508332514095 0.4954754094690144 0.5028052943380081 0.49710091690665703 0.5068948096483199 0.4958852663289892 0.5000037994047177 0.4975505266986041 0.5071068602334191 
0.41996942990991326 0.3060629669114696 0.502923321284221 0.5005736812011361 0.4995582024452502 0.4979451016343487 0.5189508384166948 0.5133540421900145 0.49872161493237915 0.49753994271012847 0.5018450676732678 0.5149580641775449 
0.488558022486067 0.5650705461563179 0.5066677691702506 0.48072071509204484 0.5003733749616794 0.49031804216885455 0.4954855187566603 0.49632607949073265 0.47619829098900324 0.48917057735903224 0.49958944447157055 0.5086268979134233 
0.3320819166195545 0.0288176934864878 0.5048646042600222 0.512657620212517 0.4947302101748322 0.4999494348767977 0.51978071206286 0.47775829846560774 0.4894680542164716 0.48818285380882553 0.5027359105780501 0.5112550938586083 
0.5194750203534655 0.11522850451800176 0.4954564389579201 0.4936473019277994 0.4866440648901019 0.5065170327682796 0.4944126737066238 0.5119204642082829 0.5143424808442236 0.5029417921503887 0.5061204194720444 0.4911726324856239 
0.6657666549983812 0.1622288390516184 0.4866409662082945 0.5107518426833201 0.5255938861579142 0.5056119294638276 0.5082276667800778 0.4932547076273094 0.4997082364939166 0.4898386910043186 0.4870058233862565 0.4715607789028593 
0.6059843549136963 0.5766596411292138 0.502507113710462 0.513205615619615 0.4971114005530581 0.5212223753055292 0.480308969881601 0.5047951430001361 0.5038019564176944 0.48858194768948493 0.49009532185793403 0.4994416571957361 
0.4620090920249469 0.078051788723255 0.5173996066797116 0.4973147092718659 0.49625280052911347 0.5022502674843154 0.520939984281632 0.5016442147296059 0.4918664408834518 0.4945126198072111 0.5036102057370947 0.5013779594904411 
0.5193383868900694 0.7153405573564097 0.4930301382114617 0.5091268777254683 0.4978168660327965 0.5008348126274573 0.4720938218698828 0.5164377531243557 0.4916900497761383 0.47127186522831366 0.5163938629910689 0.5107336767598532 
0.29516147493861034 0.0969205117956255 0.504851097176931 0.5026435633683246 0.5000969590668818 0.5098075694039306 0.4869040981735269 0.4669508054807153 0.5261770840718687 0.5104317588950511 0.4918796482938227 0.4996139411016376 
0.5348595911372873 0.502228715393031 0.5000045712165347 0.4975205588397382 0.4843839068987511 0.4893757271910777 0.4832006491948364 0.5112365409734665 0.49665735266286154 0.4875074554147257 0.5146787773982192 0.5163645825642879 
0.8666970020496734 0.5429764016740334 0.483696289218311 0.508518802697368 0.497645336390524 0.5113200688568754 0.5065334798069784 0.4999797673135732 0.5049224849893303 0.4967865138938957 0.5052858834385373 0.4922989085406776 
0.7219753067452717 0.24640634762020752 0.502701709959714 0.5047100700251912 0.49169209067744674 0.4989349248423963 0.4934866617239186 0.5060272663928294 0.5066339442184962 0.49207190458191197 0.5033514050755705 0.49756900775697094 
0.5579524047874544 0.13950591899356632 0.5073096087532596 0.49084638728674035 0.5173147633476122 0.5046110091387966 0.5019152062620025 0.477671900335251 0.5106546404896438 0.47791196708860695 0.5120572555189139 0.5273331713965181 
0.546022306959846 0.46682941954520807 0.5091494339361361 0.48367105863301896 0.49562984482933864 0.4941162234807325 0.5057009607603732 0.4951757460959404 0.49302744175103175 0.48406495027933727 0.514169945961354 0.5150007527812865 
0.2745770227758093 1.0 0.4889238322019247 0.512968643238954 0.530336966520981 0.4924653823946446 0.5068841868519831 0.5156990813863158 0.5314416300310292 0.49946171647890236 0.4992797184224276 0.50628183024535 
0.545535018626883 0.585579983915915 0.49764932164078024 0.5151165545137575 0.49587782675700115 0.48904234486885234 0.5010497809184146 0.49520519643147487 0.48239637798432033 0.5096815788057156 0.5034408689829076 0.49177010230239204 
0.22997852694014914 1.0 0.5308142200215304 0.48990356414465286 0.5135954317765419 0.5176813343392852 0.5066489042262512 0.5172080283664702 0.49949254264644116 0.4803657744044656 0.5080667332344513 0.5155389090697918 
0.5611418291093709 0.12670290346094693 0.5058041745208599 0.4980474952711814 0.48920176259210935 0.47970174236823976 0.5060242681084776 0.5155895677695211 0.4938065501663899 0.4923864929157935 0.49430429259362973 0.5011253314044488 
0.6348959370173424 0.4435366957037354 0.4943919676907405 0.4728191836703403 0.49196648706938806 0.4905459447155311 0.4907803203155876 0.4946537874494953 0.49355248564906773 0.5014599679057363 0.48773535512994637 0.49884240688088144 
0.7386605242533475 0.3856321221039699 0.49555144999161516 0.510344002806802 0.5160643928564785 0.5081094149893113 0.49940107726783833 0.4953765346531341 0.4964779404785463 0.49013912801571374 0.4995565820741286 0.5014368337351099 
0.8686711056578142 0.4450110262731573 0.5069909698879809 0.5058337916865595 0.5015082783373006 0.5025896996856123 0.4955587565577757 0.4906450968880278 0.4923358106496282 0.49604502495473096 0.49597252484227594 0.498436628563661 
0.11003561966354819 0.0 0.5084675409982514 0.4939193029994012 0.5119218572199026 0.47132316857150913 0.5204112121952362 0.47750399065188576 0.5058966240907674 0.5008918941484397 0.4927900154339679 0.47987128555157677 
0.962231202723733 0.3087997135773045 0.4909654672513972 0.5056651016366832 0.4931007421471154 0.5048430192180797 0.4978163746947443 0.4878386496205534 0.49328380469214983 0.4985846942206571 0.4992801119832329 0.5046270397894623 
0.22626533492234546 0.026074444063613172 0.5190248939082602 0.5055916761494232 0.4981793143626944 0.5323604453640025 0.502814897359136 0.453818082532451 0.5235023518685903 0.49293766578604076 0.48176303125841174 0.5076404573008255 
0.2300289288583635 0.03761189874854697 0.5100751009659954 0.5028618491998817 0.5014901506784137 0.5037868219818336 0.510937034018557 0.4790420225151763 0.5061759588168833 0.49892789632535195 0.502785411018579 0.4728948071210411 
0.5744862179296173 0.20085147903697204 0.5046490716430686 0.4995572720735306 0.5218417023419128 0.49150527216711937 0.480462203911143 0.4895746390208355 0.49394924303133897 0.4909046150304626 0.4900219185755657 0.4851199967036953 
0.5220279593873501 0.0 0.5037694886869506 0.49984491202569414 0.5037811999056516 0.4926434101143149 0.5096066010809293 0.4929121123153393 0.5054954880304111 0.4719375808148237 0.5042105185223547 0.5204444943963339 
0.5203561639488106 0.0 0.5162157398355602 0.49863013627968167 0.506133863387637 0.4986449163948462 0.5000635904449373 0.49605843709460534 0.5126199686625525 0.5208235912148481 0.509562334031048 0.515048848410266 
0.744289599057724 0.16854862078332272 0.4905662572885961 0.5161409282320943 0.4921689830323549 0.48069285490598573 0.5176689000664336 0.5073168901424197 0.5014051301344042 0.480527949191149 0.5221176168110919 0.49691226597179633 
0.7201702948888081 0.3568743881693134 0.4973536902095993 0.4856575339274839 0.5064667736067603 0.4993729830315875 0.4982903590366512 0.4956186661613628 0.5090442055721682 0.5154597934185811 0.4873801258034386 0.51684359232423 
0.8460036460556033 0.3491654106344577 0.49947692303846536 0.5032935406523642 0.504636302671901 0.5005910380198137 0.49271981457092695 0.5056477641221726 0.48845966841166083 0.5019343079448091 0.515268826018336 0.4829245296895861 
0.18476032474300272 0.175063064450585 0.504395306526197 0.5051705369011916 0.5102324281311188 0.5062587406733046 0.49600908238078834 0.47166627321975363 0.5252791677665839 0.484890535342512 0.48137289642298725 0.500003777808931 
0.4151814207375794 0.0 0.5217094091147719 0.5069398963562988 0.48289669460041323 0.5012571452615322 0.5117398696682912 0.5193286394989851 0.4965513212059514 0.49685409849831963 0.48102305776347054 0.4886129897015153 
0.5813835900115032 0.7875686196495113 0.49042873890610916 0.5267485945525721 0.49107013707525615 0.5082852933335382 0.5032712561773547 0.520302240209055 0.5082950529677343 0.48725214628033175 0.5144092381709358 0.49250323974811083 
0.36690755273091824 0.012294703857365752 0.48257231745749174 0.4834724531707669 0.48694092495972136 0.5150008968985609 0.5466447991327115 0.5006231556452624 0.49316477967866423 0.4925382061301563 0.4936878058647228 0.49687527189204506 
0.2713454942079404 0.022866806967660483 0.5059407268335429 0.5181257448334115 0.49693175316624727 0.5200736613435685 0.5216631483927551 0.49032821430395523 0.5160271807522783 0.46866959220146975 0.4887125658814477 0.4879296279924049 
0.29107459609094233 0.7444404426863573 0.5210129874457632 0.49428717006440215 0.5003746635718948 0.4945178795719756 0.5027406184396706 0.5344948697871081 0.5037250522490162 0.5051458749565251 0.4987646899159582 0.500466516172574 
0.44243166219038205 0.371917539226366 0.5102266752346736 0.5212374288173224 0.5131165586901134 0.5008693353770788 0.5263718046227905 0.5190962363727043 0.5081415665809192 0.5001522299725862 0.5008482748113835 0.5066676686299108 
0.6634275677065581 0.24891572987949312 0.5193737808116101 0.4903548302285584 0.4794643323769785 0.5147133294137902 0.4814018953671637 0.47905121563673897 0.5134785297773483 0.5117401665380148 0.48265645809966695 0.5181846497592422 
0.9504640312334292 0.1708469259346947 0.5012474398322875 0.49768730522709936 0.4936982150788888 0.4961751494895348 0.49263438624566447 0.4943448953186812 0.49156631559442676 0.5072397770112818 0.49838233204011584 0.4991311878268505 
0.4948710089048429 0.10086336402055229 0.5122435111184064 0.48977667890105786 0.5114451211360973 0.5130578055212184 0.5043318809885724 0.4911233311479183 0.4992815941074639 0.5209274375669803 0.4926745773086173 0.5150726822888401 
0.8706674497674096 0.41691803226533164 0.49160331348731406 0.5088174785827906 0.4994955847273871 0.5026350553505808 0.49027596827484204 0.49255124840569386 0.4902698794803376 0.49902753837611097 0.4975753197939593 0.4965932523586126 
1.0 0.4738458048281998 0.5004877779285228 0.5025514588058423 0.5014588909835115 0.4990123441747786 0.49308973276528706 0.4945133968719257 0.5035168322631334 0.5039917622116565 0.5047208068982147 0.5029471469300657 
0.8441875409312602 0.38838731962795175 0.4984879766438832 0.4991820151318796 0.49400652188216143 0.49461255743695653 0.49438880203051283 0.5100567320253446 0.4864994546312544 0.5044248133689629 0.4831481470869162 0.5027693704897271 
0.35155210242152807 0.6805027423373382 0.5152329200229555 0.4896044718555531 0.49324594001318983 0.514092746204096 0.509363166741671 0.4919115732391569 0.4845207030930363 0.5013176505453985 0.5073307410751854 0.4772873296093628 
0.644704041342868 0.4796358175164149 0.5100044999919315 0.4958654900807996 0.503429821904467 0.5062849177059439 0.47745164337453716 0.504329918517269 0.5021323541156613 0.49955106809641703 0.5144257665078978 0.4990511104911838 
0.4990006128129373 0.7459468797894409 0.5123995649593519 0.4963876865703137 0.5049462016495616 0.5094253554288641 0.4880034103608998 0.5033430926456385 0.5209930332381081 0.5012104433273843 0.48775119515686094 0.5138990503681258 
0.9561837597931373 0.25445029594901997 0.4942927701596249 0.5073962313098661 0.4926761572015385 0.49993711804943064 0.492494828273453 0.5005584682245656 0.4900870183062396 0.5046581521213336 0.494657309083014 0.5037092278463897 
0.30140160015445017 0.7369790039239816 0.47367994688874926 0.5045692487300872 0.5050340515202267 0.49417232064831595 0.5094485950379142 0.5094014437294596 0.5189770220153601 0.500266539233824 0.5145108675763934 0.48913805693121354 
1.0 0.10872080288674804 0.49327012249149843 0.4951470793291435 0.49575181985833694 0.5005420841763448 0.4946057260622351 0.49716646889452076 0.4992875844067356 0.5014103529099792 0.5037261909257428 0.49600515096815057 
0.8157255340261456 0.27347206843021554 0.5011291074764233 0.49640445103050035 0.49457741842476444 0.4915298352563239 0.5036789161205921 0.5018726360850216 0.4926295614285082 0.5163348072623054 0.5045294592346586 0.5141864854391038 
0.8146642597083357 0.22440133243796315 0.5117551652798566 0.4911686176310254 0.4852680368466512 0.5077092601505808 0.4961645764524538 0.501400819028367 0.498943573862121 0.5017927183089919 0.5003897995213935 0.5018674965985082 
0.6819910233259696 0.28944587924904747 0.4957333726967156 0.5010530764001783 0.5281465505837246 0.5070890830652539 0.4785196077352955 0.4951442597217507 0.5063209291211626 0.486668091893295 0.49754227843714316 0.48570431833279953 
0.06282045266920856 0.6451359628464579 0.5015001651270787 0.5101759846034947 0.5048787373855649 0.5036636833656423 0.5181174538554743 0.5089861051408907 0.5021496324303271 0.4974534349418849 0.5040207979130635 0.5063001544957446 
0.16344020912736024 0.0 0.47170465537996686 0.48187406085666473 0.48794405058937174 0.4842375176653154 0.5060325965532662 0.48509840682780603 0.5127186899652934 0.4405103608349831 0.5148762979001031 0.4973431588432414 
0.44864290147530617 0.598990085846955 0.4985362517759031 0.5031262895006066 0.49956783958104767 0.5058547785746086 0.48615777288296735 0.48765950066672525 0.4820687818833317 0.4979668743388625 0.5018496152493379 0.49820239720364956 
0.583080485765335 0.4130720918451164 0.501615353081353 0.51422527071326 0.5057806178715686 0.49032109711574384 0.49585984487549795 0.4939214859101263 0.5007859876586557 0.5054645310019539 0.5034087018005149 0.516236599520814 
0.33905579777430217 0.5224894019613298 0.49091988251909585 0.500881756548756 0.5078231846898471 0.5008643715355625 0.5128095542694793 0.5066921947593719 0.5014372876099014 0.4860684658129815 0.5174346511192984 0.4857581474224737 
0.41347488079787 0.0 0.49908566819021205 0.5071237544053807 0.49924112788656383 0.49306327440753184 0.49726908837720507 0.4795327017156356 0.49678212087785295 0.47402991504755687 0.49987838372558946 0.5093751557078439 
0.7656919057598445 0.4745606338489006 0.4999808045677016 0.5192143209321789 0.49037376014766026 0.5044060140542379 0.4957668856193015 0.5060096491289878 0.5001802653128173 0.4971135523748873 0.49776407130596934 0.5052216023310208 
0.039695527091482045 0.246095795775706 0.4948995805414365 0.49880570888039627 0.5024322684329547 0.4890772318774468 0.5055274222980003 0.49817626937202497 0.5034793116794212 0.5037330745329842 0.5047416369503117 0.5060643434810181 
0.962231202723733 0.3541997245139839 0.48950705137589823 0.5033212022116014 0.49582567174809133 0.5051044793492361 0.49693176743548195 0.48949762184798173 0.4970698964800719 0.5007070336402633 0.4920213379997519 0.5071609555481142 
0.44887862914249277 0.05809927097335063 0.4775872614448523 0.5016869997891582 0.49721158918431396 0.5012657274249139 0.5245002504833461 0.5106743606858412 0.5021149575810014 0.5061517992023119 0.49986788484574307 0.5119214792608111 
0.5948033657591778 0.050696334204962445 0.501084143287533 0.4923611386963305 0.5044055114811002 0.4806251493430409 0.5063496380617978 0.4982037663703155 0.49932290572395593 0.4954335648862478 0.5010034914072005 0.49031004728902633 
0.07793840438872154 0.5210463706482383 0.5058827924972037 0.496575582248533 0.4912380523718388 0.49808616967103325 0.5119208725881905 0.48530798337022296 0.4950734100245724 0.49210369220804595 0.49474943600129273 0.49508081561646794 
0.4555058052328255 0.476265549823193 0.49517663198547535 0.5149205266943291 0.49849834806672244 0.49448897518525736 0.4922691082743312 0.49539978646901506 0.49753477966013554 0.5320226065180155 0.5058805703898169 0.5023697749165184 
0.9380237940717902 0.4020873128451592 0.4890398385057614 0.5024027725015128 0.4907402763863673 0.5039547180599048 0.49658550136414115 0.4874155122952063 0.5012695490726586 0.4973264454179993 0.5019133899731769 0.5059166198730913 
0.24546991134701007 1.0 0.5113362061193787 0.5183381133478979 0.504574055073977 0.5104374050493283 0.4889559527375442 0.5108896113991407 0.5038203692177268 0.49131306495859073 0.5232071184355536 0.4789821399102011 
0.6527423390226484 0.5871119100831155 0.4922783240201141 0.511081500861924 0.48269627294837786 0.5031462981628805 0.5060139448490113 0.49902481904775847 0.4883012797600781 0.4702332510200585 0.5011635395331145 0.5011300580564937 
0.12347926716869509 0.0 0.5005256336129484 0.4773182799398581 0.48762406944818204 0.48196909439596214 0.4992680593516134 0.4844458113205355 0.49694348771736 0.49198840917685566 0.499385635527098 0.49876522911200094 
0.175049528339135 0.9940216873693677 0.5126382922430717 0.5279282780350664 0.5144533356302187 0.5130802981381521 0.4931470738663157 0.4823314214418709 0.4991361415421184 0.4921913873395023 0.49456541059126513 0.5076607739225883 
0.756491345677612 0.49433568830252456 0.5027967916100883 0.5086582843589048 0.49529726915911315 0.5152902572832844 0.48271575715763504 0.501883060628828 0.49740908992255456 0.4834316537852874 0.5036856232916638 0.5020573518287532 
0.422650685590115 0.04846941721803251 0.45891861108201903 0.49762373054957754 0.5005167571682804 0.5339968972815833 0.5077632216329524 0.46358149214458894 0.4894586537487481 0.4859860548771246 0.4766360188912827 0.5089363905897655 
0.6340764615461072 0.3940330585667479 0.49538797376279353 0.5003411384321469 0.4859102950134976 0.5062568814093227 0.5077078871525309 0.4895343247657653 0.49671719330008773 0.49445727535485595 0.5003926403054955 0.5111723553723252 
0.7991419164007405 0.26283254596455824 0.4988883482730696 0.495561794000968 0.47443406161486007 0.4955506649281784 0.4818966174776607 0.5079935628877028 0.5071386208362634 0.5093490357972581 0.5056850896306808 0.48282193229708126 
0.3343663610628716 0.7242340021954617 0.49960816292850696 0.4940219762326787 0.47447275778748393 0.5070883124062951 0.4941723840914609 0.489145811620254 0.49705881155337106 0.4981360740443087 0.4992731133460472 0.5020475720034302 
0.36164595066955746 0.2198573113984092 0.5128646008383482 0.46965958083191744 0.48716453002645854 0.5056741346713853 0.5123740789666871 0.5048619662038287 0.49355563560902305 0.49913176739197895 0.48902819661264757 0.5160634512285522 
0.3418097404925152 0.0 0.47897257527627624 0.4757108249183585 0.4811622331290548 0.49253742069970313 0.5001178425058618 0.4885899129978447 0.47189636752097064 0.50005798033645 0.4963923911381579 0.4964411177521456 
0.776007562276246 0.4372281553858261 0.5078043588249755 0.49101508923606485 0.49115536757039 0.4921264606004208 0.504227667794554 0.5075400482027808 0.49697299694051134 0.4954651508280948 0.5121190870230343 0.49128480041358524 
0.16979794969594447 0.0 0.5147692179533494 0.49803643224302435 0.5162805046601759 0.4762405209564548 0.5117735326000562 0.4797404254977424 0.5037366513816024 0.5164346858185838 0.5066567379192153 0.464919110311671 
0.44505329273251676 0.4627939990658929 0.4944403528877615 0.5020267172277935 0.5007575728900545 0.5009065027108979 0.5036809939449167 0.5045963616616482 0.5044927843517151 0.49594494320109683 0.49043138207499926 0.5280990873367708 
0.7383308202832101 0.425605038235919 0.5000752409098438 0.49715790914319435 0.5008820213829367 0.5073316201574359 0.4905030580971431 0.49086977843018587 0.5032266477473614 0.49944572360193423 0.4955328745475512 0.5094504720764916 
0.08671567136097362 0.33924722025636617 0.5024335933092363 0.49349051538162725 0.4994569805528949 0.4956084703331185 0.5073132942794394 0.49929922187320197 0.4986774575191098 0.49667162007800797 0.5004490272509432 0.5022522244248837 
0.3096778751165854 1.0 0.5080916578661092 0.5171087953830074 0.5045515004164991 0.4955747923086099 0.4992818819645505 0.5288114472149242 0.5298026745727407 0.4937867336700068 0.5028705507213928 0.508386110677972 
0.8344334620297804 0.3664733634280365 0.48642039390977765 0.504509695481578 0.49870690379245397 0.49605459289533893 0.4929056109847193 0.49126769080439603 0.4919867673387196 0.49386981803698393 0.4975369758714554 0.4918672874176678 
0.5058691766373637 0.3385941124348927 0.5018522996888315 0.4859267401714088 0.4841078476227605 0.48058201997980865 0.5043344050430874 0.5001619997557367 0.5030956742593373 0.488044798376187 0.5006226355180601 0.4968847585493841 
0.2045841356975234 0.9948568322213609 0.5081218673705535 0.490114279431201 0.4889370905065888 0.517625020540398 0.48806254002895444 0.507288305778826 0.5196300877811095 0.49458609986976143 0.5146984410093374 0.48348153845845304 
0.44505329273251676 0.4627939990658929 0.4944403528877615 0.5020267172277935 0.5007575728900545 0.5009065027108979 0.5036809939449167 0.5045963616616482 0.5044927843517151 0.49594494320109683 0.49043138207499926 0.5280990873367708 
0.2627713843485547 0.36477127062055636 0.4745942780018292 0.5092560029669398 0.5086794672299253 0.5081596094793612 0.4964509515997009 0.4888883664647606 0.5024597478095737 0.4975703927197149 0.502348799563644 0.4895529974577045 
0.9573217851679812 0.3670221315733677 0.4969617143781114 0.4975839765926203 0.4914054083902678 0.5035948128074706 0.49046303793067325 0.49981380359738675 0.4915711041779989 0.502173324628088 0.5028378822299642 0.4943910710095779 
0.26104505943965944 0.983393884375649 0.4971782974426038 0.4901911184450797 0.495764336472391 0.5121604503596848 0.49280172953713086 0.5195607232369572 0.5097523777440935 0.49566569524700327 0.5252706485782876 0.5014436523010068 
0.692761608130706 0.14799381131429168 0.5043680659667978 0.5100772076081797 0.5037532749689916 0.49472657921239105 0.48710793723810963 0.5160342293119196 0.5003865148377814 0.4863431295324448 0.502093841432565 0.4954794193876393 
0.9999685793994613 0.3938563635778579 0.5058539822494498 0.5023005096375999 0.500402318789582 0.4983091532831108 0.500434172945916 0.49244156342379153 0.5011039888054445 0.49739505270258044 0.5008760303244735 0.49364152362160796 
0.756491345677612 0.49433568830252456 0.5027967916100883 0.5086582843589048 0.49529726915911315 0.5152902572832844 0.48271575715763504 0.501883060628828 0.49740908992255456 0.4834316537852874 0.5036856232916638 0.5020573518287532 
0.9237238319243105 0.19560865052671877 0.49225412155711473 0.491051234395423 0.49902926044210455 0.4934945732234681 0.4970384686828091 0.49117764334331465 0.4902441407464181 0.500453363840651 0.501664427619774 0.4990129513585991 
0.7201702948888081 0.3568743881693134 0.4973536902095993 0.4856575339274839 0.5064667736067603 0.4993729830315875 0.4982903590366512 0.4956186661613628 0.5090442055721682 0.5154597934185811 0.4873801258034386 0.51684359232423 
0.15589079635348368 0.785562355479746 0.49138082763003477 0.5003328648822504 0.49956143468901687 0.5050547026681258 0.5061147507771057 0.5050387393372904 0.5063657710123096 0.49715211978088036 0.5010458044388886 0.4967455302718524 
0.865289679995442 0.313866922327516 0.5112201865703766 0.5020495604693574 0.49934574659565245 0.49760596239144306 0.5077786131265449 0.4903697299756574 0.4955410343246248 0.49079834319350424 0.49703125375073215 0.4843359003131501 
