0.49993473445730807 0.5001663956077816 0.7076701454950736 4.5451697604362964E-5 
0.4978498724810189 0.4978675042986081 0.7038713438574087 0.09599090047017717 
0.4868559341384532 0.4870488716590185 0.6883265622241003 0.2292815881874431 
0.4608104953539558 0.4614018352807168 0.6511353697755037 0.39075334867073475 
0.4082036497119058 0.4082150666881129 0.5772797276412343 0.5775081346881518 
0.32319965218733626 0.3232073675368319 0.45708975415935676 0.7630063566928391 
0.21308432516553386 0.21309296613416698 0.3013641150238345 0.9046647189590721 
0.09847366754702881 0.09847775524891467 0.13927184062465217 0.9804415587469543 
2.8474777058899297E-8 2.847545928167382E-8 4.027086576543038E-8 1.0000154000649881 
0.7329284108311999 0.24320075203667618 2.3357251510277046 2.8485714549688517E-4 
0.4966359124313747 0.49667294738603723 0.7023187238941863 0.11627625247706398 
0.48128945909893006 0.48138074501600087 0.6805830547626901 0.27144825071187745 
0.4419287802060475 0.44194414611589006 0.6248768046514414 0.4681343260815613 
0.3639560840487367 0.3641042240879367 0.5146045454219081 0.686079367149569 
0.24616572783242452 0.24617735942510338 0.34815692765176265 0.8704315228721425 
0.11435363256595847 0.11435700178096268 0.16172730549154854 0.9735147123546134 
2.8474903722332566E-8 2.8475311246348076E-8 4.027044089165206E-8 1.0000099370114968 
0.7388208948123387 0.2299336324573228 2.512986778781535 0.039792173405661185 
0.5626810986384049 0.45085408508928887 0.8996130623965288 0.17732310444535943 
0.4715601109473211 0.4716172767184282 0.6668410727219841 0.3327106045184564 
0.4082036497119058 0.4082150666881129 0.5772797276412343 0.5775081346881518 
0.2886664240795223 0.2886753296655018 0.40825586762958194 0.8165218474366882 
0.13592669636977062 0.13593036717770376 0.19222645670249755 0.9623584105930705 
2.8474813007649937E-8 2.8475413277427865E-8 4.0270808226565705E-8 1.0000145973483463 
0.7360964726134238 0.2362262927242749 2.4337028354108545 0.03849016273389079 
0.6219622442515086 0.39133172644785463 1.173444095116007 0.23796817612869384 
0.4494437241190019 0.4468377683410898 0.6372856087710501 0.44685737841361023 
0.34300344657083076 0.343015411058775 0.4850695885072537 0.727633864724815 
0.1665923629431456 0.16659657555426496 0.23559463278893816 0.9428800767163794 
2.8474789245597048E-8 2.8475437484774342E-8 4.0270810777366455E-8 1.0000146329342057 
0.7388208948123387 0.2299336324573228 2.512986778781535 0.039792173405661185 
0.6411555222217771 0.34241815852016544 1.3699335113429676 0.4339519805615386 
0.3536397662608247 0.3536561084480887 0.49997984615168994 0.7073201998392974 
0.2130258490435824 0.21303191528134038 0.3012780821325168 0.9047162669219625 
2.847539437313509E-8 2.847593571228642E-8 4.026991527225058E-8 1.0000132011184226 
0.734989005924353 0.2379999797864148 2.3858227251289903 0.04866905684215238 
0.6206073309329074 0.29899197897913654 1.4352158876672845 0.7463493217383956 
0.18567108786326356 0.1856756474811893 0.2625902169741506 0.9285138830297824 
2.8474799050499096E-8 2.8475450052827453E-8 4.027080554715848E-8 1.0000147644180362 
0.7240167047500272 0.2351830136432958 2.3675184275790575 0.4347143175453181 
0.15808005782039122 0.1580808761629965 0.22356658332741927 0.9487250746230144 
2.8475391302153792E-8 2.8475942893588162E-8 4.026991576226115E-8 1.0000132432907396 
0.13715988160497813 0.13716098299075072 0.19398378964417354 0.9616706048459163 
2.847540722977663E-8 2.8476011018484515E-8 4.0269888741293225E-8 1.0000136457561655 
2.8475469537303438E-8 2.847622046277466E-8 4.0269967038452346E-8 1.0000170038245018 
0.24382202844670783 0.7325398869088726 2.3192302879269655 0.0036587910421208647 
0.49664035198978695 0.4966890285525946 0.7023204813022573 0.11627759914822496 
0.48128945909893006 0.48138074501600087 0.6805830547626901 0.27144825071187745 
0.44190499306356074 0.44199135772787634 0.624878871383659 0.4681413056262014 
0.3639560840487367 0.3641042240879367 0.5146045454219081 0.686079367149569 
0.24616572783242452 0.24617735942510338 0.34815692765176265 0.8704315228721425 
0.11435363256595847 0.11435700178096268 0.16172730549154854 0.9735147123546134 
2.847478942294497E-8 2.8475437305244475E-8 4.027081076485897E-8 1.0000146327597155 
0.49834211884954177 0.4983783244509261 0.704846774450521 0.08114627582890917 
0.4954297490139494 0.49561992905347685 0.7005032174442214 0.13678882330176265 
0.4715601109473211 0.4716172767184282 0.6668410727219841 0.3327106045184564 
0.40820453606571744 0.408217947855249 0.5772808246871939 0.5775100159715365 
0.2886664240795223 0.2886753296655018 0.40825586762958194 0.8165218474366882 
0.135922853255138 0.13592616059878332 0.19223142843723176 0.962356607655356 
2.847539437313509E-8 2.847593571228642E-8 4.026991527225058E-8 1.0000132011184226 
0.6771796012386488 0.3376068745602839 1.5325987396603675 0.11317973522559881 
0.5594051541899312 0.448488020743002 0.8979880895879752 0.1975040400616981 
0.45229373453749466 0.4523264882630085 0.6396130829655443 0.42641106304636606 
0.3430000587757239 0.34301005274504404 0.4850688316881825 0.7276286585918162 
0.166591671695429 0.16659464451828035 0.2355941160620955 0.9428753322789417 
2.8475442607239492E-8 2.847593607930553E-8 4.026991535771794E-8 1.0000136288794959 
0.732579158088059 0.2440370214778977 2.340553904533656 0.037150100097020695 
0.609095311149977 0.38301153718092124 1.1452945114112112 0.3784717264616987 
0.39988216196818027 0.39989674391791097 0.565510118863829 0.6003539841014998 
0.2130258490435824 0.21303191528134038 0.3012780821325168 0.9047162669219625 
2.847539437313509E-8 2.847593571228642E-8 4.026991527225058E-8 1.0000132011184226 
0.734989005924353 0.2379999797864148 2.3858227251289903 0.04866905684215238 
0.6173645751408283 0.32910183367237456 1.316165291625131 0.6218604977592735 
0.22354746243998744 0.22355497071208444 0.3161590741343612 0.8945042482782193 
2.8475428935491757E-8 2.8475910364762223E-8 4.026991642115853E-8 1.0000132962822417 
0.7240167047500272 0.2351830136432958 2.3675184275790575 0.4347143175453181 
0.18566937820030507 0.18567903670331432 0.2625964234353683 0.9285269562231764 
2.847540722977663E-8 2.8476011018484515E-8 4.0269888741293225E-8 1.0000136457561655 
0.15808005782039122 0.1580808761629965 0.22356658332741927 0.9487250746230144 
2.8475532904274596E-8 2.8476146367339882E-8 4.02699657718482E-8 1.0000168938907394 
2.8474893221379728E-8 2.847549169460954E-8 4.027092182764262E-8 1.000017400569206 
0.2328820396621894 0.7374145486855868 2.4483069246419946 0.00384315961685014 
0.4497968118602626 0.562568165155382 0.8974195469778362 0.17866535698372643 
0.4715596551908664 0.4716168114461741 0.6668417058446514 0.33271059997204255 
0.4082032693248245 0.40821540820075997 0.5772803010186035 0.5775084077367113 
0.2886663837946858 0.2886754042927653 0.4082560673833883 0.8165220714849662 
0.135922853255138 0.13592616059878332 0.19223142843723176 0.962356607655356 
2.847483819990223E-8 2.8475506559723475E-8 4.027085939876026E-8 1.0000162728800122 
0.3384366414560047 0.6787011244692985 1.5229436913935481 0.0011592076941450069 
0.4497968118602626 0.562568165155382 0.8974195469778362 0.17866535698372643 
0.45229350799804074 0.4523259185588306 0.6396129748327745 0.4264108393243899 
0.3430000587757239 0.34301005274504404 0.4850688316881825 0.7276286585918162 
0.166591671695429 0.16659464451828035 0.2355941160620955 0.9428753322789417 
2.8474813007649937E-8 2.8475413277427865E-8 4.0270808226565705E-8 1.0000145973483463 
0.48561036731448026 0.48566832936731524 0.6868785188788131 0.23804284815405685 
0.4744127125837889 0.4747376737149308 0.6715779747083537 0.3152973711798239 
0.4082032693248245 0.40821540820075997 0.5772803010186035 0.5775084077367113 
0.21302633861484452 0.21303273108568244 0.30127818477474594 0.9047178069574987 
2.847539437313509E-8 2.847593571228642E-8 4.026991527225058E-8 1.0000132011184226 
0.5941728333777515 0.3961141873717536 1.0752425932100753 0.35911089652029676 
0.5649154173933313 0.3702263714719206 1.03205779931203 0.5636952692472876 
0.2774680971059079 0.2773803339035541 0.39246677532654406 0.8321436584430092 
2.8475391302153792E-8 2.8475942893588162E-8 4.026991576226115E-8 1.0000132432907396 
0.624437156282471 0.31834081575891626 1.3794992397842596 0.6372178874032205 
0.22354746243998744 0.22355497071208444 0.3161590741343612 0.8945042482782193 
2.8475557857431796E-8 2.8476186454070335E-8 4.026995738148771E-8 1.0000173607492675 
0.18567108786326356 0.1856756474811893 0.2625902169741506 0.9285138830297824 
2.847540722977663E-8 2.8476011018484515E-8 4.0269888741293225E-8 1.0000136457561655 
2.847540722977663E-8 2.8476011018484515E-8 4.0269888741293225E-8 1.0000136457561655 
0.2328820396621894 0.7374145486855868 2.4483069246419946 0.00384315961685014 
0.3918743412464783 0.6234451569911054 1.1701866180476104 0.2178809906227665 
0.44713219128081677 0.4471673519909027 0.6324164626027942 0.4475125043917465 
0.34299052528226837 0.3430001684921606 0.4850818787230648 0.7276281460357459 
0.16658816708999805 0.16659225864032595 0.23560050143116726 0.9428797749922195 
2.847484319451756E-8 2.847549336316586E-8 4.027082952673452E-8 1.0000158299659903 
0.242886925582018 0.730802076771564 2.316786750499949 0.17526309836349688 
0.3836702028076865 0.6116668398614548 1.1502491772619594 0.3481652139082251 
0.40002674522743575 0.4015305585601306 0.5689876275425498 0.5999733090348822 
0.21303559907876893 0.2130427588885871 0.301293724849649 0.9047114152719784 
2.847546935608463E-8 2.8476219977678674E-8 4.0269966955434356E-8 1.000016996943642 
0.3976738323504115 0.5977822241957368 1.0786625410589377 0.33455168782336475 
0.3728167420745096 0.5633547564349408 1.0255570375852825 0.5612422121896147 
0.2773848571495115 0.2774597208806416 0.39244360112130316 0.8321161928311467 
2.8474802688720698E-8 2.8475410021396168E-8 4.027075168986447E-8 1.000013776184862 
0.3997987915700157 0.3998143852457036 0.5653903246542114 0.6005785684842784 
0.27741800537554173 0.27741276120389774 0.3923634621646058 0.8320208537714455 
2.847546935608463E-8 2.8476219977678674E-8 4.0269966955434356E-8 1.000016996943642 
0.22354747401722705 0.22355512350310003 0.31615922371027566 0.8945046243018547 
2.8475532904274596E-8 2.8476146367339882E-8 4.02699657718482E-8 1.0000168938907394 
2.8475557866783344E-8 2.8476186474386105E-8 4.026995738489757E-8 1.0000173610520768 
0.23303445159777395 0.7351969991458389 2.432825644950116 0.1832114443721058 
0.34594192146220076 0.6469738161592429 1.3686733319523658 0.39468285261899483 
0.35375780702789833 0.3547830492571456 0.5022153453409886 0.7074471192225087 
0.21303559907876893 0.2130427588885871 0.301293724849649 0.9047114152719784 
2.8474903722332566E-8 2.8475311246348076E-8 4.027044089165206E-8 1.0000099370114968 
0.23033219052050546 0.7344460902739913 2.4539742095284196 0.25441945785452924 
0.32738602954465335 0.615361466947467 1.3108645473394738 0.6210609130571826 
0.22354633550078742 0.22355760841175298 0.3161644135320869 0.8945133131733963 
2.8474802688720698E-8 2.8475410021396168E-8 4.027075168986447E-8 1.000013776184862 
0.31512678610184036 0.6328716846264506 1.4215116191511215 0.6202603496458782 
0.22354747401722705 0.22355512350310003 0.31615922371027566 0.8945046243018547 
8.113101944582781E-5 8.113305516541887E-5 1.1474089997572735E-4 1.0000162793308123 
0.22354731620451912 0.2235553302664556 0.31615940240612794 0.8945049260724849 
8.113101944582781E-5 8.113305516541887E-5 1.1474089997572735E-4 1.0000162793308123 
2.8475557866783344E-8 2.8476186474386105E-8 4.026995738489757E-8 1.0000173610520768 
0.23033219052050546 0.7344460902739913 2.4539742095284196 0.25441945785452924 
0.3017702658728492 0.6419790398730315 1.5080275603781321 0.6572509898465743 
0.18565903028346845 0.18567159744593384 0.26258987992850596 0.9285470870194493 
2.8474914892662633E-8 2.8475429975549782E-8 4.027092580448518E-8 1.0000170983397836 
0.22941181942238603 0.7256962413197728 2.407199694194029 0.453793977602203 
0.18565903028346845 0.18567159744593384 0.26258987992850596 0.9285470870194493 
8.113312156701643E-5 8.113483403592112E-5 1.14738154252195E-4 1.0000162729960114 
0.1856585277016603 0.18567237893331276 0.26259139642040724 0.9285501172094658 
8.113312404952838E-5 8.113483957580905E-5 1.1473815525172681E-4 1.000016302072363 
2.8475500539653263E-8 2.847626014108985E-8 4.026992780227495E-8 1.000017137222278 
0.22914292644264123 0.7131232161150133 2.3309891264315215 0.6231558191574375 
0.1580857755160059 0.15808672688045308 0.22355986196974986 0.9487281698609235 
2.8474864301650516E-8 2.847546739981562E-8 4.027087497143979E-8 1.0000163515858096 
0.1580769633877273 0.15808570586213908 0.2235730875951293 0.9487414795111699 
2.8474864301650516E-8 2.847546739981562E-8 4.027087497143979E-8 1.0000163515858096 
2.8474849905253112E-8 2.8475456285154643E-8 4.02709001767978E-8 1.0000164405711889 
0.13716009693823725 0.13716169424011834 0.19398827219876083 0.9616833405875919 
2.8475442607239492E-8 2.847593607930553E-8 4.026991535771794E-8 1.0000136288794959 
8.113312404952838E-5 8.113483957580905E-5 1.1473815525172681E-4 1.000016302072363 
8.113312156701643E-5 8.113483403592112E-5 1.14738154252195E-4 1.0000162729960114 
