0.5014783448987052 0.5035365355174153 0.7075817751380773 9.320654518986828E-5 
0.49771588751645773 0.49766557946882856 0.7036618843240309 0.09896582705499563 
0.4871219008770502 0.4870790556628993 0.6888054299633173 0.226112790561393 
0.4604962785769203 0.46047552415117365 0.6511536752774527 0.3899295957378071 
0.4082976503361386 0.4082947184952759 0.577401988423063 0.5772633970358018 
0.32346974575261767 0.32345286808155393 0.45739150270595486 0.7627332928351214 
0.21317539296451016 0.21317375526294682 0.30146596945274623 0.9045855892037714 
0.09668331183382384 0.09668010115938583 0.13672385752911867 0.9811503059142617 
5.213540354917264E-5 5.213635427115557E-5 7.372982564270187E-5 1.0000128999485551 
0.7438298290387128 0.22157771132756404 2.6004395055659955 0.023799009236021355 
0.4967512775833382 0.49687048323823874 0.7023087059221347 0.11680868129285314 
0.48119887638603676 0.48118960377092684 0.6804652272953229 0.27195199622366883 
0.441986881956015 0.4419620129126799 0.624959988585062 0.46788730837954073 
0.36380329172357356 0.3637977532399523 0.5144626682092269 0.6860856611611267 
0.24620680958475138 0.24620479020863043 0.3481904060276627 0.87037439225001 
0.11444982024608266 0.11444886512615547 0.16185146641531487 0.9734693302782789 
5.2135403659209826E-5 5.213635541926444E-5 7.372982459184804E-5 1.0000128988554762 
0.7436556924413001 0.2181708846033832 2.641654417360762 0.04615074792256387 
0.561901134758595 0.4503578442011306 0.8985147070929475 0.16156831781503322 
0.47140754652609573 0.4714156004494274 0.6666594803503688 0.3333775491303238 
0.408292421500014 0.40830090213867676 0.5774016000996958 0.5772635404343786 
0.28864225959182127 0.28864729969377384 0.4081996261762461 0.8165617688670306 
0.13606776927495343 0.13606642897294918 0.1924243106211903 0.9622753432354721 
5.213540354917264E-5 5.213635427115557E-5 7.372982564270187E-5 1.0000128999485551 
0.7434768590260505 0.2186142196987886 2.6355046875065593 0.04605161256287443 
0.6174944341773159 0.387999065048394 1.1624516987790159 0.28741974384185426 
0.4593531137169897 0.4447818508276183 0.6605938287966862 0.44488944928658686 
0.3430329312970582 0.34303885499856385 0.4851139740737933 0.7275638767984817 
0.16649977640309718 0.16649316775642356 0.23543627155603514 0.94300833778221 
3.5072626095508574E-5 3.507255680281294E-5 4.959920326325409E-5 1.000013084481222 
0.7434758941720883 0.2186166088048768 2.635471609746733 0.04605107938355084 
0.6446489151613131 0.34338019257120783 1.3740116108353555 0.4049251304221321 
0.35722374644822324 0.3542359048219553 0.5083484618771825 0.7085079923835611 
0.21317599705305693 0.2131743811695553 0.30146514585092626 0.904585658460202 
5.2135414124409476E-5 5.2136362994451436E-5 7.372980605666481E-5 1.0000128596689561 
0.7434758941720883 0.2186166088048768 2.635471609746733 0.04605107938355084 
0.6270672999458758 0.2966889969224673 1.472256160960674 0.7362423962194471 
0.18567114518815478 0.18566755659296394 0.2625677937842822 0.9285216766304928 
5.2135414124409476E-5 5.2136362994451436E-5 7.372980605666481E-5 1.0000128596689561 
0.7434768590260505 0.2186142196987886 2.6355046875065593 0.04605161256287443 
0.15800627766776598 0.15800114892075381 0.223458070411985 0.9487942216692349 
3.49729119030074E-5 3.497267791362742E-5 4.9459408052613246E-5 1.0000120296990078 
0.13725074450556135 0.13725476709036502 0.19411364672001738 0.9616537878423058 
6.200149410311958E-5 6.200124498191959E-5 8.768479668311691E-5 1.000012385316291 
3.5072338366695325E-5 3.507227196867577E-5 4.959883773329889E-5 1.000012537874757 
0.24210338948153143 0.7363379971617618 2.4877635150496737 0.007194337765132901 
0.4967512775833382 0.49687048323823874 0.7023087059221347 0.11680868129285314 
0.48119887638603676 0.48118960377092684 0.6804652272953229 0.27195199622366883 
0.441986881956015 0.4419620129126799 0.624959988585062 0.46788730837954073 
0.36380412310502275 0.3637984281749691 0.5144628674358475 0.6860865042230239 
0.24620680958475138 0.24620479020863043 0.3481904060276627 0.87037439225001 
0.11455007682687308 0.11454715614936228 0.1619829169958897 0.9734618428296798 
3.507235594478941E-5 3.507286683023506E-5 4.959921215985823E-5 1.0000134584318132 
0.498382617610623 0.4983737077824082 0.7046835646510742 0.08309606318876364 
0.4952812810264795 0.4952297454481494 0.7002193646028856 0.1395027161419945 
0.47140754652609573 0.4714156004494274 0.6666594803503688 0.3333775491303238 
0.408292421500014 0.40830090213867676 0.5774016000996958 0.5772635404343786 
0.28864225959182127 0.28864729969377384 0.4081996261762461 0.8165617688670306 
0.13606776927495343 0.13606642897294918 0.1924243106211903 0.9622753432354721 
5.2135416310322846E-5 5.2136368070665537E-5 7.372980670002827E-5 1.0000128988562502 
0.6780364536439374 0.3388391552916081 1.5215164734637168 0.08737442223891465 
0.5574646582779518 0.44743729638749336 0.8941128193403556 0.2141464743044048 
0.45241791214800403 0.4524017785637724 0.6397298633392224 0.4260869773281078 
0.3430329312970582 0.34303885499856385 0.4851139740737933 0.7275638767984817 
0.16649766405286298 0.16649383888143895 0.23543614798460732 0.9430060493401099 
5.2135416310322846E-5 5.2136368070665537E-5 7.372980670002827E-5 1.0000128988562502 
0.7340103622100049 0.24354814240280365 2.3273397817572263 0.038381336938858514 
0.6108626460140328 0.3831762669320648 1.1492731804528624 0.35305825405524854 
0.4108928103576327 0.3999281737564898 0.5893203493746062 0.600008469191799 
0.21317599705305693 0.2131743811695553 0.30146514585092626 0.904585658460202 
3.5128383045089055E-5 3.512831284288658E-5 4.9678038393609284E-5 1.0000132352045636 
0.7436556924413001 0.2181708846033832 2.641654417360762 0.04615074792256387 
0.6042976096080266 0.3281460734747551 1.2778842327445936 0.6564645242714098 
0.22358626224559144 0.2235882509729185 0.31619100309863607 0.8944707287655947 
5.2135416310322846E-5 5.2136368070665537E-5 7.372980670002827E-5 1.0000128988562502 
0.7431531835913749 0.2229593013306953 2.5804019297002228 0.04517061902376015 
0.1856650818610533 0.18566194305471287 0.26257471586639136 0.9285193166523857 
6.200149410311958E-5 6.200124498191959E-5 8.768479668311691E-5 1.000012385316291 
0.15800627766776598 0.15800114892075381 0.223458070411985 0.9487942216692349 
3.512772662611934E-5 3.512792003619055E-5 4.967871162005616E-5 1.000012543836213 
3.5128364330567464E-5 3.5128297977944456E-5 4.967799001545654E-5 1.0000125093058283 
0.2343052083922813 0.7398903672247139 2.5951843166852275 0.007478798159661233 
0.4510792939648321 0.5635046011413709 0.9019488478893917 0.1625903624498063 
0.4714200943656451 0.47141329364176326 0.6666603345604566 0.33337957334548896 
0.4082921322843106 0.40830043837190455 0.5774016794074 0.5772633139211708 
0.28864225959182127 0.28864729969377384 0.4081996261762461 0.8165617688670306 
0.13606750465892026 0.13606742939328942 0.19242442496236298 0.9622769300618788 
5.2135403659209826E-5 5.213635541926444E-5 7.372982459184804E-5 1.0000128988554762 
0.3395205136756406 0.6787195192875827 1.5575132757882888 0.09622128451983351 
0.4481298327888415 0.5578935788890861 0.8936991497903526 0.20810279729636694 
0.45233651299713784 0.45232142036165673 0.639628471587738 0.42637557018578026 
0.3430329312970582 0.34303885499856385 0.4851139740737933 0.7275638767984817 
0.16649766405286298 0.16649383888143895 0.23543614798460732 0.9430060493401099 
5.213843767444657E-5 5.213943480532307E-5 7.373416023990176E-5 1.0000127868681807 
0.48673069984049244 0.48686207094006523 0.6882531659720984 0.22960948074229517 
0.47444262748969546 0.47436562093938117 0.6708015334273157 0.316414701556119 
0.4082921322843106 0.40830043837190455 0.5774016794074 0.5772633139211708 
0.21317072513942484 0.21316911748548928 0.3014725288315311 0.9045855581238473 
5.213843767444657E-5 5.213943480532307E-5 7.373416023990176E-5 1.0000127868681807 
0.5922956223008664 0.3973632303806599 1.0719870273210956 0.3640350615888783 
0.5614910525235235 0.37465624939662545 1.0137806629518518 0.5517551030362164 
0.2773613674345734 0.2773638434458141 0.39223872388278175 0.8320610681713692 
3.512788470525155E-5 3.5127815283242465E-5 4.9678728005726016E-5 1.0000130882710978 
0.647701770828888 0.3227387510365553 1.4672734339474385 0.5220142652308136 
0.22358626224559144 0.2235882509729185 0.31619100309863607 0.8944707287655947 
3.5128365412013046E-5 3.512829897150051E-5 4.967799019479016E-5 1.0000125258785448 
0.18567013421252884 0.18566695906187153 0.26256770297739007 0.9285195049959863 
3.49729119030074E-5 3.497267791362742E-5 4.9459408052613246E-5 1.0000120296990078 
5.213536857211914E-5 5.213633828324802E-5 7.372989969245386E-5 1.0000131577227298 
0.2343052083922813 0.7398903672247139 2.5951843166852275 0.007478798159661233 
0.39162338477761943 0.6206209620611679 1.171193579406103 0.24863740635768158 
0.44574102960452977 0.4548393286532865 0.6494729448564813 0.44678637975425894 
0.3430329312970582 0.34303885499856385 0.4851139740737933 0.7275638767984817 
0.16649977640309718 0.16649316775642356 0.23543627155603514 0.94300833778221 
5.21354041236577E-5 5.2136354819154476E-5 7.372982479593264E-5 1.0000128995888806 
0.24441976700700982 0.7352602336936757 2.4575013858239108 0.007114364428211364 
0.3843643155535212 0.6047630575595271 1.1312245831505403 0.3815409709767768 
0.40024500112714584 0.41038389748968185 0.5881116459205911 0.5993035626062776 
0.2131637475287355 0.21316697268254514 0.30145516170214975 0.9045843700527344 
5.21354041236577E-5 5.2136354819154476E-5 7.372982479593264E-5 1.0000128995888806 
0.3951103342992517 0.593074281683674 1.071495438781023 0.36817105684595436 
0.3761114082571182 0.5666474191370943 1.0243398215430883 0.5388762545981117 
0.27738622081212555 0.2774009034136612 0.39232353299461503 0.8320378150564499 
5.2135416310322846E-5 5.2136368070665537E-5 7.372980670002827E-5 1.0000128988562502 
0.4009791414126687 0.400455830283224 0.565867680608484 0.6005539908101628 
0.2773613674345734 0.2773638434458141 0.39223872388278175 0.8320610681713692 
3.512788470525155E-5 3.5127815283242465E-5 4.9678728005726016E-5 1.0000130882710978 
0.22358626224559144 0.2235882509729185 0.31619100309863607 0.8944707287655947 
3.512754628351045E-5 3.512818776655214E-5 4.967868193853955E-5 1.0000128670431068 
5.213536890598249E-5 5.213633909883127E-5 7.372989984389239E-5 1.0000131642616856 
0.2343052083922813 0.7398903672247139 2.5951843166852275 0.007478798159661233 
0.34419170845120756 0.6409170265638853 1.367970433355194 0.4577420425353091 
0.35436568933744456 0.35588243958209553 0.5065406870540808 0.7086751439015663 
0.2131637475287355 0.21316697268254514 0.30145516170214975 0.9045843700527344 
5.21354041236577E-5 5.2136354819154476E-5 7.372982479593264E-5 1.0000128995888806 
0.2343052083922813 0.7398903672247139 2.5951843166852275 0.007478798159661233 
0.3293145988959583 0.6216692931944716 1.31581575206338 0.6358220916961882 
0.22358562242516297 0.22358741191202225 0.31619087180443856 0.8944690639371202 
1.585284867101674E-5 1.5853119298978898E-5 2.2419094175409977E-5 1.000012080845715 
0.31736967218075557 0.6348442444710369 1.4204726980225462 0.5964065573032785 
0.22358622854875246 0.22358818975401118 0.3161909946720844 0.8944706219155091 
6.188886002412383E-5 6.188874845962822E-5 8.752471190021744E-5 1.0000124754230573 
0.2235954619807158 0.223588533185644 0.3161928735520808 0.8944828579334783 
6.188886002412383E-5 6.188874845962822E-5 8.752471190021744E-5 1.0000124754230573 
6.188886002412383E-5 6.188874845962822E-5 8.752471190021744E-5 1.0000124754230573 
0.21876974401284152 0.7394832929160667 2.616431228102527 0.3699181238037421 
0.298316861965419 0.6270818827538263 1.459413229364403 0.7338073585437543 
0.18566500092040603 0.18566195122474158 0.2625743772332627 0.9285186269163753 
1.585284867101674E-5 1.5853119298978898E-5 2.2419094175409977E-5 1.000012080845715 
0.22359301872559587 0.7378816462103543 2.608675423488825 0.3689035533308732 
0.18566500092040603 0.18566195122474158 0.2625743772332627 0.9285186269163753 
3.512788470525155E-5 3.5127815283242465E-5 4.9678728005726016E-5 1.0000130882710978 
0.18566500092040603 0.18566195122474158 0.2625743772332627 0.9285186269163753 
6.188886002412383E-5 6.188874845962822E-5 8.752471190021744E-5 1.0000124754230573 
6.188886002412383E-5 6.188874845962822E-5 8.752471190021744E-5 1.0000124754230573 
0.21876974401284152 0.7394832929160667 2.616431228102527 0.3699181238037421 
0.1578958381048029 0.1578917352906663 0.223297458721615 0.9488650003900968 
6.200154271000772E-5 6.200120063117681E-5 8.768481727409489E-5 1.0000125198969603 
0.1578963894664482 0.15789194130628903 0.2232981906805341 0.9488676934363961 
6.188886002412383E-5 6.188874845962822E-5 8.752471190021744E-5 1.0000124754230573 
1.8392675098149166E-5 1.8393048836697468E-5 2.601090153704094E-5 1.0000140614732758 
0.13727283169435728 0.13727517943624754 0.19413877869934187 0.9616077596610931 
5.2135416310322846E-5 5.2136368070665537E-5 7.372980670002827E-5 1.0000128988562502 
5.2396432544166565E-5 5.239677009584592E-5 7.409837694625124E-5 1.0000138348655248 
6.200154271000772E-5 6.200120063117681E-5 8.768481727409489E-5 1.0000125198969603 
