1.835661305687672E-5 0.001629600547030561 0.7539388273652887 0.36522485614844796 0.5143936555286384 0.5496030486052796 0.48982561076303044 0.5004416498881008 0.4979536662224509 0.48134197845459553 0.5084011754202377 0.48878405178282797 
0.06254326851794222 0.008853075475085063 0.003903681823191809 0.5042355555593379 0.5025307588033591 0.5051356593193039 0.4979080008354011 0.5001702460082139 0.500943024724133 0.5046278497574002 0.49908537237691536 0.5004623978680419 
0.14650742344589474 0.01371560828610719 0.10640226255457441 0.509837373109189 0.5023998025816938 0.5051307897691377 0.5055667184566474 0.5001747207219528 0.502154304814812 0.5040322377844078 0.49935229703397105 0.49607182176773074 
0.25521338036189695 0.01661477463011307 0.020170489308941997 0.4945621286458179 0.5085468730886136 0.499803173774272 0.5064285255751846 0.4961169699639286 0.5015637864554623 0.504813632171907 0.4883506544155665 0.5054882901223637 
0.39178463928817947 0.03792984551258615 0.04816089935737816 0.5036580963218874 0.5004608724568771 0.499386582508589 0.4999297192461243 0.49527667531375247 0.5007480445532995 0.500886339328998 0.49894561340117644 0.4978470021000026 
0.552299204145196 0.030119770056327502 0.05235105293953377 0.49908876199258106 0.5020489193763675 0.49847314579329643 0.49983129276257887 0.4954902881233147 0.5019213858252857 0.500877245396991 0.4989522109748747 0.5071606017210967 
0.7196385697407774 0.2962172071960664 0.9009439441035025 0.49299674110282865 0.5004780363346798 0.506392076198245 0.4971645003677455 0.4983853239399428 0.500490350881248 0.5009417479971442 0.4989501345140191 0.5025525418741248 
0.884774734450615 0.14176271727515527 0.8719962988309746 0.5041348248148259 0.5004760198331513 0.4974210412359747 0.4972422995437737 0.5003730610494962 0.5005160251466539 0.5041098723850547 0.4987581012124369 0.5060386126032296 
0.9999965164688756 0.7226849497259258 0.05151511261423475 0.5003324196111256 0.5004654370747773 0.49947538388004226 0.49990436490707924 0.5001553437411072 0.5003412026190615 0.5008419698041382 0.49895378919179045 0.5027248572080362 
0.005746550333961112 0.9981393262318501 0.0013935383461601628 0.14437830785152783 0.052005066353910105 0.2881008965889818 0.9776538710892972 0.9061736413347568 0.9971733093122889 0.0910362263736266 0.058938273038826705 0.9152323173688568 
0.07435048769251078 0.014165445243229791 0.011672393386804585 0.5042498761877382 0.5024556456026996 0.5182720631638031 0.4944262155661789 0.5000987390806835 0.5021344631061279 0.504631006616275 0.49907137355139153 0.50707216198281 
0.17500407136735058 0.0024973562291864234 0.10269835205326372 0.5041895268218046 0.5025446686764817 0.5047192305227517 0.49838512608384017 0.5001203493091994 0.5021342261818372 0.5040524968799114 0.4964430675682422 0.5070230042033533 
0.3100845051577874 0.008853075475085063 0.003903681823191809 0.5042355555593379 0.5025113182130251 0.5049625087006862 0.4983878342358847 0.5001589923341846 0.500943024724133 0.5040430119247125 0.4964009806632443 0.5006080810524318 
0.4810362578519534 0.04136403613618851 0.9004829772477463 0.4929463908786252 0.5004780664629148 0.5065172038499033 0.49987054082701027 0.5002221454320916 0.5004924664132955 0.5008852171402799 0.4984407144609898 0.5071890934500118 
0.6723363349871956 0.030499987499891593 0.05007710054682564 0.5003049706997238 0.500376721065791 0.49945388083098785 0.4984151787291063 0.49567809773903543 0.5005031560142038 0.50449098543521 0.4989444312485846 0.49572947964116004 
0.8526747833282573 0.7202477040579592 0.904043462517146 0.5002433063237809 0.5004718500077244 0.49952850889217854 0.49823085790051835 0.5002091524488349 0.5003940753376007 0.5008747138525035 0.4989554567914335 0.4977958263222969 
0.9999965164688756 0.7226849497259258 0.05151511261423475 0.5003324196111256 0.5004654370747773 0.49947538388004226 0.49990436490707924 0.5001553437411072 0.5003412026190615 0.5008419698041382 0.49895378919179045 0.5027248572080362 
0.005736741714895889 0.9980093178630749 0.005650764174637481 0.14437830785152783 0.04124053903127348 0.2881008965889818 0.9861321560861013 0.9190585397848502 0.9971675019909699 0.0910362263736266 0.06155361204002896 0.9131969673553679 
0.09242087729596643 0.9795191366628894 0.0040763643613513 0.3643825241174594 0.5759980547255771 0.5539059785746667 0.4701718399926196 0.48689304320605264 0.3166429822476281 0.7315240279166356 0.269176536313328 0.49777968787923965 
0.2161650333929799 0.0021581622627837548 0.04088240733606842 0.5041871795405289 0.5025433713175105 0.49943400322934745 0.49838642783860276 0.5001278628269604 0.502099271493956 0.5040430156092407 0.49637022971982303 0.5003948166902527 
0.39178463928817947 0.009031398119514885 0.9170930187842814 0.5042786809274243 0.5005047248181075 0.4994588898494557 0.4999312899076788 0.49531284834466394 0.500399478104743 0.5040029935821501 0.49905541427495564 0.4976875114951318 
0.6080833228807632 0.04395103388212662 0.9170607448692207 0.5041971712165071 0.5004740751809515 0.4994578708840097 0.49817031067211676 0.5012372328376754 0.500502710618976 0.5008409044490231 0.49895533255614954 0.4978771194854709 
0.8246124134452524 0.028889542612728858 0.06764688888690157 0.5003049064300978 0.5004009750291311 0.49844269726171064 0.5004915267055075 0.5003876183676159 0.5004906010289757 0.5008694713900538 0.49894450153940717 0.49775022817249426 
0.9999888841224454 0.7205732954566614 0.05151511261423475 0.5003324426523587 0.5004654370559201 0.4993871963757882 0.4999194348946402 0.4988792906377819 0.5007355599705275 0.5008863438373649 0.49895378919179045 0.5026146329393651 
0.005746550333961112 0.9981393262318501 0.0013935383461601628 0.14437830785152783 0.052005066353910105 0.2881008965889818 0.9776538710892972 0.9061736413347568 0.9971733093122889 0.0910362263736266 0.058938273038826705 0.9152323173688568 
0.0660129043066766 0.9982089719552737 0.005870858488266628 0.5041712652508078 0.6878109208653229 0.2857631234780236 0.6622790831512485 0.48544800262443555 0.9192522317987272 0.4875833155450877 0.270561297885888 0.7638579249944862 
0.2850863530415856 0.9743021114283077 0.005143576686764548 0.5105220226270025 0.6494075823759535 0.5499702120668 0.5063214450836183 0.48544419110999887 0.48301462875015505 0.5114238794168838 0.4982950492601432 0.47054557635102623 
0.5186966096879727 0.02917914631802107 0.833600478932922 0.498850766745152 0.5004742131243116 0.5010864962783051 0.49988757503105435 0.5003839895297131 0.5006053423462415 0.5046495846537277 0.49899498026902545 0.49571702089630054 
0.7837103466188817 0.7347952341245765 0.040178902212758216 0.49906973943012667 0.5004717457184963 0.4994510392518546 0.49839925091006804 0.5001531347796309 0.5005028989318028 0.5038780277596316 0.49895545689558685 0.4978775511379961 
0.9999151862418246 0.01963991851566993 0.0488572860448063 0.49898138821197496 0.5004914639641019 0.49957654025729803 0.49822295565028196 0.4995166405483344 0.5004848774472742 0.5008159346424085 0.49895388455071166 0.5025332004990545 
0.005746550333961112 0.9981393262318501 0.0013935383461601628 0.14437830785152783 0.052005066353910105 0.2881008965889818 0.9776538710892972 0.9061736413347568 0.9971733093122889 0.0910362263736266 0.058938273038826705 0.9152323173688568 
0.1789849527375257 0.9980024171062298 0.0033983450000391047 0.5180272774983207 0.6896658071238174 0.5575938749980652 0.9945440015402086 0.888096133389404 0.5352033150099418 0.10916089740021659 0.37062983808791167 0.5022780972763642 
0.5001371202556009 0.6744899720638825 0.0069028395891165654 0.49884185550008653 0.5004741787287841 0.5009489850289703 0.4998893391581746 0.5003968284312158 0.5016247647422881 0.5038752020797846 0.4989463397765385 0.5056026019804606 
0.7196385697407774 0.2962172071960664 0.9602913304357716 0.5004571979377834 0.5004655001111143 0.49907216242208025 0.4971645003677455 0.4983853239399428 0.500738588145346 0.5009417479971442 0.4989501345140191 0.502528448797999 
0.9999888841224454 0.7205732954566614 0.9042573207401103 0.5003303979066158 0.5004654370559201 0.49948143550891383 0.4982178096255879 0.4988792906377819 0.5003608411187268 0.5008747910558301 0.49895378919179045 0.5025345449391538 
0.005746550333961112 0.9981393262318501 0.0013935383461601628 0.14437830785152783 0.052005066353910105 0.2881008965889818 0.9776538710892972 0.9061736413347568 0.9971733093122889 0.0910362263736266 0.058938273038826705 0.9152323173688568 
0.20482779054044514 0.9979630827489592 0.005951083246645055 0.5020915872883794 0.6882291486121543 0.5083482183747031 0.9764280461789019 0.9165363342421297 0.9070993734516274 0.12381608364962585 0.27130864032989255 0.549956073094725 
0.757856265281325 0.6173936780639585 0.05286995906244159 0.49914002497418913 0.5003925756774871 0.4986118706064787 0.4999821908154997 0.5010741317869699 0.5003756605665539 0.5009247323877067 0.49873874105219024 0.5023940463644563 
0.9999173106576975 0.0017526858614351215 0.04856883981745086 0.49907472649490975 0.5004915380437582 0.4984662444365537 0.4981682512262763 0.4995219307045961 0.500484989031548 0.5008162686480501 0.4989538846428848 0.5025381248606446 
0.005736715475709024 0.9978087936302626 0.005659743103603108 0.14383596025135412 0.04952015911240895 0.2881008965889818 0.9776528157241455 0.9083624844585579 0.9971675019909699 0.09103617983068629 0.058938273038826705 0.9183351688455941 
0.7954912513918927 0.6367679045763917 0.05876640826594376 0.500460380060773 0.5004557621852225 0.4990516451492241 0.4971640573311807 0.499831021638826 0.50040375892976 0.5008877805126852 0.49894991859594096 0.5026286002406148 
0.9999151925766868 0.7533559065825215 0.0489173023046522 0.49898166596848254 0.5004657904880482 0.49947043689663534 0.49822295565028196 0.5012325925358835 0.5003603224837706 0.5008538471353436 0.49895380834966907 0.5024301694482024 
0.8236836841647075 0.5715076308718552 0.8166983502324346 0.5024281874268396 0.502706798777381 0.5015321119051096 0.49672147346053014 0.4998423173342858 0.5006203967290088 0.5038761793989613 0.4990389327518421 0.4980238200576052 
0.9999151925766868 0.7533559065825215 0.0489173023046522 0.49898166596848254 0.5004657904880482 0.4995813819464027 0.49822295565028196 0.5012237016481023 0.5003603224837706 0.5008538471353436 0.49895388528877155 0.5024301694482024 
0.9999151925766868 0.7533559065825215 0.034142725778311206 0.4989752701263424 0.5004657904880482 0.4984126361736787 0.49822295565028196 0.4995166405483344 0.5004848774472742 0.5008538471353436 0.49895385615475013 0.5024301659260575 
0.005746632055606604 0.9944700662095688 0.9972073115495993 0.14255215835871735 0.17327581225957125 0.17189687517686644 0.9860109382268358 0.505032047197063 0.9712609968588373 0.008931133418498535 0.45461459241957286 0.9577326073883808 
0.07435048769251078 0.014165445243229791 0.011672393386804585 0.5042498761877382 0.5024556456026996 0.5182720631638031 0.4944262155661789 0.5000987390806835 0.5021344631061279 0.504631006616275 0.49907137355139153 0.50707216198281 
0.17500407136735058 0.0024973562291864234 0.10269835205326372 0.5041895268218046 0.5025446686764817 0.5047192305227517 0.49838512608384017 0.5001203493091994 0.5021342261818372 0.5040524968799114 0.4964430675682422 0.5070230042033533 
0.3100845051577874 0.008853075475085063 0.003903681823191809 0.5042355555593379 0.5025113182130251 0.5049625087006862 0.4983878342358847 0.5001589923341846 0.500943024724133 0.5040430119247125 0.4964009806632443 0.5006080810524318 
0.4810362578519534 0.04463852557297317 0.9074679238334984 0.4929463908786252 0.5004602242107126 0.5065172038499033 0.49987054082701027 0.5002221454320916 0.5004924664132955 0.5037127725537233 0.498434867711328 0.5024510238716258 
0.6723363349871956 0.030499987499891593 0.05007710054682564 0.5003049706997238 0.500376721065791 0.49945388083098785 0.4984151787291063 0.49567809773903543 0.5005031560142038 0.50449098543521 0.4989444312485846 0.49572947964116004 
0.8526747833282573 0.7202477040579592 0.904043462517146 0.5002433063237809 0.5004718500077244 0.49952850889217854 0.49823085790051835 0.5002091524488349 0.5003940753376007 0.5008747138525035 0.4989554567914335 0.4977958263222969 
0.9999965164688756 0.7226777379895981 0.932757113894727 0.5003324196111256 0.5004654360922615 0.49909583206215985 0.5020890857441587 0.5001554578359942 0.5003428332348944 0.5008397641950468 0.49895378919179045 0.5027239723287824 
0.05023041075748805 0.9955276210868319 0.001460044494210777 0.5042495266820898 0.49783471004092983 0.5114026309294071 0.48983006367503423 0.5004004069563087 0.498215309991951 0.5040273971123076 0.5093551603979877 0.4977728636318442 
0.08827815523360813 0.014181188273106639 0.16388045503296916 0.5040659711074941 0.5023860124655422 0.5181057497360876 0.5122379699169033 0.5001273710654365 0.502134649513723 0.5046306360732508 0.4990535568964249 0.5005834957034263 
0.2161650333929799 0.0021581622627837548 0.04088240733606842 0.5041871795405289 0.5025433713175105 0.49943400322934745 0.49838642783860276 0.5001278628269604 0.502099271493956 0.5040430156092407 0.49637022971982303 0.5003948166902527 
0.39178463928817947 0.009031398119514885 0.9170930187842814 0.5042786809274243 0.5005047248181075 0.4994588898494557 0.4999312899076788 0.49531284834466394 0.500399478104743 0.5040029935821501 0.49905541427495564 0.4976875114951318 
0.6080833228807632 0.03523588089703894 0.9170607448692207 0.5041971712165071 0.5004740751809515 0.49909588075574046 0.49817031067211676 0.5001531327535168 0.5005136535511918 0.5008409044490231 0.49877044384138863 0.4978771194854709 
0.8246124134452524 0.028889542612728858 0.06764688888690157 0.5003049064300978 0.5004009750291311 0.49844269726171064 0.5004915267055075 0.5003876183676159 0.5004906010289757 0.5008694713900538 0.49894450153940717 0.49775022817249426 
0.9999965164688756 0.7205732954566614 0.05151511261423475 0.5003324196111256 0.5004654370559201 0.4994787701118403 0.49990436490707924 0.4988792906377819 0.5003412026190615 0.500886260509881 0.49895378919179045 0.5026146329393651 
0.04455792533726089 0.9970426292502509 0.0058145468949151735 0.45048056838996064 0.6677577832056583 0.22764624724790483 0.9856934867394886 0.6368786715517842 0.9054748123866251 0.08504852129489751 0.3630639423376554 0.5504319494343425 
0.11805244042030298 0.9898425997861977 0.0039578732303824915 0.5629549422569758 0.5756710491783318 0.571527547347573 0.5013068384562932 0.5796158280813133 0.3166429822476281 0.7315240279166356 0.2572694295932938 0.49562882107341755 
0.27966485700214405 0.008798015489875688 0.005141232429864362 0.5036073767363257 0.5024969043629922 0.5049615044756353 0.5068690411776432 0.4953091318751577 0.5009730452347537 0.5040430109605163 0.49373648663591396 0.49891979737951153 
0.5186966096879727 0.029276192192311923 0.9775016114805097 0.5004408260265083 0.500460317556952 0.49866146882101403 0.4998628771562988 0.5002414488865845 0.5006250543650055 0.49679877895735125 0.49873794653175124 0.4978069466132461 
0.7837103466188817 0.7347952341245765 0.040178902212758216 0.49906973943012667 0.5004717457184963 0.4994510392518546 0.49839925091006804 0.5001531347796309 0.5005028989318028 0.5038780277596316 0.49895545689558685 0.4978775511379961 
0.9999888841224454 0.7205732954566614 0.9042573207401103 0.5003303979066158 0.5004654370559201 0.49948143550891383 0.4982178096255879 0.4988792906377819 0.5003608411187268 0.5008747910558301 0.49895378919179045 0.5025345449391538 
0.0057367292083210985 0.998010772357624 0.005659926971278561 0.19048985840293275 0.048257100154818475 0.0726631839955233 0.9948690301128411 0.8346698099850575 0.9971676066642816 0.09103692079051953 0.25109859903139004 0.915226056199066 
0.15196057569840754 0.9947815204569938 0.0059565556602121554 0.5078075119798879 0.6896734944299255 0.2856073577941378 0.6622790831512485 0.48544800262443555 0.9192522317987272 0.4875833155450877 0.27099007301806705 0.7638579249944862 
0.4093576983426494 0.6744899720638825 0.0069028395891165654 0.4825719721407573 0.5004641265114312 0.4974171408057764 0.4972659394800059 0.5010119025467223 0.5016247647422881 0.5038842682816136 0.4989463397765385 0.5056026019804606 
0.7196385697407774 0.2962172071960664 0.9602913304357716 0.5004571979377834 0.5004655001111143 0.49907216242208025 0.4971645003677455 0.4983853239399428 0.500738588145346 0.5009417479971442 0.4989501345140191 0.502528448797999 
0.9999924224924911 0.5706147644453283 0.03390064306213575 0.49898168419302696 0.5005717657733042 0.49945189484757635 0.49823441266870583 0.4988830101014882 0.5007387463417905 0.5011332043004005 0.49895102630197047 0.5025239246748848 
0.005736715386389211 0.9978087936302626 0.005659743103603108 0.14383596025135412 0.041209080048333825 0.2881008965889818 0.9776528157241455 0.9085919792797226 0.9971675019909699 0.09103622402601567 0.06146242823437723 0.9183351688455941 
0.20481962945202714 0.9980024171062298 0.0033983450000391047 0.517572391616728 0.6718597046287331 0.5575938749980652 0.9776528238855519 0.916397940126514 0.5352033150099418 0.10515346029490213 0.37062983808791167 0.5500181527180523 
0.7049633485202448 0.5814603009471397 0.05475815420562055 0.5036513133834107 0.5004748489724222 0.4984459156664486 0.49723647957041606 0.49641443078753567 0.5008093227622774 0.5009060708938153 0.4989737683343247 0.4974226700934836 
0.9999151925766868 0.7533559065825215 0.0489173023046522 0.49898166596848254 0.5004717066083849 0.49947043689663534 0.49822295565028196 0.5000403938798061 0.5003549551892462 0.5008538471353436 0.4989554824731158 0.5024301694482024 
0.005736741714895889 0.9980093178630749 0.005650764174637481 0.14343707948643944 0.04952015911240895 0.2881008965889818 0.9776528157241455 0.9091745535188068 0.9971675019909699 0.0910362263736266 0.058938273038826705 0.9152323173688568 
0.757856265281325 0.6173936780639585 0.05286995906244159 0.49914002497418913 0.5003925756774871 0.4986118706064787 0.4999821908154997 0.5010741317869699 0.5003756605665539 0.5009247323877067 0.49873874105219024 0.5023940463644563 
0.9999151925766868 0.7533559065825215 0.0488572860448063 0.49898166596848254 0.5004657904880482 0.49957654025729803 0.49822295565028196 0.4995166405483344 0.5004848774472742 0.5008538471353436 0.49895388455046447 0.5024301694482024 
0.7954912513918927 0.6367679045763917 0.05876640826594376 0.500460380060773 0.5004557621852225 0.4990516451492241 0.4971640573311807 0.499831021638826 0.50040375892976 0.5008877805126852 0.49894991859594096 0.5026286002406148 
0.9999151925766868 0.774095395829614 0.034142725778311206 0.4989752701263424 0.5004657904880482 0.4984126361736787 0.49822295565028196 0.4995166405483344 0.5004848774472742 0.5008538471353436 0.49895385615475013 0.5024301659260575 
0.9999870880585606 0.0017526858614351215 0.03424472525916852 0.49907472649490975 0.49942366793705517 0.49953085661947155 0.4981682512262763 0.4994347235829748 0.5004008012333812 0.500816884533962 0.49895378684082636 0.4976656729951104 
0.015908882516393108 0.9944700662095688 0.9972073115495993 0.14255215835871735 0.17265790540647918 0.17189687517686644 0.9860109382268358 0.8415981265235799 0.9991961853406088 0.0568609124013552 0.45461459241957286 0.8562058288234792 
0.07150649416312826 0.979786497338144 0.9885405199120983 0.3646275576952792 0.5893108818086175 0.5536203045791181 0.3291261954651024 0.48560875875568876 0.3166429822476281 0.7209249993488742 0.3477690068613594 0.5817900259298313 
0.2161650333929799 0.0021581622627837548 0.9139288046576639 0.5041871795405289 0.5025429770738872 0.49948442063449877 0.49838642783860276 0.5001278628269604 0.502099271493956 0.5040430156092407 0.4963701941985962 0.49834897607322115 
0.39178463928817947 0.03792984551258615 0.04816089935737816 0.5036580963218874 0.5004608724568771 0.499386582508589 0.4999297192461243 0.49527667531375247 0.5007480445532995 0.500886339328998 0.49894561340117644 0.4978470021000026 
0.6080833228807632 0.04081547377880785 0.9170607448692207 0.49878379653215643 0.5004650961507232 0.4990955771598005 0.502086822409487 0.500142671574183 0.5005136535511918 0.5008400480900309 0.49877044226703543 0.4978771194854709 
0.8246124134452524 0.5819140113774097 0.06764688888690157 0.49889980942167655 0.5004009750291311 0.49844295016536827 0.5004466330267259 0.5003876183676159 0.5004906010289757 0.5008745725768222 0.4989443877309149 0.49775022817249426 
0.9999965164688756 0.7205732954566614 0.05151511261423475 0.5003324196111256 0.5004654370559201 0.4994787701118403 0.49990436490707924 0.4988792906377819 0.5003412026190615 0.500886260509881 0.49895378919179045 0.5026146329393651 
0.04580200935424197 0.9937853165863686 0.989989172509978 0.143290737884944 0.5487676322698518 0.4758703961148 0.9857075987024833 0.5583603542560154 0.7945894829035858 0.08500961034714025 0.31581285243554025 0.7354729188284993 
0.11793910532904463 0.9955519969875926 0.9853572468780267 0.36269481915339585 0.5757583658915054 0.5578543074153406 0.5373249006273828 0.4860142541409511 0.3166429822476281 0.7227580445113921 0.269176536313328 0.49777968787923965 
0.280526156280996 0.008830972277871756 0.0048786606136852935 0.4945621286458179 0.502497771885216 0.499803173774272 0.5064285255751846 0.4961169699639286 0.5015637864554623 0.5048051010574648 0.4938848661421976 0.5054882901223637 
0.5186966096879727 0.029276192192311923 0.9775016114805097 0.5004408260265083 0.500460317556952 0.49866146882101403 0.4998628771562988 0.5002414488865845 0.5006250543650055 0.49679877895735125 0.49873794653175124 0.4978069466132461 
0.7837103466188817 0.7347952341245765 0.006266042517714024 0.49906973943012667 0.5004717457184963 0.49945996630712425 0.49838993550163324 0.4998404213010943 0.5005029869246579 0.5041489141973365 0.49895545689558685 0.4979115945141927 
0.9999888841224454 0.7205732954566614 0.9042573207401103 0.5003303979066158 0.5004654370559201 0.49948143550891383 0.4982178096255879 0.4988792906377819 0.5003608411187268 0.5008747910558301 0.49895378919179045 0.5025345449391538 
0.15482899914074696 0.9628568119095329 0.005973911580993656 0.5078105192275578 0.4964078226866297 0.5165492400452776 0.5093735136972946 0.4930138376775538 0.501796995758298 0.5048630758756176 0.516835891721756 0.5056400452791361 
0.2030088901367055 0.9954054681450427 0.48094826083205616 0.49377981224252404 0.48229895378945853 0.5049351526618069 0.4973345155325813 0.5064717502523568 0.5008123164327565 0.5042028973192204 0.49940023565723474 0.4844339027512649 
0.39178463928817947 0.009031398119514885 0.9170930187842814 0.5042786809274243 0.5005047248181075 0.4994588898494557 0.4999312899076788 0.49531284834466394 0.500399478104743 0.5040029935821501 0.49905541427495564 0.4976875114951318 
0.7196385697407774 0.7597985312503209 0.9769473887553954 0.5004571979377834 0.5004612277050441 0.49948433425849414 0.49735526516449996 0.4989557335843864 0.5003764607897588 0.5008765375869206 0.4989501345140191 0.502533575030813 
0.9999151862418246 0.01963991851566993 0.0488572860448063 0.49898138821197496 0.5004914639641019 0.49957654025729803 0.49822295565028196 0.4995166405483344 0.5004848774472742 0.5008159346424085 0.49895388455071166 0.5025332004990545 
0.17890035201914214 0.9947815204569938 0.0059565556602121554 0.4262182052115516 0.6897608067778115 0.2856073577941378 0.6599404948440062 0.48544800262443555 0.9192522317987272 0.4877369902132843 0.27588047403087423 0.5023000832433898 
0.274578532977185 0.995293324697827 0.005294372035608268 0.47891734895660276 0.6416137221022309 0.40215488412669265 0.6683075265036316 0.5443483226965423 0.8642061742938274 0.5079561062555029 0.26872207328205905 0.8146925142870992 
0.6257179297277208 0.29288614522922624 0.05268137401892217 0.5005560789039629 0.500459951135262 0.4970622759356587 0.4972364486583797 0.49952646785258803 0.500745880113762 0.5039572094503351 0.4989522274170159 0.5025747142639482 
0.9999173521265382 0.0017526858614351215 0.03424472525916852 0.49907472649490975 0.49942366793705517 0.4984126361736787 0.4981682512262763 0.4994347235829748 0.5004008012333812 0.5008163232603461 0.49895392962587826 0.4976656729951104 
0.22566966398376553 0.9979990547314609 0.005168451022125164 0.5036381417678175 0.6856376390749819 0.508400462952375 0.9669266185178327 0.9129472450840574 0.849346978460189 0.12925154096815608 0.3706565618711467 0.5798869134223305 
0.7049633485202448 0.594714229421925 0.009414580122621308 0.49899094152647144 0.5004883783841847 0.49771846927262764 0.49723691639715356 0.5003788111187673 0.5003815382193991 0.5003241936692864 0.4989812341238282 0.4974226700934836 
0.9999151925766868 0.7533559065825215 0.0489173023046522 0.49898166596848254 0.5004657904880482 0.4995813819464027 0.49822295565028196 0.5012237016481023 0.5003603224837706 0.5008538471353436 0.49895388528877155 0.5024301694482024 
0.757856265281325 0.7406801472892035 0.05331968504314237 0.4990411317720698 0.5003812348906145 0.49946917152298625 0.4973523385887039 0.5011095302842488 0.5003617808885192 0.5009247323877067 0.49894490912213046 0.5025448259734447 
0.9999151925766868 0.740987156760756 0.05320702880069585 0.4990449747999852 0.5004665981591909 0.4984197871169026 0.4982375152260449 0.4995166405483344 0.5004848774472742 0.5008492210810918 0.49895385615475013 0.5024308958307412 
0.9999151925766868 0.7533559065825215 0.0488572860448063 0.49898166596848254 0.5004657904880482 0.49957654025729803 0.49822295565028196 0.4995166405483344 0.5004848774472742 0.5008538471353436 0.49895388455046447 0.5024301694482024 
0.015908882516393108 0.9944700662095688 0.9972073115495993 0.14255215835871735 0.17265790540647918 0.17189687517686644 0.9860109382268358 0.8415981265235799 0.9991961853406088 0.0568609124013552 0.45461459241957286 0.8562058288234792 
0.1303942787851934 0.9736269011843828 0.9899705743014053 0.2748360520427873 0.3198783522944812 0.6950604683339056 0.9965939593794568 0.5842246729072195 0.5017451770061836 0.31568242471287355 0.35987148569674615 0.5133200774254404 
0.28384281673310974 0.9530789894702099 0.9985818848970393 0.5662229445810932 0.5428466887625215 0.5719628248467077 0.5112157065007478 0.5817023311532185 0.5535708765500467 0.523769559825625 0.4692435550403668 0.5678861442739218 
0.5186966096879727 0.029276192192311923 0.833600478932922 0.49900554710301886 0.5004742131243116 0.49866146882101403 0.4998628771562988 0.5002172037486594 0.5006250543650055 0.5046355777970302 0.4987370771229569 0.4978069466132461 
0.7837103466188817 0.7347952341245765 0.006266042517714024 0.49906973943012667 0.5004717457184963 0.49945996630712425 0.49838993550163324 0.4998404213010943 0.5005029869246579 0.5041489141973365 0.49895545689558685 0.4979115945141927 
0.9999888841224454 0.7205732954566614 0.9042573207401103 0.5003303979066158 0.5004654370559201 0.49948143550891383 0.4982178096255879 0.4988792906377819 0.5003608411187268 0.5008747910558301 0.49895378919179045 0.5025345449391538 
8.119598934022976E-4 0.9981405451464274 0.9972073766481275 0.19359003763937555 0.17252651493957505 0.17189687517686644 0.9859955771580551 0.8431231822006837 0.9974608307302308 0.02508027965901022 0.46836001699489205 0.8562058288234792 
0.15196057569840754 0.9947815204569938 0.9933012326775511 0.5078075119798879 0.6896734944299255 0.2817606150645394 0.6614904533479627 0.48600942950212256 0.9192522317987272 0.4875833155450877 0.2691780636433985 0.7638579249944862 
0.4098432355822699 0.6497448593756583 0.05457017699599965 0.4988007138751866 0.5004723466939123 0.4994980104719267 0.497195711934522 0.4994717181454672 0.5007455692552057 0.5008555479831625 0.49895045476564076 0.5025690835408761 
0.7196385697407774 0.2962172071960664 0.9602913304357716 0.5004571979377834 0.5004655001111143 0.49907216242208025 0.4971645003677455 0.4983853239399428 0.500738588145346 0.5009417479971442 0.4989501345140191 0.502528448797999 
0.9999888841224454 0.7205732954566614 0.9042573207401103 0.5003303979066158 0.5004654370559201 0.49948143550891383 0.4982178096255879 0.4988792906377819 0.5003608411187268 0.5008747910558301 0.49895378919179045 0.5025345449391538 
0.1620645344400324 0.9989297664221284 0.9854037852991779 0.5075001102475954 0.31995923442060614 0.28556140331915486 0.6622790831512485 0.4830855325784034 0.9054523474070179 0.5484126638101823 0.36288055285274246 0.7407698838033241 
0.2796320567337763 0.9954380947700173 0.9994077874632024 0.5114598401326818 0.5250711678564656 0.5603774852332637 0.9075382165772957 0.5603925749548724 0.537056724561113 0.11967493880501817 0.44313086814044533 0.4994301710439766 
0.6257179297277208 0.2928630552751261 0.05268137383895659 0.5005560789039629 0.5004599513849254 0.4970622759356587 0.49735760356204023 0.49952646785258803 0.500745880113762 0.5039572094503351 0.4989522274170159 0.5025747142639482 
0.9999935305096359 0.5234241344139198 0.06316356582690565 0.49886872480055794 0.5004657958071577 0.4986479601270008 0.498546345725262 0.4995352925204257 0.5003717281061473 0.5008916893643969 0.4987368446936938 0.4978941684538498 
0.4098432355822699 0.637016696738172 0.030204411692767375 0.4988007138751866 0.5004602038272441 0.4994980104719267 0.49719547127290636 0.4995261536322365 0.5007460573740014 0.5039565201669791 0.4989507773648436 0.5025690835408761 
0.6257179297277208 0.2928630552751261 0.05268137383895659 0.5005560789039629 0.5004599513849254 0.4970622759356587 0.49735760356204023 0.49952646785258803 0.500745880113762 0.5039572094503351 0.4989522274170159 0.5025747142639482 
0.9999935305096359 0.5234241344139198 0.972505102664437 0.49886872480055794 0.5004657958071577 0.4994809552907524 0.498546345725262 0.4989656747497889 0.5003717281061473 0.5008916893643969 0.4987368446936938 0.5027377808727491 
0.7049633485202448 0.5814603009471397 0.009414580122621308 0.503608801778833 0.5004883783841847 0.49771846927262764 0.49723691639715356 0.4998891418508878 0.5003815382193991 0.5003241936692864 0.49897378169015244 0.4974226700934836 
0.9999173106576975 0.0017526858614351215 0.04856883981745086 0.49907472649490975 0.5004915380437582 0.4984662444365537 0.4981682512262763 0.4995219307045961 0.500484989031548 0.5008162686480501 0.4989538846428848 0.5025381248606446 
0.9999151925766868 0.7533559065825215 0.034142725778311206 0.4989752701263424 0.5004657904880482 0.4984126361736787 0.49822295565028196 0.4995166405483344 0.5004848774472742 0.5008538471353436 0.49895385615475013 0.5024301659260575 
0.015908882516393108 0.9944700662095688 0.9972073115495993 0.14255215835871735 0.17265790540647918 0.17189687517686644 0.9860109382268358 0.8415981265235799 0.9991961853406088 0.0568609124013552 0.45461459241957286 0.8562058288234792 
0.16202950822146442 0.9987977052088826 0.9852135917532876 0.4505067339958104 0.5488392474849222 0.226085015841781 0.9423224393091018 0.7953934701913459 0.9047723242592688 0.5417444789062748 0.3106347681646905 0.7407169105665574 
0.4995030146194803 0.9804865431281367 0.8918256978749031 0.5099940663590571 0.46907691591293865 0.4973119758146201 0.49853322016397933 0.49863363178453524 0.5006445662096908 0.50350093577651 0.4983163241302678 0.5060766452382167 
0.7196385697407774 0.2962172071960664 0.9602913304357716 0.5004571979377834 0.5004655001111143 0.49907216242208025 0.4971645003677455 0.4983853239399428 0.500738588145346 0.5009417479971442 0.4989501345140191 0.502528448797999 
0.9999935298098444 0.6321648902863424 0.0630973317792273 0.4988818155463995 0.5004657958071577 0.4986479601270008 0.498546345725262 0.4995166405483344 0.5007472077027739 0.5008916903505835 0.4987368446936938 0.4978941684538498 
8.119598934022976E-4 0.9981405451464274 0.9972073766481275 0.19359003763937555 0.17252651493957505 0.17189687517686644 0.9859955771580551 0.8431231822006837 0.9974608307302308 0.02508027965901022 0.46836001699489205 0.8562058288234792 
0.2577950770392314 0.9945783390113924 0.999408328828346 0.27058147765668183 0.18720242233513118 0.49683869307876705 0.969495489541734 0.5200609858734283 0.7820965972942189 0.09965171453363968 0.49875398586185626 0.48424862023807347 
0.7049633485202448 0.5814603009471397 0.12161573738355425 0.5036124079035303 0.5004746247478365 0.49771846927262764 0.49723647957041606 0.4964278966422897 0.5003817941937256 0.5003038642803487 0.49897378169015244 0.4974260424197156 
0.9999935305096359 0.5234241344139198 0.06316356582690565 0.49886872480055794 0.5004657958071577 0.4986479601270008 0.498546345725262 0.4995352925204257 0.5003717281061473 0.5008916893643969 0.4987368446936938 0.4978941684538498 
0.2435403813415658 0.997213083413826 0.990995989577523 0.15782727098836064 0.471176200137865 0.5157167656711925 0.9792237628496404 0.5583603542560154 0.7945894829035858 0.08500961034714025 0.31723598290214394 0.7354729188284993 
0.7049633485202448 0.594714229421925 0.009414580122621308 0.49899094152647144 0.5004883783841847 0.49771846927262764 0.49723691639715356 0.5003786730366439 0.5003815382193991 0.5003241936692864 0.498980825894993 0.4974226700934836 
0.999988669354272 0.5950165954226663 0.052666628592098176 0.4989879966181019 0.500465825806947 0.5012048475619352 0.49735714367541595 0.50036917537794 0.5003565809699563 0.5008916903505835 0.49873686081212415 0.4978201122941909 
0.7049633485202448 0.594714229421925 0.009414580122621308 0.49899094152647144 0.5004883783841847 0.49771846927262764 0.49723691639715356 0.5003788111187673 0.5003815382193991 0.5003241936692864 0.4989812341238282 0.4974226700934836 
0.999988669354272 0.5950165954226663 0.052666628592098176 0.4989879966181019 0.5004657958071577 0.5012048475619352 0.49735714367541595 0.5003639598925307 0.5003675240952264 0.5008916903505835 0.49873686081212415 0.4978201122941909 
0.999988669354272 0.5950165954226663 0.052666628592098176 0.4989879966181019 0.500465796579871 0.5012048475619352 0.49735714367541595 0.5003639943903992 0.5003680012405026 0.5008916903505835 0.49873686081212415 0.4978201122941909 
0.0015760131491469953 0.9944700662095688 0.9972073115495993 0.14255215835871735 0.17327581225957125 0.17189687517686644 0.9860109382268358 0.8415981265235799 0.9991961853406088 0.0568609124013552 0.45461459241957286 0.8562058288234792 
0.2786741320584322 0.9954563334498097 0.9899324076063257 0.14269006096826461 0.3218046472895975 0.23696474155943922 0.9858152159209582 0.5586945380676911 0.891663629151302 0.12110177790348027 0.5095777286304878 0.5723561989129827 
0.757856265281325 0.49284923284166193 0.048312183943584996 0.5005329492184545 0.5003832634695045 0.498761696910006 0.49735734360328776 0.500364936342332 0.500373024648446 0.503742079999755 0.49874226565547825 0.4978274762776372 
0.999989423696567 0.5294025940843955 0.05170951300506709 0.4989897095986035 0.49942042532156916 0.49860483515298765 0.49723648010085403 0.49943424637115985 0.5007454847997858 0.5008909980060826 0.4987300476519699 0.49791741986961024 
0.1624296702625674 0.9983491051436467 0.9972073115495993 0.1369342095319565 0.1767713229465157 0.1720215744515739 0.9875078893698764 0.8415981265235799 0.9543719355212912 0.0568609124013552 0.2458155558543632 0.8562058288234792 
0.757856265281325 0.49284923284166193 0.9813943459160326 0.5004592599568488 0.5003832634695045 0.4986112205479076 0.49723581202485 0.5003788978930666 0.5007401316481361 0.503742079999755 0.4989922936334755 0.5026050471713304 
0.9999173521265382 0.0017526858614351215 0.03424472525916852 0.49907472649490975 0.49942366793705517 0.4984126361736787 0.4981682512262763 0.4994347235829748 0.5004008012333812 0.5008163232603461 0.49895392962587826 0.4976656729951104 
0.757856265281325 0.49284923284166193 0.048312183943584996 0.5005329492184545 0.5003832634695045 0.498761696910006 0.49735734360328776 0.500364936342332 0.500373024648446 0.503742079999755 0.49874226565547825 0.4978274762776372 
0.999988669354272 0.5258954980120554 0.011553080447885312 0.4989879966181019 0.5004664519959158 0.5014795968921373 0.4972373383571683 0.49983968613461643 0.5003658985681401 0.5008593535970168 0.49873686081212415 0.49782744578726296 
0.999988669354272 0.5950165954226663 0.052666628592098176 0.4989879966181019 0.500465796579871 0.5012048475619352 0.49735714367541595 0.5003639943903992 0.5003680012405026 0.5008916903505835 0.49873686081212415 0.4978201122941909 
0.1624296702625674 0.9983491051436467 0.9972073115495993 0.1369342095319565 0.1767713229465157 0.1720215744515739 0.9875078893698764 0.8415981265235799 0.9543719355212912 0.0568609124013552 0.2458155558543632 0.8562058288234792 
0.7954912513918927 0.23643481968635605 0.02655362207313533 0.5005825237607511 0.5004621346139246 0.4977183565915064 0.4973687688845173 0.4998032385511461 0.5005431098137791 0.4988184857944353 0.4987326287378649 0.49593167035608443 
0.9999886687887724 0.594461409327931 0.05267447376181013 0.4989896760872855 0.5004658262613773 0.49944742320969177 0.497356998674463 0.4995775769269722 0.5019181011068865 0.5008909980060826 0.4987330631617342 0.49781637854810773 
0.7954912513918927 0.23643481968635605 0.02655362207313533 0.5005825237607511 0.5004621346139246 0.4977183565915064 0.4973687688845173 0.4998032385511461 0.5005431098137791 0.4988184857944353 0.4987326287378649 0.49593167035608443 
0.9999894245591259 0.5294025940843955 0.05170951300506709 0.4989897095986035 0.49942042532156916 0.49860483515298765 0.49723648010085403 0.49943547577277436 0.5006673813027719 0.5008909980060826 0.49903336644413326 0.49791741986961024 
0.9999886687887724 0.5285712445634002 0.051755377774878694 0.4989896760872855 0.5004623435319061 0.49944742320969177 0.49723664452151767 0.49958490893886065 0.5006490631295134 0.5008909980060826 0.4987330631617342 0.4979205725892135 
0.8228014102364503 0.5715076308718552 0.8166983502324346 0.5024281874268396 0.49832230836672 0.5015321119051096 0.4971956547597737 0.4998423173342858 0.5006190460738668 0.5038761793989613 0.4990389327518421 0.4981151759501854 
0.9999886687887724 0.594461409327931 0.05267447376181013 0.4989896760872855 0.5004658262613773 0.49944742320969177 0.497356998674463 0.4995775769269722 0.5019181011068865 0.5008909980060826 0.4987330631617342 0.49781637854810773 
0.9999915846238909 0.7212141670994698 0.958486918149624 0.4989879966181019 0.500465796579871 0.5012048475619352 0.49733573723875646 0.5003639943903992 0.5003680504679909 0.5008916903505835 0.49873686081212415 0.4978201122941909 
0.9999870880585606 0.0017526858614351215 0.03424472525916852 0.49907472649490975 0.49942366793705517 0.49953085661947155 0.4981682512262763 0.4994347235829748 0.5004008012333812 0.500816884533962 0.49895378684082636 0.4976656729951104 
