7.5475854695930544E-6 0.005076044330878706 0.014180154381922827 0.5016036418505345 0.48620810251870894 0.49411159108219205 0.49521248376826127 0.5075906947879909 0.4899998756091493 0.5011169743565339 0.49728414865216486 0.4967717483009258 
0.06184538731417025 0.008214819684583133 0.48919965094568596 0.49999786679377956 0.5032888675094737 0.5036602950816192 0.5096756688598068 0.4986928455113262 0.49006344561015164 0.5011064953940424 0.5094525213244379 0.48996841977814265 
0.14727991683657626 0.005072050902622406 0.9730389330299738 0.5016121321946293 0.4986220052385145 0.5019320532257202 0.4917846083687928 0.5054532756018333 0.4890978691520532 0.5011384191860856 0.4973706700348882 0.5013939081851193 
0.2544075730774481 0.004806957680370683 0.9570779916080112 0.5022277165407747 0.4986433840760716 0.4927357065571218 0.5173622205749838 0.49857939431350223 0.49544878688808525 0.5005894639541908 0.4977978040252423 0.5006326705423463 
0.3915594509767138 0.07384004189608462 0.37197343272791195 0.500453074442965 0.4985616771385562 0.5001207343873856 0.500863705394627 0.4992116583819626 0.5022237073394638 0.5006264227889955 0.501651353309799 0.5009065521351631 
0.5520440748340335 0.08391676261322131 0.024204465882038062 0.502188500509926 0.4950596381086555 0.5001292706679256 0.5008475481883934 0.5072851872993842 0.5086770809246471 0.5011118086732458 0.49784915364407606 0.5002653734666158 
0.7195992847216848 0.00504462394504436 0.48509773538705725 0.5004214860579552 0.49842664301164197 0.49868680676266464 0.5017551981842501 0.4994078942934208 0.5018122541907926 0.5006324348246031 0.498278770189597 0.5011973124519817 
0.8738000478040371 0.008533114471061354 0.42758741749692314 0.5003659488923067 0.4983766565239267 0.5012881820513457 0.4993362076348525 0.4986753816440999 0.49592328567254 0.4932228264520266 0.49709634227440636 0.5003520755829952 
0.9999838782203646 0.08467562547164531 0.4516386062193952 0.5004240672321766 0.49858331760746655 0.500043077971123 0.49944314996241973 0.4995548647841716 0.501610226733891 0.500642431064647 0.5012490476949472 0.5003592642054624 
0.0015273100565409241 0.9987559310055754 0.003229003295885914 0.007071909904934793 0.2737899152396285 0.9734736331099186 0.04592902456869015 0.06620662015384615 0.8041032326564719 0.01989982879352941 0.0020002235425033614 0.39620991421941454 
0.07366664781611515 0.0032263784774650382 0.4821488124072184 0.5004514429168913 0.5092652432626413 0.500321074566231 0.5201372477482402 0.49036560008183266 0.496764403802146 0.4996388326079131 0.5051222827522838 0.49588782837547496 
0.17544081851106136 0.0067973961733963344 0.9527135984490068 0.5004243041281714 0.4986220235698337 0.5000528820357474 0.5009115842206082 0.4994100136873079 0.49639394410649723 0.499014281880297 0.49794321977369865 0.501348905996261 
0.31036061765044975 0.04313412411386225 0.9434432509062782 0.500499146264502 0.4985023161679736 0.5000606605040774 0.5018925857617669 0.49973516104340215 0.5021242512315819 0.49901239478719156 0.49804984451674095 0.5009006445802313 
0.4810808639829052 0.004888575359070201 0.4254563231940033 0.49759068485859403 0.4984687088941548 0.5013723300037713 0.5009115213105279 0.49902755673961213 0.49627334946006296 0.5015356695896733 0.4982535913851379 0.5013489076148708 
0.6723017139854988 0.9525993041860904 0.43016543251758105 0.5004994864485088 0.4984403737309549 0.5013806693349546 0.49938004772048533 0.49904673412828326 0.49627882248784083 0.5015091190988596 0.49828850874863784 0.5003540472595454 
0.8528897536849701 0.21880386882710207 0.42973521809322524 0.5004243553770595 0.4989865920420584 0.5000458598857354 0.4993321395352163 0.5052977180259226 0.49606096681212336 0.5006434514731748 0.49821831719908305 0.5004893962178069 
0.9999838782203646 0.07690310335870475 0.4516386062193952 0.5004240672321766 0.4985108353012607 0.500043077971123 0.49942005271231593 0.4995549423930199 0.5016747803535456 0.500642431064647 0.49828807016436694 0.5003592642054624 
5.343685973160188E-4 0.9982098080531641 0.0032276565699337783 0.0072200112392709 0.2737899152396285 0.9734736331099186 0.06594119754742574 0.06611874000141513 0.9627666024686349 0.01988821752817939 0.0019444670311043642 0.39620991421941454 
0.09773528462359488 0.9999295845082139 0.0077144459875998495 0.5584754278297924 0.5315614025767157 0.691623309465158 0.4595437483154457 0.505719123853403 0.7219048895786162 0.23195364139231064 0.504949257848499 0.4966232302537217 
0.21628939137389175 0.006767609996580194 0.9527504259800645 0.5004526516703547 0.4948746424825202 0.5000744411364628 0.5008780790359053 0.49947122467741395 0.5020817125451729 0.49901429950577797 0.497779019221143 0.5009084863473404 
0.3915594509767138 0.05509904418732618 0.9490797776524299 0.5004188554903622 0.4985023161679736 0.5000606605040774 0.5018925857617669 0.4997366930326881 0.5020570911719395 0.49901239478719156 0.49804984451674095 0.5009006445802313 
0.6081658478511754 0.023879717356614094 0.5223522382426977 0.49758865164032223 0.4984056462353144 0.501318228035071 0.5008306587798619 0.49805244235172974 0.49596664619639147 0.5017210772587761 0.4981565594984709 0.5003530310363322 
0.8246779708761387 0.002839117547520434 0.45296514146547684 0.5004224808012144 0.4985117243528229 0.5013924801237372 0.4994086062406427 0.49905180480610134 0.5018845356137116 0.5006432608867512 0.4979640074295944 0.500366052793328 
0.9999838782203646 0.1911133538976013 0.4522372755980502 0.5004240672321766 0.4985108353012607 0.5000355282653403 0.49942005271231593 0.4995549423930199 0.5016747803535456 0.500642431064647 0.5012138311112067 0.5003592642054624 
5.343685973160188E-4 0.9982098080531641 0.0032276565699337783 0.0072200112392709 0.2737899152396285 0.9734736331099186 0.06594119754742574 0.06611874000141513 0.9627666024686349 0.01988821752817939 0.0019444670311043642 0.39620991421941454 
0.10121953361546117 0.9998887985957581 0.010678101677036256 0.12012816214146671 0.5156125430236974 0.5534003994776939 0.509640273948826 0.20263395459475672 0.4892372426251297 0.7574640285467968 0.7151293465742639 0.7279784862088768 
0.2951224016861715 0.073508126920245 0.9709231146859563 0.5004414769016151 0.49850354299521227 0.5012733506469388 0.5009003966173452 0.49952335114388535 0.4978148864267369 0.5087209742788662 0.5013858703916592 0.5006750074668442 
0.5187777365374846 0.008858350997031236 0.8991463826255891 0.5004396491197964 0.4985828846415583 0.500009232229343 0.5009000613066826 0.49871437687775194 0.5016103972650614 0.5006514306895216 0.5014386706504279 0.5006457687619166 
0.7837475017278054 0.980577862272243 0.4645758799061611 0.5004227744598602 0.4984870421805417 0.5020205761641067 0.4994523314743789 0.4990468446785885 0.5016746290612006 0.50072486329917 0.49826398803884 0.5003598587927113 
0.9999838782203646 0.08520992342632093 0.4516386062193952 0.5004240672321766 0.4985108353012607 0.500043077971123 0.49942005271231593 0.4995549423930199 0.5016747803535456 0.500642431064647 0.49828807016436694 0.5003592642054624 
0.05256377173431579 0.9982019824148468 0.0032276565699337783 0.001420624230360333 0.2737899152396285 0.9734736331099186 0.04595908449488616 0.06611874000141513 0.8063963217885344 0.01989982879352941 0.0020002235425033614 0.39620991421941454 
0.1730011175432984 0.9837722226815354 0.0022059424502626408 0.10918989634894197 0.5219136047910832 0.9287613301588851 0.19973960167381244 0.23834989441618962 0.7235068719019533 0.762374657235771 0.41626531300189845 0.44473554215479916 
0.49936382908405685 0.9917187922313359 0.08257374026957633 0.5010748513461523 0.48621757744236227 0.49702004226285706 0.5201799208823557 0.522096799742633 0.489281310223104 0.48384686383851017 0.5008878600048734 0.5009050700273375 
0.7195992847216848 0.00504462394504436 0.48509773538705725 0.5004214860579552 0.49842664301164197 0.49868680676266464 0.5017551981842501 0.4994078942934208 0.5018122541907926 0.5006324348246031 0.498278770189597 0.5011973124519817 
0.9999838782203646 0.07742401544153202 0.4516386062193952 0.5004240672321766 0.4985108353012607 0.500024913164603 0.49942005271231593 0.49955502427438037 0.5016747803535456 0.5006424501996412 0.49828807016436694 0.5003592636141173 
0.08470464442497458 0.9982019824148468 0.0032276565699337783 0.001420624230360333 0.2737899152396285 0.9734736331099186 0.04595908449488616 0.06611874000141513 0.835367065465178 0.01989982879352941 0.0020002235425033614 0.39620991421941454 
0.2662809060870624 0.9994785418344297 0.00841862971884397 0.004840169909597368 0.4944963981452897 0.921389268435853 0.5018875471013327 0.20233107375890233 0.4956936618451625 0.7490807499048409 0.036363672213825415 0.6170503302109899 
0.7578236519463819 0.07513336437436198 0.4708200917846869 0.5004414996706954 0.49866900346144516 0.49996875452393386 0.5008633480599748 0.4990529363947099 0.4978037232931792 0.5017348458400723 0.4985731208555256 0.5003542695568821 
0.9999838782203646 0.08520992342632093 0.4516386062193952 0.5004240672321766 0.49858289300811737 0.500043077971123 0.49944314996241973 0.4995437320908508 0.501610226733891 0.500642431064647 0.4982387022617789 0.5003592642054624 
5.343685973160188E-4 0.9982019824148468 0.0032271801762043333 0.0014595195279491057 0.2737899152396285 0.9734736331099186 0.04590352767542283 0.06611874000141513 0.8063963254633325 0.01989982879352941 0.0020002235425033614 0.39620991421941454 
0.7953370454412092 0.07437041632903219 0.4518327897039492 0.5004234369465 0.4985754072486064 0.5000349018400572 0.500899526997104 0.4995737847928308 0.495943489102672 0.5006634033072115 0.4972623164808978 0.5006507384803778 
0.9999838782203646 0.08520232201852873 0.4516386062193952 0.5004240672321766 0.49851083727566925 0.500043077971123 0.49942005271231593 0.49959014809119345 0.501674972220716 0.5006406427306525 0.4982880445578969 0.5003592642351473 
0.822975476260765 0.08671061406483109 0.9987449205798755 0.49957512631012835 0.4986734395769343 0.4999697383536061 0.4996372562362109 0.4990551025726886 0.49780930850263766 0.5015114865946002 0.49858992852948014 0.5003542292577954 
0.9999838782203646 0.08520992342632093 0.4516284739087954 0.5004240672321766 0.49858289300811737 0.5000357150617382 0.4994197997048078 0.4995437320908508 0.5016107419933172 0.500642431064647 0.4982819989466359 0.5003592642054624 
0.9999838782203646 0.08520232201852873 0.4516386062193952 0.5004240672321766 0.49851083727566925 0.500043077971123 0.49942005271231593 0.49959014809119345 0.501674972220716 0.5006406427306525 0.4982880445578969 0.5003592642351473 
3.9821025089209483E-4 0.9999676810161666 0.9965797597682696 0.004773083806802313 0.19065791471812885 0.9953278508676454 0.06583508296296892 0.10278821544273732 0.9276607697614467 0.048792055275616614 0.005388999823956449 0.511933274927715 
0.07366664781611515 0.0032263784774650382 0.4821488124072184 0.5004514429168913 0.5092652432626413 0.500321074566231 0.5201372477482402 0.49036560008183266 0.496764403802146 0.4996388326079131 0.5051222827522838 0.49588782837547496 
0.17544081851106136 0.0067973961733963344 0.9527135984490068 0.5004243041281714 0.4986220235698337 0.5000528820357474 0.5009115842206082 0.4994100136873079 0.49639394410649723 0.499014281880297 0.49794321977369865 0.501348905996261 
0.31036061765044975 0.04313412411386225 0.9434432509062782 0.500499146264502 0.4985023161679736 0.5000606605040774 0.5018925857617669 0.49973516104340215 0.5021242512315819 0.49901239478719156 0.49804984451674095 0.5009006445802313 
0.4810808639829052 0.004888575359070201 0.4254563231940033 0.49759068485859403 0.4984687088941548 0.5013723300037713 0.5009115213105279 0.49902755673961213 0.49627334946006296 0.5015356695896733 0.4982535913851379 0.5013489076148708 
0.6723017139854988 0.9525993041860904 0.43016543251758105 0.5004994864485088 0.4984403737309549 0.5013806693349546 0.49938004772048533 0.49904673412828326 0.49627882248784083 0.5015091190988596 0.49828850874863784 0.5003540472595454 
0.8530377729652827 0.0013443745597762624 0.4526159033445501 0.5004224903839797 0.4985174744463057 0.5014439481467808 0.4994091175241683 0.49906053684879265 0.5016845767061004 0.5006432608867512 0.4982212445757099 0.500366052793328 
0.9999838782203646 0.08520992342632093 0.4516386062193952 0.5004240672321766 0.4985108353012607 0.500043077971123 0.49942005271231593 0.4995549423930199 0.5016747803535456 0.500642431064647 0.49828807016436694 0.5003592642054624 
0.04982926693565237 0.03502305970084941 0.4785318558291775 0.5004105827096789 0.4952713893856404 0.4998406729774215 0.5096756841799618 0.49883028023361153 0.49675622856919005 0.5011053135413653 0.5094546408992243 0.4955089946319342 
0.08925979205970858 0.07296217328148104 0.019713565457534887 0.5002870469947931 0.49480675767620025 0.5002307385956495 0.5008765558857109 0.49912848169219765 0.4954762164379432 0.501071942630726 0.5060576259700224 0.5002517653785005 
0.21628939137389175 0.006767609996580194 0.9527504259800645 0.5004526516703547 0.4948746424825202 0.5000744411364628 0.5008780790359053 0.49947122467741395 0.5020817125451729 0.49901429950577797 0.497779019221143 0.5009084863473404 
0.3915594509767138 0.07384004189608462 0.37197343272791195 0.500453074442965 0.4985616771385562 0.5001207343873856 0.500863705394627 0.4992116583819626 0.5022237073394638 0.5006264227889955 0.501651353309799 0.5009065521351631 
0.6081658478511754 0.023879717356614094 0.5223522382426977 0.49758865164032223 0.4984056462353144 0.501318228035071 0.5008306587798619 0.49805244235172974 0.49596664619639147 0.5017210772587761 0.4981565594984709 0.5003530310363322 
0.8246779708761387 0.09073935639679555 0.4417735457564452 0.5004224808012144 0.4985117243528229 0.5013923854684215 0.4994086062406427 0.49905180480610134 0.5018845356137116 0.5006432608867512 0.4979640074295944 0.500366052793328 
0.9999838782203646 0.07690310335870475 0.4516386062193952 0.5004240672321766 0.4985108353012607 0.500043077971123 0.49942005271231593 0.4995549423930199 0.5016747803535456 0.500642431064647 0.49828807016436694 0.5003592642054624 
0.0459322190965145 0.9990014391242467 0.00879310735809824 0.09187261738886748 0.27254204442908964 0.8193692847429765 0.11159997326603646 0.5176040878101745 0.7434912905676951 0.07742320126604052 0.5923196531695134 0.5120805316830571 
0.10515307050347505 0.9999819518305103 0.016651223031533435 0.5578639390329863 0.5039220655866455 0.691623309465158 0.45927321822913736 0.5054761444131152 0.7199637798792122 0.22974976737553474 0.5060496974252245 0.5538903796662816 
0.28028025871062157 0.010451575279409212 0.8858957063356004 0.5004393349813065 0.4985041267914916 0.5021030714450682 0.5019340427384669 0.5002605732842904 0.5016115662300018 0.5039015828036724 0.49803134816373745 0.49504772029512795 
0.5187777365374846 0.008858350997031236 0.8991463826255891 0.5004396491197964 0.4985828846415583 0.500009232229343 0.5009000613066826 0.49871437687775194 0.5016103972650614 0.5006514306895216 0.5014386706504279 0.5006457687619166 
0.7837475017278054 0.980577862272243 0.4645758799061611 0.5004227744598602 0.4984870421805417 0.5020205761641067 0.4994523314743789 0.4990468446785885 0.5016746290612006 0.50072486329917 0.49826398803884 0.5003598587927113 
0.9999838782203646 0.08520992342632093 0.4516386062193952 0.5004240672321766 0.4985108353012607 0.500043077971123 0.49942005271231593 0.4995549423930199 0.5016747803535456 0.500642431064647 0.49828807016436694 0.5003592642054624 
0.0015273100565409241 0.9982019824148468 0.0032289983063523804 0.0016236688040183055 0.3340630555305416 0.9734736331099186 0.045928900721810724 0.07152285379762804 0.8063991811134218 0.01989982879352941 0.0020002235425033614 0.39620991421941454 
0.17600161272703505 0.9990986987516773 0.017293511119532517 0.13159751501588077 0.5156323593314155 0.5495865801634242 0.4664417660778737 0.11342927633171526 0.4956853174151576 0.7623835918128872 0.7216569500382002 0.4696304330224691 
0.40914060318326884 0.8691961052097206 0.024792257249268645 0.5135768599002857 0.4863306336232724 0.4969506651606469 0.5157780587683559 0.5069053426321303 0.48732427593305583 0.5061979940189215 0.5054488838512543 0.5119594484634155 
0.7195992847216848 0.036376547978797316 0.45168572609464547 0.5004240678456465 0.49842568515007557 0.5001076724275548 0.4995272216982099 0.49955233974960145 0.501806368779144 0.5006537494187894 0.4982829727847361 0.5003592915045413 
0.9999838782203646 0.08520992342632093 0.4516386062193952 0.5004240672321766 0.49858289300811737 0.500043077971123 0.49944314996241973 0.4995437320908508 0.501610226733891 0.500642431064647 0.4982387022617789 0.5003592642054624 
0.05256377173431579 0.9991639916146575 0.0032276565699337783 0.001420624230360333 0.2737899152396285 0.9734736331099186 0.04595908449488616 0.06611874000141513 0.8063963217885344 0.01989982879352941 0.0020002235425033614 0.39620991421941454 
0.2662809060870624 0.9994785418344297 0.008367866634452825 0.00947930830790003 0.502610252596063 0.4903836700861546 0.5018875471013327 0.20233107375890233 0.4956936618451625 0.7490807499048409 0.036363672213825415 0.4693397202767676 
0.7049868538896255 0.08537499231346213 0.45169298863464064 0.5004184582458951 0.49851162501541807 0.49988761914196705 0.4994187614304801 0.49960773098600764 0.5017201952720068 0.5006542409670792 0.4978971015964998 0.5003799247056433 
0.9999838782203646 0.07507527631030428 0.4516386062193952 0.5004239190500256 0.4985108353012607 0.500043077971123 0.499420045082559 0.4995549423930199 0.5016747803535456 0.5006537593384115 0.4985703206183669 0.5003593001287818 
0.08470464442497458 0.9982019824148468 0.0032276565699337783 0.001420624230360333 0.2737899152396285 0.9734736331099186 0.04595908449488616 0.06611874000141513 0.835367065465178 0.01989982879352941 0.0020002235425033614 0.39620991421941454 
0.7577603206496873 0.08537939212310361 0.4517727383789645 0.50024761762792 0.49851089983973756 0.49988761914196705 0.502032676454076 0.49958998957400463 0.5017213862337659 0.5006777494965728 0.4978971015964998 0.5003629392283153 
0.9999838782203646 0.07507527631030428 0.4516386062193952 0.5004239474723227 0.4985108353012607 0.500043077971123 0.4994200794782475 0.4995549423930199 0.501875856170601 0.5006537593384115 0.4985858706560806 0.5003593001287818 
0.7953370454412092 0.07437041632903219 0.4518327897039492 0.5004234369465 0.4985754072486064 0.5000349018400572 0.500899526997104 0.4995737847928308 0.495943489102672 0.5006634033072115 0.4972623164808978 0.5006507384803778 
0.9999838782203646 0.08520992342632093 0.46936674920955795 0.5004240672321766 0.49858289300811737 0.5000357109592337 0.4994200511698803 0.49959018007735717 0.5016107419933172 0.500642476921314 0.4982880335091549 0.5003592642054084 
0.9999838782203646 0.07507527631030428 0.4516386062193952 0.5004239474723227 0.4985108353012607 0.500043077971123 0.4994200794782475 0.4995549423930199 0.501875856170601 0.5006537593384115 0.4985858706560806 0.5003593001287818 
3.9821025089209483E-4 0.9999676810161666 0.9965797597682696 0.004773083806802313 0.19065791471812885 0.9953278508676454 0.06583508296296892 0.10278821544273732 0.9276607697614467 0.048792055275616614 0.005388999823956449 0.511933274927715 
0.06469255750816975 0.9990125484548817 0.9966475376570583 0.5513998325948862 0.4661211712224002 0.691623309465158 0.4488689900867325 0.5054761444131152 0.7199637798792122 0.23936673032891073 0.45366551356616175 0.5538903796662816 
0.21628939137389175 0.006767609996580194 0.9527504259800645 0.5004526516703547 0.4948746424825202 0.5000744411364628 0.5008780790359053 0.49947122467741395 0.5020817125451729 0.49901429950577797 0.497779019221143 0.5009084863473404 
0.3915594509767138 0.07384004189608462 0.37197343272791195 0.500453074442965 0.4985616771385562 0.5001207343873856 0.500863705394627 0.4992116583819626 0.5022237073394638 0.5006264227889955 0.501651353309799 0.5009065521351631 
0.6081658478511754 0.023879717356614094 0.5223522382426977 0.49758865164032223 0.4984056462353144 0.501318228035071 0.5008306587798619 0.49805244235172974 0.49596664619639147 0.5017210772587761 0.4981565594984709 0.5003530310363322 
0.8246779708761387 0.09073935639679555 0.4417735457564452 0.5004224808012144 0.4985117243528229 0.5013923854684215 0.4994086062406427 0.49905180480610134 0.5018845356137116 0.5006432608867512 0.4979640074295944 0.500366052793328 
0.9999838782203646 0.07690310335870475 0.4516386062193952 0.5004240672321766 0.4985108353012607 0.500043077971123 0.49942005271231593 0.4995549423930199 0.5016747803535456 0.500642431064647 0.49828807016436694 0.5003592642054624 
0.045918042382261076 0.9990077775307767 0.9939103158608551 0.09187261738886748 0.27922127583264444 0.7889525583683162 0.11184141653266619 0.5176093665971322 0.7366150557793573 0.059123137823771835 0.5923196531695134 0.5120805316830571 
0.10096478738976589 0.9990125484548817 0.9966475376570583 0.5500715172476778 0.4661211712224002 0.691623309465158 0.4488689900867325 0.5054761444131152 0.7199637798792122 0.7505495189406037 0.45366551356616175 0.5553530943253581 
0.28028025871062157 0.010451575279409212 0.46780390445084247 0.5004237927968019 0.4986712640585068 0.5020930904176749 0.5019355687193628 0.5002605732842904 0.4954422090814932 0.5038563987615288 0.4979680988910414 0.49509146021269995 
0.5187777365374846 0.008858350997031236 0.9435540545228095 0.5004396491197964 0.4985829681298291 0.5000103270354697 0.5008999104310184 0.499189951428559 0.5016147510842354 0.5006514306895216 0.5014386706504279 0.5006457687619166 
0.7837475017278054 0.9782390893954187 0.9425944789580476 0.5004227386704279 0.494833932781794 0.502031866753729 0.500854146398198 0.4990511699960533 0.5017015549205467 0.5006389285211709 0.4982630568339857 0.5003921562168386 
0.9999838782203646 0.08467562547164531 0.4516386062193952 0.5004240672321766 0.49858331760746655 0.500043077971123 0.49944314996241973 0.4995548647841716 0.501610226733891 0.500642431064647 0.5012490476949472 0.5003592642054624 
0.15458294983095794 0.9802216744357017 0.34568641064846045 0.5004239184315947 0.49862330854856346 0.49994314543529284 0.5108144362004505 0.5063391622064674 0.47848940580251415 0.5017054063824837 0.4978656911074895 0.5007696570751453 
0.20420491727143258 0.9803156813778378 0.3437259138060548 0.5004393684101076 0.4985400251052292 0.500124111622544 0.5106331244542026 0.4991918092773594 0.4898869571173902 0.5016417437581929 0.4977663328534029 0.5007740837728873 
0.3915594509767138 0.07384004189608462 0.37197343272791195 0.500453074442965 0.4985616771385562 0.5001207343873856 0.500863705394627 0.4992116583819626 0.5007620578734295 0.5006264227889955 0.501651353309799 0.5009065521351631 
0.7195992847216848 0.036376547978797316 0.45168572609464547 0.5004240678456465 0.49842568515007557 0.5001076724275548 0.4995272216982099 0.49955233974960145 0.501806368779144 0.5006537494187894 0.4982829727847361 0.5003592915045413 
0.9999838782203646 0.08520992342632093 0.4695292713596594 0.5004240672321766 0.4985835539696576 0.5000357150617382 0.4994197997048078 0.4995437320908508 0.5016110102631957 0.500642431064647 0.4982819989466359 0.5003592642054624 
0.1769470686385065 0.9972433262049606 0.017291121298867534 0.12058186598352022 0.5220053431549063 0.5127010565090746 0.5028263174378854 0.19911442445754793 0.4957170235262956 0.7623959758612598 0.7184704963315676 0.5204496222797875 
0.2729561826095914 0.9972371470639769 0.010678101677036256 0.12012816214146671 0.5156125430236974 0.5599153984752129 0.509640273948826 0.20263395459475672 0.4892372426251297 0.7574640285467968 0.7151293465742639 0.4696304330224691 
0.6257443417634092 0.9565986637674211 0.9984624305088781 0.500422619478105 0.4986709556190784 0.5017766630993635 0.5020339299051552 0.4989187169546389 0.5016749071923213 0.501646558950996 0.49803232966295063 0.5003882523265655 
0.9999838782203646 0.08520331788236883 0.45163892488503893 0.5004184927565581 0.4985108198595318 0.49989667376768604 0.499418766610158 0.49959014809119345 0.5016741277535183 0.5006406427306525 0.4982880445578969 0.5003595701244359 
0.17692673537258724 0.9998087296464648 0.01685158816546689 0.005028003600303366 0.4942289188981926 0.917671519342358 0.22867515972136132 0.5072585834404956 0.7363487563995018 0.08291755104592988 0.5122251550220293 0.6164748143104373 
0.7049868538896255 0.08537499231346213 0.45169298863464064 0.5004184582458951 0.49851162501541807 0.49988761914196705 0.4994187614304801 0.49960773098600764 0.5017201952720068 0.5006542409670792 0.4978971015964998 0.5003799247056433 
0.9999838782203646 0.07507527631030428 0.4516386062193952 0.5004239190500256 0.4985108353012607 0.500043077971123 0.499420045082559 0.4995549423930199 0.5016747803535456 0.5006537593384115 0.4985703206183669 0.5003593001287818 
0.7577603206496873 0.08537939212310361 0.4517727383789645 0.50024761762792 0.49851089983973756 0.49988761914196705 0.502032676454076 0.49958998957400463 0.5017213862337659 0.5006777494965728 0.4978971015964998 0.5003629392283153 
0.9999838782203646 0.08520232201852873 0.4516386062193952 0.5004240672321766 0.49851083727566925 0.500043077971123 0.49942005271231593 0.49959014809119345 0.501674972220716 0.5006406427306525 0.4982880445578969 0.5003592642351473 
0.9999838782203646 0.07507527631030428 0.4516386062193952 0.5004239474723227 0.4985108353012607 0.500043077971123 0.4994200794782475 0.4995549423930199 0.501875856170601 0.5006537593384115 0.4985858706560806 0.5003593001287818 
0.030040129237495234 0.9999527786083522 0.9995360954634135 0.004773083806802313 0.19065186364535752 0.9900605392671642 0.00745407554290517 0.10278821544273732 0.9767401403126443 0.048792055275616614 0.02035414318901716 0.5543312595383562 
0.07128431230416404 0.9989797878250161 0.9966753299059742 0.12943761787318922 0.46479492236972675 0.7946353963849148 0.6070023908875787 0.462032005228905 0.743680086663542 0.2385048258423259 0.6950685813576996 0.5071880075674027 
0.28065486302512493 0.9914679204107801 0.9880830278497732 0.5163630837857616 0.4120200555660516 0.42148274493855786 0.4942523617917024 0.5250352006040655 0.42639155892386504 0.5000672012275404 0.44526634814494254 0.5377057900259067 
0.5187777365374846 0.008858350997031236 0.9435540545228095 0.5004396491197964 0.4985829681298291 0.5000103270354697 0.5008999104310184 0.499189951428559 0.5016147510842354 0.5006514306895216 0.5014386706504279 0.5006457687619166 
0.7837475017278054 0.9782390893954187 0.9425944789580476 0.5004227386704279 0.494833932781794 0.502031866753729 0.500854146398198 0.4990511699960533 0.5017015549205467 0.5006389285211709 0.4982630568339857 0.5003921562168386 
0.9999838521868547 0.059749485224923904 0.4298029991462779 0.5004398827836459 0.4985784324671032 0.5013892443835194 0.5008995623331215 0.49954812623071987 0.5019217183693764 0.5006405519734121 0.5012781681139319 0.5003592636147018 
0.04020628778771115 0.9999529380650825 0.9968658177640131 0.0045534093627479615 0.19065186364535752 0.9742979007974165 0.06737860510861088 0.10278821544273732 0.8695923502258537 0.048792055275616614 0.02035448617521157 0.5132135014865936 
0.1596587980289786 0.9995619418836946 0.996741708671609 0.47610093557171007 0.5426821289952378 0.7972878931244382 0.5287708624495444 0.4660611032843072 0.5010857314519563 0.20954487393559043 0.03144604059995909 0.4263351946977916 
0.40918360738024784 0.9302288351982957 0.9421742562729979 0.5008812471284433 0.5034023169857336 0.500258414915026 0.4994296688867217 0.49195622757483826 0.49557724269141745 0.5006329220500347 0.4922866898816995 0.5326874721393595 
0.7195992847216848 0.036376547978797316 0.45168572609464547 0.5004240678456465 0.49842568515007557 0.5001076724275548 0.4995272216982099 0.49955233974960145 0.501806368779144 0.5006537494187894 0.4982829727847361 0.5003592915045413 
0.9999838782203646 0.08520992342632093 0.4695292713596594 0.5004240672321766 0.4985835539696576 0.5000357150617382 0.4994197997048078 0.4995437320908508 0.5016110102631957 0.500642431064647 0.4982819989466359 0.5003592642054624 
0.1614259085736794 0.9990077775307767 0.9968651532252865 0.5454807914754266 0.467169879131796 0.7875612501324116 0.6069512166795138 0.46162222726390495 0.4054562345317022 0.055854062366118534 0.6608726152303336 0.5935675690161814 
0.26666663893179643 0.99956737844565 0.9966272971856587 0.4559681755859294 0.6811285161815567 0.7942137883845395 0.18513910811787926 0.24381255483784733 0.7166121659531496 0.4974475468866059 0.5014457707754931 0.4268472133996838 
0.6257660777973761 0.09394187089615985 0.944916717160363 0.5004240678456465 0.49842691306658 0.500104511166414 0.5009023340517907 0.501013363838542 0.501806368779144 0.5006537494187894 0.4982834878231817 0.5003592915045413 
0.999987206764544 0.04333104585341428 0.4699162967916161 0.500424108481258 0.4985840356087884 0.5017723427785771 0.49941709960240566 0.4997495286324679 0.5016388452564854 0.5006322844214417 0.49844622711203124 0.5006595062567153 
0.40995093289164025 0.05233789964310859 0.430113729505434 0.5005001862648737 0.49850268919990726 0.5013146185279282 0.5020005107148582 0.4995414335961786 0.4960757576973324 0.5006265158075143 0.5014111811096353 0.5012967464328119 
0.6257660777973761 0.09394187089615985 0.944916717160363 0.5004240678456465 0.49842691306658 0.500104511166414 0.5009023340517907 0.501013363838542 0.501806368779144 0.5006537494187894 0.4982834878231817 0.5003592915045413 
0.9999838782203646 0.08520992342632093 0.46936674920955795 0.5004240672321766 0.49858289300811737 0.5000357150617382 0.4994197997048078 0.4995437320908508 0.5016107419933172 0.500642431064647 0.4982819989466359 0.5003592642054624 
0.7049868538896255 0.08537476978404482 0.45158179428138095 0.5002486111737032 0.49851089983973756 0.49988761914196705 0.502032676454076 0.49960773098600764 0.5017213862337659 0.5006542409670792 0.4978971015964998 0.5003799247056433 
0.9999838782203646 0.08520992342632093 0.46936674920955795 0.5004240672321766 0.49858289300811737 0.5000357150617382 0.4994197997048078 0.4995437320908508 0.5016107419933172 0.500642431064647 0.4982819989466359 0.5003592642054624 
0.9999838782203646 0.08520992342632093 0.46936674920955795 0.5004240672321766 0.49858289300811737 0.5000357109592337 0.4994200511698803 0.49959018007735717 0.5016107419933172 0.500642476921314 0.4982880335091549 0.5003592642054084 
0.03773860129108074 0.9999527786083522 0.9995360954634135 0.004773083806802313 0.19065186364535752 0.9900605392671642 0.00745407554290517 0.10278821544273732 0.8694705259246814 0.048792055275616614 0.02107610447612216 0.46791873553027274 
0.1596587980289786 0.9999926733113084 0.9930566616399799 0.1256613806734367 0.5409712679598003 0.7972878931244382 0.597873443698358 0.4349373761333006 0.7167991725472413 0.20983854283332998 0.029668528511249494 0.6207393755391767 
0.49996156024467875 0.006071901730955627 0.9377750824658073 0.5004183765564504 0.49488140789328905 0.5133432791967103 0.4986764793497527 0.49914950127576535 0.49636569484081566 0.4990105586364892 0.4981568633338481 0.5013008732042652 
0.7195992847216848 0.00872873197107022 0.944916717160363 0.5004240678456465 0.49842691306658 0.500104511166414 0.5009023340517907 0.5010227094445129 0.501806368779144 0.5006537494187894 0.4982834878231817 0.5003592915045413 
0.9999838782203646 0.1433592043315084 0.42504360449320044 0.5004240672321766 0.49851083725217793 0.500043077971123 0.49942005271231593 0.49959014809119345 0.5016747824010911 0.5006406461375269 0.49828806995139063 0.5003592642054553 
0.029978401433698107 0.9999527786083522 0.9995360954634135 0.004773083806802313 0.19065186364535752 0.9900605392671642 0.00745407554290517 0.10278821544273732 0.8694705259246814 0.048792055275616614 0.01084454491394158 0.46791873553027274 
0.2514103936488205 0.9999926733113084 0.9966272971856587 0.12565329736240394 0.6760111355841248 0.7942137883845395 0.18217559249362447 0.2404145561335905 0.7166121659531496 0.20992203966723338 0.6998321615267364 0.6207540430847767 
0.7049868538896255 0.017340383509251045 0.8271732889167506 0.5004296334076476 0.49867153162818284 0.4972647692958005 0.4996397036282446 0.4995571948664865 0.5018084614834795 0.5006347005603169 0.4982972388795077 0.5012970407886252 
0.9999838782203646 0.07507527631030428 0.4516386062193952 0.5004239474723227 0.4985108353012607 0.500043077971123 0.4994200794782475 0.4995549423930199 0.501875856170601 0.5006537593384115 0.4985858706560806 0.5003593001287818 
0.24095482387843653 0.998997863472221 0.9967887329210926 0.12284756381479768 0.6679600641517078 0.7853478162012669 0.5961855423695512 0.275306859194262 0.737824982079674 0.10626007254097632 0.07811160304252968 0.4653140632650493 
0.7049868538896255 0.08537499082886006 0.451416931945375 0.5002486111737032 0.49851256353398604 0.49988761914196705 0.502032676454076 0.49960773098600764 0.5017243373828726 0.500611298762984 0.4978971015964998 0.5012970407886252 
0.9999838782203646 0.08535565452700562 0.4440100653915925 0.5004240672321766 0.498583161195498 0.5000357150617382 0.4994197997048078 0.49954151842263544 0.5018438413085023 0.5006265379681242 0.4984320054257988 0.5012978161103488 
0.7049868538896255 0.08537476978404482 0.45158179428138095 0.5002486111737032 0.49851089983973756 0.49988761914196705 0.502032676454076 0.49960773098600764 0.5017213862337659 0.5006542409670792 0.4978971015964998 0.5003799247056433 
0.9999838782203646 0.08535565452700562 0.4440100653915925 0.5004240672321766 0.498583161195498 0.5000357150617382 0.4994197997048078 0.49954151842263544 0.5018438413085023 0.5006265379681242 0.4984320054257988 0.5012978161103488 
0.9999838782203646 0.08520992342632093 0.4516284739087954 0.5004240672321766 0.49858289300811737 0.5000357150617382 0.4994197997048078 0.4995437320908508 0.5016107419933172 0.500642431064647 0.4982819989466359 0.5003592642054624 
0.030040129237495234 0.9999527786083522 0.9995360954634135 0.004773083806802313 0.19065186364535752 0.9900605392671642 0.00745407554290517 0.10278821544273732 0.9767401403126443 0.048792055275616614 0.02035414318901716 0.5543312595383562 
0.25070804965016746 0.998969084496197 0.9974538177161582 0.1256613806734367 0.7131733024120563 0.7942137883845395 0.14471961757259927 0.2404145561335905 0.7167991725472413 0.20996759133598336 0.07366849570666151 0.6218053539221948 
0.7578236519463819 0.08520524760889331 0.44460138985448333 0.5004236968632666 0.49851046532994453 0.49996875452393386 0.49948779341394506 0.4990529363947099 0.4978609931661513 0.5017382035303211 0.49857259114095287 0.5003615807024271 
0.9999870268789477 0.07614591148486563 0.4479402160703793 0.5004212849836644 0.4984267121566225 0.501792904096644 0.5008967825263223 0.4997495286324679 0.4975406558255381 0.5006322844214417 0.5014589216046015 0.5006595062567153 
0.030040129237495234 0.9999527786083522 0.9995360954634135 0.004773083806802313 0.19065186364535752 0.9900605392671642 0.00745407554290517 0.10278821544273732 0.8694705259246814 0.048792055275616614 0.02035414318901716 0.46791873553027274 
0.7579106053350899 0.09777963434334527 0.4507008128791823 0.5004232101391702 0.4986712290445475 0.5012391926742908 0.4993710683401185 0.49974696485958137 0.49599874803356575 0.5006322106886406 0.501422213182982 0.5006607464903172 
0.9999989784462868 0.10080449979338335 0.44058489546340196 0.500423209712659 0.4986721142739727 0.5018418076079941 0.49941709960240566 0.4997495286324679 0.5016407617264725 0.5006322844214417 0.5014800787822956 0.5006595062567153 
0.7578236519463819 0.08460929952721671 0.5387705488017125 0.5004414996706954 0.49866498381599017 0.4999678030034312 0.4994726039939265 0.4990529363947099 0.49750485208458267 0.5017348458400723 0.497888347323198 0.5006195767673557 
0.999987206764544 0.10080449979338335 0.4318698396742486 0.5004186851731256 0.49850354299521227 0.5017723427785771 0.49941709960240566 0.4997495286324679 0.5016407617264725 0.5006322844214417 0.5014653820948533 0.5006595062567153 
0.9999838782203646 0.9787225279847243 0.4544319067368555 0.5004240672321766 0.4985815969886537 0.49999612331296595 0.4994200780569127 0.49955443603043304 0.501879647204266 0.500642431064647 0.49828807016436694 0.5003687326478883 
0.04020628778771115 0.9999529380650825 0.9968658177640131 0.0045534093627479615 0.19065186364535752 0.9742979007974165 0.06737860510861088 0.10278821544273732 0.8695923502258537 0.048792055275616614 0.02035448617521157 0.5132135014865936 
0.7953370454412092 0.08817222090880708 0.3487020043761424 0.5004182671950609 0.49857596095792933 0.5017724104559839 0.5009228213593563 0.49915525281266093 0.5015083861169176 0.5006322819566388 0.5052263608382381 0.5006629564942834 
0.9999989784462868 0.10080449979338335 0.44058489546340196 0.500423209712659 0.4986721142739727 0.5018418076079941 0.49941709960240566 0.4997495286324679 0.5016407617264725 0.5006322844214417 0.5014800787822956 0.5006595062567153 
0.7953370454412092 0.08817222090880708 0.3487020043761424 0.5004182671950609 0.49857596095792933 0.5017724104559839 0.5009228213593563 0.49915525281266093 0.5015083861169176 0.5006322819566388 0.5052263608382381 0.5006629564942834 
0.9999838782203646 0.1433592043315084 0.42504360449320044 0.5004240672321766 0.49851083725217793 0.500043077971123 0.49942005271231593 0.49959014809119345 0.5016747824010911 0.5006406461375269 0.49828806995139063 0.5003592642054553 
0.9999838613710712 0.07647329091261577 0.42990249480430226 0.5004189798647647 0.49850354299521227 0.5017723427785771 0.5008926999882064 0.4997486265560217 0.5022914521671747 0.5006322844214417 0.5014653820948533 0.5003642299828507 
0.8244074828960565 0.0807962405428998 0.42735461561821886 0.4995506789985269 0.498289511806542 0.4986820443925351 0.5018945798709203 0.49955233974960145 0.5004208985434317 0.5006315426347736 0.4982829727847361 0.5003670225061013 
0.9999838782203646 0.09796811104472046 0.4516157268598324 0.5004240672321766 0.4985108353012607 0.49843148045235286 0.49942005271231593 0.4995549423930199 0.5016747803535456 0.500642431064647 0.49828807016436694 0.5003592642054624 
0.9999838782203646 0.9787225279847243 0.4544319067368555 0.5004240672321766 0.4985815969886537 0.49999612331296595 0.4994200780569127 0.49955443603043304 0.501879647204266 0.500642431064647 0.49828807016436694 0.5003687326478883 
0.9999870268789477 0.07641682816189492 0.4318698396742486 0.49773310390892056 0.49850354299521227 0.5017723427785771 0.5008927221191838 0.4997495286324679 0.4975406558255381 0.5006322844214417 0.5014653820948533 0.5006594928350262 
