4.303831461900339E-5 0.9949463356318061 0.5513741042330109 0.5081333952721369 0.49650155956799424 0.49006740682606076 0.49773999616106446 0.5073746617167759 0.48882633822006133 0.4992410071787804 0.4956286589363136 0.5015321811574596 
0.06389401606065717 0.021979450917270656 0.9729858971189105 0.4997312648161252 0.4964858511103499 0.5013482578425479 0.5017021560304279 0.5027769360369102 0.4881696146383918 0.49639932523109004 0.49496773248740045 0.4998614179587689 
0.14638447474221983 0.01274001114778317 0.22026440281002543 0.4992286870470993 0.49647219163294615 0.5013459870671476 0.5019112496697049 0.4978506220111413 0.49509626840015447 0.49922240946268925 0.5027948326487005 0.5005897932746135 
0.2549653266638621 0.034284642862403056 0.09081878470946367 0.49972597726315077 0.49642831428206613 0.5007866443239838 0.49780570638626287 0.49786263581564105 0.4948239214332162 0.4991881006126296 0.5028146087160574 0.5005948913124297 
0.3917403249374042 3.839090306512749E-4 0.10603402425755593 0.499742112931901 0.49645404566729495 0.5008145393000214 0.4976341001159264 0.4993512120261442 0.5003136379760543 0.5004124904289465 0.49127292601150535 0.5005923135734981 
0.5523071602979521 0.015159203039802172 0.8648468443978389 0.49863430036765544 0.4967853250573547 0.5009008753832378 0.5014850373685602 0.5010792387212193 0.5002021595159215 0.4991628628722325 0.4910972088477722 0.5005424550465365 
0.7196971334536841 0.032316321056622604 0.04458538592717154 0.4986156089971041 0.5005469620708027 0.5007884531231881 0.5016040543638857 0.5010792387212193 0.5002021595159215 0.5005287670243478 0.5009015480497024 0.5005452998025828 
0.8773241057326895 0.9857005297759188 0.9358133147981454 0.4969718767278589 0.49497837193150923 0.5015237282186891 0.5013075579581091 0.49957104393430546 0.5004430167447326 0.5023388254421387 0.5006667547413926 0.5004476422888823 
0.999981329766653 0.8345176307381653 0.03312089662637556 0.49928747500113163 0.4993064247147729 0.501139444206561 0.5012716362904744 0.49846386166018813 0.5002499915809309 0.49927509086890115 0.5008356767263706 0.5004969599853337 
0.0017058271382055165 0.9996193602979683 0.005999403602024389 0.9649885618037825 0.14180291569221543 0.05368658698890735 0.023984980952315424 0.42667787435816756 0.9860076222255011 0.20734116555897486 0.941703979757009 0.906915031070446 
0.07194365843934557 0.003958997288017778 0.4286526475440075 0.4996525113729195 0.49642874473952237 0.5008680940727746 0.5017021560304279 0.49790022607713963 0.5020252954091885 0.49922726592711586 0.502747479395033 0.5005382105735015 
0.1749095348633651 0.003071817286748173 0.8343811233027948 0.5013117266402007 0.4962447202491461 0.4969468806982994 0.49727155974228165 0.4979004811209712 0.4988793438532943 0.4965955803340561 0.5007932898962629 0.5005415617987432 
0.3103225791014695 0.019262701351229917 0.9934269083244025 0.501167200091507 0.496157821457004 0.5007845245554147 0.49922202662232973 0.4978606484729337 0.5003969931038094 0.4992315750866654 0.5029517191297378 0.5004882883100351 
0.4813846173669818 0.9506169488252078 0.9529370682850133 0.4997559529682411 0.4992423561432225 0.5007881715630493 0.501224089691476 0.4978825057859151 0.5016850647139286 0.496470010115909 0.5007487089987355 0.5005923135734981 
0.6722182915449545 0.015323217625750174 0.007112337628914139 0.4973238529186653 0.4962378889637336 0.49692902117374615 0.5012207411761893 0.5078415819903533 0.5002208736350623 0.4991985604314229 0.4971082863462578 0.500445377858324 
0.8528092444829929 0.011841030832241473 0.030781871036382386 0.501929929825987 0.4991668140009577 0.5007985171892881 0.5016221768783767 0.49765226619052333 0.5002543122820644 0.5005191598089945 0.5007334613438303 0.5004123697364604 
0.9999813262061582 0.9234850653340267 0.02675014678345712 0.4997254494770319 0.4993054728000648 0.5010731364042795 0.5012716362904744 0.4984837287403302 0.5002500497421044 0.5005169955469281 0.5008356767263706 0.50059536390398 
0.0017058271382055165 0.9996193602979683 0.005999403602024389 0.9649885618037825 0.14180291569221543 0.05368658698890735 0.023984980952315424 0.42667787435816756 0.9860076222255011 0.20734116555897486 0.941703979757009 0.906915031070446 
0.0712637933683937 0.9981516796566725 7.190964247600789E-4 0.5255185605334856 0.2759108519791796 0.47742756710957857 0.7052407966456219 0.5066967658389642 0.3983861049789362 0.6633421967498572 0.5882789583892082 0.34092942283895816 
0.2162758488631639 0.02905905408455467 0.07937892619499748 0.5012130238306806 0.5025834269875314 0.5008741833057515 0.5017015775056812 0.49732864637428065 0.5020172519892072 0.49922484414674323 0.5029141888424186 0.5005282297430834 
0.3917403249374042 0.004456983941861867 0.09111243188430194 0.49971472285098884 0.49642832209920573 0.5013486530078094 0.4977439150470052 0.49857606530181103 0.500434096188294 0.4991421171383192 0.49106670901756777 0.5005420448651992 
0.6082133418481215 0.03220615118935843 0.8300659304489115 0.5019578824770697 0.49916319183130686 0.5010681428151574 0.5016209800084199 0.4978353760280099 0.5003911062278048 0.49927171540846893 0.5008037192263122 0.50058973595864 
0.8245839225211358 0.7986540026614175 0.013612387534358839 0.4989430285273283 0.4966532232451217 0.5008313215005165 0.501273406858778 0.497894921876974 0.5002947165076613 0.49932458505556726 0.5008528135409213 0.5005452129624826 
0.9999724459689231 0.8358848036948768 0.031229635464295795 0.49935761119999583 0.49928192766514545 0.5011344279633706 0.5017038138792882 0.4993559313075104 0.5002500490050772 0.49926137147071614 0.5008357606179997 0.5006579113006675 
0.0017058271382055165 0.9996193602979683 0.005999403602024389 0.9649885618037825 0.14180291569221543 0.05368658698890735 0.005194925718170859 0.42667787435816756 0.9860076222255011 0.20734116555897486 0.941703979757009 0.906915031070446 
0.13450321911335475 0.994624794541024 0.006116219959089106 0.7139995558499892 0.2774540340149525 0.16757040006526686 0.5671101297044332 0.4314341713595985 0.25010027025046033 0.6637930191479804 0.614972531375358 0.7851264986603294 
0.2813474471581803 0.984874253378323 0.0059070210427589875 0.4991620819420997 0.49435024390514026 0.4952170272449169 0.6206401114434661 0.3970961560796693 0.49817928165224556 0.4943561524096733 0.4777006774998392 0.4997890184643061 
0.5189291900225823 0.9150011893829743 0.016041788731021876 0.49907386893509004 0.4966614544161334 0.5007956401620798 0.49707955687545924 0.4977015825225047 0.5002539730550732 0.50037143229675 0.5008483589764492 0.500538963477654 
0.783684533228492 0.8524701399284218 0.003809778796680499 0.4989579468587398 0.4993322819751216 0.5015511181112989 0.4975434180041781 0.4977841563777965 0.5003134698001576 0.5004304436627193 0.4969403262705 0.5004429455936231 
0.9999813262061582 0.8345176307381653 0.03312089662637556 0.49928747500113163 0.4993064247147729 0.5011351713764737 0.5012716362904744 0.49846386166018813 0.5002499915809309 0.5005169955469281 0.5008356767263706 0.49971619487841634 
0.0017058271382055165 0.9996193602979683 0.005999403602024389 0.9649885618037825 0.14180291569221543 0.05368658698890735 0.023984980952315424 0.42667787435816756 0.9860076222255011 0.20473323775586696 0.941703979757009 0.906915031070446 
0.16387541598083666 0.9948649773983576 0.001199975818708808 0.7088380890033136 0.2840639055149534 0.057704099736610975 0.622680293999359 0.39698572235411506 0.9372212480954828 0.6525228785467654 0.5693134583182525 0.786083247413228 
0.4998049774044264 0.9976481607566751 0.01004135637936371 0.5112135246047609 0.49653343731775296 0.5014877145743823 0.4937608204936116 0.507719354979193 0.49052009296479054 0.4966111795260398 0.5036112075594698 0.4937665817834372 
0.7196971334536841 0.015159203039802172 0.8648468443978389 0.4989753471763489 0.49933202735186527 0.5010732909956901 0.5014850373685602 0.5010712253689116 0.5002021595159215 0.5003322445981211 0.5009012059316464 0.5005452998025828 
0.9998215431831391 0.9238407200909692 0.03310850487649431 0.49928747500113163 0.4993061687923522 0.5010631372521743 0.5012716326435042 0.4984837287403302 0.5002499923146881 0.5005169955469281 0.5008357581356415 0.4997138213097369 
0.0017058271382055165 0.9996193602979683 0.005999403602024389 0.9649885618037825 0.14180291569221543 0.05368658698890735 0.023984980952315424 0.42667787435816756 0.9860076222255011 0.20473323775586696 0.941703979757009 0.906915031070446 
0.27005175234584033 0.9950342900334527 0.008895432384353752 0.7976511166824183 0.18665967103490477 0.027096953239548804 0.07142325085199228 0.5748073688037424 0.7207536008528096 0.6525652392434499 0.6124996814041622 0.8502903200383732 
0.7577641168115113 0.7918004112916104 0.02106808145845429 0.49897671881127137 0.49915860127425277 0.4999481762851923 0.501695209545059 0.4993455874255847 0.501913876119293 0.4964408552576408 0.5008227319601987 0.5005610028361149 
0.9999813262061582 0.9253556790184152 0.09302029524642187 0.4997254494770319 0.4993061776025304 0.5010730890930826 0.5012716362904744 0.4984837287403302 0.5002499915809309 0.5005169955469281 0.5008356767263706 0.50059536390398 
0.0017058271382055165 0.9996193602979683 0.005999403602024389 0.9649885618037825 0.14180291569221543 0.05368658698890735 0.023984980952315424 0.42667787435816756 0.9860076222255011 0.20473323775586696 0.941703979757009 0.906915031070446 
0.7952519017398079 0.9991086429040525 0.03004896714546376 0.4989799479351242 0.495890718238747 0.501456874601518 0.4974667894164516 0.4978946905471199 0.5018608913817273 0.5005232504983718 0.5008263593508474 0.5003961718842337 
0.9999814453265834 0.9253556790184152 0.03310850487649431 0.49928747500113163 0.499305745623626 0.5010631372521743 0.5012687591433467 0.4984837287403302 0.5002500220937578 0.5005169955469281 0.5008356767263706 0.4996809517150877 
0.8236424655626466 0.9899605648460217 0.02905084305242633 0.4992939110460337 0.5004994971019909 0.5007622372216406 0.5016259971549764 0.49848712649958665 0.5003468951484125 0.5005259716176967 0.5069738819582625 0.5005894218479431 
0.9999813262061582 0.9253556790184152 0.03310850487649431 0.49928747500113163 0.4993061776025304 0.5010631372521743 0.5012716362904744 0.4984837287403302 0.5002499915809309 0.5005169955469281 0.5008356767263706 0.49971619487841634 
0.9999814453265834 0.9253556790184152 0.03310850487649431 0.49928747500113163 0.499305745623626 0.5010631372521743 0.5012687591433467 0.4984837287403302 0.5002500220937578 0.5005169955469281 0.5008356767263706 0.4996809517150877 
0.0017737382491617708 0.9993309557409219 0.9976786271532061 0.9113039150874767 0.22865344893991585 0.05368684409355261 0.03681055588851665 0.3234162160624433 0.9933593928443857 0.12107027214427551 0.9021301117048927 0.9491113177311921 
0.07194365843934557 0.003958997288017778 0.4286526475440075 0.4996525113729195 0.49642874473952237 0.5008680940727746 0.5017021560304279 0.49790022607713963 0.5020252954091885 0.49922726592711586 0.502747479395033 0.5005382105735015 
0.1749095348633651 0.0264463212455798 0.4146556784145727 0.48124751809492006 0.5028303380996711 0.4969468806982994 0.49727155974228165 0.49790042839485343 0.49887772003301334 0.49900271636081006 0.5029069948318247 0.5005415617987432 
0.3103225791014695 0.019262701351229917 0.9934269083244025 0.501167200091507 0.496157821457004 0.5007845245554147 0.49922202662232973 0.4978606484729337 0.5003969931038094 0.4992315750866654 0.5029517191297378 0.5004882883100351 
0.4813846173669818 0.9506169488252078 0.9529370682850133 0.4997559529682411 0.4992423561432225 0.5007881715630493 0.501224089691476 0.4978825057859151 0.5016850647139286 0.496470010115909 0.5007487089987355 0.5005923135734981 
0.6722182915449545 0.015323217625750174 0.007112337628914139 0.4973238529186653 0.4962378889637336 0.49692902117374615 0.5012207411761893 0.5078415819903533 0.5002208736350623 0.4991985604314229 0.4971082863462578 0.500445377858324 
0.8528092444829929 0.011841030832241473 0.030781871036382386 0.501929929825987 0.4991668140009577 0.5007985171892881 0.5016221768783767 0.49765226619052333 0.5002543122820644 0.5005191598089945 0.5007334613438303 0.5004123697364604 
0.999981329766653 0.8345176307381653 0.03312089662637556 0.49928747500113163 0.4993064247147729 0.501139444206561 0.5012716362904744 0.49846386166018813 0.5002499915809309 0.49927509086890115 0.5008356767263706 0.5004969599853337 
0.04635310773663018 0.1683377006371582 0.972284987002152 0.49971733998469375 0.4964858511103499 0.5013482578425479 0.5017021560304279 0.49906812321031435 0.48820211444130107 0.49922512288169246 0.49496773248740045 0.49989494046599964 
0.08893606306349708 0.004457776574581709 0.0545581777770052 0.49971364886638053 0.4964858511103499 0.5013459829333412 0.4901140666111702 0.4978506220111413 0.49490613167126934 0.4992255167201299 0.5035535523138721 0.5005895816522457 
0.2162758488631639 0.027163867651795126 0.07316822811152485 0.5011817338427322 0.502900451347271 0.5008741833057515 0.5016828252938218 0.49734640261817575 0.5036987908555022 0.49903518606549224 0.5029141888424186 0.5005293510736034 
0.3917403249374042 3.839090306512749E-4 0.10603402425755593 0.499742112931901 0.49645404566729495 0.5008145393000214 0.4976341001159264 0.4993512120261442 0.5003136379760543 0.5004124904289465 0.49127292601150535 0.5005923135734981 
0.6082133418481215 0.03220615118935843 0.8300659304489115 0.5019578824770697 0.49916319183130686 0.5010681428151574 0.5016209800084199 0.4978353760280099 0.5003911062278048 0.49927171540846893 0.5008037192263122 0.50058973595864 
0.8245839225211358 0.08156633806375996 0.01358573126429064 0.4989192886480847 0.49664584311707916 0.5008313215005165 0.501273406858778 0.4978837639518736 0.5002947165076613 0.49932458505556726 0.5007515564692232 0.5005452129624826 
0.9999813262061582 0.8345176307381653 0.03312089662637556 0.4992855643749061 0.4993064247147729 0.5011351713764737 0.5016175382303979 0.49782599124456683 0.5002517584848539 0.5005036486932594 0.5008043065182195 0.49971619487841634 
0.0019352909562091666 0.9996113783059943 0.008477973893766033 0.7955737782508813 0.49331215049275745 0.05269520589411973 0.16161285174678194 0.501762350126214 0.9503453071694149 0.22933286809639936 0.5085293638545703 0.696936624064396 
0.10231171630376176 0.9981516796566725 0.006597353154194134 0.5255185605334856 0.2759108519791796 0.5361069634468689 0.7052407966456219 0.5066967658389642 0.3983861049789362 0.6633421967498572 0.5882789583892082 0.34092942283895816 
0.2803585006046922 0.008525743614553945 0.09330547659933908 0.49974264429793364 0.4965069365990628 0.5014334616168794 0.49764000429949373 0.49761647352630883 0.5005179271731826 0.5023397066173491 0.4912730765491911 0.5006620101373088 
0.5189291900225823 0.9150011893829743 0.016041788731021876 0.49907386893509004 0.4966614544161334 0.5007956401620798 0.49707955687545924 0.4977015825225047 0.5002539730550732 0.50037143229675 0.5008483589764492 0.500538963477654 
0.783684533228492 0.8524701399284218 0.003809778796680499 0.4989579468587398 0.4993322819751216 0.5015511181112989 0.4975434180041781 0.4977841563777965 0.5003134698001576 0.5004304436627193 0.4969403262705 0.5004429455936231 
0.9999813262061582 0.9043344467815025 0.09302029524642187 0.4997254494770319 0.4993061776025304 0.5010730890930826 0.5012716362904744 0.4984837287403302 0.5002499915809309 0.5005169955469281 0.5008356767263706 0.50059536390398 
0.0017058271382055165 0.9996193602979683 0.005999403602024389 0.9649885618037825 0.14180291569221543 0.05368658698890735 0.005194925718170859 0.42667787435816756 0.9860076222255011 0.20734116555897486 0.941703979757009 0.906915031070446 
0.17680799265637528 0.9937266515646486 0.006079666228707538 0.7121696318930384 0.2774540340149525 0.16757040006526686 0.5671101297044332 0.4314341713595985 0.25010027025046033 0.6603548648587276 0.614972531375358 0.7851264986603294 
0.40951098390267304 0.9872627423101167 0.005898549991307124 0.49915148084080113 0.48734304600692874 0.4968938847730634 0.5016836871466761 0.509365841866787 0.5018353584291306 0.5031070726405864 0.4947159890411173 0.4955458800152475 
0.7196971334536841 0.015159203039802172 0.8648468443978389 0.4989753471763489 0.49933202735186527 0.5010732909956901 0.5014850373685602 0.5010712253689116 0.5002021595159215 0.5003322445981211 0.5009012059316464 0.5005452998025828 
0.9999813262061582 0.9253556790184152 0.09302029524642187 0.4997254494770319 0.4993061776025304 0.5010730890930826 0.5012716362904744 0.4984837287403302 0.5002499915809309 0.5005169955469281 0.5008356767263706 0.50059536390398 
0.0017058271382055165 0.9996193602979683 0.005999403602024389 0.9649885618037825 0.14180291569221543 0.05368658698890735 0.023984980952315424 0.42667787435816756 0.9860076222255011 0.20473323775586696 0.941703979757009 0.906915031070446 
0.2687399009902068 0.9950019815435617 6.186472251079448E-5 0.7965578760902517 0.2885807307648386 0.15146150304427686 0.07151973646290916 0.5714864821326326 0.715931434033751 0.3687725863649051 0.5603354547973851 0.7925543820667322 
0.7048354186346767 0.9085367016001309 0.042684958787911356 0.49938085930985654 0.4963218967905274 0.49985216493172424 0.5017390817322972 0.499329151756242 0.5002899477521714 0.4992814565835029 0.500889506559364 0.5002797955717114 
0.9999813262061582 0.9253556790184152 0.03310850487649431 0.49928747500113163 0.4993061776025304 0.5010631372521743 0.5012716362904744 0.4984837287403302 0.5002499915809309 0.5005169955469281 0.5008356767263706 0.49971619487841634 
0.0019310854316553778 0.9996192971398061 0.005463918882339572 0.9658115200575831 0.15086250499790507 0.07052171827304893 0.023752769452852693 0.4267473439839202 0.9813026630230991 0.2045136917849348 0.9429719408503364 0.8825475427226811 
0.7577641168115113 0.7918004112916104 0.02106808145845429 0.49897671881127137 0.49915860127425277 0.4999481762851923 0.501695209545059 0.4993455874255847 0.501913876119293 0.4964408552576408 0.5008227319601987 0.5005610028361149 
0.9998215431831391 0.9238407200909692 0.03310850487649431 0.49928747500113163 0.4993061687923522 0.5010631372521743 0.5012716326435042 0.4984837287403302 0.5002499923146881 0.5005169955469281 0.5008357581356415 0.4997138213097369 
0.7952519017398079 0.9991086429040525 0.03004896714546376 0.4989799479351242 0.495890718238747 0.501456874601518 0.4974667894164516 0.4978946905471199 0.5018608913817273 0.5005232504983718 0.5008263593508474 0.5003961718842337 
0.9999724459689231 0.8359329819449609 0.032474250471577974 0.49935761119999583 0.49928194629739825 0.5011344279633706 0.5017038138792882 0.4993559313075104 0.5002500490050772 0.49926137147071614 0.5008357606179997 0.5006579113006675 
0.9999814453265834 0.9253556790184152 0.03310850487649431 0.49928747500113163 0.499305745623626 0.5010631372521743 0.5012687591433467 0.4984837287403302 0.5002500220937578 0.5005169955469281 0.5008356767263706 0.4996809517150877 
0.0017737382491617708 0.9993309557409219 0.9976786271532061 0.9113039150874767 0.22865344893991585 0.05368684409355261 0.03681055588851665 0.3234162160624433 0.9933593928443857 0.12107027214427551 0.9021301117048927 0.9491113177311921 
0.08456459694247757 0.9897214177613345 0.9978132204747671 0.49486936736506515 0.37419551246392313 0.5608259849314177 0.6965577972265518 0.5670471058219514 0.4052713382307707 0.24626844484007354 0.5783667209096244 0.344359208110279 
0.2162758488631639 0.019136490706616063 0.07631861877119883 0.5012130238306806 0.5025834269875314 0.5008741833057515 0.5017021571593875 0.49732864637428065 0.5020252698416253 0.49922484414674323 0.5029141888424186 0.5005284905718967 
0.3917403249374042 0.00412960330377589 0.09074291494546138 0.49949012477635113 0.49642832209920573 0.5008145393000214 0.4977439150470052 0.4985926743380996 0.5004572814623919 0.4966578558696114 0.49127292471156403 0.5005420448651992 
0.6082133418481215 0.8716421561011811 0.8301375394511663 0.49692648796743233 0.49916319183130686 0.5010836014275261 0.5016209800084199 0.49763838180207565 0.5003911062278048 0.4991493836198175 0.5008037192263122 0.50058973595864 
0.8245839225211358 0.08156633806375996 0.01358573126429064 0.4989192886480847 0.49664584311707916 0.5008313215005165 0.501273406858778 0.4978837639518736 0.5002947165076613 0.49932458505556726 0.5007515564692232 0.5005452129624826 
0.9999814453265834 0.8993035594410804 0.7659467936271196 0.497090240550516 0.4992893204935449 0.5010681218887866 0.501620070172371 0.49765334368064634 0.5003128653116398 0.49919357000324527 0.5008068891933095 0.49966922049228746 
0.03271967954775991 0.9996007350425364 0.9975850221954716 0.5029032637231754 0.18106436189007358 0.1347704409007489 0.4932816386972563 0.4725629421368545 0.9964476924014237 0.4972347850350323 0.8602465695672444 0.799445519479445 
0.10525637811926661 0.9996023989147772 0.9934614314328758 0.7973477490615825 0.45356234825909947 0.6113791862074597 0.7050262487886507 0.4099949925060521 0.48407119961800676 0.4899903093904461 0.453857953239777 0.4164832302592122 
0.2803585006046922 0.008525743614553945 0.09330547659933908 0.49974264429793364 0.4965069365990628 0.5014334616168794 0.49764000429949373 0.49761647352630883 0.5005179271731826 0.5023397066173491 0.4912730765491911 0.5006620101373088 
0.5189291900225823 0.04902610439125979 0.016041788731021876 0.49695120631493434 0.4962700935092497 0.5010680200976911 0.49707955687545924 0.5010835156773408 0.5019960843417258 0.5002969617695061 0.49591999350057503 0.5005415602000266 
0.783684533228492 0.8404279001521495 9.16513696290689E-4 0.4989197041020293 0.49676193301160176 0.5008297627576107 0.501699228260364 0.4985099529578491 0.5002949835008869 0.4993292889182712 0.5008369784754964 0.5004391552564346 
0.9999813262061582 0.9253556790184152 0.09302029524642187 0.4997254494770319 0.4993061776025304 0.5010730890930826 0.5012716362904744 0.4984837287403302 0.5002499915809309 0.5005169955469281 0.5008356767263706 0.50059536390398 
0.15547097118460643 0.004682802937380583 0.054351226833561146 0.5011740431575267 0.4964723596216307 0.5013488772496659 0.5017448337117439 0.4978506220111413 0.49508914930485115 0.4992263581148472 0.502930606307619 0.5005278341463039 
0.20461900482750267 0.8170460780947437 0.21642399404515944 0.49918446405354217 0.49933225973734396 0.5015557906317407 0.5017038674480162 0.4976309747710262 0.5004572861457058 0.5021291810570222 0.49556349540193234 0.49970477514615247 
0.3917403249374042 0.003947869732904716 0.10823053220264106 0.499742112931901 0.49645404566729495 0.5008145393000214 0.49763565117056563 0.4993512120261442 0.5004572814623919 0.5023397454678576 0.49127292601150535 0.5005923135734981 
0.7196971334536841 0.015159203039802172 0.8648468443978389 0.4989753471763489 0.49933202735186527 0.5010732909956901 0.5014850373685602 0.5010712253689116 0.5002021595159215 0.5003322445981211 0.5009012059316464 0.5005452998025828 
0.9999871256625994 0.8345176307381653 0.03655909582363952 0.4992855643749061 0.4993064247147729 0.5011351713764737 0.5016175382303979 0.49782599124456683 0.5002517584848539 0.5005036486932594 0.5008043065182195 0.49971619487841634 
0.18706674308305637 0.9984001952404774 0.0033477298035464037 0.8174929762739812 0.48172936470071864 0.594221412175764 0.029870610546682108 0.5218102923679913 0.48415549409398856 0.49561518692766526 0.5042455000462679 0.41421786873527466 
0.2747357707752936 0.9996023989147772 3.6175118785246264E-4 0.7973477490615825 0.4884707573569945 0.6113791862074597 0.029870610546682108 0.5190829409550364 0.48415549409398856 0.49570641326210724 0.4547779710683221 0.4157615669389474 
0.6258073174444185 0.8414470048563374 0.05161523515909225 0.49728001957611123 0.49915377054905097 0.4968823691164961 0.5016203733712491 0.5078415819903533 0.5002501342892088 0.4995416140460255 0.5009036327034003 0.5005914488978178 
0.9999813262061582 0.9043344467815025 0.09302029524642187 0.4997254494770319 0.4993061776025304 0.5010730890930826 0.5012716362904744 0.4984837287403302 0.5002499915809309 0.5005169955469281 0.5008356767263706 0.50059536390398 
0.2417871804897763 0.9995386210397432 0.0012251330156511685 0.7917262983071166 0.22863230827604306 0.10984380687544508 0.07226870526735947 0.5746626790849937 0.715931434033751 0.6659331238996524 0.5526257579582637 0.8511049026206844 
0.7048996337132528 0.8748766073617135 0.042684958787911356 0.49938085930985654 0.4963218967905274 0.5014485457833973 0.5017390817322972 0.49849242252160814 0.5002899477521714 0.4992814565835029 0.50088978005268 0.500280755134655 
0.9999813262061582 0.9253556790184152 0.09302029524642187 0.4997254494770319 0.4993061776025304 0.5010730890930826 0.5012716362904744 0.4984837287403302 0.5002499915809309 0.5005169955469281 0.5008356767263706 0.50059536390398 
0.7577641168115113 0.9085357328347269 0.04243584238750262 0.49897671881127137 0.49928250672625496 0.5011608040306811 0.501695209545059 0.4993545007369241 0.5020339075954893 0.4964408552576408 0.5008227319601987 0.5002795930770504 
0.9999724459689231 0.8344051420696327 0.031113520609427008 0.4993582415349717 0.4992823825120459 0.5011344279633706 0.5017022534528401 0.4993559313075104 0.500461285406481 0.49926137147071614 0.5008357606179997 0.5006579113006675 
0.9999703064956771 0.8359329929031756 0.031113520609427008 0.49935843058904456 0.49928232175978016 0.5011307770391178 0.5016398099768147 0.4993559313075104 0.5004556699901567 0.49928857714226005 0.5008357606179997 0.5006579113006675 
0.0017737382491617708 0.9993309557409219 0.9976786271532061 0.9113039150874767 0.22865344893991585 0.05368684409355261 0.03681055588851665 0.3234162160624433 0.9933593928443857 0.12107027214427551 0.9021301117048927 0.9491113177311921 
0.12879723929572445 0.9950066658758052 0.9856205516795307 0.8171258859509913 0.48346362900327694 0.16935580682713458 0.49537201026456046 0.5394703042236053 0.2494270224740507 0.675745843672671 0.4788151442482126 0.821961706802038 
0.27946194687053 0.9739171423017874 0.9973777360566385 0.48383747468511296 0.4940455723087808 0.6015741832556775 0.40986036556245303 0.5092305340213161 0.5118005175298391 0.4932876708154098 0.5801655001796001 0.5318923458989134 
0.5189291900225823 0.04940100860480684 0.016041788731021876 0.49695120631493434 0.49627036345279746 0.5010680200976911 0.49707955687545924 0.5010835156773408 0.5019960843417258 0.5003204391463297 0.49591999350057503 0.500538963477654 
0.783684533228492 0.8404279001521495 9.16513696290689E-4 0.4989197041020293 0.49676193301160176 0.5008297627576107 0.501699228260364 0.4985099529578491 0.5002949835008869 0.4993292889182712 0.5008369784754964 0.5004391552564346 
0.9999871256625994 0.8345176307381653 0.03655909582363952 0.4992855643749061 0.4993064247147729 0.5011351713764737 0.5016175382303979 0.49782599124456683 0.5002517584848539 0.5005036486932594 0.5008043065182195 0.49971619487841634 
0.03179964561312215 0.999333370598039 0.9976729685219565 0.9113039150874767 0.22982663168957643 0.06247955961674444 0.03591769605548866 0.31868297595309364 0.9698495666437487 0.12106041121831455 0.9023046785346425 0.9476521538179652 
0.14571587836966637 0.9900126810873136 0.9989423210771005 0.8171258859509913 0.5022929708425089 0.16944371214735263 0.49537201026456046 0.5394703042236053 0.2499117067421493 0.6746910404300597 0.4788151442482126 0.8219614812160351 
0.40951098390267304 0.9845919417548024 0.9459854015512598 0.49263127395056155 0.48852773635080987 0.5013051012356946 0.5043659391989286 0.5059893516104886 0.4969659130370227 0.49645068815286625 0.4949860231828362 0.49995521441732665 
0.7196971334536841 0.015159203039802172 0.8730208296703963 0.4989578599933873 0.4993320202197217 0.5010568844937713 0.5014850373685602 0.5010712253689116 0.5002021595159215 0.5003342799269898 0.5009012059316464 0.5005452998025828 
0.9998525360170755 0.8383916394211853 0.029984470658629643 0.49862272133090324 0.4991035837611719 0.5011366189568642 0.5016231102169378 0.4978731222470386 0.5002899026433175 0.4992797124883536 0.5008527271917912 0.5005950116047612 
0.1455931669172896 0.9954773854347069 0.9856205516795307 0.8171258859509913 0.5022929708425089 0.16935580682713458 0.49537201026456046 0.5394703042236053 0.4903233569269131 0.6744343952016457 0.4788151442482126 0.821961706802038 
0.2783711871372197 0.9996816070133864 0.9995953358861139 0.8175586600524679 0.488544344014548 0.17610853319651493 0.4916102903222846 0.5218865651772162 0.4055006854041055 0.24091827619055298 0.47242853228211734 0.707932773865138 
0.6258073174444185 0.006485473983772416 0.05161523515909225 0.4972739864558836 0.49933436551344423 0.4968823691164961 0.5014835909644989 0.5078415819903533 0.5002492074867724 0.4995416140460255 0.5009036156613723 0.5005914488978178 
0.9999653153732799 0.8360921952589345 2.218115650869032E-4 0.49935762755247265 0.4991966611726447 0.5011371409326539 0.501637584584558 0.49935605835847596 0.5002500490050772 0.5004428486057574 0.5008357581618661 0.5006587221859391 
0.40951098390267304 0.9987508009203838 0.38199596878969777 0.4988725403790196 0.4989371856956349 0.5014514542409845 0.5006514085438216 0.4977675771721859 0.5018843715081835 0.5032720231421038 0.4949860231828362 0.5002809768731553 
0.6258073174444185 0.10801768930212291 0.05139761878541259 0.49928811701209924 0.49623581739360084 0.49692902117374615 0.5012207411761893 0.5078415819903533 0.5002501342892088 0.4995475535013315 0.4966759251177428 0.5004447202558979 
0.9999703282028046 0.8344247951199086 0.031113520609427008 0.4993582415349717 0.4992823825120459 0.5011371439077891 0.5016397199359498 0.49935116702563975 0.5004613058733086 0.49926137147071614 0.5008357522460003 0.5006578126685051 
0.7048996337132528 0.9085367016001309 0.042684958787911356 0.49938085930985654 0.4963218967905274 0.5014485457833973 0.5017390817322972 0.49849242252160814 0.5002899477521714 0.4992814565835029 0.50088978005268 0.500280755134655 
0.9999703064956771 0.8358785671304514 0.031115430724756078 0.49935843058904456 0.49928232175978016 0.5011371375414584 0.5016398099768147 0.4993513062139657 0.5004532863187937 0.49928857714226005 0.5008348608112415 0.5006578122667112 
0.9999703282028046 0.8344247951199086 0.031113520609427008 0.4993582415349717 0.4992823825120459 0.5011371439077891 0.5016397199359498 0.49935116702563975 0.5004613058733086 0.49926137147071614 0.5008357522460003 0.5006578126685051 
0.0019492741795543184 0.999333370598039 0.9980069539520198 0.9113039150874767 0.22982663168957643 0.06220934425264489 0.03591769605548866 0.3215343761125967 0.9698495666437487 0.12106041121831455 0.9653334209018865 0.9495086133992784 
0.1472881061791274 0.9997871466924779 0.9972651913259669 0.8171258859509913 0.48608021985745486 0.09989545616533986 0.025939371141189563 0.539495122499807 0.511206463129215 0.7496983838259071 0.5811235519473319 0.7063933176737053 
0.4998049774044264 0.9976481607566751 0.9895122463960593 0.49893919954434124 0.495449765791803 0.5014426722997216 0.5012741775212474 0.5010171926677213 0.4943636977778125 0.49461946838830545 0.5032406705286911 0.49464016939377464 
0.7196971334536841 0.04445122256768974 0.04458538592717154 0.4986156089971041 0.5005469620708027 0.5014767453422849 0.5016224991286117 0.5010792387212193 0.5002021595159215 0.5005287670243478 0.5009015480497024 0.5005452964306067 
0.9999647700666727 0.8359329819449609 0.032474250471577974 0.49935761119999583 0.49928194629739825 0.5011344279633706 0.5017038138792882 0.4993559313075104 0.5002500490050772 0.5004685755104921 0.5008357580581511 0.5006582009276457 
0.0019492741795543184 0.999333370598039 0.9980069539520198 0.9113039150874767 0.22982663168957643 0.06220934425264489 0.03591769605548866 0.3215343761125967 0.9698495666437487 0.12106041121831455 0.9653334209018865 0.9495086133992784 
0.23578609410462703 0.9995605065150449 0.9999118185136164 0.8104367149410896 0.28835801000933425 0.12118772281361109 0.004921961979126879 0.4888618128005039 0.49777524882850144 0.33655491301337576 0.5845060295199992 0.7027148163909955 
0.7048996337132528 0.8358785671304514 0.031115430724756078 0.49935843058904456 0.4992822077695023 0.5011371375414584 0.5016398099768147 0.4993513062139657 0.5004532991456468 0.49928857714226005 0.5008348608112415 0.5006587174598167 
0.9998147724780558 0.8226047136377121 0.04308499696579243 0.4993128403920585 0.4992003241582099 0.5014511039256399 0.5017038134350583 0.4984870783994876 0.500206740598443 0.5005248492489939 0.5008357503787557 0.5006583739800589 
0.23578609410462703 0.9995605065150449 0.9999118185136164 0.8104367149410896 0.28835801000933425 0.010602797490641164 0.004921961979126879 0.4790005748300733 0.49777524882850144 0.33655491301337576 0.5845060295199992 0.7027148163909955 
0.7048996337132528 0.8358785671304514 0.031115430724756078 0.49935843058904456 0.4992822077695023 0.5011371375414584 0.5016398099768147 0.4993513062139657 0.5004532991456468 0.49928857714226005 0.5008348608112415 0.5006587174598167 
0.9999724459689231 0.796569800770454 0.031113520609427008 0.49935847047480064 0.4992823825120459 0.5011344279633706 0.5017038897180834 0.4993559313075104 0.5004556699901567 0.49926137147071614 0.5008357606179997 0.5006579113006675 
0.7048996337132528 0.8358785671304514 0.031115430724756078 0.49935843058904456 0.4992822077695023 0.5011371375414584 0.5016398099768147 0.4993513062139657 0.5004532991456468 0.49928857714226005 0.5008348608112415 0.5006587174598167 
0.9999813262061582 0.9234850653340267 0.02675014678345712 0.4997254494770319 0.4993054728000648 0.5010731364042795 0.5012716362904744 0.4984837287403302 0.5002500497421044 0.5005169955469281 0.5008356767263706 0.50059536390398 
0.9998215431831391 0.9241240563947335 0.05173591316422142 0.4992873705277929 0.4993061604763864 0.5010342291371424 0.5016257853908326 0.4985117872328953 0.5002501234911441 0.5005153914200527 0.5008457688964542 0.5006509660093678 
0.0017737382491617708 0.999333370598039 0.9976729685219565 0.9113039150874767 0.22982663168957643 0.06247955961674444 0.004162729324344382 0.31868297595309364 0.9835983926662697 0.1207574922227908 0.9021301117048927 0.9494632365977926 
0.27973737463798715 0.9997658263971942 0.997264656474167 0.9185974443069453 0.21118376844686396 0.09970019335164876 0.025858938889758043 0.5354214589996319 0.5144327354124284 0.2457063455960336 0.5811245610286225 0.7055057515640394 
0.7578429789407146 0.8358122446093549 0.052220863590727425 0.49929989194945834 0.49533700986833545 0.5007053260932001 0.5017009677057538 0.4984994058562104 0.5002492485624931 0.5005260634164111 0.5008357580600576 0.5006413474260408 
0.9999653153732799 0.8360921952589345 0.03248637406000495 0.49935761119999583 0.49919873350897304 0.5011340074939606 0.5017038138792882 0.4993559313075104 0.5002500490050772 0.5004685755104921 0.5008357581618661 0.5006582001776217 
0.0017737382491617708 0.999333370598039 0.9976729685219565 0.9113039150874767 0.22982663168957643 0.06247955961674444 0.004162729324344382 0.31868297595309364 0.9835983926662697 0.1207574922227908 0.9021301117048927 0.9494632365977926 
0.7577641168115113 0.7918004112916104 0.06443659234417787 0.49897985908991105 0.49916045557029376 0.5008125698286442 0.4977408654644862 0.4993455874255847 0.501913876119293 0.49662283243594485 0.5033024327524318 0.5005610028361149 
0.9999653153732799 0.8360921952589345 2.218115650869032E-4 0.49935762755247265 0.4991966611726447 0.5011371409326539 0.501637584584558 0.49935605835847596 0.5002500490050772 0.5004428486057574 0.5008357581618661 0.5006587221859391 
0.7577641168115113 0.811309286457757 0.03112657684943098 0.49897976449848724 0.4967173748107438 0.5006215161952676 0.5016483857463728 0.49735394952887013 0.5003601429437424 0.4965883814980254 0.5032172641982313 0.5006549811052844 
0.9999653153732799 0.8360921952589345 0.03248637406000495 0.49935761119999583 0.49919873350897304 0.5011340074939606 0.5017038138792882 0.4993559313075104 0.5002500490050772 0.5004685755104921 0.5008357581618661 0.5006582001776217 
0.9999653153732799 0.8360921952589345 0.03249380778338061 0.4992943758873616 0.49920038611953627 0.501447499085146 0.5017038138863616 0.4993559313075104 0.5002500490050772 0.5004685755104921 0.5008357566273545 0.5006582001776217 
0.0017737382491617708 0.999333370598039 0.9976729685219565 0.9113039150874767 0.22982663168957643 0.06247955961674444 0.004162729324344382 0.31868297595309364 0.9835983926662697 0.1207574922227908 0.9021301117048927 0.9494632365977926 
0.7951703825024398 0.8024074906720416 0.9689643992553152 0.499041146317998 0.5063393598828899 0.5023296770679687 0.49764641528994435 0.4980871427729503 0.5017862448348359 0.4962391711247407 0.5068955368111718 0.500672964043432 
0.9999814453265834 0.9253556790184152 0.03310850487649431 0.49928747500113163 0.499305745623626 0.5010631372521743 0.5012687591433467 0.4984837287403302 0.5002500220937578 0.5005169955469281 0.5008356767263706 0.4996809517150877 
0.7951703825024398 0.8024074906720416 0.9689643992553152 0.499041146317998 0.5063393598828899 0.5023296770679687 0.49764641528994435 0.4980871427729503 0.5017862448348359 0.4962391711247407 0.5068955368111718 0.500672964043432 
0.9999647700666727 0.8359329819449609 0.032474250471577974 0.49935761119999583 0.49928194629739825 0.5011344279633706 0.5017038138792882 0.4993559313075104 0.5002500490050772 0.5004685755104921 0.5008357580581511 0.5006582009276457 
0.9999724459689231 0.796569800770454 0.031113520609427008 0.49935847047480064 0.4992823825120459 0.5011344279633706 0.5017038897180834 0.4993559313075104 0.5004556699901567 0.49926137147071614 0.5008357606179997 0.5006579113006675 
0.8231936924996506 0.9928578569819794 0.9662507077870934 0.49903311703051473 0.5005917040001214 0.5007772068705112 0.4975334583735983 0.5056476339912318 0.49763180563662873 0.5004283484016896 0.5069983469150294 0.5006409791006056 
0.9999647700666727 0.8359329819449609 0.032474250471577974 0.49935761119999583 0.49928194629739825 0.5011344279633706 0.5017038138792882 0.4993559313075104 0.5002500490050772 0.5004685755104921 0.5008357580581511 0.5006582009276457 
0.9999647700666727 0.8359329819449609 0.032474250471577974 0.49935761119999583 0.49928194629739825 0.5011344279633706 0.5017038138792882 0.4993559313075104 0.5002500490050772 0.5004685755104921 0.5008357580581511 0.5006582009276457 
0.9999944265850145 0.011286045565270865 0.030781871036382386 0.501929929825987 0.49916679784522805 0.5007833198120107 0.5016221768783767 0.49764191603494656 0.5003116364695438 0.5005191598089945 0.5007295440290247 0.5004109076223628 
