7.573893400126576E-5 0.05656856706768451 0.2077570974919623 0.4857455562416457 0.513381911850116 0.5393396753631016 0.5550601355053483 0.4950901481417146 0.49814202651926415 0.457903269185446 0.9854138974952132 0.5058320964365209 
0.06052256148681451 0.002174305813253119 0.21182624887773063 0.5017803788012801 0.4972264455292755 0.5010931146551818 0.4958745036701196 0.5017210441556819 0.4956960941352067 0.49869627185278265 0.49087995838797016 0.4998423784607706 
0.1472930447369677 0.004162339007150618 0.1631265649514836 0.5020468192117501 0.4972835461191777 0.5010667271487103 0.5009838870418278 0.4950839969122563 0.49963483700430533 0.4999393980417026 0.49240190596771705 0.4998076179472564 
0.25212483677161496 0.04745399502596099 0.8425851066842326 0.4923085264993933 0.4963779714446979 0.5013028599320588 0.49834639512136114 0.48880827118682346 0.49522104811126594 0.4958563325965733 0.5015680930656853 0.5000758730571601 
0.39202044362791894 0.04773177900202846 0.9250647090096182 0.5023332238523107 0.49987359926228975 0.5002687759803675 0.5007090914329524 0.49851410490085996 0.4992027707272021 0.49838883888739455 0.5010689083030063 0.5000353505221062 
0.5522869046552966 0.013302996581684753 0.8434568831739186 0.5058498022974295 0.4998071481302068 0.4997054383296514 0.5010439204382723 0.49456747820716473 0.49934635684300194 0.4978748607694648 0.49555128787401564 0.4993456212820648 
0.7196411881762359 0.7942049947628417 0.9356259331576297 0.5015849401330439 0.49996678038239184 0.5043232466624424 0.49949125772673936 0.5019720850916553 0.4993023432700737 0.4983640660898764 0.49808953949391915 0.4996267846155179 
0.874207397321285 0.9508437980140263 0.8397520106115169 0.5022071170082398 0.49877632426998714 0.5045571606496028 0.5006777440143743 0.5002836014991878 0.49948290732203493 0.5020959005341177 0.49558359436748856 0.4993517251056967 
0.9999988687033002 0.025954750655134876 0.03632599714532695 0.5021947504309688 0.4999117012790934 0.5002272593109024 0.5006587056377874 0.5002417987895715 0.4994101795582941 0.4983641202570181 0.4985300904993866 0.49974789382404167 
4.1775312470811524E-4 0.9981493979219734 0.007707581228184199 0.993273438681822 0.15526158783487468 0.5454455752636802 0.9890081849149474 0.9981747909087778 0.9596700894933677 0.7782753227502822 0.9854685250652393 0.782974355912003 
0.07423226059330931 0.001192863169928588 0.16139344826211716 0.4973252953221326 0.4972697236367816 0.5008312804159852 0.5005913478828701 0.49508325407557624 0.49930361529678935 0.5058826534780055 0.49241142999051324 0.49980890592664495 
0.1755141801991312 0.004162339007150618 0.1631265649514836 0.5020468192117501 0.4972835461191777 0.5010667271487103 0.5009838870418278 0.4950839969122563 0.49963483700430533 0.4999393980417026 0.49240190596771705 0.4998076179472564 
0.3104370032999805 0.02622391679214462 0.8582892394201113 0.5019043689952322 0.4987816926320521 0.5000381871581919 0.5002517894061611 0.4945630887072584 0.4993468745534111 0.4978755251338823 0.49796672776188167 0.4982400624386333 
0.4813583190591306 0.038481642220585144 0.9237213887135536 0.49884780594815215 0.4954144406169147 0.4998944703976109 0.5005862455253471 0.5019728979334447 0.4991066322784521 0.4983828715591616 0.5010605441964899 0.4997027045932084 
0.6721942753366216 0.07254761385754083 0.8274865813759661 0.5022323570002791 0.4973012819742375 0.49991859236430836 0.5002552096958484 0.4892462597867912 0.4991102490878637 0.498510427486173 0.4979266429538827 0.49825799220913747 
0.8530854102497488 0.03391732598630992 0.8482799494615015 0.5018721001163075 0.5000466757797989 0.500206739289336 0.500254396292154 0.5001710594328498 0.4995441802880788 0.49846636742890194 0.4980332415560864 0.4982822029105615 
0.9999988687033002 0.025954750655134876 0.03632599714532695 0.5021947504309688 0.4999117012790934 0.5002272593109024 0.5006587056377874 0.5002417987895715 0.4994101795582941 0.4983641202570181 0.4985300904993866 0.49974789382404167 
0.010693681756392695 0.9981493979219734 0.007683404269806432 0.993273438681822 0.15526158783487468 0.17192398475844023 0.9853048358765056 0.9981747909087778 0.9529756862610747 0.7782753227502822 0.9854685250652393 0.782974355912003 
0.09170031650563067 0.9892446658436228 0.011242888110850611 0.33044509489149315 0.2568484010408965 0.5266575455926117 0.5040419948391345 0.4587143612438099 0.4978977272168854 0.4654949213528392 0.5006090191284976 0.7648945718729572 
0.21640404395928314 6.820232554238109E-5 0.8352894842477534 0.5021141066869976 0.4998034846320213 0.4999263356731873 0.5006736531450102 0.4979662284818012 0.49947798048152603 0.49837821412843375 0.49234691626554233 0.4992321559668271 
0.39202044362791894 0.04773177900202846 0.9250647090096182 0.5023332238523107 0.5000176299841861 0.5002687759803675 0.5007090914329524 0.5003146589408503 0.4992027707272021 0.49838883888739455 0.5011583354729205 0.5000353505221062 
0.6082572124971916 0.025344779966425646 0.11334631240252424 0.5023174919760179 0.49987337140259125 0.5002910369206133 0.5009552235463199 0.49849338795409415 0.49933141434486755 0.4984668890024254 0.4978947220804935 0.5006760146043175 
0.8247954299692073 0.7904417449042631 0.15076434950024417 0.502029808245516 0.5000458655769285 0.49996307874764884 0.5009507811153416 0.5013369247728706 0.49954291598581557 0.4984708927898767 0.4979733959243239 0.4997108190522532 
0.9999723174056165 0.028417333630900543 0.008945189587940841 0.5020297646563904 0.49990494893541604 0.4999702440125841 0.4994877893406867 0.5002405870641654 0.4995421282459666 0.49834604023353735 0.4979733426215407 0.49974585527238197 
0.010693681756392695 0.9981493979219734 0.007683404269806432 0.993273438681822 0.15526158783487468 0.12038207024199193 0.9853048358765056 0.9981747909087778 0.9529756862610747 0.7782753227502822 0.9854685250652393 0.782974355912003 
0.12488704713080173 0.9835109651691177 0.013598660858844496 0.47314320390188197 0.2677446086455952 0.4409322030732775 0.8081678886564647 0.4492289452827252 0.8916815663014699 0.5975358387140954 0.8162311493202283 0.4633488287328195 
0.28962821387025395 0.9960094965893533 0.009544268628374191 0.483768149701809 0.38550378971890464 0.5260479948097004 0.45689555675631355 0.501979134060187 0.4989079482572258 0.48533472864191246 0.498045961357939 0.4996630781566461 
0.5192120561391257 0.06814107098396713 0.0032674529134090885 0.5015647304030066 0.4987777057567158 0.4979064390789721 0.5002784961873694 0.4985135950578427 0.4993187836855864 0.5021093234608882 0.4979721656571969 0.5007297837492224 
0.7837282523708655 0.07720987950287794 0.001250905237730502 0.5015732640681883 0.5004102463103891 0.49814507427861066 0.50065451097256 0.500248824268779 0.49912847433023766 0.5020882265808 0.49799308751813715 0.49970787823426766 
0.9999837405360347 0.03041274783180404 0.14569684531207996 0.5021948673206544 0.4999127755843461 0.5002276813528841 0.5006588706815562 0.5002915014403738 0.4994007631736041 0.4983439088618211 0.498521987174907 0.4997460192272067 
0.010693681756392695 0.9981493979219734 0.007683404269806432 0.993273438681822 0.15526158783487468 0.17192398475844023 0.9853048358765056 0.9981747909087778 0.9529756862610747 0.7782753227502822 0.9854685250652393 0.782974355912003 
0.1691237174031725 0.9998663027762457 3.708461812440911E-4 0.505209437010897 0.22617182122669352 0.47270048349690386 0.8567594701633029 0.7774173265014013 0.9476250423380016 0.4435757468282161 0.7136714771699519 0.7843964371941196 
0.5001693563948572 0.008837531794050089 0.08545284055132646 0.5021723179002587 0.4932471759211624 0.5003039152374982 0.500286178821656 0.5002145057820334 0.49919839601827615 0.5072824200978899 0.49820399630570716 0.4997472943909471 
0.7196954912703525 0.07720987950287794 0.001250905237730502 0.5015732640681883 0.49877770519001213 0.49814507427861066 0.5006573038853654 0.4984970516037284 0.4993186495254206 0.5020882265808 0.4980351534083064 0.4997475325709163 
0.9999837405360347 0.028846244567251163 0.1457969376333414 0.5021948673206544 0.4999110268691693 0.5002276813528841 0.5006588706815562 0.5002835612497591 0.4994007631736041 0.4983466300917652 0.4985350172817445 0.49974648247245507 
0.04531772478368641 0.9981493979219734 5.050467445446571E-4 0.9817478468892423 0.15526158783487468 0.12038207024199193 0.981520101586416 0.9981747909087778 0.9538159074865638 0.7782753227502822 0.9854685250652393 0.780006911097378 
0.2360259335479027 0.9916677820878282 2.0977115949340815E-4 0.31479255338024814 0.22866576510852185 0.23777232448544794 0.8567594701633029 0.9067459056346142 0.9476209561158431 0.4978098102202858 0.7324058949316834 0.8027686963666026 
0.7578371791416443 0.14079654965948002 0.01766265042971608 0.5021948694564743 0.5000664564227325 0.5042804354303834 0.5006542311202771 0.49850172741453946 0.4994186904557827 0.4983466296630533 0.49797189324485364 0.4997464759048587 
0.9999716113587052 0.7835464983164582 0.013784125142589998 0.5020325890220061 0.5000985741160549 0.5001744204479184 0.5006604015473408 0.5003018549488648 0.49940249456289326 0.4983474014651253 0.4980418465298179 0.4997478914070756 
0.04531772478368641 0.9981493979219734 5.050467445446571E-4 0.9817478468892423 0.15526158783487468 0.12038207024199193 0.981520101586416 0.9981747909087778 0.9538159074865638 0.7782753227502822 0.9854685250652393 0.780006911097378 
0.795262653247658 0.8448638896767983 0.28870322846367 0.502032352201222 0.5000447371966625 0.5001671803802734 0.5006577964925787 0.5002834280844172 0.4993982265581427 0.4983457702725864 0.4979709017748603 0.49974944075474864 
0.9999921280957099 0.025992513661722307 0.03632599714532695 0.5021947556057614 0.4999114305407484 0.5002272593109024 0.5006588589548489 0.5002778592999652 0.4994101795582941 0.49834697494482794 0.49853163083976554 0.49974786305014374 
0.8229497268529266 0.8188614206683805 0.9936159080300244 0.49959370856451857 0.498798565248035 0.4983379603808739 0.49947528528777646 0.500325279713156 0.4992106802240162 0.49846232867546114 0.4980498074830839 0.5007102828584286 
0.9999921280957099 0.025992513661722307 0.03632599714532695 0.5021947556057614 0.4999114305407484 0.5002272593109024 0.5006588589548489 0.5002778592999652 0.4994101795582941 0.49834697494482794 0.49853163083976554 0.49974786305014374 
0.9999912640177568 0.0030398004909609963 0.008945189587940841 0.5020290867865527 0.49990494893541604 0.5002326210303312 0.4994656229131992 0.5000780870771703 0.49932787193954065 0.49833849140270875 0.4979696585576163 0.4997481970828845 
0.00274253442080016 0.9981539548484623 0.9985501998165142 0.293884993963407 0.1561439718794883 0.12157751242445725 0.984946566877875 0.9999923693115325 0.92809856935969 0.241156038430002 0.9942409963925359 0.9753829480903741 
0.07423226059330931 0.001192863169928588 0.16139344826211716 0.4973252953221326 0.4972697236367816 0.5008312804159852 0.5005913478828701 0.49508325407557624 0.49930361529678935 0.5058826534780055 0.49241142999051324 0.49980890592664495 
0.1755141801991312 0.004162339007150618 0.1631265649514836 0.5020468192117501 0.4972835461191777 0.5010667271487103 0.5009838870418278 0.4950839969122563 0.49963483700430533 0.4999393980417026 0.49240190596771705 0.4998076179472564 
0.3104370032999805 0.02622391679214462 0.8582892394201113 0.5019043689952322 0.4987816926320521 0.5000381871581919 0.5002517894061611 0.4945630887072584 0.4993468745534111 0.4978755251338823 0.49796672776188167 0.4982400624386333 
0.4813583190591306 0.038481642220585144 0.9237213887135536 0.49884780594815215 0.4954144406169147 0.4998944703976109 0.5005862455253471 0.5019728979334447 0.4991066322784521 0.4983828715591616 0.5010605441964899 0.4997027045932084 
0.6721942753366216 0.07254761385754083 0.8407443017155241 0.5022323570002791 0.4972783023878735 0.5001609154948687 0.5005998706445381 0.4892413046695164 0.4991102490878637 0.5021979448755358 0.49792756162584895 0.4997113845759041 
0.8530854102497488 0.03391732598630992 0.8482799494615015 0.5018721001163075 0.5000466757797989 0.500206739289336 0.500254396292154 0.5001710594328498 0.4995441802880788 0.49846636742890194 0.4980332415560864 0.4982822029105615 
0.9999989815017147 0.025954750655134876 0.03632599714532695 0.5021947504309688 0.5000458578212666 0.5002272593109024 0.5006587056377874 0.5002458896559803 0.4994101795582941 0.49837194779633454 0.4985300904993866 0.499752724820852 
0.048489509760881774 0.001192863169928588 0.22542709727650218 0.5019425098651348 0.4972352716752204 0.5008312804159852 0.49713744346145694 0.5027019099417589 0.4960070477956822 0.4983329153598228 0.49234333950524467 0.49919812125610774 
0.08886282920394038 0.04258684142622132 0.16107856209370408 0.4972982881937385 0.49730996991601145 0.5005355681128543 0.4955694674677572 0.49521709039228845 0.4960241755180972 0.4935397973549681 0.48972103336303885 0.4982834354456364 
0.21640404395928314 6.820232554238109E-5 0.8352894842477534 0.5021141066869976 0.4998034846320213 0.4999263356731873 0.5006736531450102 0.4979662284818012 0.49947798048152603 0.49837821412843375 0.49234691626554233 0.4992321559668271 
0.39202044362791894 0.04773177900202846 0.9250647090096182 0.5023332238523107 0.5000176299841861 0.5002687759803675 0.5007090914329524 0.5003146589408503 0.4992027707272021 0.49838883888739455 0.5011583354729205 0.5000353505221062 
0.6082572124971916 0.025344779966425646 0.11334631240252424 0.5023174919760179 0.49987337140259125 0.5002910369206133 0.5009552235463199 0.49849338795409415 0.49933141434486755 0.4984668890024254 0.4978947220804935 0.5006760146043175 
0.8247954299692073 0.7904417449042631 0.14315852389839154 0.502029808245516 0.5000463721315268 0.5001597789689122 0.49952415402489386 0.5013569791072783 0.49954950868554 0.4984601927421522 0.49808510286177193 0.4997108190522532 
0.9999988687033002 0.025954750655134876 0.03632599714532695 0.5021947504309688 0.4999117012790934 0.5002272593109024 0.5006587056377874 0.5002417987895715 0.4994101795582941 0.4983641202570181 0.4985300904993866 0.49974789382404167 
0.00808946614828282 0.9999222933861023 0.0013095565709526115 0.3316038322085795 0.19759771712895935 0.23595022480291744 0.49768239814338 0.9909212552714788 0.9476060218392277 0.4990235130721924 0.5020968074229143 0.7721960648556153 
0.12340445031253838 0.9891847767006344 0.011224186405132269 0.503084965834859 0.25677762687930483 0.5266575455926117 0.5055536357808886 0.44993532695458893 0.4987263559967291 0.46514941566034146 0.8106901016488443 0.5419529853003645 
0.2805576097559305 0.02861962802620406 0.27667025223877545 0.5021111042981053 0.4971019817023584 0.502917782297071 0.5006626015280773 0.4945627456761768 0.49934692561422545 0.498016981047607 0.4924473236464336 0.4993433540869726 
0.5192120561391257 0.012907060050341895 0.0032674529134090885 0.5015702072568655 0.4987777057567158 0.4979100895455455 0.5002734097350825 0.49849753942130526 0.4993187836855864 0.5020883259654657 0.4979721656571969 0.5007297837492224 
0.7837282523708655 0.08485641129257537 0.0010873843700421326 0.5015732640681883 0.5004102463103891 0.500316618046229 0.50065451097256 0.5013697198493615 0.49912847433023766 0.5020882265808 0.49799308751813715 0.49970787974476744 
0.9999837405360347 0.03041274783180404 0.14569684531207996 0.5021948673206544 0.4999127755843461 0.5002276813528841 0.5006588706815562 0.5002915014403738 0.4994007631736041 0.4983439088618211 0.498521987174907 0.4997460192272067 
0.010693681756392695 0.9981493979219734 0.007683404269806432 0.9895462857680232 0.10173638256036643 0.12038207024199193 0.9853048358765056 0.9981747909087778 0.9155148473981489 0.5021669062917776 0.9854685250652393 0.782974355912003 
0.16656006183559857 0.9772873165609404 9.318907102073325E-4 0.8439445485853323 0.7411982661435931 0.5701729180449857 0.47344226137724865 0.37180537899241306 0.8828817514229119 0.41796458770205275 0.7567638864088759 0.49384997390398655 
0.40970320611393346 0.8745654595346835 0.21126087809428334 0.5021843018379757 0.49876586835886455 0.5002699892679281 0.5006653326274957 0.5017946495212726 0.4959730032981737 0.5087962481487367 0.4979927772403371 0.4952659613121167 
0.7196954912703525 0.07720987950287794 0.11491022256382546 0.5015732640681883 0.49877770519001213 0.5017429826165387 0.5006573847935041 0.4984970516037284 0.4993209052484754 0.5019549882111638 0.5007644511224193 0.5006456268640915 
0.9999837405360347 0.03041274783180404 0.1431493216969427 0.5021948673206544 0.4999127755843461 0.5002276813528841 0.5006588706815562 0.5002915014403738 0.4994007631736041 0.498458141268963 0.498521987174907 0.49971161303416545 
0.010693681756392695 0.9981493979219734 0.007683404269806432 0.993273438681822 0.15526158783487468 0.12038207024199193 0.9853048358765056 0.9981747909087778 0.9529756862610747 0.7782753227502822 0.9854685250652393 0.782974355912003 
0.21719138254475617 0.9998663027762457 3.708461812440911E-4 0.505209437010897 0.22617182122669352 0.5015260315495055 0.8567594701633029 0.7774173265014013 0.9465466169753151 0.4434108987539669 0.7136714771699519 0.7843964371941196 
0.7048838137752185 0.05638520789851689 0.9119307244580326 0.5016172714361978 0.4987318853804463 0.49820405179426736 0.4995178430037061 0.5002504170658844 0.4991976729901773 0.5020870404172938 0.498205293305614 0.499747532248649 
0.9999716113587052 0.7459958465874245 0.01264537718587556 0.5020325890220061 0.5000985741160549 0.5002283398615082 0.5006588732123515 0.5003018549488648 0.49940249456289326 0.4983474014651253 0.4980418465298179 0.4997478914070756 
0.010693681756392695 0.9980470957341043 9.556569841971227E-4 0.9393387243791192 0.15526158783487468 0.16713321477917453 0.9853057312401202 0.9981818242215252 0.9745816890342122 0.7783561392985614 0.9849513902817236 0.782974355912003 
0.7578371791416443 0.02843152359138085 0.0098852940955724 0.5021948746608508 0.49873256344199085 0.5040978309505323 0.500677930665025 0.5002782607328425 0.4994193582344821 0.5021092586686102 0.49797184209450207 0.49974964636545877 
0.9999921280957099 0.056651556331258596 0.03632599714532695 0.5021882260054052 0.49989942533959514 0.5002272593109024 0.5006588589548489 0.5002778592999652 0.49919783401004886 0.49834697494482794 0.49853163083976554 0.49974752647770165 
0.795262653247658 0.8448638896767983 0.28870322846367 0.502032352201222 0.5000447371966625 0.5001671803802734 0.5006577964925787 0.5002834280844172 0.4993982265581427 0.4983457702725864 0.4979709017748603 0.49974944075474864 
0.9999724416227996 0.04545898678693307 0.043415188374721525 0.5020300187842104 0.49989442534255035 0.5002916569013687 0.5006603543597332 0.5002835612497591 0.49940067935094634 0.49834695500538445 0.49824418359235295 0.49974785615684647 
0.9999913873604072 0.8476135374294961 0.2914446255337855 0.502194867552362 0.5000463833030335 0.5002914690858384 0.49946678945661743 0.5002835612497591 0.499402893647486 0.49836699216208924 0.4980409818220354 0.4997482002186964 
0.00274253442080016 0.9981539548484623 0.9985501998165142 0.293884993963407 0.1561439718794883 0.12157751242445725 0.984946566877875 0.9999923693115325 0.92809856935969 0.241156038430002 0.9942409963925359 0.9753829480903741 
0.09184984951472887 0.9829272719805954 0.9742498831582699 0.40403030738741474 0.23046731049193836 0.4791648905737844 0.4521023957481414 0.3537843270105473 0.7520322082893567 0.46538381186697797 0.4629891646380876 0.5046654452847171 
0.21640404395928314 0.012862887626140383 0.8516835215261449 0.49737718898205674 0.4971966746533421 0.49988567025457153 0.5006734481889762 0.5023319397123341 0.4993452121805203 0.49837821412843375 0.49234691626554233 0.4995935848899615 
0.39202044362791894 0.04773177900202846 0.9250647090096182 0.5023332238523107 0.49987359926228975 0.5002687759803675 0.5007090914329524 0.49851410490085996 0.4992027707272021 0.49838883888739455 0.5010689083030063 0.5000353505221062 
0.6082572124971916 0.026953814496283354 0.11293333462543464 0.5020332451218146 0.4999086778967239 0.5002273915807739 0.5009552235463199 0.4984883974353824 0.4994113171784282 0.4984668890024254 0.4979753650711035 0.5006760146043175 
0.8247954299692073 0.7904417449042631 0.14315852389839154 0.502029808245516 0.5000463721315268 0.5001597789689122 0.49952415402489386 0.5013569791072783 0.49954950868554 0.4984601927421522 0.49808510286177193 0.4997108190522532 
0.9999989815017147 0.025954750655134876 0.03632599714532695 0.5021947504309688 0.5000458578212666 0.5002272593109024 0.5006587056377874 0.5002831429777616 0.4994101795582941 0.49837194779633454 0.4985316373674972 0.4997528178315249 
0.00808946614828282 0.9988698622470648 0.9973605254458537 0.3316038322085795 0.19759771712895935 0.23595563561602953 0.5586205305730138 0.9969054163043987 0.933914669927846 0.5055201260298855 0.49290867477540956 0.7720764476615347 
0.09184972794207683 0.9836327054707201 0.9742498831582699 0.40403030738741474 0.23046731049193836 0.4791648905737844 0.4521023957481414 0.3537843270105473 0.7520322082893567 0.46538381186697797 0.5232657980710101 0.5046654452847171 
0.2805576097559305 0.02861962802620406 0.2806392711227032 0.5021111042981053 0.4971019817023584 0.5000259742293314 0.500662625420864 0.4944611293243338 0.4992623948741707 0.498016981047607 0.49247048464540283 0.4993433540869726 
0.5192120561391257 0.012907060050341895 0.0032674529134090885 0.5015702072568655 0.4987777057567158 0.4979100895455455 0.5002734097350825 0.49849753942130526 0.4993187836855864 0.5020883259654657 0.4979721656571969 0.5007297837492224 
0.7837282523708655 0.07720987950287794 0.1435002889982846 0.5015732640681883 0.5004102463103891 0.498124726819369 0.50065451097256 0.5013697198493615 0.49912847433023766 0.5020882265808 0.49799308751813715 0.49970787823426766 
0.9999989815017147 0.025954750655134876 0.03632599714532695 0.5021947504309688 0.5000458578212666 0.5002272593109024 0.5006587056377874 0.5002831429777616 0.4994101795582941 0.49837194779633454 0.4985316373674972 0.4997528178315249 
0.15587093432176072 0.9888384144767235 0.16072088684399796 0.4938152619281538 0.49736326991586005 0.49839517812629114 0.46972431959270977 0.48922483297882585 0.495792442438995 0.5050367896505383 0.49142086425867654 0.5052050615379065 
0.20336718745950794 0.9884023376233597 0.0229975111235467 0.5040250336844698 0.4987762446893889 0.5027955521151255 0.5039831600640285 0.490084927159443 0.4978839456747065 0.5045012464050518 0.49220638508586256 0.4996927472023966 
0.39202044362791894 0.04773177900202846 0.9250647090096182 0.5023332238523107 0.49987359926228975 0.5002687759803675 0.5007090914329524 0.49851410490085996 0.4992027707272021 0.49838883888739455 0.5010689083030063 0.5000353505221062 
0.7196954912703525 0.07720987950287794 0.0019562269137172955 0.5015732640681883 0.49877770519001213 0.49814507427861066 0.5006573087222568 0.4984970516037284 0.49932091226076203 0.5019302219274147 0.4980351534083064 0.4997140935418237 
0.9999837405360347 0.03041274783180404 0.1431493216969427 0.5021948673206544 0.4999127755843461 0.5002276813528841 0.5006588706815562 0.5002915014403738 0.4994007631736041 0.498458141268963 0.498521987174907 0.49971161303416545 
0.18737975250780342 0.9925078118233158 0.016104601367237143 0.952566893980789 0.7592740035093863 0.37023172226108564 0.4293604821498466 0.5550322409839105 0.5042732373315076 0.4612381336262252 0.6923078222847606 0.46703031604581813 
0.2895955416891534 0.9923272426754571 0.016104601367237143 0.9525724571004415 0.7591245412874772 0.37023172226108564 0.4293604821498466 0.5550281204949286 0.5042732373315076 0.4604053394502865 0.4673121283163867 0.46070387131747303 
0.6257674182452986 0.09606792712582796 0.0019664439239598375 0.5021840017716045 0.4988007322780363 0.49825797886937534 0.49951406974934776 0.5002736481061041 0.4995664202608593 0.5053859320527169 0.5011648393586505 0.4997139283609758 
0.9999747188757451 0.02902381163203537 0.9696271926251816 0.5020300187842104 0.49989442437866255 0.5002916569013687 0.5006604512700555 0.5002835612497591 0.4994006807230377 0.4983457481493566 0.49824418359235295 0.49974785440093367 
0.23939928842459335 0.9916677820878282 0.013072274552101033 0.49730221127797186 0.22872672822927098 0.24120669666567032 0.8567594701633029 0.9033986465007274 0.9504617357749054 0.4983422127030113 0.49941240173722523 0.8027686963666026 
0.7048838137752185 0.05638520789851689 0.9119307244580326 0.5016172714361978 0.4987318853804463 0.49820405179426736 0.4995178430037061 0.5002504170658844 0.4991976729901773 0.5020870404172938 0.498205293305614 0.499747532248649 
0.9999921280957099 0.056651556331258596 0.03632599714532695 0.5021882260054052 0.49989942533959514 0.5002272593109024 0.5006588589548489 0.5002778592999652 0.49919783401004886 0.49834697494482794 0.49853163083976554 0.49974752647770165 
0.7578371791416443 0.02843152359138085 0.0098852940955724 0.5021948746608508 0.49873256344199085 0.5040978309505323 0.500677930665025 0.5002782607328425 0.4994193582344821 0.5021092586686102 0.49797184209450207 0.49974964636545877 
0.9999725216852275 0.02902381163203537 0.9696271926251816 0.5020300187842104 0.49989442534255035 0.5002916569013687 0.5006604512700555 0.5002835612497591 0.49940067935094634 0.4983457481493566 0.49824418359235295 0.49974785440093367 
0.9999725216852275 0.02902381163203537 0.9696271926251816 0.5020300187842104 0.49989442534255035 0.5002916569013687 0.5006604512700555 0.5002835612497591 0.49940067935094634 0.4983457481493566 0.49824418359235295 0.49974785440093367 
0.00274253442080016 0.9981539548484623 0.9985501998165142 0.293884993963407 0.1561439718794883 0.12157751242445725 0.984946566877875 0.9999923693115325 0.92809856935969 0.241156038430002 0.9942409963925359 0.9753829480903741 
0.13465701619135498 0.9916702027507183 0.9929193789715135 0.4748769847915329 0.6784598038779583 0.4441389417316731 0.17587803707322489 0.4945345373194111 0.2767593818559493 0.45486248394645734 0.9550584335714475 0.48153455862658884 
0.28581758877854413 0.9542802675980271 0.9998022056730411 0.5214843639340134 0.5355951713819728 0.4871822702477364 0.4498467208173188 0.4938496913820316 0.4375082736604905 0.3839300940365906 0.46538954325543264 0.5489071785696835 
0.5192120561391257 0.06814107098396713 0.0032674529134090885 0.5015647304030066 0.4987777057567158 0.4979064390789721 0.5002784961873694 0.4985135950578427 0.4993187836855864 0.5021093234608882 0.4979721656571969 0.5007297837492224 
0.7837282523708655 0.08485641129257537 0.0010873843700421326 0.5015732640681883 0.5004102463103891 0.500316618046229 0.50065451097256 0.5013697198493615 0.49912847433023766 0.5020882265808 0.49799308751813715 0.49970787974476744 
0.9999921272281297 0.025992513661722307 0.03632599714532695 0.5021947504309688 0.4999117012790934 0.5002272593109024 0.5006587056377874 0.500283392532219 0.4994101795582941 0.49836378845648494 0.49853163083976554 0.49974789382404167 
0.00274253442080016 0.9996348863897864 0.9985501998165142 0.2828352339362353 0.11490960214288613 0.24710735813659784 0.9969211680839101 0.9999923693115325 0.92809856935969 0.241156038430002 0.9942409963925359 0.9746064024608776 
0.17526758709933532 0.998806916590489 0.9921858392387318 0.4929117613294759 0.7549419481930599 0.28530534004955416 0.18109391152463394 0.4897288323561912 0.8908567110033 0.3847397425722234 0.6552013879222802 0.5523770548090786 
0.40970320611393346 0.9592564366147609 0.902174181242994 0.5022468623683527 0.4987639727598975 0.50416473614757 0.5006584379054138 0.502159308845375 0.4960237245627642 0.49835699053506044 0.49815089641445776 0.5006842329161262 
0.7196954912703525 0.07720987950287794 0.0019562269137172955 0.5015732640681883 0.49877770519001213 0.49814507427861066 0.5006573087222568 0.4984970516037284 0.49932091226076203 0.5019302219274147 0.4980351534083064 0.4997140935418237 
0.9999989815017147 0.025954750655134876 0.03632599714532695 0.5021947504309688 0.5000458578212666 0.5002272593109024 0.5006587056377874 0.5002458896559803 0.4994101795582941 0.49837194779633454 0.4985300904993866 0.499752724820852 
0.17499109759212478 0.9968826380175104 0.9923025531950598 0.49297909698918624 0.4976471039630578 0.2895127000705205 0.177183317216048 0.48941542066313354 0.8969406408535445 0.38888866641828185 0.6552013879222802 0.5002674179595124 
0.24716638070235072 0.9979926138812453 0.9975676133025649 0.4928132013785505 0.5136780424058984 0.49813520468893124 0.9576458162623528 0.23897472023745325 0.493320661106387 0.2511655285694503 0.508334930541491 0.4997292577243425 
0.6257674182452986 0.09606792712582796 0.008296949015333708 0.5021840017716045 0.4999194698076942 0.49825797886937534 0.4995025525037901 0.5002736481061041 0.4995664202608593 0.5053859320527169 0.501133461970598 0.4997139283609758 
0.9999725216852275 0.029010636632232654 0.9696271926251816 0.5021948675739893 0.49989394736956927 0.5002916569013687 0.5006541564314003 0.5002835612497591 0.4994006807628829 0.4983942963784175 0.5013760774333772 0.4997464819515111 
0.40970320611393346 0.9490386863864914 0.20136340057955668 0.5021843018379757 0.4987738635489009 0.5000017243478265 0.5006540371731728 0.502159308845375 0.4959730032981737 0.49858502818470646 0.5011822134194304 0.4997035489631332 
0.6257674182452986 0.09606792712582796 0.008296949015333708 0.5021840017716045 0.4999194698076942 0.49825797886937534 0.4995025525037901 0.5002736481061041 0.4995664202608593 0.5053859320527169 0.501133461970598 0.4997139283609758 
0.9999747188757451 0.02902381163203537 0.9696271926251816 0.5020300187842104 0.49989442437866255 0.5002916569013687 0.5006604512700555 0.5002835612497591 0.4994006807230377 0.4983457481493566 0.49824418359235295 0.49974785440093367 
0.7048838137752185 0.7853371528132341 0.9232464586266396 0.5021948782271984 0.49876423810280396 0.5001676319169588 0.500660400816267 0.4947433056602649 0.4991979305846936 0.5021953027867795 0.49820090942455575 0.4997475319058623 
0.9999724416227996 0.044868887046187286 0.9696271926251816 0.5020300187842104 0.49989442534255035 0.5002916569013687 0.5006604512700555 0.5002835612497591 0.49940067935094634 0.4983457481493566 0.49824418359235295 0.49974785440093367 
0.9999724416227996 0.04545898678693307 0.043415188374721525 0.5020300187842104 0.49989442534255035 0.5002916569013687 0.5006603543597332 0.5002835612497591 0.49940067935094634 0.49834695500538445 0.49824418359235295 0.49974785615684647 
0.00274253442080016 0.9996348863897864 0.9985501998165142 0.2828352339362353 0.11490960214288613 0.24710735813659784 0.9969211680839101 0.9999923693115325 0.92809856935969 0.241156038430002 0.9942409963925359 0.9746064024608776 
0.18060906484788838 0.9984674113485723 0.9968481460278557 0.5019659772103289 0.47119906869591144 0.530386141019941 0.9691739126143781 0.296487862074702 0.439552086522788 0.5050224856793037 0.9851533745915778 0.8301037930171742 
0.4995764286001361 0.8605305958384838 0.9798723206608188 0.5019102325309142 0.49564711708469766 0.5032391624839362 0.5215501114729029 0.49494899641711587 0.49926716376508806 0.5052487073420829 0.48565627280005624 0.49974485333022545 
0.7196954912703525 0.07720987950287794 0.001250905237730502 0.5021976514067686 0.49876373423640924 0.49814507427861066 0.5006573054998714 0.4984970516037284 0.4993186495254206 0.5020878323965203 0.498202771365003 0.49974781138055036 
0.9999723174056165 0.028417333630900543 0.0051724371547243325 0.5020297646563904 0.49990494893541604 0.4999702440125841 0.4994877893406867 0.5002405870641654 0.4995421282459666 0.49834604023353735 0.4979733426215407 0.49974585527238197 
0.00274253442080016 0.9996348863897864 0.9985501998165142 0.2828352339362353 0.11490960214288613 0.24710735813659784 0.9969211680839101 0.9999923693115325 0.92809856935969 0.241156038430002 0.9942409963925359 0.9746064024608776 
0.2454038145974612 0.9984030994223331 0.9968481460278557 0.48144271148323964 0.4991075057115754 0.5310501415073811 0.9576457418134494 0.2982329888597945 0.523231866023543 0.4988129911735735 0.9989563011223045 0.8305210065028417 
0.7048838137752185 0.7966423842913957 0.9086519998581849 0.5016172714361978 0.4987648263522289 0.4982751229205507 0.49952607158648055 0.5002504170658844 0.49919953507483533 0.502202131913109 0.498205293305614 0.49974753225244967 
0.9999720670850751 0.025992513661722307 0.03632599714532695 0.5021947504309688 0.4999117012790934 0.5002272593109024 0.5006982356614937 0.500090041959924 0.49941022295658005 0.4983637400147021 0.49853163083976554 0.49974789382404167 
0.2449399264744906 0.998373509237563 0.9968481460278557 0.4814334586822807 0.4991075057115754 0.488925876730559 0.9576457418134494 0.25132859821207226 0.43712780626405 0.25609801945991106 0.9989961166248486 0.8305210065028417 
0.7048838137752185 0.7966423842913957 0.9086519998581849 0.5016172714361978 0.4987648263522289 0.4982751229205507 0.49952607158648055 0.5002504170658844 0.49919953507483533 0.502202131913109 0.498205293305614 0.49974753225244967 
0.9999723174056165 0.0030398004909609963 0.008945189587940841 0.5020290867865527 0.49990494893541604 0.5002326210303312 0.4995209391140623 0.5000780870771703 0.49932787193954065 0.49833849140270875 0.49796952484130397 0.4997479765288499 
0.7048838137752185 0.7955052428341459 0.9119307244580326 0.5016172714361978 0.4987648263522289 0.49820405179426736 0.4995260414525231 0.5002504170658844 0.4991976753775186 0.502202131913109 0.498205293305614 0.49974753225244967 
0.9999716113587052 0.7835464983164582 0.013784125142589998 0.5020325890220061 0.5000985741160549 0.5001744204479184 0.5006604015473408 0.5003018549488648 0.49940249456289326 0.4983474014651253 0.4980418465298179 0.4997478914070756 
0.9999725216852275 0.029010636632232654 0.9696271926251816 0.5021948675739893 0.49989394736956927 0.5002916569013687 0.5006541564314003 0.5002835612497591 0.4994006807628829 0.4983942963784175 0.5013760774333772 0.4997464819515111 
0.00274253442080016 0.9981539548484623 0.9985501998165142 0.293884993963407 0.1561439718794883 0.12157751242445725 0.984946566877875 0.9999923693115325 0.92809856935969 0.241156038430002 0.9942409963925359 0.9753829480903741 
0.24515505618588884 0.9979027253001822 0.9973814664524393 0.49282997270222134 0.5067935824858286 0.4880234722914877 0.9576457418134494 0.25192127231894346 0.433996096299964 0.24922016004206576 0.9989962788394438 0.9310958604772337 
0.7578371791416443 0.14079654965948002 0.01766265042971608 0.5021948694564743 0.5000664564227325 0.5042804354303834 0.5006542311202771 0.49850172741453946 0.4994186904557827 0.4983466296630533 0.49797189324485364 0.4997464759048587 
0.9999719040323067 0.0047226732057894915 0.001390356259488525 0.5021075802474914 0.4998939662561627 0.500295258250073 0.500698050292356 0.5000895198846149 0.49939823414586537 0.4983637403875279 0.49804336058893595 0.4997478939745853 
0.00274253442080016 0.9996348863897864 0.9985501998165142 0.2828352339362353 0.11490960214288613 0.24710735813659784 0.9969211680839101 0.9999923693115325 0.92809856935969 0.241156038430002 0.9942409963925359 0.9746064024608776 
0.7578371791416443 0.17731266862455392 0.004718429519448262 0.5021948669189283 0.4998943807074422 0.5003304838044731 0.5006777940564533 0.49850172741453946 0.4994192734586705 0.49834943974473633 0.49797292565825696 0.4997478914405427 
0.9999720670850751 0.025992513661722307 0.03632599714532695 0.5021947504309688 0.4999117012790934 0.5002272593109024 0.5006982356614937 0.500090041959924 0.49941022295658005 0.4983637400147021 0.49853163083976554 0.49974789382404167 
0.7578371791416443 0.17731266862455392 0.004718429519448262 0.5021948669189283 0.4998943807074422 0.5003304838044731 0.5006777940564533 0.49850172741453946 0.4994192734586705 0.49834943974473633 0.49797292565825696 0.4997478914405427 
0.9999721866812857 0.029010636632232654 0.0017329840302175957 0.5021947535075084 0.49989394736956927 0.5002916569013687 0.5006588595291696 0.5002835612497591 0.49940067935689736 0.49839542821154753 0.5013760774333772 0.4997478962268406 
0.9999721866812857 0.029010636632232654 0.0017329840302175957 0.5021947535075084 0.49989394736956927 0.5002916569013687 0.5006588595291696 0.5002835612497591 0.49940067935689736 0.49839542821154753 0.5013760774333772 0.4997478962268406 
0.00274253442080016 0.9996348863897864 0.9985501998165142 0.2828352339362353 0.11490960214288613 0.24710735813659784 0.9969211680839101 0.9999923693115325 0.92809856935969 0.241156038430002 0.9942409963925359 0.9746064024608776 
0.7952742551575345 0.043357177992299045 0.11796829680207244 0.5021948819920778 0.5000220258379893 0.5042921333687934 0.49955147506027386 0.5003182685513351 0.4993924741906942 0.4985631968387743 0.4956728108486473 0.4997448575744076 
0.9999721866812857 0.029017240751396268 0.0017329840302175957 0.5021947535075084 0.5000988855354793 0.5002327806728525 0.5006588595291696 0.5002835612497591 0.49940067935689736 0.49839542821154753 0.5013760774333772 0.49974789398382957 
0.7952742551575345 0.043357177992299045 0.11796829680207244 0.5021948819920778 0.5000220258379893 0.5042921333687934 0.49955147506027386 0.5003182685513351 0.4993924741906942 0.4985631968387743 0.4956728108486473 0.4997448575744076 
0.9999721866812857 0.029010636632232654 0.0017329840302175957 0.5021947535075084 0.49989394736956927 0.5002916569013687 0.5006588595291696 0.5002835612497591 0.49940067935689736 0.49839542821154753 0.5013760774333772 0.4997478962268406 
0.9999721866812857 0.029010636632232654 0.0017329840302175957 0.5021947535075084 0.49989394736956927 0.5002916569013687 0.5006588595291696 0.5002835612497591 0.49940067935689736 0.49839542821154753 0.5013760774333772 0.4997478962268406 
0.8229497268529266 0.8282034206678919 0.9939238981878166 0.49968346827281157 0.49879268666243903 0.4983379603808739 0.5006753074343845 0.49844449287733933 0.49920978758137835 0.49835036523249765 0.4980498074830839 0.4997462102674473 
0.9999721866812857 0.029017240751396268 0.0017329840302175957 0.5021947535075084 0.5000988855354793 0.5002327806728525 0.5006588595291696 0.5002835612497591 0.49940067935689736 0.49839542821154753 0.5013760774333772 0.49974789398382957 
0.9999921888101891 0.02865587745163759 0.013932440007752732 0.5021947539804906 0.5000977780724588 0.5002320218684992 0.5006587059964827 0.5002835612497591 0.49940067935689736 0.49839565292834476 0.49804259709803056 0.4997478939745853 
0.9999921888101891 0.02865587745163759 0.013932440007752732 0.5021947539804906 0.5000977780724588 0.5002320218684992 0.5006587059964827 0.5002835612497591 0.49940067935689736 0.49839565292834476 0.49804259709803056 0.4997478939745853 
