3.7998554087217973E-6 0.09988824177783648 0.9344827703742915 0.5400451366521646 0.4886321467062007 0.5099017766946626 0.5107500008232381 0.4967250616622806 0.49146333428595096 0.5008934022877626 0.49193608371403474 0.5030304196395289 
0.06376075417992597 0.1000210257243634 0.8473886452583751 0.49906320114920805 0.49962697438091885 0.5005147919442251 0.4983864414285955 0.501541031432375 0.49821296464027165 0.5008983160619068 0.4983667478448207 0.4996990427035235 
0.14345410130231095 0.0575098704050494 0.8083928073304827 0.49962662447858147 0.5000151684401866 0.5037651996153196 0.49843612144869953 0.5017191227614135 0.5036702003500275 0.5009190800150569 0.4989944135664912 0.5004784922427853 
0.24424556861080465 0.019263901933602414 0.9877374590404085 0.4990430970839818 0.49984813241663073 0.5112532766352024 0.5021533205703756 0.5128798854418731 0.4983444214414637 0.4941127010465365 0.49900623481148126 0.4934879504393268 
0.3917629315373018 0.03113901003589429 0.9227980288353584 0.49907363000390365 0.503037144567253 0.5004359805720674 0.4965727446006189 0.5015186985614364 0.4982032106774757 0.4965538282112303 0.4983895072226008 0.49969815157865605 
0.5522468298429721 0.01920071597857331 0.8369576287878591 0.4987174169456021 0.49716756406779067 0.5014821971536443 0.49670416814214063 0.5014177857702599 0.4958020376467742 0.5008475565467624 0.4990022723462501 0.5004834123281843 
0.7197984091549331 0.036864492349458516 0.8421888380687922 0.49960120893722126 0.4998659284313456 0.5013253352316743 0.5024410361641484 0.5017786711523092 0.5017520468540098 0.50084796147407 0.4989783706674455 0.49967685182337246 
0.8737767573523778 0.8399352880458455 0.8588757407985845 0.4990741937824153 0.4998241440126644 0.5065666159104234 0.4970355189368512 0.5017957931516691 0.49627649239801847 0.5008402178835458 0.4989784671288964 0.49968479066631816 
0.999998246447035 0.8397914962412261 0.95312041167015 0.49909312039205406 0.4997781323125037 0.5002802100634717 0.4971103820537366 0.5017747202959607 0.500192575826039 0.5009007910005201 0.4984586231163852 0.49965130585599765 
4.5630713550397217E-4 0.9983696754402138 0.0011043318482624083 0.21146366341745804 0.9706420655169474 0.9726543735875219 0.6879620112986092 0.0012526998801473954 0.07405086589978545 0.08085032000856421 0.07910461413817527 0.9883580467451526 
0.07355970202965538 0.030701624944529254 0.9774239754837287 0.5041599171448689 0.5009291571325865 0.5016133938981385 0.4952587032068601 0.49913649566501817 0.5098119862136006 0.4982023617835335 0.4948846769323745 0.49969709259768924 
0.1753609554899102 0.00455857216386195 0.9839933027916096 0.4990810883673845 0.5035743323591264 0.5102980204954216 0.49482934568709097 0.5015301588759572 0.496533526404117 0.4970802310094764 0.49827633614813793 0.5014883587251333 
0.31028811938525735 0.012090695622484271 0.9851945313472268 0.4990314190366974 0.5034294938386217 0.51032061874765 0.49702923619372436 0.5025395033123854 0.49039658211449355 0.49418279786591784 0.49900736138505236 0.5004685036619204 
0.481310261863931 0.7841718114102232 0.880875952648863 0.4990740178751386 0.49972985465311176 0.49726928237691753 0.4863239768103832 0.5024032620923107 0.496844738732983 0.5008559569414166 0.49911723444664624 0.5016304182582316 
0.6724367056046039 0.028717516877009703 0.9845209366793519 0.4990743244802653 0.4998219126728917 0.5003986934005852 0.5026020466266267 0.5018097831481163 0.4960830334040974 0.5009113966895196 0.4989304064127959 0.5004731498389627 
0.8527670803637634 0.004996422515162843 0.9999530964491116 0.49909029943820077 0.4998168797601445 0.5012966756612707 0.497083235942923 0.5018190404648208 0.49619232405127706 0.500832365098996 0.4989790813235395 0.50048766767484 
0.999998246447035 0.8397914962412261 0.95312041167015 0.49909312039205406 0.4997781323125037 0.5002802100634717 0.4971103820537366 0.5017747202959607 0.500192575826039 0.5009007910005201 0.4984586231163852 0.49965130585599765 
0.00837133203102486 0.9983870765304358 0.0011120164441523913 0.1386312050615728 0.9511897715616283 0.9846860682850329 0.6879560815557154 0.0012528741984498644 0.012287823260077265 0.0808467403561662 0.07808934087600182 0.9971814805528129 
0.08410133795821058 0.9716930879016761 0.006161340943369786 0.7173743168362686 0.5009121341347842 0.48119863910755745 0.5819859636274172 0.4827214055465843 0.3453732286464206 0.3151502893774635 0.2560906121815424 0.5220233783057265 
0.21623426640911542 0.031842677573081665 0.9847889335855547 0.4990711144978941 0.4998603804399999 0.5017910740022802 0.4954347084366466 0.49913649566501817 0.4981980536549519 0.49420444537263697 0.4988601278740385 0.4996526624094475 
0.3917629315373018 0.03113901003589429 0.987915792393754 0.49907363000390365 0.503037144567253 0.5004359805720674 0.5021159330854369 0.5015685450566932 0.49820354739888095 0.49649440474773354 0.4983895072226008 0.49969815157865605 
0.6081676679789108 1.4239284597689084E-4 0.9252479959253818 0.4990740068594626 0.4998671925315056 0.5015547675505152 0.4970810159529857 0.5021945693617441 0.49628542240259893 0.5008493719614309 0.49839531427221784 0.4996601585617448 
0.8246702481719936 0.004817110766013965 0.740154158130804 0.499144938263652 0.4998206634079165 0.500445430830438 0.5004738173465825 0.501528352675626 0.49621030869128196 0.500561029372873 0.498978312433605 0.5004876986933995 
0.9998838473231252 0.8487898090059243 0.9845078349463043 0.4991439599059027 0.4998674189930494 0.501335592885557 0.502723635729191 0.5018076855797315 0.5001248142233453 0.5008465061194285 0.4989778590394282 0.49969055304497073 
0.00837133203102486 0.9983870765304358 0.0011120164441523913 0.1386312050615728 0.9511897715616283 0.9846860682850329 0.6879560815557154 0.0012528741984498644 0.012287823260077265 0.0808467403561662 0.07808934087600182 0.9971814805528129 
0.04130151658435461 0.9999575829743661 3.851909989529001E-4 0.22901770975774316 0.5003092735853789 0.8996331149719146 0.5585001689985448 0.678954120037898 0.5166732881651841 0.4881609666825119 0.2720588662548372 0.7875577050971336 
0.29426090725288095 0.9110289563110903 0.03869738733951305 0.5402999737255149 0.500535513857281 0.5103345894983222 0.48733081010398194 0.5012393559917074 0.48520344085046857 0.49273602001478417 0.4947004910215209 0.5024357729954453 
0.5186349916123352 0.0028094009079218663 0.9298023669443837 0.49903153286223284 0.5033873472033443 0.5002562697669065 0.49702923619372436 0.5025197454484351 0.49992511054135846 0.5008321764273199 0.49840687647203835 0.5016620524882394 
0.783636265508536 5.430560225450076E-6 0.7373028448736254 0.4991453751248439 0.49983255011663724 0.5012839418841283 0.49707120819211825 0.5018132585855011 0.5001606135004085 0.5008478521744212 0.49897930929289197 0.4997075053277803 
0.9999982464113728 0.8922556831123144 0.9538109107538673 0.4991235829806171 0.4997783874109191 0.500282464954297 0.5024845825910899 0.5017752877103714 0.5001265480549928 0.5010059466319657 0.49838712463179746 0.49965080931965805 
4.5630713550397217E-4 0.9997449422329626 0.0011043318482624083 0.21146366341745804 0.9706420655169474 0.9726543735875219 0.6052205468181912 0.0012526998801473954 0.011865242650404187 0.08085032000856421 0.052504007273737274 0.9883580467451526 
0.16695185149847422 0.9981192079465824 0.0011260751646884428 0.4931341382005256 0.11774871106808804 0.3204002416685409 0.5760648814886788 0.4516825636131084 0.12146507449514919 0.10009809498202402 0.3043573678787213 0.7670063453617344 
0.49946815352813734 0.9991512344060942 0.062456968078023256 0.4990745633627502 0.4997761258722465 0.5088960843063428 0.492545121797539 0.5017585357948868 0.52920325292093 0.4924488014404295 0.494692678989131 0.4972174943424329 
0.7198203211102305 0.054759143773336294 0.9553019090278078 0.4991243669455332 0.49778519865206744 0.5004412942698395 0.5024798976200908 0.5018124823143203 0.5001766821104446 0.5008478521744212 0.4985609743007451 0.49970985542476964 
0.9999982464113728 0.8922556831123144 0.9538109107538673 0.4991235829806171 0.4997783874109191 0.500282464954297 0.5024845825910899 0.5017752877103714 0.5001265480549928 0.5010059466319657 0.49838712463179746 0.49965080931965805 
4.5630713550397217E-4 0.9997449422329626 0.0011043318482624083 0.21146366341745804 0.9706420655169474 0.9726543735875219 0.6052205468181912 0.0012526998801473954 0.011865242650404187 0.08085032000856421 0.052504007273737274 0.9883580467451526 
0.2747273363368268 0.9998065882532949 0.028523483552104878 0.46096273193088466 0.8498175702741443 0.9157892079692349 0.49000059110998573 0.6461076398855331 0.11793426827758463 0.09409128368356803 0.6048125274787405 0.9113970013991242 
0.757940194575567 0.6849737095499513 0.8468819907159414 0.49914948557086963 0.49982033550636307 0.5004693194488044 0.5024899655883298 0.5017980708209948 0.49334262560609393 0.5009381472081099 0.49837405069002705 0.499618278657508 
0.9999982464113728 0.8922556831123144 0.9538109107538673 0.4991235829806171 0.4997783874109191 0.500282464954297 0.5024845825910899 0.5017752877103714 0.5001265480549928 0.5010059466319657 0.49838712463179746 0.49965080931965805 
4.5630713550397217E-4 0.9997816451834203 0.0011043318482624083 0.21146366341745804 0.9706420655169474 0.9726543735875219 0.6052205468181912 0.0012526998801473954 0.07405086589978545 0.08085032000856421 0.07910461413817527 0.9883580467451526 
0.7955229489955484 0.8390684762583474 0.9580330733544039 0.4991454155815746 0.4998218610483594 0.4997663888853773 0.497143714750192 0.5017729679211542 0.4967044980483652 0.5009613887160513 0.49847247671701794 0.4997291993704644 
0.9999982464113728 0.8922556831123144 0.9605096629936415 0.4990730386627549 0.4997823341585145 0.5004690858943076 0.5024899003210567 0.5017752877103714 0.5001265480549928 0.5010059466319657 0.49901507380220317 0.49965080931965805 
0.8229152307676406 0.014293158681865703 0.7149564535984774 0.49914732926193245 0.49983246570450895 0.5004305277145924 0.4966438824022019 0.501799373697772 0.5001921460908249 0.500832890195732 0.498978312433605 0.5004643708908468 
0.9999982464113728 0.8696991701088151 0.9857045722216292 0.4991235829806171 0.49977992471693106 0.5004014188132897 0.5025993796651866 0.5018076789050762 0.5001265480549928 0.5009113901950366 0.4989141535818078 0.5004699180169241 
0.9999982464113728 0.8922556831123144 0.9603911639211976 0.49957588392166125 0.49978257822887584 0.500282464954297 0.5024845579868917 0.5017752877103714 0.5001265480549928 0.5010059466319657 0.49838712463179746 0.49965080931965805 
0.00837133203102486 0.9983283664938996 0.9999381853795499 0.2108631010277093 0.9508116753848546 0.9846860682850329 0.6875686219707751 0.0016255511215764427 0.07460337172721157 0.11085582731101085 0.07808307004764287 0.9967021141428831 
0.07355970202965538 0.030701624944529254 0.9704482286699394 0.49907300249085734 0.50017845346769 0.5017910740022802 0.4952587032068601 0.49913649566501817 0.5231626480089013 0.49420444537263697 0.49485783724979276 0.49969709259768924 
0.1753609554899102 0.00455857216386195 0.9839933027916096 0.4990810883673845 0.5035743323591264 0.5102980204954216 0.49482934568709097 0.5015301588759572 0.496533526404117 0.4970802310094764 0.49827633614813793 0.5014883587251333 
0.31028811938525735 0.03915967062667061 0.9893123248441518 0.49903477801236057 0.4998135591751024 0.5098839941895479 0.49702923619372436 0.5018077722693993 0.5000530413463189 0.5008478984112725 0.4990968827380104 0.5015668590484831 
0.48144896490483546 0.7841718114102232 0.880875952648863 0.49914261375462693 0.4997620272181104 0.5012831906943844 0.4863239768103832 0.5024032620923107 0.496844738732983 0.5008589121275485 0.4990644407014018 0.5015134155439394 
0.6724367056046039 0.028717516877009703 0.9845209366793519 0.4990743244802653 0.4998219126728917 0.5003986934005852 0.5026020466266267 0.5018097831481163 0.4960830334040974 0.5009113966895196 0.4989304064127959 0.5004731498389627 
0.8527670803637634 0.004996422515162843 0.9999530964491116 0.49909029943820077 0.4998204332101983 0.5012959476675453 0.497083235942923 0.5018190404648208 0.49619232405127706 0.500832365098996 0.4989842582194067 0.50048766767484 
0.999998246447035 0.8397914962412261 0.95312041167015 0.49909312039205406 0.4997781323125037 0.5002802100634717 0.4971103820537366 0.5017747202959607 0.500192575826039 0.5009007910005201 0.4984586231163852 0.49965130585599765 
0.05120500854358287 0.06870254595619163 0.8989476571741052 0.4990840560633689 0.5026265936016998 0.5038037721390869 0.4893756460554549 0.4989860609844206 0.4960908383190821 0.49427171073417386 0.4984747828139885 0.5041283718428897 
0.08821681947468417 0.006730273523001165 0.9870286972514715 0.4990422120926616 0.5158383989626589 0.500535518404902 0.49531963343008173 0.5021686751799449 0.4903614904041986 0.5008903271267389 0.49839673183562405 0.5039617991917186 
0.21623426640911542 0.031842677573081665 0.9847889335855547 0.4990711144978941 0.4998603804399999 0.5017910740022802 0.4954347084366466 0.49913649566501817 0.4981980536549519 0.49420444537263697 0.4988601278740385 0.4996526624094475 
0.3917629315373018 0.03113901003589429 0.9227980288353584 0.49907363000390365 0.503037144567253 0.5004359805720674 0.4965727446006189 0.5015186985614364 0.4982032106774757 0.4965538282112303 0.4983895072226008 0.49969815157865605 
0.6081676679789108 0.024399210092050816 0.8427140102300522 0.4990740783416752 0.4998941928717627 0.5013061255628166 0.4970817038346367 0.5021945693617441 0.5000963018298559 0.5009003189169315 0.49845917444486026 0.49960892492395814 
0.8246702481719936 0.024857051409964706 0.7390692101647197 0.49914535647516256 0.49983246570450895 0.5004582470543697 0.4966438824022019 0.5015279864056982 0.5002034542394753 0.500561029372873 0.498978312433605 0.5004673415868045 
0.9998838473231252 0.8551386413410829 0.9845078349463043 0.4991439599059027 0.4998662176134381 0.5013351837459129 0.502723635729191 0.5018075461499715 0.5001248142233453 0.5008465061194285 0.4989779439431414 0.4996929644803089 
0.04130151658435461 0.9999428718039226 0.029113722517492193 0.3424610926787664 0.8438674887988953 0.8996331149719146 0.5585001689985448 0.6817400392007678 0.10703465350911211 0.10459879930912921 0.2720588662548372 0.7875577050971336 
0.08410133795821058 0.9716930879016761 0.006161340943369786 0.7173743168362686 0.5009121341347842 0.48119863910755745 0.5819859636274172 0.4827214055465843 0.3453732286464206 0.3151502893774635 0.2560906121815424 0.5220233783057265 
0.2804247271447903 0.031178516289575894 0.9857518154334767 0.49906237967472117 0.5032655143595267 0.5035898043512047 0.5021687279860143 0.5112391501979497 0.4984031940684457 0.5009484025719045 0.4981763583549293 0.5015760008750765 
0.5187003470332804 0.0029666014402370856 0.9198629144264412 0.49907882567298795 0.5033818028278916 0.5037181025659178 0.4965742897530736 0.496087685973538 0.49818478047070935 0.5011048997394383 0.49839676152978185 0.49969815157865605 
0.783636265508536 5.430560225450076E-6 0.7373028448736254 0.4991453751248439 0.49983255011663724 0.5012839418841283 0.49707120819211825 0.5018132585855011 0.5001606135004085 0.5008478521744212 0.49897930929289197 0.4997075053277803 
0.9998838473231252 0.8551386413410829 0.9845078349463043 0.4991439599059027 0.4998662176134381 0.5013351837459129 0.502723635729191 0.5018075461499715 0.5001248142233453 0.5008465061194285 0.4989779439431414 0.4996929644803089 
0.01843954162156973 0.9984360131931748 0.0011043318482624083 0.2246903031839025 0.850793409000238 0.949883016958775 0.7406143693829346 0.002487796337593339 0.13937204324894847 0.06373407264341438 0.07910461413817527 0.9972872223028686 
0.16668090393475019 0.9933551579221158 0.00606652006461265 0.51392389960748 0.4993727665298117 0.3204002416685409 0.5760648814886788 0.6452210044025503 0.10997819566976147 0.10203736630284485 0.3078957129744794 0.5044506447117475 
0.40543779154069726 0.9768561505572964 0.04163161495866258 0.4947003172080059 0.5208230438395434 0.5085090603333137 0.5549016564083569 0.5126760020499379 0.4552826534748079 0.4507176295789504 0.5094423547868228 0.5040033795783058 
0.7198203211102305 0.054759143773336294 0.9553019090278078 0.4991243669455332 0.49778519865206744 0.5004412942698395 0.5024798976200908 0.5018124823143203 0.5001766821104446 0.5008478521744212 0.4985609743007451 0.49970985542476964 
0.9999983273954454 0.9567006712558693 0.9538109107538673 0.49957626704264835 0.49977838060155333 0.5002843640574349 0.5024845823082371 0.5017752877103714 0.5001265480549928 0.5011309769607418 0.49838712463179746 0.49965080931965805 
4.5630713550397217E-4 0.9983696754402138 0.0011043318482624083 0.21146366341745804 0.9706420655169474 0.9726543735875219 0.6879620112986092 0.0012526998801473954 0.07405086589978545 0.08085032000856421 0.07910461413817527 0.9883580467451526 
0.2649405448264406 0.9999707634995333 0.001103568446366776 0.4935074823813008 0.8755451279165141 0.5039856049774175 0.49351105697314557 0.6452890363467333 0.12163811454322637 0.10009694249320199 0.2438036065728849 0.7741329390844103 
0.7049289217457446 0.8298621783160384 0.8419835045029276 0.4995773867828163 0.4998912615372398 0.5003556763704344 0.49688163407830177 0.5018096229591876 0.5022227883351521 0.5010048506438547 0.50326456699626 0.5013508730342733 
0.9998848780352916 0.8903476985329676 0.9845078349463043 0.4991427180744981 0.4998662176134381 0.5003007271812305 0.502723635729191 0.5017752974756934 0.5001248142233453 0.5010051761144982 0.49898749715029606 0.4996929644803089 
4.5630713550397217E-4 0.9997816451834203 0.0011043318482624083 0.21146366341745804 0.9706420655169474 0.9726543735875219 0.6052205468181912 0.0012526998801473954 0.07405086589978545 0.08085032000856421 0.07910461413817527 0.9883580467451526 
0.7578608284055746 0.21598524919960133 0.8479979847209053 0.4990723133644646 0.4979288150798691 0.5004298835180748 0.5021658142202146 0.5017704950749188 0.4965671515363181 0.5002564639199845 0.49466359240768454 0.5004569485566537 
0.9999982464113728 0.8922556831123144 0.9538109107538673 0.4991235829806171 0.4997783874109191 0.500282464954297 0.5024845825910899 0.5017752877103714 0.5001265480549928 0.5010059466319657 0.49838712463179746 0.49965080931965805 
0.7955229489955484 0.8390684762583474 0.9580330733544039 0.4991454155815746 0.4998218610483594 0.4997663888853773 0.497143714750192 0.5017729679211542 0.4967044980483652 0.5009613887160513 0.49847247671701794 0.4997291993704644 
0.9999982485197578 0.9097230606893112 0.9547138843637306 0.4991440212763818 0.4997858211381146 0.500282464954297 0.5024867146626131 0.5017748956068201 0.5001640715908202 0.500992263228511 0.4983976083993583 0.49965342030475846 
0.9999982485197578 0.9098990974137495 0.9547138843637306 0.4991440226362 0.4997855347894066 0.500282464954297 0.5024867146626131 0.5017748956068201 0.5001640715908202 0.500992263228511 0.49838712462174406 0.49965080931965805 
0.01823006692642334 0.999937580467295 0.9977715665496322 0.10175285530090905 0.8511503835138522 0.988350509224618 0.741503163216193 8.152329497789169E-4 0.061378898866945114 0.06329938204449465 0.07909241414037038 0.9967011593531018 
0.08423737923623016 0.9974975834096438 0.9997945990017616 0.7076366500829818 0.5034657443786958 0.5230434299490171 0.47162209011552775 0.4826824034906825 0.3475715140577339 0.31617429988404955 0.2537856066810027 0.5220233783057265 
0.21623426640911542 0.03206651922946663 0.9847889335855547 0.49907300249085734 0.4998603804399999 0.5017910740022802 0.49538684437181324 0.49913649566501817 0.4981953036190571 0.49420444537263697 0.4988601278740385 0.4996526624094475 
0.3917629315373018 0.031181129208369098 0.9198193343032693 0.4990735385364779 0.503037144567253 0.5036586543116798 0.4965727446006189 0.49617024855632885 0.4982032106774757 0.4965538282112303 0.49839012510839537 0.49969815157865605 
0.6081676679789108 0.016627781150943814 0.9240184322337159 0.4990740068594626 0.4998671925315056 0.5015547675505152 0.49708399196602066 0.5015522732588057 0.4962833353623447 0.5008083856741982 0.49839531427221784 0.5015163443211114 
0.8246702481719936 0.024857051409964706 0.7390692101647197 0.49914535647516256 0.49983246570450895 0.5004582470543697 0.4966438824022019 0.5015279864056982 0.5002034542394753 0.500561029372873 0.498978312433605 0.5004673415868045 
0.9999991128795571 0.8003583775564573 0.9205145581613656 0.49914731841648957 0.50001655274819 0.5014043671821794 0.49837194139184693 0.5022010726889109 0.5001922364912949 0.5008487991339163 0.4983844131166001 0.49967752752198624 
0.0018591651353429125 0.9999684866459836 0.9950774492051516 0.34552056908981404 0.8508994761644458 0.877078940182747 0.6896348954970186 0.5094282956497991 0.11080980378015315 0.33648187302757054 0.27113402863929925 0.8885480608071813 
0.10514907797894044 0.9965489693367077 0.999191045235478 0.33944205335294053 0.5435143149007822 0.501703770861572 0.561758829776173 0.499381778210548 0.3448744333137654 0.3271264888817283 0.23418846924141162 0.5220233783057265 
0.2804247271447903 0.031064513162182356 0.9857518154334767 0.49906237967472117 0.4923912821223559 0.5035897148284996 0.502228667317714 0.5114814879138455 0.49841100900808627 0.4930394877711159 0.49817621458830813 0.5015760008750765 
0.5187003470332804 0.0029666014402370856 0.9198629144264412 0.4990750241689361 0.5033818028278916 0.5036096752344116 0.4965727446006189 0.496087685973538 0.4982032106774757 0.49676081068714434 0.49838994075094345 0.49969815157865605 
0.783636265508536 0.032917452995381714 0.9824457470208254 0.4991457381525633 0.49985969002710146 0.5012839418841283 0.4970279293502484 0.5018132585855011 0.5001606135004085 0.5008478521744212 0.49897930929289197 0.4997075053277803 
0.9998838473231252 0.06374777893476846 0.9845078349463043 0.4991448702067225 0.4998662176134381 0.5013346503208792 0.502723635729191 0.5018077597675507 0.5001248142233453 0.50084642829597 0.4989783706674455 0.4996929644803089 
0.15612568612227573 0.03622558399313913 0.8992796628499758 0.49927346946399453 0.5026533711167658 0.5103130917557142 0.4891893272639887 0.5021649808974978 0.5168167006117045 0.5009073037743998 0.501445038019549 0.5041894542899007 
0.20443113627062187 0.002521569586896314 0.9847889335855547 0.4990711144978941 0.49986123398988763 0.4975749033593357 0.4954347084366466 0.5025879344076042 0.4981980536549519 0.5011613600486974 0.4988601278740385 0.49965417340196644 
0.3917629315373018 0.03113901003589429 0.987915792393754 0.49907363000390365 0.503037144567253 0.5004359805720674 0.5021159330854369 0.5015685450566932 0.49820354739888095 0.49649440474773354 0.4983895072226008 0.49969815157865605 
0.7197984091549331 0.036841487320242006 0.8421888380687922 0.4995877824952795 0.4998659284313456 0.5013253352316743 0.5024410361641484 0.5017791058742195 0.5021769443510236 0.5008478521744212 0.4989783706674455 0.49967685182337246 
0.9999983273954454 0.9567006712558693 0.9538109107538673 0.49957626704264835 0.49977838060155333 0.5002843640574349 0.5024845823082371 0.5017752877103714 0.5001265480549928 0.5011309769607418 0.49838712463179746 0.49965080931965805 
0.1738581650116974 0.9992098584088445 0.023479067828034328 0.43572404003345455 0.6068339413342326 0.294462384680315 0.33561201638497573 0.5139712844632759 0.14082970434137052 0.47352956940565083 0.3182672981254242 0.8371090006265742 
0.2747273363368268 0.9798305256854295 0.011001381715307068 0.4997030582396601 0.5003514259570341 0.5000727756893554 0.49690683634494226 0.5016074899690358 0.12913962450973682 0.5287951069760618 0.44716085817285944 0.9522540045182216 
0.6256715200509104 0.8947779900678817 0.8419835045029276 0.4995773867828163 0.49978253370650144 0.5004028173777407 0.5023948851812792 0.5017788234182949 0.5022244652066915 0.5011265297220812 0.4985345680489101 0.5013481960047832 
0.9999982464113728 0.8922556831123144 0.9538109107538673 0.49957626704264835 0.4997825472551348 0.5002843265475603 0.5024850144998471 0.5017752877103714 0.5001265480549928 0.5011309769607418 0.49838712463179746 0.49965080931965805 
0.2517630284007939 0.9999708616017727 0.001103568446366776 0.4935074823813008 0.8755451279165141 0.9554030427047099 0.49351105697314557 0.4583210477974512 0.12175013062579192 0.10009694249320199 0.4948219627531315 0.523522680240594 
0.7049289217457446 0.9342964598867156 0.8419835045029276 0.4995773867828163 0.4997823138600196 0.5004028173777407 0.5027997006686086 0.5017800400431366 0.5022227883351521 0.5011265297220812 0.4985345680489101 0.5013500840518601 
0.9999982464113728 0.8922556831123144 0.9605096629936415 0.4990730386627549 0.4997823341585145 0.5004690858943076 0.5024899003210567 0.5017752877103714 0.5001265480549928 0.5010059466319657 0.49901507380220317 0.49965080931965805 
0.757940194575567 0.6849745133484435 0.9542580550634354 0.49907637396894716 0.4998207430952619 0.5004693194488044 0.5024899655883298 0.5017782644826936 0.4926577865874372 0.5008333071842281 0.49900284749529 0.5004615366670284 
0.9999982464113728 0.8948419251598858 0.9538109107538673 0.4991235829806171 0.4997783874109191 0.5004019047210279 0.5024845825910899 0.5017753054431606 0.5001265480549928 0.5010061920587642 0.49853523228564856 0.49966246729099517 
0.9999982464113728 0.8922556831123144 0.9603911639211976 0.49957588392166125 0.49978257822887584 0.500282464954297 0.5024845579868917 0.5017752877103714 0.5001265480549928 0.5010059466319657 0.49838712463179746 0.49965080931965805 
0.027802471784775053 0.999937580467295 0.9977715665496322 0.10175285530090905 0.8614709259075429 0.9891820243748239 0.7415247857954518 8.152329497789169E-4 0.062310777429226374 0.05406304002876569 0.08578151082475344 0.9967011593531018 
0.1299793110223074 0.9991138582642677 0.9977893409589405 0.529949823266677 0.19472417440626377 0.5368586107093862 0.45439923455211795 0.4579127422061948 0.2585985415459945 0.2878709024358916 0.25672852880799635 0.8711015762212702 
0.29426090725288095 0.9251173314987857 0.9405710438427688 0.5402630206698502 0.4922781047470887 0.5150181902276543 0.48899625885786685 0.48994798219822866 0.5200824524844945 0.5083672977807517 0.4958919254222254 0.5039940800114865 
0.5187003470332804 0.0029666014402370856 0.9198629144264412 0.49907882567298795 0.5033818028278916 0.5037181025659178 0.4965742897530736 0.496087685973538 0.49818478047070935 0.5011048997394383 0.49839676152978185 0.49969815157865605 
0.783636265508536 5.430560225450076E-6 0.7373028448736254 0.4991453751248439 0.49983255011663724 0.5012839418841283 0.49707120819211825 0.5018132585855011 0.5001606135004085 0.5008478521744212 0.49897930929289197 0.4997075053277803 
0.999998246447035 0.8397914962412261 0.847510721910559 0.4990723425181464 0.4998205411619451 0.5004303494183594 0.4970808831774347 0.5017995413204044 0.5001922364912949 0.5008309029086255 0.4984586494454289 0.4996149852538904 
0.013144937644092693 0.9999685428803412 0.9997651329855751 0.2108631010277093 0.9506265061766663 0.9741717029026339 0.6856970494387142 0.01269515123867709 0.07460337172721157 0.11124077603403176 0.21547234224271145 0.9972501971989274 
0.17546577933932847 0.999953615499766 0.9977916737568288 0.5273165242848281 0.0981773292559342 0.5368586107093862 0.46494829567401436 0.45549374595290293 0.25862348613007147 0.490669340179565 0.28061769260729996 0.8615620846956707 
0.406688030437374 0.9249739420085843 0.9879710640412026 0.5404898460474519 0.49239493610465906 0.5088921331844959 0.5628757486313443 0.5128944596912811 0.49837333070969375 0.47682650258141707 0.5210569261103012 0.5039147592012941 
0.7197984091549331 0.036841487320242006 0.8421888380687922 0.4995877824952795 0.4998659284313456 0.5013253352316743 0.5024410361641484 0.5017791058742195 0.5021769443510236 0.5008478521744212 0.4989783706674455 0.49967685182337246 
0.9999982464113728 0.9098990974137495 0.9538109107538673 0.4991235829806171 0.4997783874109191 0.500282464954297 0.5024845825910899 0.5017752877103714 0.5001265480549928 0.5010059466319657 0.49838712463179746 0.49965080931965805 
0.17823303262137585 0.9993569700983272 0.9905684502658662 0.43186643621933085 0.6237614299998224 0.5381478392586179 0.32578505127664126 0.4552722275617289 0.11975362497914208 0.4907794505821405 0.32094699153562267 0.8371750507833814 
0.27541293859442634 0.9993550900684149 0.9903920855480308 0.43572404003345455 0.6068339413342326 0.294462384680315 0.33561201638497573 0.5129629502929491 0.16490591612266184 0.47352956940565083 0.32094699153562267 0.8371090006265742 
0.6255517865913754 0.8095348088591022 0.984193040673446 0.4991243461334993 0.49717032730557464 0.5004201753848289 0.48777909500483324 0.5021216954904496 0.4954439840614573 0.4929711701990876 0.5035539577319462 0.5013363372207945 
0.9999982464113728 0.909599566358618 0.9538109107538673 0.4991235829806171 0.4997783874109191 0.500282464954297 0.5024845825910899 0.5017752877103714 0.5001265480549928 0.5010059466319657 0.49838712463179746 0.49965080931965805 
0.4085077963278657 0.05544366424173619 0.9828663880158593 0.4991337528757971 0.5031326048484842 0.500388341969671 0.5025638132038998 0.49617024855632885 0.5001124686801851 0.5011275979595161 0.49847243260467927 0.5015518978524144 
0.6256715200509104 0.8947779900678817 0.8419835045029276 0.4995773867828163 0.49978253370650144 0.5004028173777407 0.5023948851812792 0.5017788234182949 0.5022244652066915 0.5011265297220812 0.4985345680489101 0.5013481960047832 
0.9999982464113728 0.909599566358618 0.9538109107538673 0.4991235829806171 0.4997783874109191 0.500282464954297 0.5024845825910899 0.5017752877103714 0.5001265480549928 0.5010059466319657 0.49838712463179746 0.49965080931965805 
0.7049289217457446 0.9342964598867156 0.8419835045029276 0.4995773867828163 0.4997823138600196 0.5004028173777407 0.5027997006686086 0.5017800400431366 0.5022227883351521 0.5011265297220812 0.4985345680489101 0.5013500840518601 
0.9999982464113728 0.8723812729454261 0.9538109107538673 0.4991235829806171 0.4997783874109191 0.500282464954297 0.5024845825910899 0.5017752877103714 0.5001265480549928 0.5010059466319657 0.49838712463179746 0.49965080931965805 
0.9998848780352916 0.8922649270824701 0.9845078349463043 0.4991427180744981 0.4998675608638834 0.5003007271812305 0.502723635729191 0.5017752974756934 0.5001264177358863 0.5010051761144982 0.4989940497560739 0.4996929644803089 
0.0134301587197189 0.999937580467295 0.999939532825583 0.19201358225882775 0.8614709259075429 0.9811639784873601 0.6893034817745083 8.152329497789169E-4 0.062093354731935585 0.03984436165789504 0.0831449529145062 0.9967011593531018 
0.17546577933932847 0.9991110345891885 0.9979179425006836 0.5297763331602894 0.1397735324170411 0.5368586107093862 0.4546700200905444 0.08008497563374994 0.26355349043726534 0.2878709024358916 0.25630072032259094 0.8711015762212702 
0.49968466323398286 0.8503816771820989 0.9849823113344014 0.49908068637350705 0.49717032730557464 0.5090980944199164 0.4879610168251767 0.5115702323500664 0.5188971834539531 0.4942079598975384 0.5061309419801026 0.49963468714800696 
0.7197984091549331 0.036864492349458516 0.8421888380687922 0.49960120893722126 0.4998659284313456 0.5013253352316743 0.5024410361641484 0.5017786711523092 0.5017520468540098 0.50084796147407 0.4989783706674455 0.49967685182337246 
0.9999986796273175 0.9100079998537951 0.9537980854414633 0.499144046244612 0.4997857288791842 0.5002808079280847 0.5024867146626131 0.5017752962856268 0.5001640715908202 0.5009940673377544 0.4983976083993583 0.4996535891435818 
0.0134301587197189 0.999937580467295 0.999939532825583 0.10323383014412518 0.8614709259075429 0.9891820243748239 0.7415247857954518 8.152329497789169E-4 0.062093354731935585 0.05406304002876569 0.0831449529145062 0.9967011593531018 
0.2527541116736486 0.9991372403065171 0.9982494442717285 0.4995116408905068 0.14113209606837362 0.521740538100114 0.5243957761839194 0.08012608189785762 0.22359152328639598 0.33502495881554 0.2506578401575488 0.874987386970477 
0.7049289217457446 0.8297843068806897 0.9150071493423314 0.49957646828773045 0.49979278136985356 0.5004194990567806 0.5026163406341108 0.5015415195656203 0.5022227883351521 0.5010052119117416 0.5034266531417176 0.5013483005664275 
0.9999991128795571 0.8003583775564573 0.9205145581613656 0.49914731841648957 0.50001655274819 0.5014043671821794 0.49837194139184693 0.5022010726889109 0.5001922364912949 0.5008487991339163 0.4983844131166001 0.49967752752198624 
0.23559049479205546 0.9977853258284168 0.9993649839548243 0.49518899826673046 0.14050644626438702 0.9253852118952595 0.4967269783903562 0.015250980004659152 0.1463455468024329 0.35769481785913676 0.44685392249045175 0.5047654554747495 
0.7049289217457446 0.9342964598867156 0.8419835045029276 0.4995773867828163 0.4997823138600196 0.5004028173777407 0.5027997006686086 0.5017800400431366 0.5022227883351521 0.5011265297220812 0.4985345680489101 0.5013500840518601 
0.9999982464113728 0.8922556831123144 0.9538109107538673 0.4991483218185046 0.4997783874109191 0.5002807810943137 0.5023527345161402 0.5017752877103714 0.5001265480549928 0.5008271762682189 0.49838511281461023 0.49965025065971536 
0.7049289217457446 0.9342964598867156 0.8419835045029276 0.4995773867828163 0.4997823138600196 0.5004028173777407 0.5027997006686086 0.5017800400431366 0.5022227883351521 0.5011265297220812 0.4985345680489101 0.5013500840518601 
0.9999982464113728 0.909599566358618 0.9538109107538673 0.4991235829806171 0.4997783874109191 0.500282464954297 0.5024845825910899 0.5017752877103714 0.5001265480549928 0.5010059466319657 0.49838712463179746 0.49965080931965805 
0.9999986796273175 0.9100079998537951 0.9537980854414633 0.499144046244612 0.4997857288791842 0.5002808079280847 0.5024867146626131 0.5017752962856268 0.5001640715908202 0.5009940673377544 0.4983976083993583 0.4996535891435818 
0.0134301587197189 0.999937580467295 0.999939532825583 0.05015843993890651 0.8614709259075429 0.9891820243748239 0.7415247857954518 8.152329497789169E-4 0.062093354731935585 0.10331920328151009 0.06912279442667214 0.9967011593531018 
0.2662257008926264 0.999967414671758 0.9982494442717285 0.34882998587816194 0.14050644626438702 0.9579243965191389 0.5253859954708814 0.012573723642685254 0.12838281681206726 0.3585304836345538 0.36858374597692517 0.5155220824808249 
0.7578608284055746 0.018450816170828818 0.8479979847209053 0.499072266021901 0.4979288150798691 0.5004520584170968 0.5023463567321304 0.5017704950749188 0.4965671515363181 0.5002564639199845 0.49466359240768454 0.5004569485566537 
0.9999982464113728 0.9111088548230656 0.9857313105070744 0.4991235829806171 0.4997783874109191 0.500282464954297 0.5024845825910899 0.5017752877103714 0.5001265480549928 0.5010053784477205 0.49838712463179746 0.5004351086766667 
0.0134301587197189 0.999937580467295 0.999939532825583 0.05015843993890651 0.8614709259075429 0.9891820243748239 0.7415247857954518 8.152329497789169E-4 0.062093354731935585 0.10331920328151009 0.06912279442667214 0.9967011593531018 
0.7578608284055746 0.21598524919960133 0.8479979847209053 0.4990723133644646 0.4979288150798691 0.5004298835180748 0.5021658142202146 0.5017704950749188 0.4965671515363181 0.5002564639199845 0.49466359240768454 0.5004569485566537 
0.9999982464113728 0.9111088548230656 0.9857313105070744 0.4991235829806171 0.4997783874109191 0.500282464954297 0.5024845825910899 0.5017752877103714 0.5001265480549928 0.5010053784477205 0.49838712463179746 0.5004351086766667 
0.7578608284055746 0.018450816170828818 0.8479979847209053 0.499072266021901 0.4979288150798691 0.5004520584170968 0.5023463567321304 0.5017704950749188 0.4965671515363181 0.5002564639199845 0.49466359240768454 0.5004569485566537 
0.9998848780352916 0.8922649270824701 0.9845078349463043 0.4991427180744981 0.4998675608638834 0.5003007271812305 0.502723635729191 0.5017752974756934 0.5001264177358863 0.5010051761144982 0.4989940497560739 0.4996929644803089 
0.9999982464113728 0.8922556831123144 0.9538109107538673 0.4991235829806171 0.4997783874109191 0.500282464954297 0.5024845825910899 0.5017752877103714 0.5001265480549928 0.5010059466319657 0.49838712463179746 0.49965080931965805 
0.027802471784775053 0.999937580467295 0.9977715665496322 0.10720600910178224 0.8614709259075429 0.9891820243748239 0.7415247857954518 8.152329497789169E-4 0.062310777429226374 0.05406304002876569 0.08578151082475344 0.9967011593531018 
0.7952249678741203 0.8373680685531321 0.9855041185033209 0.49961117946434647 0.4999193356511016 0.5079011504019755 0.5032243590283668 0.5017749758376909 0.49265488201944807 0.5010048504147755 0.4983192719487097 0.501448626956237 
0.9998838473231252 0.06374777893476846 0.9845078349463043 0.4991448702067225 0.4998662176134381 0.5013346503208792 0.502723635729191 0.5018077597675507 0.5001248142233453 0.50084642829597 0.4989783706674455 0.4996929644803089 
0.7952249678741203 0.8373680685531321 0.9855041185033209 0.49961117946434647 0.4999193356511016 0.5079011504019755 0.5032243590283668 0.5017749758376909 0.49265488201944807 0.5010048504147755 0.4983192719487097 0.501448626956237 
0.9999982464113728 0.8922556831123144 0.9538109107538673 0.4991483218185046 0.4997783874109191 0.5002807810943137 0.5023527345161402 0.5017752877103714 0.5001265480549928 0.5008271762682189 0.49838511281461023 0.49965025065971536 
0.9998838473231252 0.06374777893476846 0.9845078349463043 0.4991448702067225 0.4998662176134381 0.5013346503208792 0.502723635729191 0.5018077597675507 0.5001248142233453 0.50084642829597 0.4989783706674455 0.4996929644803089 
0.8229152307676406 0.014293158681865703 0.7149564535984774 0.49914732926193245 0.49983246570450895 0.5004305277145924 0.4966438824022019 0.501799373697772 0.5001921460908249 0.500832890195732 0.498978312433605 0.5004643708908468 
0.9998838473231252 0.8003809264589025 0.9845078349463043 0.4991242520561156 0.4998662176134381 0.5013734456776153 0.502723635729191 0.5018077597675507 0.5001248142233453 0.5008502139178374 0.49896998411807547 0.4996929644803089 
0.9999982464113728 0.9098990974137495 0.9538109107538673 0.4991235829806171 0.4997783874109191 0.500282464954297 0.5024845825910899 0.5017752877103714 0.5001265480549928 0.5010059466319657 0.49838712463179746 0.49965080931965805 
0.9999982464113728 0.7591253810938638 0.9531226147724502 0.4991238070300074 0.4997781291100421 0.4972388109820326 0.49710005357299936 0.5017752573079158 0.5001265480549928 0.5010019322692701 0.49838712463179746 0.49965080931965805 
