4.35844282531541E-17 0.7117877298744303 0.711408734714165 
0.7072043772495639 0.7123053354150198 0.0 
0.7124143484773569 0.0 0.7124143484773567 
0.5804214036743174 0.5828364872609643 0.5818203051495293 
1.0015605529056162 0.0 0.0 
5.712403958664705E-17 2.21662353164847E-17 1.0006796685941373 
4.983594277700422E-17 3.561344883426166E-17 1.0003385934022737 
6.131469397228568E-17 1.0013449431293229 0.0 
6.128197653348341E-17 1.0008106268052195 0.0015839303888662512 
1.001289630670156 0.0 0.0 
0.7077134293507232 0.7077134293507231 7.704832675287119E-5 
4.2785974907807556E-17 0.6987479971792164 0.7230154795167039 
0.23512058943131414 0.23028462076139672 0.9459896612254004 
0.23265747146521976 0.9458393215429752 0.23733610715247266 
0.25812391753270564 0.6811793072206144 0.7005427333422398 
0.7051059375710175 0.07087202011909262 0.7090334045169385 
0.948554111482488 0.23813451614870365 0.22387647262945057 
0.6870126039608725 0.6922441804092361 0.26638215666324566 
0.6814506685866285 0.2743805285989553 0.6942158480399786 
1.0012567299052948 0.0 0.0 
0.12273934767381967 0.8867790186899681 0.44800561846634374 
6.127319685382883E-17 1.000667243755336 0.0 
1.0016143480933302 0.0 0.0 
1.001391798939356 0.0 0.013509719418196191 
0.3770633547788947 0.5156086415222946 0.7867363152049853 
0.7784251919423899 0.38559295411448935 0.5060397805396593 
0.31324391562228215 0.9362355344073093 0.17349998605551467 
6.129155537949093E-17 1.0009670612320956 1.5411345675203663E-4 
1.001367304434651 0.0 0.0 
0.45061443971206666 0.09744239111015007 0.8893348452897939 
6.127886050651989E-17 1.000759738223047 1.1556115186707554E-4 
0.9378842321458563 0.3087460608246378 0.17065156921435093 
0.38913426377279303 0.7699867379110268 0.5148100250939337 
0.7765560114982603 0.5123566488382668 0.3920029922855868 
0.504572974513449 0.3803460919561969 0.7764411679853005 
0.3025242626710592 0.1702531107928437 0.939229065631057 
5.414060809410993E-17 2.8637447037281556E-17 1.0002545898295887 
6.128197653348341E-17 1.0008106268052195 0.0015839303888662512 
5.730856273088244E-17 2.1676828770819808E-17 1.0006341420099973 
4.785702257704214E-17 3.825037850192928E-17 1.0005314917400026 
0.14614403697835962 0.4281503309633202 0.8965744941018701 
0.5160020260403071 0.7768866851063037 0.38595783967739566 
0.8881557918890076 0.10549593192695231 0.45262491882401906 
0.18214697383264336 0.9329747400028375 0.32216243881974904 
0.45011473903203664 0.8864233695915159 0.14736361807002643 
0.16200551153570364 0.3095354700170457 0.9392049689373202 
1.0019511531722212 0.0 0.0 
0.8911105068564195 0.4435516144407762 0.14603854072971673 
6.130811314388816E-17 1.0012374700456206 0.0031692198006425636 
0.9423967112877842 0.1868263443944773 0.3021032220898533 
5.712403958664705E-17 2.21662353164847E-17 1.0006796685941373 
1.001197114802632 0.0 0.0 
6.13023945614809E-17 1.0011440785075667 0.009767201161861212 
5.730856273088244E-17 2.1676828770819808E-17 1.0006341420099973 
5.787619007696325E-17 2.0139329978243287E-17 1.000779358911189 
0.09829832590836327 0.9946814251787321 0.05835968332265557 
0.12935828817728182 0.9919768148750358 0.052480461432701034 
0.6313706448852483 0.4459470587347775 0.6392283952053456 
0.7837202454576412 0.625130671880304 2.8940519575744138E-5 
0.8581237300544877 0.2137683897968174 0.48987537687393684 
0.9943674885292145 0.10719081606251919 0.051026123222410326 
0.973288319295596 0.015608307756976662 0.23932309886034542 
0.37659181422800275 0.37395321137153925 0.852501230889771 
0.49787024972372435 0.5020487534625958 0.719763357442586 
0.9901035253613236 0.0 0.15314044727856585 
0.0647158862195298 0.10247222740213521 0.9936373685997015 
0.24385780764922363 0.9720872285962657 0.0 
0.22391254612462405 0.033993932557520985 0.9762509225561365 
0.10340776073930756 0.963026566271718 0.25282570994724546 
0.8096809783368412 0.5213104793601656 0.28905189200289555 
0.10337322316015926 0.6876090389280821 0.7320223554869164 
0.18064962405345944 0.975495038297985 0.13157354481118014 
0.14135405542322152 0.16457814137416102 0.9776390859457063 
0.352185202920105 0.8975199263337952 0.2793523375013491 
0.4666777697920113 0.6359578803967452 0.6293464416163362 
0.9002564714257476 0.3407145851819111 0.27968777093647745 
6.067003890797324E-17 0.9908169269737869 0.14999719351245705 
0.2943346846359926 0.8116874829138143 0.5175094655803605 
0.5089622756905643 0.8239177898835566 0.2799975326556582 
0.8509453336371038 0.4934786712261749 0.1957450415838352 
0.07221719522773704 0.030463594192095208 0.9978017617592793 
0.35225668182583697 0.2734760074008003 0.9009293145840243 
0.5021585304800213 0.2904011031801463 0.8230178696519306 
0.7117938024017999 0.5036128050131267 0.506666849818673 
0.5065699332336258 0.715134127300225 0.4984910786797864 
0.9774627387518984 0.13815378397354286 0.17598127491333806 
0.09812641383906488 0.05496902087717378 0.9947362238538002 
0.22766698772237712 0.9698217159731339 0.11058017840518151 
0.06344091478548816 0.9941230771382781 0.10238990391265297 
0.3765484683914568 0.9222869402878718 0.09528530818540827 
0.8549491140186565 0.38465584926501545 0.38731983151812144 
0.1908424682564071 0.6838866600054878 0.7068735835824885 
0.922638618833559 0.04470466830735274 0.38638950561362717 
0.17803221585792867 0.129871825869573 0.9761903041596756 
0.34044741709351306 0.6656072333359543 0.6771376784438023 
0.6745345036847062 0.33747213284878 0.6697791278217818 
0.14713902142541607 0.025668014538752205 0.991506723599734 
0.38952138592264307 0.8469479452219298 0.3810124964631788 
0.4930997446697417 0.20422722117888403 0.8571729582505923 
0.710010508030389 0.006007195671640212 0.7100359201571483 
0.23955226280725592 0.10031900639396077 0.9680646210698658 
0.28812270257701345 0.500944268056332 0.8232323069846204 
0.2730723935831388 0.34876941344676604 0.9023759256159778 
0.21735683178176626 0.8406338576814979 0.5076752655314307 
0.12747456668624044 0.9757318899610594 0.18496508035914994 
0.6759529774558978 0.6571911305144402 0.36967124098658866 
0.9755964110422943 0.18081382331804235 0.13270038178017204 
0.08951080933309886 0.9285395791951979 0.37166898554124095 
0.6885950110030618 0.7027253524581045 0.18994953569064962 
0.9702492694765263 0.225477026044362 0.10120015132937273 
3.965193469406269E-17 0.6475652363060094 0.7672654485972722 
0.2687899167963702 0.9022793142795771 0.3459593581453165 
0.9716823719884335 0.2505936561163606 7.724986139065175E-5 
0.05037511464164751 0.13933397949281323 0.9922030124791416 
0.9968411603861613 0.05657181325993195 0.06603977330020207 
0.8310213917807763 0.280525865411971 0.5031150862865456 
0.37526138231042283 0.09218749335415145 0.9278408511875593 
0.8998520721759959 0.2661401059769638 0.3513809341909083 
0.20408222528354927 0.4800479481914496 0.8580471065118401 
0.49263649849698066 0.8524699736319578 0.20421077978231847 
0.6958610852725405 0.16370900858450796 0.7035672191507766 
0.07699449298713856 0.9951354384772692 0.07543911196307322 
0.9961139979372837 0.06562266249003319 0.09971473282980546 
0.6309962418757822 0.6414427493944849 0.45809110659590097 
0.7311271477881491 0.6856125177639047 0.0 
0.07376289615870592 0.23815489593163477 0.9705777514985021 
0.9902562971853538 0.14344763790799786 0.0 
0.08045263430154238 0.34299883480618715 0.9395887003481582 
5.933790113426695E-17 0.9690614661399565 0.26357832644308055 
0.7389163661042578 0.0 0.6800126039640539 
0.9722410285463702 0.057539581249648114 0.23240673341885063 
0.6917625163190932 0.7232835241622764 0.13509494138563266 
0.6928966847449112 0.12729692669789724 0.7167963951219898 
0.9148011638356348 0.40242045570465973 0.07550471691818941 
4.3257643578147957E-17 0.7064509311299488 0.7157299575191444 
0.040209343004581365 0.22787951321516142 0.9770240300989628 
6.127886050651989E-17 1.000759738223047 1.1556115186707554E-4 
1.0020427689419658 0.0 0.0 
1.001197114802632 0.0 0.0 
0.9798627151718998 0.01908697517822246 0.20182516376921172 
6.130342627275657E-17 1.0011609276313531 0.0 
0.7559548463889723 0.2214898694943098 0.6252088608782762 
6.130342627275657E-17 1.0011609276313531 0.0 
0.9111690013642499 0.38864090233108106 0.1505374152006172 
6.130191466812844E-17 1.0011362412543636 8.670347080185452E-5 
0.3846161165989392 0.9169385064608858 0.1320483007583271 
0.17687350013049694 0.916496334760966 0.36401160809128214 
0.18436185402398153 0.8172794164413919 0.5529041360418823 
6.130675292536334E-17 1.001215255991319 0.0 
0.9700934598517719 0.22430697995652843 0.12568269053135234 
0.4708208688980861 0.41950693971508857 0.78440373742257 
0.9126488595311484 0.1630218309634218 0.3913619266695759 
1.001289630670156 0.0 0.0 
0.26477587012619447 0.947177368410368 0.19728889588938292 
0.6230797530101816 0.7312104504106922 0.3035380518733735 
0.6089123905146783 0.4022897047827818 0.7008718374094662 
0.7952477958770944 0.26931212390928727 0.5732710896087007 
0.07213070490932372 0.08251138241733681 0.9954264633250385 
0.12040479247837806 0.8492258846621455 0.5300161296966143 
6.127319685382883E-17 1.000667243755336 0.0 
0.4669298518273441 0.7868271483208779 0.4273959958903216 
0.8345613754080905 0.46232119042648223 0.32448439805733076 
0.1594601101579073 0.9792386049487586 0.14300132667504295 
0.4296465756625072 0.9072489046973621 0.0 
1.0019096183816618 0.0 0.0 
0.5608753218913964 0.5169360376678264 0.6560072671712625 
5.4976034962198495E-17 2.7099865869651114E-17 1.0009820343044191 
0.3199749683504013 0.45895037858204135 0.8325506432696855 
0.979496084142337 0.15912682046331839 0.1385064046385895 
0.7145061244002409 0.44820218360061065 0.5578924718426979 
0.14616820707782194 0.6083250469409627 0.7836684262944503 
0.2507338037821241 0.2094302323275362 0.947302332568299 
0.17280746081545278 0.9853379257802864 0.02983183185759545 
0.32666251498984394 0.0548452988259733 0.9456808148348526 
0.8166607738438174 0.5519829626727508 0.18993486851485203 
5.4976034962198495E-17 2.7099865869651114E-17 1.0009820343044191 
0.7829205742096539 0.46922120237506443 0.4322513369679799 
0.4311542280745312 0.7873778277623594 0.4670590579147243 
0.4474204168561823 0.08525011624568402 0.8967666712465345 
0.30602260949818294 0.6226666376169936 0.7243418443381962 
0.10626390316059024 0.05061130966613419 0.9945652906952097 
0.9968156056665975 0.06330560111677214 0.07946309466074142 
0.32499055572585356 0.2995624940577188 0.901110333844608 
0.5541070843218016 0.4475347756764685 0.7087450508362357 
0.6432126589845617 0.5772657783525826 0.5071515311519834 
0.16083651617341804 0.3809403791374922 0.9153572946761437 
0.27627476507821125 0.0851228883958987 0.9601161470362847 
0.9956350896573124 0.08186244349066385 0.0585188798209249 
0.05194705755828469 0.11109125123119473 0.9946289246244562 
0.5200592367564244 0.6354221356146251 0.5799379615551175 
0.1927289117114295 0.9767062612037888 0.128602576886365 
0.2221240845133724 0.8690386179507776 0.45189324903872785 
0.13777252265942413 0.9103121038315491 0.39823324990059616 
0.4872848859005903 0.8770725508356427 0.026300054669097135 
0.0641582626068379 0.07577048302725886 0.997204924292616 
0.3060396917670034 0.8328288271868394 0.4697490745084418 
0.4255014291920949 0.22273537768966514 0.8845599761178039 
0.6476502236078683 0.5150213137556072 0.5800192259406756 
0.45238971005569084 0.838552637919981 0.3205214348865233 
0.19093167041506995 0.10917666926354122 0.9761045327027934 
5.414060809410993E-17 2.8637447037281556E-17 1.0002545898295887 
0.21842284666342715 0.2507215276599242 0.9475216714561081 
0.302880960008395 0.904335716779397 0.3168845784324854 
0.9968156056665975 0.06330560111677214 0.07946309466074142 
0.7087890517942562 0.560957325318042 0.4624296333592547 
0.12702500499165692 0.9747231198138436 0.19215213575610177 
0.4212854289753005 0.34452873057297134 0.8485988396559524 
0.9257461925169206 0.15627767555891406 0.35214630127038177 
0.5172014922404967 0.5770961050965739 0.6435934155767296 
0.40695014704745336 0.6922906947160082 0.602912944465193 
0.9418384674580822 0.2846728440228729 0.20226338773841324 
0.45552750118983143 0.5499223611150361 0.7117295580557386 
0.12549577771381157 0.4748635156753324 0.8774038437769348 
0.5642152875137241 0.25629879312546544 0.7908020888795705 
1.000737116912206 0.0 0.005004871358449244 
0.7639160563120825 0.347890689321247 0.5513238281715088 
0.383311022650989 0.8922233530483914 0.2482412338870264 
0.3506861941298534 0.7548775942453331 0.5648955401992205 
0.4392571563837796 0.8804731285742582 0.19686918498343428 
0.3939725371949534 0.6044000798117359 0.6974825075200433 
0.5589754191589712 0.34585423287989275 0.7650741707578044 
0.6310041778005179 0.2150508189048526 0.7671594969513941 
0.1599834655260718 0.1446797730800282 0.9815387671752692 
0.9799298678085221 0.21177548033958207 0.0 
0.45872554193621207 0.011204106197955754 0.8933106814309852 
0.8726446283123361 0.4506431237177753 0.22739644025673666 
0.9967444607520426 0.09530099224570981 0.0 
0.12521061496110125 0.9708017507619693 0.21333769598260577 
6.132152062205956E-17 1.0014564307807605 0.0 
0.6973201794948058 0.3926011690894321 0.6100164456721805 
0.9859228714019217 0.0 0.17567003287678354 
0.211480719340717 0.5697553607127054 0.8003795142897003 
1.0019212082221358 0.0 0.0 
1.0012567299052948 0.0 0.0 
0.9816374385817429 0.13337081976490353 0.1468745104894496 
0.4156424613892919 0.47099950462169604 0.7899319164587331 
0.9053189381529472 0.32350983252909515 0.2878252564057218 
0.895636358386676 0.3967531482880731 0.2365775219652835 
6.130264349347499E-17 1.0011481438755447 0.0 
0.9478709487718006 0.21372116052917603 0.25560632444083126 
0.3390283976023121 0.418490049414908 0.8467446744854407 
0.12810392496313897 0.032728742125824474 0.9941476906354355 
0.9476048195730049 0.1769875325913365 0.2787217820184965 
0.08263444063248367 0.5828281790551183 0.8198767059608925 
5.504582019944686E-17 2.6901434111854033E-17 1.0005772621297624 
0.3789960451608134 0.16081498256349708 0.9148189386196404 
0.07406698742038972 0.9965069865793382 0.06384677093932425 
0.991904657885091 0.058998852980320704 0.1347502138756178 
0.19584184919810058 0.9399572902206487 0.2908614010520904 
0.20078887674766907 0.02919893084884185 0.981446423447958 
0.28165792843918996 0.9428946542198431 0.1892110545630105 
6.122059290966658E-17 3.3057780623966983E-18 1.0012646973537684 
0.2817738747633923 0.19440784892117172 0.9404661573064229 
0.20112649713716022 0.27892096568406755 0.9446049670464752 
0.10810316771410729 0.9573415515258834 0.28042023737737537 
0.5688249397896242 0.8262353715937589 0.0 
0.7428955841880656 0.6390603722395484 0.23233558637214657 
0.34634153013715513 0.8383008174507716 0.43039277728446623 
0.8748177504042206 0.22394374129933217 0.433975076116688 
0.8416560435061489 0.4215514501001793 0.35411317121148367 
1.0016143480933302 0.0 0.0 
0.17131568406773715 0.7652756819526428 0.6252178106695933 
0.9106970658199314 0.41984538068506483 0.0 
0.2925806447598143 0.02336962746472406 0.9598441568168777 
0.842212851871038 0.34666675352767784 0.4233606921004782 
0.03416162847027086 0.9931378181973353 0.1157907726220123 
6.129155537949093E-17 1.0009670612320956 1.5411345675203663E-4 
0.4537683665270992 0.707227229903864 0.5506847978928816 
0.091762403958566 0.06000974913725933 0.99499062171664 
0.19952280062041766 0.9752226666783578 0.1165796174565251 
0.6232412205451733 0.29811577296351327 0.7288380563522903 
0.7780301626784488 0.6238406735768073 0.1652492304772472 
0.2676030158375053 0.9656932599314386 0.05974090093789593 
0.3848233662910313 0.2508318009569874 0.8906554254723564 
0.7836464483132886 0.42584708556931133 0.45589248300468954 
0.25720515943801403 0.7827850482097081 0.5830555221247462 
0.03133714938544735 0.9831090456714316 0.19588945005541272 
0.554277020898585 0.711646880861191 0.45011369978040205 
0.5729967910132301 0.6484256251288183 0.5127428077735647 
0.9472559815634949 0.2561337031412221 0.212495450761095 
0.8491485018089873 0.10406711834641974 0.5336994142537205 
0.9576164668742386 0.2753220398495629 0.10005009134364612 
0.06468785861712353 0.9944916127035134 0.09285085132479542 
0.21846947082938936 0.6205842944250607 0.7607008958871206 
0.8948793998727674 0.4579494268310777 0.06090450183678854 
0.09488903523705254 0.9940204500661691 0.0640387664753424 
0.06266084642716573 0.8883252097170006 0.46240984838383475 
0.8333092471289061 0.3119221107798251 0.46149198639142436 
0.5712764054961607 0.7907835745684311 0.24836136066399736 
0.21826017546125498 0.9447735547280175 0.2562050012559036 
0.7637437622210088 0.5757849723775804 0.3457565105397968 
0.03870562833837681 0.15475994715161892 0.9901734710181989 
0.5625952058112008 0.7535871438244881 0.3528026637060861 
0.21033058645267302 0.744605543413513 0.639953655304502 
5.749649086661984E-17 2.1157673827970495E-17 1.0005458274224008 
0.25035208516124724 0.3904569175431948 0.8926827420377195 
3.2298031574618166E-17 0.5274668842821508 0.8540588328544465 
0.2912406982129503 0.32947117665764625 0.9007718187563066 
0.5510624318953986 0.8201526733073413 0.19893955294689888 
0.14487813786408185 0.15308467036658965 0.9785550691454846 
