0.5010162015063343 1.0 0.4732745450815229 0.49191615238175435 0.4903507403305189 0.4378509253368561 0.48583674140462085 0.5368776121145401 0.5021265973567769 0.4949238495895355 0.504170165956568 0.5099540815383861 
0.0 0.5 0.49865189054912196 0.4835126564925663 0.5015281109880485 0.4961968978301427 0.5005566905589773 0.5078539667797112 0.49198452923342273 0.49610637293280846 0.5094067421842238 0.5077487456298376 
0.5020342090629616 0.0 0.47523424173617046 0.5008680444341337 0.5142829908964587 0.5278117272449805 0.5067204359595259 0.5002316770590488 0.49752299740394523 0.5174104117104996 0.5098057288219822 0.5624954100621817 
0.3812836497929763 0.49999543347296166 0.47795581587418867 0.4925531147633353 0.5319458919903673 0.49188849454072514 0.49550654296699675 0.49816663506191494 0.5177694157883022 0.5069080044163861 0.5316263072511671 0.514059613130845 
0.0 3.560098579465376E-4 0.5050593698065045 0.5189589998542705 0.5162744585243861 0.4884706334817598 0.5000463715376675 0.5102353291041164 0.49468163405522375 0.49677877954023586 0.5010098124931057 0.49905913825046866 
0.9999728839785731 0.4363574273859787 0.5051764804474106 0.4956787204155735 0.516416640595539 0.4929533606154 0.5064130465830681 0.5030758573722353 0.4925372581821552 0.5056357480773952 0.4944341877282674 0.49633392336003235 
1.0 0.3776878427974948 0.5063773654239208 0.4907943297970303 0.4936762600743692 0.5131502375395759 0.5071313494708858 0.498392186711817 0.4906067999544129 0.49793991156853123 0.5035077980066618 0.5013870622503629 
0.0 1.0 0.4928928003577655 0.504711696015889 0.5035034680034616 0.5018717203790077 0.5180277901759092 0.49891669023921054 0.4795761329047137 0.5045642839024914 0.5095423061506652 0.5018917952374906 
0.0 1.0 0.5051313251150717 0.48259077057148153 0.48419748153500625 0.49922664218528223 0.482894416391447 0.5156415518370824 0.5030817858313115 0.5154501030935696 0.507168398765945 0.5188323328511589 
0.0 0.0 0.5000613005819369 0.4979236865704412 0.5006357581080039 0.509382559351711 0.4841660222101315 0.5108321059722205 0.5062083318470438 0.49016369029832146 0.4958865523144951 0.49192684106437073 
0.0 0.5 0.49865189054912196 0.4835126564925663 0.5015281109880485 0.4961968978301427 0.5005566905589773 0.5078539667797112 0.49198452923342273 0.49610637293280846 0.5094067421842238 0.5077487456298376 
0.5120698054781995 0.921325113485818 0.47645037964521886 0.48704151244571553 0.5125286655584732 0.4620001714831679 0.5606485212528959 0.4888005678140183 0.4930711847403161 0.492548483180809 0.5008438433224944 0.4979744677877368 
0.7905010671486817 0.4843228665899714 0.5001376629215084 0.4991106188530578 0.5063872100675306 0.4916745262535042 0.5272526426499786 0.5071594566362174 0.486599626031041 0.5071828660585527 0.49122759806593663 0.4975208177307628 
0.14915101135580366 0.8426413296236767 0.45023849201237204 0.5051140292991014 0.49605062536012 0.4836900854212553 0.49903255438696514 0.5162551468180657 0.5149724566277176 0.5092458002097988 0.5066376304318029 0.5162963861428487 
0.48489629674399504 0.7770664032019978 0.5107542858619865 0.4549634945740968 0.490709983621575 0.5096107556137496 0.5031146061679177 0.48456548604591665 0.5302604833090812 0.48282685338970166 0.48068937965809383 0.5034903846637407 
0.5 0.0516180490245321 0.49927862368630516 0.5199607002050115 0.5026383485907987 0.48797305035370947 0.5124855422274647 0.5286133321895881 0.4976826125247299 0.5220837506593582 0.4790478962262443 0.5149720593459721 
0.15104462322644124 0.15117650596964555 0.5327299177846986 0.5236029680985997 0.48247450404593467 0.5015955832799481 0.5053914078352635 0.48588895309138513 0.5030884327198704 0.504148546495575 0.5071929746499948 0.4928764786455764 
0.17013836755677922 0.5029422914314315 0.48442252026078436 0.5518968265700839 0.4865303175054561 0.5017104576154354 0.5162153976792715 0.49490189164538845 0.45109171917538504 0.4824121833782595 0.5234862265154279 0.4672242096293273 
0.48311993348888016 0.22290087709961118 0.506270280199747 0.4970429239067212 0.5376719852308982 0.49165397304695424 0.5310898338299075 0.47251129993160224 0.48070851470696346 0.5091247160997538 0.5379152908723288 0.4913321671973889 
0.0 0.0 0.5125957270374357 0.4879748946292036 0.5227180486529892 0.504246872833654 0.496920297349254 0.5224396132120509 0.4939006562829627 0.498537579870076 0.5030522103561456 0.4978245237567869 
0.30228880783056744 0.9202633002236065 0.4937018794053628 0.5053493528167219 0.5357330655944186 0.4856695417729735 0.4869448926970054 0.47881390013938246 0.5382186299643552 0.4953513176420705 0.5628423246040599 0.5083931646973158 
0.0 1.0 0.48364403290275315 0.507869522810575 0.5101430359989508 0.5070111514191522 0.5214453199538522 0.49997228944312566 0.4809235401494155 0.5055701784349499 0.5171340720786844 0.4964955347953262 
0.0 8.90024644866344E-5 0.49578278640907636 0.5106135472915376 0.5124130035745139 0.4900012773322132 0.4919946057963977 0.5102081576664756 0.49147274725973766 0.5029456632301146 0.5140428893828195 0.4869501818091836 
0.0 0.0 0.49989323964836346 0.5035835705823455 0.49863606426329504 0.5215934944236589 0.49404114411142497 0.506434911901872 0.48733537688796746 0.484518711703424 0.504206982822475 0.48934754466193053 
0.5639068152075983 0.5878078599838057 0.48277515697615214 0.4892976947003543 0.4847675022401013 0.4986863678432907 0.557088578474048 0.5120932872757895 0.4820556561693461 0.5383525684907581 0.49587210241742574 0.50537684624745 
0.34383016085360196 0.28250889048165134 0.5087145028739449 0.49312496267078076 0.5215052640334235 0.465902116589637 0.5184186084560746 0.46452524276301566 0.48890149015263046 0.521768635890677 0.5343708460897242 0.47409515547643244 
0.10569193454344915 0.793357549963071 0.4943720725889108 0.5119214914246706 0.5149124011802282 0.5370913784268715 0.48660260394053845 0.49466581541491206 0.520223335091301 0.5112616951310216 0.5267609727322562 0.5277504157826982 
0.0 1.0 0.4817511383312984 0.5088817198471247 0.4863704233285454 0.4898291421982497 0.5191298005169219 0.5061135661404422 0.49438673108247555 0.48863398399627833 0.4971623750567931 0.5045920417109038 
0.0 0.0 0.5000613005819369 0.4979236865704412 0.5006357581080039 0.509382559351711 0.4841660222101315 0.5108321059722205 0.5062083318470438 0.49016369029832146 0.4958865523144951 0.49192684106437073 
0.6945345734747225 0.19038466177475272 0.49006360137975324 0.499870301273365 0.5285578085929297 0.5041449870471264 0.4581453257423047 0.491893246843083 0.5078824655207038 0.5044587760585908 0.5202391603314751 0.5438817779460561 
0.0 1.0 0.490742672094896 0.5030802137315856 0.49433046277338777 0.49117552746175586 0.52025249167967 0.4946490869083873 0.4888002222653465 0.49740171797707095 0.525838586107012 0.5031603053857523 
0.12099249469759926 0.21079094823977867 0.520485354621379 0.5338531222177187 0.5189796081125069 0.5162786335115885 0.5330811303596443 0.5053845617455531 0.5224441970264957 0.458811937002481 0.5051923324697187 0.4843135288748002 
0.34756287168042166 0.7188835877816929 0.521495414269698 0.49212614378572733 0.47844093801919346 0.4427020728673382 0.46914937089534553 0.5096978559781682 0.4835487846862343 0.4951931288216732 0.5689492040687258 0.4669603824770553 
0.2519387513891764 0.3691909533655898 0.48842901561736424 0.48138621764311784 0.5542581993546323 0.4694394957313366 0.4849277473012742 0.48253352808656 0.49418246300080465 0.5266688156750587 0.5490963577598809 0.49051301181667395 
0.5621978983324657 0.4080538024001928 0.5156799273096746 0.5137791260428687 0.518160404255971 0.5054195039834467 0.49890070139478687 0.534551699334544 0.4904236128993636 0.5520357120050091 0.4539211174641669 0.4622475763930037 
0.765828504704005 0.34276154811634774 0.48928703512668176 0.5085543925640901 0.5139524218862631 0.5313778703137513 0.5207461606320373 0.49276864409897886 0.47894371986206596 0.5117195494319466 0.5245370449393794 0.505620524198405 
1.0 0.394660212429235 0.5051207362832866 0.48796764492596667 0.4917920561264226 0.49423334595683643 0.506632243978558 0.4981565246979227 0.4939507597455283 0.4989410856956429 0.5016848801059378 0.4995654257866756 
0.0 1.0 0.4960564563250932 0.4834211686195454 0.4875697275737717 0.471865709847484 0.4967666906952229 0.511126376991373 0.48801960441218395 0.5048232104005583 0.49450649555234744 0.5216402608254519 
1.0 0.41161045406135255 0.5028282008337502 0.49108916264258085 0.4881409353045679 0.5085564861597867 0.500045900963519 0.5055303535531349 0.5095747425187809 0.5073290102316342 0.4963072796914776 0.5057673916268547 
1.0 0.394660212429235 0.5051207362832866 0.48796764492596667 0.4917920561264226 0.49423334595683643 0.506632243978558 0.4981565246979227 0.4939507597455283 0.4989410856956429 0.5016848801059378 0.4995654257866756 
0.7010515264996557 0.7926155253641942 0.522260484066733 0.508702082487514 0.5405176051053442 0.5266565584403649 0.4994980001651785 0.48159233564125437 0.5253123769794499 0.5238713092784434 0.5207801838376914 0.49039496221615697 
0.25207420047845186 0.6307367302456228 0.4624876522304191 0.5039551772928716 0.4394598912805865 0.4848273265405608 0.46540468387273903 0.46447292711395416 0.5442694737448304 0.5352875755239098 0.4958058365687865 0.5177739991198866 
0.29607747777034077 0.10351202736275693 0.5333698057695869 0.517774536512178 0.5170928081604136 0.4865337324210259 0.49889651306128713 0.5042521430074146 0.4689573331822602 0.46603089296522426 0.5407604481167743 0.49534633961577745 
0.2058152624704551 0.8804670646751797 0.4627944700530973 0.5076972017884859 0.49462468572650864 0.47012799362033186 0.49407204782032915 0.4864381587786303 0.5031825737023498 0.5137773371030714 0.5081455931615555 0.4961070821276907 
0.09463982817768865 0.701931450571692 0.4961910226552899 0.49682293809372713 0.48723121560744687 0.4884873175465321 0.49953581694978677 0.4744902532950209 0.4882670892523772 0.513354649760772 0.4902036689298991 0.4635567097903951 
0.7691096189918758 0.6754757714714392 0.49760364699854764 0.48867638460826157 0.507570893924164 0.5077397449004702 0.49783212924075004 0.48432389840493206 0.4957979981082701 0.5009751803626351 0.44749517546036793 0.5036107161032419 
0.0 1.780049289732688E-4 0.49887498087488574 0.5133953648124486 0.5137001552244713 0.4894910627153954 0.4946785277101543 0.5102172148123559 0.4925423761915664 0.5008900353334883 0.5096985304195816 0.4909865006229453 
0.0785059083108376 0.29186550359369096 0.5272058616749429 0.5152862267267877 0.4944993013672365 0.4947642346878728 0.5062791516571972 0.4991938433664007 0.5132170463370805 0.4716376510130105 0.47739502646337445 0.5138322088176631 
0.0 0.9963822056603946 0.49848184034171966 0.48306324487101127 0.4900019006899198 0.5011578321787982 0.48376538514519507 0.513387477925968 0.48815300956441904 0.5140923715762157 0.5015837170202575 0.5246952190034782 
0.20003945294935976 0.11673006111940648 0.5324020734695245 0.5407431960879883 0.5350817879430865 0.4937552053071639 0.5175327344210988 0.49403078527022215 0.46592490743694287 0.5159719678038176 0.5417626538601813 0.4739006584108314 
1.0 0.4484783923239466 0.5042424514229398 0.4875654956282515 0.5160581013802408 0.4990436870445247 0.512826838890075 0.5086107859339317 0.4967981766947056 0.49734627703839757 0.49332215348536257 0.4979452763344687 
0.0 1.780049289732688E-4 0.49887498087488574 0.5133953648124486 0.5137001552244713 0.4894910627153954 0.4946785277101543 0.5102172148123559 0.4925423761915664 0.5008900353334883 0.5096985304195816 0.4909865006229453 
0.0 0.9983517965970687 0.4815586091975137 0.48795624858440945 0.5013110051245426 0.5078823899185922 0.48906143045177297 0.4977963093367285 0.4941713379151283 0.5245052189775109 0.48132105151062 0.5199896311681116 
1.0 0.7303438510198559 0.4872724523218297 0.48690128815015077 0.4941446084734533 0.490895179115602 0.49672791569073244 0.49187390459026137 0.5106184866876378 0.5160288843655736 0.49969296348072234 0.5038189984122456 
0.9984186794131582 0.31988612244122844 0.5034147929892104 0.5034858333426057 0.49097697494102466 0.4827141523057399 0.5010128158904985 0.5011529230349454 0.484183870344766 0.48808094680995984 0.4921415240522061 0.4973636986206226 
0.0010808746962033353 0.946025049506354 0.48783121960195863 0.5036780227525306 0.4935490230115618 0.5007834269605625 0.509142168580111 0.49225641175164486 0.5064593623344068 0.485726277307596 0.49351988380601586 0.49529386090811656 
0.028894509159539505 0.9096274227091216 0.48809799256453856 0.48983398664191524 0.5018004484037881 0.48815609804285476 0.5108239573840186 0.468673400276545 0.4844911329001661 0.49543047742566365 0.5356519492881416 0.4969444586509059 
0.4347204494954193 0.4032175881764237 0.4857919242098593 0.5190776597383542 0.5028237915271175 0.480606039532747 0.5366348979940692 0.47199690604814765 0.4802418268754648 0.541594418340194 0.5201046169865327 0.5063859483704164 
0.0 0.4283576193345198 0.47876617758664963 0.5151962300316218 0.4771244043502442 0.5015574328151292 0.4739374762144364 0.5066960355339125 0.5003103763433521 0.4964853628371708 0.5044978313484108 0.5135084026688254 
0.31789964314868246 0.15804070268019188 0.5368939545262355 0.49692872803642535 0.5057617406477075 0.47903816395859206 0.5072842225418254 0.49275157789081 0.48087034857465283 0.5323350897768113 0.5266914295474059 0.4768891265446225 
0.031572117085813325 0.06512402599853004 0.5134023273226476 0.5254719026296955 0.46777709143653123 0.5024367572887996 0.5017773019348946 0.49348346131082704 0.5133341402635148 0.5113227352014873 0.5081747334492124 0.4972597067039213 
0.15172795395312863 0.0 0.5154525371803814 0.5069304866877293 0.47694259090311975 0.49626581801665276 0.4943432577864382 0.49310576227239816 0.5212609567477795 0.49353180011779346 0.505441115051717 0.49873175705906275 
0.6397620597699691 0.5001136414181733 0.4834757468721146 0.4776959257170975 0.5049197228327987 0.4908005058042101 0.5239756753098976 0.5093109706420725 0.4380787186159379 0.5156248418490852 0.48457711971661366 0.4826868139353361 
0.5012773885217651 0.5076134308827732 0.4595664641369378 0.4850270956273115 0.4850646218237936 0.5064381886327511 0.5438562213660707 0.5253387318674725 0.502085536004356 0.5393149227663115 0.5015657130637534 0.506020277083472 
0.09590613820622651 0.023994289237680978 0.520563275082021 0.49562291028831107 0.4994145579873552 0.4997913809480149 0.49315372496608256 0.5143068543492175 0.4937652582877706 0.48478497244773366 0.5103575490182455 0.4889250918283117 
0.9287062153834665 0.663330692553153 0.5009357629492808 0.4943211759414624 0.5041605299465263 0.5115034116227042 0.5249138196521133 0.497250772720583 0.47806391707100193 0.5000824277889696 0.4623542135594655 0.4983210055308126 
0.0 0.8462651437934574 0.4905526876534717 0.5216177174151353 0.47297747873668744 0.5184323239764412 0.4708463461537697 0.5125863600145031 0.5065872309408358 0.4891510873096311 0.5100098064919392 0.5123576068277162 
0.8560713128353492 0.10726556934222084 0.49759800016038197 0.47301616265863733 0.5182745956569152 0.5096786211137508 0.516204420512634 0.4983859428854892 0.5086180293102673 0.5169929739944026 0.5158524703139357 0.5107662652260379 
0.16475892276297166 0.9330071352863196 0.49869438263124743 0.4926730362791081 0.5242369413842586 0.49366022578289764 0.4849413366526324 0.5006741579154326 0.4858812882079864 0.4893518406713897 0.5178406299220126 0.5397922408552963 
0.1864403917419012 0.3575497762218164 0.5176268586956774 0.49974071102540263 0.498931326881048 0.5081913452463489 0.5063613537975674 0.4719974985529147 0.5078191636917209 0.5102987918948643 0.49789011527598553 0.4490349971526164 
0.5141564077138894 0.8819533556907592 0.4735372945252223 0.4941323511125623 0.4595493517561856 0.44852404452373223 0.5550373265401316 0.5040607854945656 0.48655686090816874 0.46409054039314585 0.49762754261498376 0.47559060726021796 
0.09068202287916169 0.8830281383399831 0.46083851404569287 0.4983878692126632 0.48755154044083465 0.49327800505160085 0.50902349530856 0.5283010180511238 0.5227374918694717 0.5270115382266927 0.4949922870083757 0.5360391968446239 
0.8575075579215443 0.5717058878272459 0.5075523606436686 0.47463245061043424 0.5166073438186994 0.5087769719535018 0.5053606636636869 0.49921988557616204 0.5105694684347039 0.4994480737116356 0.4898030626818846 0.49860450408966317 
0.17238622827406538 0.7560208461153421 0.4597095295270333 0.5090430560559724 0.4733744350146109 0.4896642374855336 0.47549545783538405 0.49872176513166716 0.5264152038262708 0.49813589500732536 0.5165601741177926 0.529888614771838 
0.4326440150677657 0.5950324686206689 0.4938460264894713 0.5237236278234199 0.5144191826953646 0.46541183454578317 0.5271260853713624 0.5573657123163659 0.5188275610317414 0.5058429834254683 0.5187850144146199 0.47585484411349244 
0.1754224856397782 0.2397294867198127 0.5374669970062937 0.4794978298011915 0.5038365780252743 0.49901357329849716 0.4936982275553692 0.4835112604567064 0.5302198051903251 0.5258912562230719 0.48881040900412415 0.4423087676730286 
0.08663198745623828 0.968828608616598 0.4985245173630705 0.4893428899162797 0.5035076606619591 0.4924471150204907 0.4875482822895607 0.5029244842346137 0.4907515798361737 0.503689352972353 0.49876064702327727 0.5265915105780765 
0.34939197181194015 0.8146883903143224 0.47127960409081937 0.5271590679070843 0.5272310275532013 0.4628608819570917 0.5346162491447873 0.49700201399808275 0.5060396895810915 0.49585245476007667 0.4870292643183316 0.5119463719570012 
0.18484062029556889 0.6463083198649506 0.44092765588444 0.5207626883269534 0.5127953157557306 0.4657769215160338 0.5392477551835928 0.5201166644263374 0.49585065784873533 0.5055891620698756 0.5190053908992769 0.4382055813572965 
0.13995154325997222 0.33999797003223176 0.46363120612259723 0.5374891218940022 0.49014031510611256 0.4801144699042752 0.49581616713572707 0.5293816119992087 0.46752927991442544 0.49965380777637236 0.5181248695914262 0.46286635690850725 
0.9402781710492355 0.4908156285198517 0.5093715338371667 0.4976561111266276 0.4970821633517545 0.48868494852810207 0.5128459494900666 0.49624232637207505 0.4949312143248008 0.5004869198168427 0.49176852011257666 0.49711384096233574 
0.7123211259234029 0.42286491514568225 0.48770825892835756 0.5093005916654941 0.5245775531350653 0.4917020760714116 0.48603101299011653 0.4961483643054766 0.4738830843003379 0.5089213099421406 0.501929537104336 0.49826143644841553 
0.6120665824704095 0.3247139995166012 0.4866132928485497 0.4975585746966854 0.5206150705952486 0.546281274575089 0.4919833325725592 0.5026667051279492 0.485736410561963 0.5351415058264647 0.5041390603726391 0.4990361128256087 
0.3350602211249567 0.3855327960654001 0.4602862068705255 0.4605561598589399 0.508199015502204 0.49007697310723863 0.49319144078429744 0.5203687241175845 0.5030958265527709 0.463062421981179 0.45176397201371143 0.5003089980763682 
0.32475580879343446 0.6129105812900222 0.4987869492256755 0.4722412233319709 0.4684700624346333 0.5018412788684234 0.4803559768049165 0.4486136887965142 0.48163378114726796 0.469177712820904 0.46916483769543715 0.49649529045415697 
0.10851790583782132 0.08942716927191602 0.5104247906576531 0.4971124471789966 0.5119138449683431 0.49723537723324374 0.49603708106305744 0.5090427064131884 0.4855575350803051 0.51867496686818 0.5150076411313496 0.48173575149310044 
0.9287968628689863 0.33641326414026484 0.49003560333035817 0.4919143145688503 0.5040650097513957 0.5010791643649226 0.5117465788624207 0.49118855348873086 0.486588656865834 0.5010310995906726 0.5126113494184962 0.5080412687414934 
0.0552014977178614 0.8478390588061364 0.49456091022534415 0.5121142896487499 0.4879353660589179 0.5118264271813022 0.4895345176305046 0.5094710929373586 0.4966578700974661 0.5130815807266313 0.5053107287507236 0.516568187982262 
0.0573608091571689 0.9592580010315938 0.4828372701034223 0.5124363409498935 0.5135273322445464 0.49428940438199587 0.49888647720091717 0.5092781277709886 0.49185920450796305 0.5069608507108645 0.519822133018092 0.5139160497263349 
0.02807186386147006 0.7499357052239919 0.49277705529644555 0.4971202818209287 0.4800243136014146 0.5162887873246342 0.5040948112119408 0.4865960611983323 0.49491063656791434 0.49131054947198893 0.5085834124244305 0.5119031899782113 
0.25088434667916415 0.2671081478539292 0.4955417040534018 0.5114633133812045 0.49790772331336675 0.5174479522971531 0.5172215275552146 0.4847329065049576 0.5034838954659656 0.46822425910442067 0.5130021448820076 0.5022781192491794 
0.497039396798275 0.817900059176293 0.5134264753216236 0.48537064253431317 0.5002142644989024 0.5044358148789869 0.47888492404334015 0.4781798055420142 0.5102408390491786 0.5174486019153053 0.5278520783244809 0.4923646081320808 
0.25462392362901975 0.06468777358974277 0.4903925191852018 0.4959792213236223 0.5122744922163015 0.5084368518774777 0.4924852339250252 0.49374643119158607 0.5326141933181413 0.4953667732731148 0.509482633023438 0.5510090938766161 
0.8556589102685384 0.4225926463808567 0.4931274659094786 0.5090464368187005 0.5126765201954674 0.4960438005362152 0.5279044995894153 0.5041652447571752 0.47940552722839436 0.5038131442863734 0.5119174086115977 0.5076880137474735 
0.4659804756798009 0.6849189835714344 0.46171537391585665 0.5087765636975878 0.4985492761897017 0.49243249675427553 0.5012832949449699 0.4836387943826739 0.4951808594504605 0.5219583971769594 0.5311136427395124 0.509542074179339 
0.4553901612531468 0.31367836539785926 0.515004942654542 0.5046980305198796 0.4661141296689601 0.49374695911233424 0.49178626368385425 0.4672514443816822 0.4950452311161464 0.5388744259267111 0.5235178810664993 0.5067386342185802 
0.9086851249364919 0.14716586187594774 0.49439739580133224 0.5090290743445283 0.5112631841028654 0.46268708345513465 0.5104945050014879 0.5027546303548752 0.49382256728163315 0.49696604382316 0.5104863767383314 0.5101663928590326 
0.24456774869722875 0.7255611122201092 0.43884109699603996 0.5260443214965794 0.4977442491097598 0.48038397832230917 0.49077424360601063 0.506679608378175 0.5473670157815168 0.5150268388790207 0.5061055506281948 0.5039972562140971 
0.6533265218536239 0.26799999047220874 0.5052572266284183 0.4805588934035914 0.48224784018330696 0.49493324325239585 0.47208999291238385 0.49585804745295137 0.5021800930779468 0.5156656694848838 0.5116677076651079 0.484036859105886 
0.5 0.0516180490245321 0.49927862368630516 0.5199607002050115 0.5026383485907987 0.48797305035370947 0.5124855422274647 0.5286133321895881 0.4976826125247299 0.5220837506593582 0.4790478962262443 0.5149720593459721 
0.8332197816130049 0.2773329591912047 0.47001971703763046 0.4944387823738075 0.5088732865282287 0.5028795627814325 0.5021034971399945 0.49129970736710427 0.5227003790886267 0.49219019788779816 0.5028175976659706 0.5142933529594154 
0.608815285003496 0.6743259961618806 0.4756819361652037 0.5512589980887003 0.4919115491329573 0.5089805654330979 0.5064935168395974 0.5135006190892997 0.4911665683634727 0.5711212250720198 0.48915632716986984 0.49016786034400095 
0.7071930084222238 0.595773804587002 0.4906383899784737 0.5010138160846912 0.5172222893656778 0.4987083110923214 0.5160392676467154 0.49348906767235967 0.4712003828321672 0.5139438616637952 0.4737541263875103 0.48997268205251354 
0.33238873605682734 0.8457920951387354 0.5496059232116817 0.49962594149498896 0.5221649190360915 0.4502906395486348 0.49091399635474636 0.474913231057077 0.516583745142459 0.5054421197803308 0.5331706947499542 0.5004890632815548 
0.1147216183143378 0.9185160020631875 0.4640368995914025 0.5170762525372483 0.5068938375495418 0.47831976464839465 0.5041222634208542 0.5083928170093923 0.49327561249975793 0.5020299421952575 0.510374613156669 0.4992446224367185 
0.22966459624927837 0.49995628070012915 0.5076206447991276 0.5065877903662602 0.4974595278814773 0.5034836166599168 0.4863952786821714 0.4844825441941886 0.49141320980024983 0.5165388756120577 0.5112536709283044 0.5249848615755075 
0.0843370667766088 0.11596549487529798 0.48428132000015045 0.4965322139199895 0.4920593366307888 0.5039101867538749 0.5062857370768239 0.5240915235244317 0.5126271852286504 0.4952815191155858 0.4877571246407838 0.4946196242325158 
0.2446089008479803 0.960662556742909 0.4793931689668549 0.5000640479113705 0.5275340082128275 0.47889940511025053 0.5189962786285849 0.5092928324439434 0.5088790099569975 0.5074063519854735 0.5064180207873638 0.48977698494257554 
0.1082967123974656 0.5027954548656914 0.5268866705657417 0.5326631521485314 0.5068767078333553 0.4998148896545677 0.48661367995749444 0.4868786847680532 0.5250961266694976 0.4533406763621999 0.4967862055890584 0.5076483792146602 
0.0632160502240312 0.15125520339133613 0.5106837011613382 0.5081807898605571 0.4611907316657763 0.5134247766192084 0.49652358323602763 0.49465340519647405 0.5162693661500733 0.4987146300855191 0.5099575207010847 0.4858550416060363 
0.5514510415753711 1.0 0.48855786473734236 0.5147331667894226 0.5156051052774816 0.5010856698067648 0.5101776845365059 0.4489524258622121 0.4884922476164749 0.5095486320160452 0.5102072199773121 0.5401667087623242 
0.2256098342752788 0.8118065553655227 0.46456290283305346 0.509118834548692 0.5081898154079771 0.518489578833953 0.5184667335503906 0.48615125037648815 0.497275203427747 0.5054039666544952 0.49753371834490373 0.5191603616529159 
0.021334226358162282 0.16140580529760276 0.5037023522301172 0.5025663482129028 0.5080133827872907 0.5047215560930539 0.49181413309374467 0.4888393943035274 0.4865599341806398 0.509054073461922 0.5199104024385208 0.49052864065158985 
0.9094684388225042 1.0 0.47022797374929726 0.4723104582505592 0.5201850968502686 0.5194704147336988 0.48324597964310045 0.5003815907694441 0.5082311024556186 0.4974930959291478 0.4782567815796284 0.5098061476166205 
0.04206412638612046 0.04419611173500056 0.4849646847435771 0.49458528825441944 0.48872038936580986 0.5102066682193525 0.4877213212795004 0.5119410650907221 0.49507058909948487 0.4941991608677473 0.5031953262320543 0.47310627211270206 
0.33493007547570186 0.2136710277210373 0.5518190553815141 0.5105279114086924 0.479234292609044 0.48710450866075194 0.4672973766674612 0.4747928955985793 0.5132659856124491 0.5628038034261564 0.5314920463914727 0.4746014866362235 
0.7510171045314809 0.12819013117080907 0.4875982528090615 0.5439642829845216 0.5051417059942322 0.5185855733009346 0.5092361921429467 0.5050070108352682 0.5099347805603978 0.5132665209617019 0.5075811079712507 0.5260211095661711 
0.23270760212442665 0.17737156783802782 0.5230488356926164 0.5000724540600869 0.5278861816189956 0.47198656603716244 0.5131257209254325 0.4828014065555294 0.47638373856614447 0.5185248984967368 0.5470402038853828 0.4962587601538585 
0.655347518935178 0.761512549402386 0.5141232942296827 0.4555635715163492 0.4974635697980753 0.5203321712043056 0.4902721316861688 0.4885303827799286 0.5309956348298981 0.48811157108532344 0.48250627001981106 0.5016550024215973 
0.11299051603694041 0.6670939042243795 0.4892715511646293 0.4856218354694092 0.5028753373197186 0.5057875683435 0.47067744903920183 0.45751971967367405 0.4880396913671053 0.5091390996238168 0.524937455112983 0.5041364945125693 
0.4920396901505109 0.17551928609800976 0.48557128767817725 0.48107847815779325 0.5132201789327934 0.5040573537162372 0.5180080197051665 0.469752368304971 0.4867881815444191 0.4747271699826665 0.5400399058198218 0.5114138786022183 
0.0481512791804877 0.9536067654129647 0.48215590129794106 0.5097147742317115 0.5094999660842706 0.4825439908234368 0.5200088300531961 0.4977948967375172 0.49181362646862403 0.49952496486029063 0.5136745020891456 0.4774669639959984 
0.06583235249639628 0.039502482809114114 0.5082382540870255 0.4983221544498141 0.5187145174668584 0.5027407354215443 0.499397743060754 0.5098753342356868 0.498150863810434 0.4909014042176303 0.4964821181891624 0.48929983555160944 
0.305030118990754 0.5028762047278669 0.4682742858417343 0.48305187135798444 0.4970050175288647 0.49816802750533634 0.5383781423204336 0.42453971620621506 0.5018278714910269 0.48123560102648466 0.48243048703325425 0.46976274684129643 
0.0 0.4782941435465887 0.5120288980843908 0.50305459894466 0.4922401670208392 0.524151018917792 0.4913909699118706 0.5078464312234574 0.5251290575301046 0.4589004668496095 0.4976688524123944 0.5255625080562039 
0.8305710924392764 0.7200165604075647 0.5031047023320849 0.4787486208251961 0.5023354121052165 0.5128405640607698 0.5215098262617706 0.497713669511626 0.5029939936410855 0.49089092091363196 0.46554380625813135 0.49937778505284525 
0.03348731962834708 0.0895401072782929 0.5093179262494784 0.5084866761968088 0.49735164985249924 0.5067481231059908 0.5103194958200244 0.5163678911399264 0.5067247792605161 0.4811972491199807 0.49881002002909436 0.4848893717798387 
0.7708577272828286 1.0 0.4726730693604456 0.4728788525624974 0.5393356055236057 0.5068893442419329 0.47929874230182135 0.49551640851778866 0.4914471385437593 0.5106179232054778 0.5032496733212489 0.49953096267725833 
0.17214773166603145 1.0 0.48890616674457676 0.5073087830567731 0.5023614787301771 0.5227986235728491 0.4716932867324816 0.4793715774106898 0.4889927835437278 0.5236929119061876 0.48123818452662126 0.500952775153502 
0.4748704071351154 0.0 0.5248678705262536 0.5187164700069733 0.4818332437741302 0.5577591244270946 0.506240983907192 0.4955396685587401 0.5329935926334275 0.46117180393904106 0.464719190454223 0.45260935845678574 
0.15334845446277254 0.06913703777688356 0.516033849970428 0.4826086362717592 0.511353191611158 0.49474550861616334 0.49992816594799905 0.5024081691971546 0.49593243766147915 0.5035608896348778 0.5016091492580337 0.4866174116311771 
0.09271045139316592 0.5111395945475077 0.5021918760838868 0.48560826541578156 0.4819808748017339 0.558197107363052 0.4951980178128657 0.4714821810215577 0.4989676851782323 0.4845010210813814 0.5107779593604733 0.47558359236832526 
0.508574325518648 0.12507559285784292 0.49753318005976094 0.48924871632071165 0.5231548323664953 0.4894972869094761 0.4602982040082466 0.4954826255675201 0.5258331653607329 0.4945469608295985 0.5214773293887842 0.5458844268850769 
0.05004199867684135 0.2622096521157542 0.4925371333734241 0.5072662986148732 0.4933544196760952 0.5277361206077349 0.5009268070456849 0.5142378220392148 0.5109325692000855 0.468172944824514 0.4903542153225947 0.4764993123110361 
0.503388182386597 0.9836105279083331 0.5083932520891403 0.5010005227939529 0.4801308830452165 0.4416839333073469 0.49512970338518125 0.5259724996556829 0.49571126766746854 0.4793449170496647 0.5141094030145876 0.5065097827164895 
0.8545660811659789 0.9919882141480542 0.501504013756832 0.5264399554442536 0.5232024516979812 0.5055529374132374 0.5064325764098854 0.43874345866207237 0.5106217429193363 0.5189988336133445 0.4949672112771121 0.5382876708671676 
0.0 1.0 0.4963169567389169 0.525075948664033 0.47853588939658204 0.49463385984048336 0.4960312141792893 0.4897641085377373 0.49178803424694056 0.48739657586228907 0.5200223964559156 0.5028655100896484 
0.0 0.0 0.4901459603662439 0.5052730243981876 0.5083696289502727 0.5058672541828824 0.48884709077961525 0.5076917471790277 0.5055634010242269 0.476906329421565 0.4876653496026061 0.4951583954733536 
0.0 0.0 0.5057003088886255 0.5084403600193519 0.51298941870974 0.4899906895980511 0.4919923273141538 0.5187472797301799 0.5139488594820523 0.4971219149021848 0.49960957647561494 0.4934143816762584 
0.12909948613463673 0.0 0.4920750258876913 0.5055812117197822 0.4952770413564268 0.5167010847194847 0.4762849503411977 0.5150440743597535 0.5113462789398262 0.4834650906300433 0.4930252538427258 0.4945815557809675 
0.0 1.0 0.49082918284215105 0.5001618177847732 0.4923714420944344 0.4988639654806246 0.509770853148603 0.5140740559506933 0.4757430431649499 0.5006497319025924 0.5108229846690271 0.5249625331982913 
0.4294979082434633 0.18627803975099677 0.5319218594650508 0.49684185193289926 0.5016737060698168 0.4723356443163101 0.5234832596308022 0.49148901492404146 0.4863101154355193 0.5425347764954418 0.5396049417068945 0.4843948842828338 
0.0 1.0 0.4960564563250932 0.4834211686195454 0.4875697275737717 0.471865709847484 0.4967666906952229 0.511126376991373 0.48801960441218395 0.5048232104005583 0.49450649555234744 0.5216402608254519 
0.10161970476820399 0.256130162408922 0.48304975603553263 0.5152604042267511 0.44965469051707974 0.500368916224584 0.49031197174143565 0.5142514990992838 0.4860946473984382 0.49386824098119625 0.515137383880352 0.5028353985762226 
0.0 1.0 0.4928928003577655 0.504711696015889 0.5035034680034616 0.5018717203790077 0.5180277901759092 0.49891669023921054 0.4795761329047137 0.5045642839024914 0.5095423061506652 0.5018917952374906 
0.08457512096468554 0.7500598302904431 0.47470424971610303 0.4679151452076956 0.5019164619061858 0.4944531099356202 0.49973880953226835 0.5238402323641772 0.5047523371153801 0.5009043302565983 0.4820899636859876 0.4711975017983602 
0.23083391469477202 0.8877126312867457 0.5538693904099325 0.49549559365941576 0.503296237643867 0.47779822418758333 0.48448158443621825 0.4825788292316504 0.499485411556464 0.5074382863411375 0.5118786015442274 0.5163808913369796 
0.37637361763658717 0.8538161449371757 0.49246564400454607 0.5035253068841605 0.5571829565345956 0.45801335091560036 0.4911946977209548 0.47939139512870743 0.5276802224321533 0.49856316242253423 0.5455989849056605 0.4997591042198516 
0.0 1.0 0.490742672094896 0.5030802137315856 0.49433046277338777 0.49117552746175586 0.52025249167967 0.4946490869083873 0.4888002222653465 0.49740171797707095 0.525838586107012 0.5031603053857523 
0.07698172734104487 0.136130487496533 0.5047197952866398 0.4977704910525403 0.46937235916293224 0.5167968819527522 0.47325136833637 0.5048928038175311 0.5079895503032456 0.49007305081467106 0.48683882004873125 0.4703915047472178 
0.5728961128346388 0.4731419803807441 0.45487061176629284 0.5057874317637733 0.5126146130022932 0.5213495019942576 0.4810989375079855 0.48986266544999096 0.4855714973099335 0.5275663512808699 0.4879539907487108 0.4984955303817123 
0.2549922763560871 0.10024393520490318 0.5127305286410556 0.4963720568779718 0.49945150264383015 0.5143440727667616 0.5435108177741275 0.46800484525474906 0.49374823539877105 0.508774449506276 0.5376848885141114 0.47296323549454156 
0.0 0.0 0.49989323964836346 0.5035835705823455 0.49863606426329504 0.5215934944236589 0.49404114411142497 0.506434911901872 0.48733537688796746 0.484518711703424 0.504206982822475 0.48934754466193053 
0.14361590059258467 0.836145453840289 0.45360144388154844 0.507939697459493 0.4706682174666321 0.46239054368381627 0.49219857089171287 0.5002863057929697 0.5122103495149324 0.4922675298719599 0.5100169387962373 0.5047468888784881 
0.20262577271414436 0.5458582862809402 0.47165072204520786 0.5529837549234358 0.497023738520461 0.4847667145637541 0.5185062241066859 0.5071677753799412 0.47849576473995237 0.48156597882891694 0.5258250497650778 0.45413459615104945 
0.4851015117518609 0.37609895801668436 0.4882344828639772 0.49335569833354065 0.5249097274995748 0.49083510294011373 0.4965230741054845 0.4934839477072234 0.47993679740476136 0.5434235035536699 0.4915552919375916 0.5098381091318431 
0.38703028389845184 0.18997111255359816 0.4824796759188406 0.48693721988834054 0.5019535320942112 0.5255157865736948 0.5212658327300235 0.4673597440842322 0.4966348537255527 0.4833396592673602 0.5369437446481765 0.4883993367149052 
0.9307769259563818 0.5757529861670307 0.49588875579174063 0.49821125061998356 0.490485937473811 0.4890981981543523 0.5060506046032295 0.5073754740234185 0.4987289254232523 0.5153366737773353 0.47952952189370723 0.4896081571467975 
0.34957639165191434 0.9062120847333228 0.5045678300755881 0.5090337836279313 0.5438295824555717 0.5084629178563557 0.468892766132897 0.4711510288876649 0.508128541971217 0.47534271530024785 0.5042401233112587 0.5201265255680614 
0.0 1.0 0.501334805013447 0.5061206873605218 0.500248196253568 0.4840105423017069 0.492051417645031 0.5071669293631583 0.4891643900185594 0.5049490616459476 0.5046386011620534 0.5247085706106638 
0.2820216142276657 0.6600247914088446 0.46582388642723355 0.5390087686567078 0.5051623804920824 0.45932020861134915 0.4801226649919565 0.4910088135001202 0.5487998895829413 0.5165145064678386 0.5431892868682022 0.49740514537339037 
0.20560691565942033 0.31883753452475877 0.5034303394182233 0.5133587171382341 0.49404468817385533 0.5135148701487859 0.5094489869263584 0.4934966674056341 0.5089255917559902 0.48877952804836433 0.5293864586719506 0.4646917253492825 
0.0963025583609754 0.9072135308259296 0.46685768735298105 0.5109453087631156 0.5103114715363131 0.49167708976781094 0.5147154586171494 0.4994790886415592 0.49502791548629715 0.5061253416824238 0.5142132360824203 0.5129478210851504 
0.006363488923709177 0.7231383038175553 0.47118795762354504 0.4892602043494252 0.474646545224057 0.5210403976989548 0.5174865365018002 0.48455394158086046 0.5033881158438773 0.48230961830414276 0.5102416895209781 0.5096897224219874 
0.0 0.0 0.5079055582710867 0.5276139120977766 0.49737480770908693 0.49864732388407523 0.4953152137448781 0.49678149842806474 0.49878956310933376 0.5132988844179566 0.5085843236655331 0.5043509885033396 
0.4469546485779343 0.4609266215463655 0.48051092608764 0.46712373470659146 0.5250998985664076 0.5012867791487359 0.5244617375567875 0.4868343539175165 0.49287577038364316 0.5061914491845159 0.5418184289456366 0.5194978782160918 
1.0 0.7303438510198559 0.4872724523218297 0.48690128815015077 0.4941446084734533 0.490895179115602 0.49672791569073244 0.49187390459026137 0.5106184866876378 0.5160288843655736 0.49969296348072234 0.5038189984122456 
0.6313429567002895 0.6060609178020818 0.49661864093828195 0.5006643676452806 0.5312433500405074 0.5118505124252682 0.5103890253655854 0.5215558556628188 0.5007589206425986 0.5244651779477283 0.5121353287498981 0.5040088856257577 
0.08447982343333807 0.10163706057701641 0.4894477295476511 0.4966986939314483 0.46217188586996316 0.49160529165711975 0.49744204301508593 0.5170544847212002 0.5163554401805496 0.5039722361866958 0.501442035401455 0.4679931738221768 
0.37449040660669686 0.3532139193380127 0.5041989805733453 0.5219926001827606 0.5093838729971595 0.47728481430695585 0.5243904544858726 0.4757676316565962 0.48935220412361613 0.5535591070899166 0.5240916996490194 0.490317374579238 
0.5716760211346913 0.8224176449368593 0.5066351596247437 0.5175606841119293 0.5281415869891017 0.5055102884131065 0.48015080416146083 0.4716790311890498 0.502928350794325 0.45743421606222157 0.5167486850986059 0.49196865313083404 
0.7898657536255882 0.4167236730557915 0.48027318783001843 0.5045286824307093 0.5155635464053272 0.4972694719152725 0.48512360640514685 0.5000648790743919 0.4796015672116493 0.5054836573464632 0.49606265105756353 0.5012198783506098 
0.0021617493924066707 0.8920500990127079 0.5087885733655759 0.49568099067041976 0.48685865011426305 0.5064174875350513 0.5041301783589849 0.4840454186522676 0.4976926748395833 0.4744902452687747 0.4793968006557254 0.4816481324962658 
0.7861805726726052 0.030670984300932735 0.49509064235250255 0.47297221292389574 0.4951939245020152 0.5222569727903346 0.5009271521028169 0.5124427633658223 0.5051787089409023 0.5105538231449516 0.5061949527385156 0.5199063519558393 
0.10630412292105111 0.3756143883466815 0.5140748106352 0.4932940946515213 0.538137514083469 0.51555406205973 0.5353849896941023 0.5124333684261799 0.5131692895003847 0.48127585665896955 0.475472822934053 0.4652041405124547 
1.0 0.41161045406135255 0.5028282008337502 0.49108916264258085 0.4881409353045679 0.5085564861597867 0.500045900963519 0.5055303535531349 0.5095747425187809 0.5073290102316342 0.4963072796914776 0.5057673916268547 
0.2806335932934163 0.3436879113672248 0.4743075885296866 0.4924883885441489 0.5383037058049401 0.49588307374580465 0.5027230625295225 0.48714710213518836 0.4929658095959405 0.49264855109744365 0.5391958027213405 0.49309426767399966 
0.3132515564118903 0.6914848746305111 0.49756174951842513 0.5002196719813325 0.47254874391624213 0.4824173694214299 0.47952625127661586 0.4818482374434668 0.5051197901932252 0.48681716554158094 0.5512779996216841 0.5103164897202039 
0.7077871270769389 0.015833054749501852 0.4982501001206809 0.49975741887049824 0.4962992225833678 0.517482735514268 0.5046215670178824 0.4990462916307063 0.5163141110874223 0.5309240144953328 0.4739521559807833 0.4772510251262896 
0.5224588696287302 0.6975467199461074 0.4927355268351094 0.49287779985789504 0.49853060453900594 0.49162978835725524 0.5038459197710433 0.5041843771324611 0.4974972336178145 0.5039201508746339 0.5073375350672515 0.49835412382288174 
0.9280356564176746 0.24293657114946227 0.4974426945934167 0.49063495092027304 0.5011305384130216 0.5011354331062343 0.5136871962116913 0.4976694795050147 0.5068959000780641 0.5098680023515264 0.5095334210376306 0.5087773369490676 
0.048942734864940246 0.04145603142860902 0.5094037376093448 0.503596200524062 0.5152195587226611 0.5054071320390772 0.4968460299482334 0.5195674513371258 0.4819044955593362 0.4865996033175609 0.5123062518666104 0.4941253219808244 
0.7183580427805184 0.47204187027344374 0.48658094665686447 0.4809076091970904 0.521249881554382 0.48090141820155463 0.48511251734943983 0.5141552620864944 0.4796336716188786 0.5047227355755965 0.47599218167504087 0.4784885999400368 
0.49930908091738047 0.43388209239409625 0.47861996401853574 0.49611624713509644 0.5077158395636525 0.4822304691699339 0.5044177837773749 0.4915895331511548 0.47978049628837793 0.5452216175073022 0.48328045353956073 0.5009665911650526 
0.3377685433531777 0.4602690199752124 0.4837838161681304 0.43482715756482343 0.51892692636388 0.47528999788009973 0.5199482698912172 0.5010237054594833 0.5327106484782258 0.4904807941147196 0.5213168451046668 0.49655159894454215 
0.7318542935106842 0.7934874971402748 0.5076204586451829 0.49319077057703 0.5126207586376854 0.511725835817088 0.5126691637221259 0.49139123590368483 0.5323932201614385 0.4691204387634252 0.5001705610772503 0.4935567535666413 
0.8109499087696771 0.20851211817695986 0.49067211173988245 0.49936756588102765 0.5140362817038692 0.5125461251832166 0.5240373260459505 0.49128862477793667 0.4915803887497066 0.5120632719516827 0.5236483036615814 0.5087039032348427 
0.04206412638612046 0.04419611173500056 0.4849646847435771 0.49458528825441944 0.48872038936580986 0.5102066682193525 0.4877213212795004 0.5119410650907221 0.49507058909948487 0.4941991608677473 0.5031953262320543 0.47310627211270206 
0.9239346764342047 0.6937708260907675 0.5138797164992231 0.4806026691680786 0.5147345450475038 0.5234398948216982 0.47959329929391636 0.49503650264730004 0.5208725362277021 0.5088477915075331 0.48297774729132137 0.49354109414171826 
0.38957395777433285 0.5676868066124612 0.4853321763986442 0.520012164959055 0.4970724087680827 0.4928045948844373 0.5011607025029862 0.5361502467093197 0.5511724407194993 0.49613739171247395 0.5399930670490497 0.49820331294090997 
0.08214151062143485 0.8896943595511351 0.4927021385779111 0.5281413754959425 0.5172712931764696 0.5050793388059447 0.5076609058633508 0.4915390964167813 0.49412663664227024 0.5358422619396395 0.5037121355250893 0.5451338335428628 
0.2969089066265724 0.8424181272871718 0.46155204051479215 0.4983181510397234 0.4823555339034756 0.4619362225922691 0.4840218322198041 0.46448350054786824 0.5130895349049416 0.5255247320108853 0.5059165731664421 0.49296954181866287 
0.26395001828693976 0.8880609448667544 0.49051693704176846 0.5036978486246627 0.5108994636997761 0.5161204095218186 0.4715091392790091 0.476106216713229 0.48577247114092487 0.5198523874580994 0.514641885470813 0.5239769958077883 
0.0178387240075394 0.6805044537546017 0.4691867013511265 0.49595207380456646 0.4827849363165444 0.5257239512962587 0.5192954072371557 0.4886280993883203 0.5067248655692739 0.48280069572755174 0.5283212837708295 0.4795524993040112 
0.9294751659447704 0.5885505911524745 0.49320748641567264 0.5061528570385128 0.49658283916294726 0.49292114830792144 0.5059212355945534 0.5010396497034819 0.5059961521425067 0.5149245709340788 0.49424982693260283 0.49142006248843206 
0.31024017993664244 0.7737477015640195 0.44994744055252045 0.5043973130554994 0.5118618952290495 0.5089771175392783 0.5115836288683333 0.4993494170020595 0.5049612737129855 0.506657352320659 0.4867170149626754 0.5066670398956998 
0.6796853163064355 0.29876833602915787 0.47391022510000835 0.5033606555701513 0.5121549321830554 0.5706383913086747 0.5078052219830773 0.49459814143960557 0.48562990253630933 0.5226679494214611 0.5316419660737701 0.49763047288882534 
0.3859709384672645 0.43212467095353346 0.46859698792460674 0.4615031238844274 0.5006624277440013 0.4509190902231046 0.49566791488354245 0.48999343067871354 0.5051279360863594 0.5549297305160995 0.5429776861372767 0.4637575793987964 
0.20672106369059118 0.6767773221718312 0.42943883240020597 0.5270451125961119 0.5096013441368 0.47438416451246623 0.521754633524566 0.48412721323671637 0.5097202282335982 0.4926188179289235 0.5127309398818681 0.44826309387888263 
0.8541380772089593 0.3591159682187671 0.4855130917193145 0.5050914346693689 0.5167518268345126 0.5043191841170818 0.5288797707401924 0.4894631988970499 0.477092034373909 0.49981206735408934 0.5173821316152044 0.5088999963772369 
1.0 0.36071547316575464 0.5076339945645549 0.49362101466809394 0.4955604640223158 0.49679769414467456 0.5076304549632135 0.4986278487257113 0.4872628401632976 0.49693873744141964 0.5053307159073859 0.5032086987140503 
0.7852562269087796 0.5570846043641429 0.4688766243761752 0.4870852381756825 0.5212722011400575 0.4916922529636545 0.5138273008117848 0.515655953853821 0.5093127577150388 0.5094895545277396 0.49582851736651307 0.48116882742957956 
0.21564170577772154 0.7991000308420328 0.4293731469968887 0.5172857648610599 0.4766593839790485 0.46744035228982833 0.49503470656647963 0.47645393965759936 0.5078558460552289 0.47880241693055153 0.49490239940223046 0.4916843600128503 
0.0543354331022515 0.04145603142860902 0.5110881930056114 0.4871657750047258 0.5042245409868941 0.4998882415333628 0.49300283799350586 0.5190877485698463 0.4875090359859774 0.4927357740574336 0.5066545427493196 0.495245997530996 
0.2950885364831258 0.41982961481845965 0.5110619090328454 0.5332972567087889 0.4850023369515034 0.5332381535642872 0.5038545609366157 0.48124671753212156 0.47777525674990895 0.5210466531006241 0.4721505018992726 0.4918758581325965 
0.1232266704638427 0.9227485670430546 0.46401330390807316 0.5143708577497214 0.496741090854094 0.49309181482978226 0.5006723222839612 0.5013266508777336 0.49594114241772247 0.5185639052690245 0.4929616956077235 0.4961091881223065 
0.6404817208014486 0.4402802682714249 0.46738425515766685 0.503079672299797 0.48622729472340404 0.5290720070347293 0.50777275191634 0.4988778760158119 0.48542380832919607 0.5387377337337294 0.4875893835765774 0.4812930768920276 
0.22648289760787288 0.11852283414921005 0.5270581253036218 0.4766458601619741 0.5174841433421148 0.4872658572592852 0.5067399786338067 0.4901284352071513 0.48666927646598046 0.5185653706172175 0.5159401989047514 0.48203735675998527 
0.4458531666270972 0.5256271169433799 0.48781726408378256 0.45890295357108857 0.51899427244671 0.5338643851186249 0.5173633545081158 0.5411502501970672 0.5155984518477524 0.5202114576325536 0.5120530433624775 0.5161491605025038 
0.419376386811985 0.6636393550487039 0.5135821395601745 0.474802130254111 0.47934101656875927 0.47716886727346175 0.5456782710374852 0.49115665834742384 0.4814910377138369 0.5007661109473083 0.5044335746008208 0.506189093537642 
0.12700291250939122 0.17930995314251363 0.4985146014322531 0.5174193507114652 0.4955897450300416 0.5158168330508308 0.516736108582154 0.5142283935730179 0.5099515825691809 0.48300948619291323 0.49460850168866366 0.5091335484540318 
0.504289783309744 0.5651210477723977 0.5008141084308508 0.46111288978888854 0.47979197645788385 0.4927111711996281 0.5612365575035707 0.49694241259111943 0.5022002778822278 0.4948969640197841 0.5554157504070909 0.5039621970873418 
0.6747610266567065 0.8947982374981124 0.4649280019582633 0.501264210106616 0.5327728822671975 0.46457489084647063 0.5333173846107753 0.4936663819489244 0.47024249685079644 0.5067658819825447 0.4910419954550695 0.49964373558423464 
0.5796002019389974 0.26427559041027715 0.49851717060001083 0.48898575167427216 0.4985496888230407 0.4910710055183609 0.4531387651556098 0.5021188023064471 0.5129861879908046 0.5525886007339578 0.532458561503073 0.4811341458168024 
0.0 0.0 0.4992542120930428 0.503466308592279 0.5082224888971947 0.5099879202831104 0.49259975139572 0.5059659541250625 0.5038335232635599 0.47700715697763674 0.48777526811622796 0.4914140841278709 
0.3751875493485428 0.2720428794431607 0.4733063785335028 0.4542317647817521 0.5252302474728843 0.4648955251714084 0.510996334114348 0.526024404368812 0.5120857878505545 0.5110260604785473 0.5306547899618435 0.48918373718730623 
0.1561823713690369 0.7388760411200055 0.4941832349524775 0.5117286932005911 0.5418894363015385 0.4981147869807486 0.48367069025057224 0.4798605378924655 0.543788800085136 0.5094418095354118 0.5482112167137888 0.5389326435831345 
0.38574672662384946 0.7385581107845685 0.48751296082866746 0.49171462209520167 0.5241899169924313 0.5145766128149316 0.5084714910785731 0.5180625482237358 0.49589406247590617 0.5132333922974421 0.5086708217049888 0.5034199406780514 
0.13063607766223992 0.7019762473697668 0.4615501787764968 0.47745797953316443 0.4962690513325996 0.47914875045336536 0.5137327926560648 0.5329903716301564 0.5022788048587903 0.5204957858602767 0.4866564659479923 0.46951382734650887 
0.48958122120778746 0.6289523717390646 0.5117598390746012 0.4948893882657688 0.48196049756852244 0.4970301721457727 0.5147894748986428 0.4831988697199595 0.4798374148666762 0.48421001613007186 0.5057550449155226 0.48733856202378456 
0.5444478486343836 0.35065966300404444 0.49931636059709106 0.4917564938232195 0.5290752090074416 0.5219241578415034 0.4761614431620412 0.5107352688162927 0.501376818449803 0.5476150622314683 0.4766361546715081 0.5004417527623921 
0.5406671875167306 0.2245155582674254 0.5136181454133854 0.5005272110515424 0.5194505913571291 0.5080138394947906 0.4368990762113483 0.4808689388608067 0.5447692086280013 0.4951644843425046 0.5278394931982717 0.5608777306945664 
0.8653896190989586 0.4875692475549116 0.5047545983793376 0.4983833649898427 0.5173186380882157 0.4901797373908031 0.5200492960700226 0.5017008915041462 0.4907654201779209 0.5038348929376977 0.49149805908925664 0.49731732934654926 
0.0 0.13347590701845852 0.500127639715702 0.49428983553856315 0.507273559434466 0.5026648111946916 0.4879819689095999 0.5313679338272435 0.5007758773643188 0.49225322455770043 0.5185335041081315 0.5093144047654046 
0.7077871270769389 0.015833054749501852 0.4982501001206809 0.49975741887049824 0.4962992225833678 0.517482735514268 0.5046215670178824 0.4990462916307063 0.5163141110874223 0.5309240144953328 0.4739521559807833 0.4772510251262896 
0.1531896364821103 0.3057741268827172 0.5228682041313288 0.477483631320866 0.48261582631810024 0.5260034644472724 0.4778550469145749 0.4719712809774025 0.50904025198577 0.5040116982084486 0.504397381257519 0.4801075920991279 
0.031572117085813325 0.06512402599853004 0.5207586274921858 0.5330647580136167 0.4763075585290022 0.49524706715968236 0.4963634906871073 0.4987423898037946 0.5132645301027212 0.5061168435057162 0.4916935949427974 0.49150039343578206 
0.14874182691235735 0.9354462619826563 0.4768033840807755 0.519518015295507 0.5192648782606708 0.5028825441100842 0.49931348594777847 0.4784148446270588 0.49385280817270305 0.5008762818321335 0.5324217879713542 0.5066152096526131 
0.0 1.0 0.5051313251150717 0.48259077057148153 0.48419748153500625 0.49922664218528223 0.482894416391447 0.5156415518370824 0.5030817858313115 0.5154501030935696 0.507168398765945 0.5188323328511589 
0.41507013446566005 0.3298445462842178 0.4838432742943881 0.47020461803161334 0.5201772969603677 0.46235659615675995 0.5173539150505323 0.486136741669657 0.5067525147948355 0.5180192168815823 0.5261781391279545 0.4705576439931563 
0.11159826509478081 0.028237337070804898 0.5361169755268081 0.5026744081950777 0.49360687609450915 0.4973576019229882 0.49319109666997374 0.5139258055112772 0.48233491771856335 0.4810135362429293 0.533436998425175 0.48665271715425445 
0.5830322320518389 0.7248785336899912 0.5071416997638307 0.47940251528357375 0.5012273726945031 0.501997063640586 0.5052782482574143 0.4871067091792761 0.5194022331860684 0.49827835611628957 0.4793439665678869 0.49721185862600514 
0.0 0.0 0.5125957270374357 0.4879748946292036 0.5227180486529892 0.504246872833654 0.496920297349254 0.5224396132120509 0.4939006562829627 0.498537579870076 0.5030522103561456 0.4978245237567869 
0.0 3.560098579465376E-4 0.5050593698065045 0.5189589998542705 0.5162744585243861 0.4884706334817598 0.5000463715376675 0.5102353291041164 0.49468163405522375 0.49677877954023586 0.5010098124931057 0.49905913825046866 
0.10247725629878965 0.0885824539406679 0.5249471879785945 0.49494561862908865 0.5123643491080692 0.4966657709469946 0.49813348767541865 0.5213922939873457 0.4566308007382969 0.49536797621075934 0.48669908077913093 0.4998034203449804 
0.5684014640211186 0.5304749201822749 0.4688228843712225 0.4975425632320638 0.48171494853297525 0.5100179349187741 0.5190937579910168 0.5009779763628902 0.48381357673963976 0.5329594598858141 0.4919130465830683 0.5019361883145812 
0.19244025816067212 0.21603142633899863 0.5308972466647947 0.5193360673172291 0.47346623437148544 0.5125692528340337 0.5139246773526585 0.47770513682609855 0.5152186347408548 0.4778202316890128 0.49670904208121497 0.5088807149670334 
0.1481025553525332 0.2673017124274242 0.48023337534004373 0.5114110641216616 0.49634081979390854 0.48335491371973194 0.49088914519487503 0.5179294154529719 0.49589300217259336 0.5135971120346747 0.5053268139717051 0.4537717506701518 
0.0 1.0 0.4940983936688985 0.5057822267159465 0.501509461702808 0.4822932096704093 0.5227773465844564 0.49537989587093123 0.48869977985814866 0.49516315300761415 0.5194871771014413 0.49058488524343924 
0.1680930768107024 0.13739830711522302 0.5196223614031495 0.5199971149439457 0.5159242626622652 0.4955006131889822 0.5001549885204245 0.5011005390355308 0.4792234914239966 0.520880888717545 0.5339700100195673 0.47026964660626547 
0.6406417037687913 0.5550675863343848 0.4633759678348859 0.4803515470439188 0.5449512856155669 0.4938753903505189 0.5134916723126504 0.5044963936337258 0.48450687948472515 0.49909539081257637 0.4766630840850157 0.4741888526958078 
0.9176450453159887 0.1594517588787529 0.47361739150149984 0.4904542374848698 0.5029500093476853 0.5131618293044238 0.4938523802804433 0.5005131624297738 0.49442207394137383 0.5230434000218778 0.49821162855491474 0.5127959383009194 
0.17848401319051216 0.1297974710521142 0.5106683706536703 0.4831314284367278 0.547011106985531 0.47206724033642905 0.5328470219086052 0.4904691763598154 0.46308538399291016 0.4964056820922673 0.5274819191076034 0.4999766952157394 
0.6062300791812156 0.9839764282961083 0.5219487543640724 0.5068347459292073 0.502764420414771 0.48080024506042907 0.4892764744419818 0.4907084425910935 0.5322785950179068 0.5237236135951571 0.4640264781519474 0.5178821850351385 
1.0 0.4116325820609752 0.5038641071426524 0.48514096005490304 0.48990785217847604 0.49295117186291737 0.49580235158415953 0.4979208626840284 0.4972947195366437 0.49994225982275453 0.4998619622052138 0.4977437893229883 
0.7271935020251429 0.20948773666348924 0.4771180462179715 0.4938491166827065 0.5199439360678313 0.5120670655410111 0.5162743941547281 0.47702337368446845 0.48476449395989074 0.49937902786297184 0.517218634296339 0.5055326942064318 
0.04035070485815913 0.9507928710718594 0.4764540278587358 0.5112154595707642 0.5073418118889819 0.4820080146511511 0.5012908659374551 0.5242671139621553 0.4915706066714905 0.5075376808924266 0.5087985456107493 0.5102307561183876 
0.0802140113176722 0.019751241404557057 0.5050095746372341 0.4885714123815444 0.5052222398802012 0.5022251599730415 0.4931163532621914 0.5146879031871578 0.5051955988569778 0.4885564086525381 0.48727809961131585 0.49119746650236895 
0.18218124890639165 0.8711626287661912 0.4491294412339647 0.5170333876351704 0.5146601309757567 0.5235507279724145 0.5099937487846984 0.4938368273048973 0.5048098982610089 0.4973399652908024 0.506126021091224 0.5158307323845803 
0.8706425751831138 0.07642152702517323 0.5163799442047876 0.5234458897997312 0.502401151276521 0.5095876524074099 0.5324085445114214 0.4929354433826842 0.5102198719724745 0.5127451317014811 0.5135790078396485 0.5133741672247143 
0.12992189959796238 0.8150523085460485 0.5016888455885197 0.5036392550549275 0.4667116034753443 0.4838832641436091 0.49772513487744763 0.48817670632726606 0.5322201749169337 0.4825221133938657 0.4996906253642711 0.4942752393814621 
0.9984186794131582 0.31988612244122844 0.5034147929892104 0.5034858333426057 0.49097697494102466 0.4827141523057399 0.5010128158904985 0.5011529230349454 0.484183870344766 0.48808094680995984 0.4921415240522061 0.4973636986206226 
0.7787296628435496 0.38346623851129286 0.46986389596690814 0.5011228795822154 0.5101959068893035 0.502841808810068 0.4658326936632774 0.5041690980528234 0.49207019071060726 0.4945029932890907 0.47949961221915893 0.5034276676580121 
0.7793024779402191 0.6115067979811679 0.5028038209982224 0.5105476255161063 0.5048776083771227 0.49932275876445487 0.5120862350380996 0.4861809155971901 0.46954208004590114 0.5166613698669649 0.4729647811705552 0.4950982995819398 
0.17326397491247655 0.9376572172331962 0.5009925784010478 0.49526461121301407 0.5194455937501465 0.5130285201934974 0.4783298738838986 0.49472259147785425 0.49348355526016335 0.5025554955441476 0.503014798494207 0.5315427603307011 
0.04351712201203996 0.6172800917127155 0.5043069567091035 0.47653880568248175 0.48047064653551974 0.48732044194725854 0.4970384863390195 0.5084562202644405 0.5486162260638675 0.4760016569492994 0.5149185760334363 0.4715617725514829 
0.13656483942371805 0.4500164058661943 0.5023892173008564 0.5409418591493399 0.5051766779596264 0.46831744400130015 0.5394225524308621 0.5033798502479022 0.5456101061144512 0.4606559047485303 0.493646750373703 0.47347331033396417 
0.28110955210008115 0.7596860706440651 0.4709576730753974 0.5040667006686341 0.5096108483570931 0.4909743519406796 0.538404898469041 0.4887760247401062 0.4811449246435582 0.5015533479062189 0.5006944282975345 0.5164213332879173 
0.28452318771402896 0.16310649347763032 0.5473237654741544 0.5009834915843535 0.5111973765158075 0.4873291783183453 0.4551531711471763 0.47934466557335187 0.5093011064292535 0.5490808136743341 0.537381400603086 0.47019782762753576 
0.22699487043941746 0.2950325586896628 0.5128246851523937 0.5255153447941392 0.5009037392887321 0.5042363605906199 0.5145189548808673 0.4875736733116979 0.5102397843906636 0.5023641437051366 0.5334943910308628 0.4677352938292014 
0.0 8.90024644866344E-5 0.49578278640907636 0.5106135472915376 0.5124130035745139 0.4900012773322132 0.4919946057963977 0.5102081576664756 0.49147274725973766 0.5029456632301146 0.5140428893828195 0.4869501818091836 
0.42610561303402517 0.8660142705726392 0.5048798672851021 0.4856115595477106 0.517902220595758 0.4500848639003914 0.4675675717039396 0.4669922926797283 0.5005758811485068 0.5064567487604776 0.5146566352716928 0.5188977535224716 
0.0 0.2791584233147591 0.5057115583909405 0.4917544824938742 0.5090636766248523 0.46759118779586184 0.5064586489270095 0.515443119992656 0.4812946718152624 0.49109299320378347 0.5025969048128088 0.49631993671149954 
0.8046233279974037 0.07492168254734946 0.5101280091579717 0.47849179534069086 0.4976361510085633 0.48501685353625945 0.5171334324433405 0.49806560842589526 0.5029414110250865 0.5160754874167419 0.5138317113280751 0.4846275968172612 
0.2652123125314478 0.24634721539640153 0.5122547468597562 0.47638111092455737 0.5297317513480158 0.4797007271775243 0.5020157697990686 0.48422703102881853 0.47691624753278017 0.5241678695110489 0.5236369001138607 0.49353854870241926 
0.07437091345617867 0.9677231309913281 0.4827900787367636 0.5070255513748396 0.49322183885365095 0.5238335047447711 0.4919865949271312 0.49514579550767124 0.4971902643438922 0.5400287768583986 0.48499629792020105 0.5076451810975108 
0.0 1.0 0.4817511383312984 0.5088817198471247 0.4863704233285454 0.4898291421982497 0.5191298005169219 0.5061135661404422 0.49438673108247555 0.48863398399627833 0.4971623750567931 0.5045920417109038 
0.372947785739828 0.64325867162559 0.4957038880039482 0.5119716499023762 0.49348396330580335 0.4739146019836065 0.5033261683239891 0.5196069748799164 0.5119736756124833 0.4963300744835246 0.5350315070181519 0.4930856669168482 
0.9259858465507873 0.3907074863163863 0.5048922907183209 0.5008578872419978 0.5037709838579467 0.4931753476378321 0.5201596716297776 0.49454783572813743 0.4831041484666755 0.4998561175690376 0.5095585019554632 0.5065880006473301 
0.05865438664977171 0.869992106379081 0.5188037334487248 0.5015084177014463 0.4781520062478091 0.5030797057819822 0.5061969337216466 0.4841617593066036 0.4932986357110237 0.47925148711168375 0.4914420978691604 0.48954872539627636 
0.5197755168385302 0.29831919371862914 0.5304086691961508 0.529560208581861 0.5588428754807788 0.4953224532188505 0.49541066655977545 0.49085772708784225 0.46282405626202516 0.5523744760188041 0.5368870883886652 0.4534155005971332 
0.10964309197301872 0.42765414713039285 0.47883789277140343 0.4763563193402556 0.467055296306251 0.5554865994855389 0.4499033680999245 0.47974481215807946 0.5068030404439552 0.4819437949565929 0.5170339716029616 0.469803885366498 
0.05133084471418613 0.8335469521121898 0.4883292508427614 0.49300001810831695 0.49501340058184307 0.5029227067983012 0.49420254290704274 0.47571899880975876 0.4884701780198248 0.5043896912851722 0.5285637251127828 0.5099361100203172 
0.6919004884636366 0.3581084631279076 0.5127964726539059 0.47490277728185804 0.4964715117279742 0.5296486333095732 0.5140638986755893 0.4982137591093012 0.4797646286240872 0.4737691997333204 0.4350544469955779 0.5062471793405593 
0.3093284351976563 0.3181848693688598 0.46018616144200886 0.5035905594451799 0.522349212255248 0.5223266517602727 0.5205183777577709 0.4917606761838167 0.4917491561910763 0.45862828651982857 0.5292952476828001 0.49567552353132543 
0.38889694371706407 0.7909801357409711 0.5010942661891655 0.5032378477391481 0.5079424510783246 0.48775879080312523 0.4749251392054006 0.46913273779188575 0.5081773986701257 0.524814421918608 0.5029306566185815 0.49429413812233813 
0.12501896308950375 0.9803141211024706 0.4793975578339813 0.510070682723681 0.5076134381467583 0.5137172934495635 0.47971918289828147 0.49931236434639403 0.5080147346733572 0.5187089342035699 0.4877385149311327 0.5032085234018089 
0.29463940656400867 0.5864514123925335 0.48207704836797466 0.5087616470729639 0.5184463699114871 0.4695961305565541 0.4909769315370003 0.5090143116632941 0.5462213009293845 0.5148464665133726 0.5159313174276043 0.49880563461895183 
0.3383184735998611 0.5326087131791242 0.49194103485840457 0.48112724581174526 0.48638833824800476 0.43826404018774734 0.5196300149106943 0.524748097382194 0.555824224973746 0.508269913604311 0.5637396562667245 0.4510401206230094 
0.12739581785168533 0.17088502826943186 0.5134312476077825 0.5363595618373708 0.4957812061643155 0.5340199608132643 0.5086220642901607 0.4922148051878945 0.48971938378054614 0.46965509502240205 0.516898080327814 0.502134120555734 
0.355273006112994 0.07886959882966965 0.4920572035779869 0.47260594677739975 0.5091379836149624 0.48277166526571036 0.5205801506866119 0.48420213113334265 0.5082117397507926 0.47955539740498726 0.5196949724109572 0.5095379920844734 
0.06328786627643576 0.17226235478561222 0.502468305948468 0.4930316865595 0.4842020881675771 0.5206233625448928 0.4848077763471442 0.4991213861993588 0.5046600148824509 0.48808267418602014 0.5121498981692778 0.4815416583075697 
0.0573608091571689 0.9592580010315938 0.4828372701034223 0.5124363409498935 0.5135273322445464 0.49428940438199587 0.49888647720091717 0.5092781277709886 0.49185920450796305 0.5069608507108645 0.519822133018092 0.5139160497263349 
0.5517782778268233 0.7835803538430616 0.5358431154604926 0.4443219993322815 0.4846629601249454 0.5245076113721256 0.4969662399289371 0.49459388434718315 0.5399373534891572 0.4909341513123416 0.5429869702894414 0.49118687221865054 
0.0 0.30142471407963367 0.5069613967338434 0.49164104934553304 0.500364436432465 0.4871447274464063 0.4828792566154163 0.5014076589797978 0.5052136291464588 0.4809118494683554 0.4925295121604028 0.5036679079934587 
0.0010808746962033353 0.946025049506354 0.48783121960195863 0.5036780227525306 0.4935490230115618 0.5007834269605625 0.509142168580111 0.49225641175164486 0.5064593623344068 0.485726277307596 0.49351988380601586 0.49529386090811656 
0.3064713000400606 1.0 0.5074048585893782 0.48779191888316187 0.4948012818244356 0.4555844968683366 0.4893402976217452 0.5289844336353745 0.4859708066404852 0.5159712548055758 0.4732517170923929 0.5256075541480154 
0.3058108089724878 0.23093059690934598 0.5120318909861274 0.48053930390745025 0.5395283900411773 0.4768349226570543 0.4973837735748561 0.47737634467596524 0.4858343053623497 0.5245280106689496 0.5293297500511279 0.47666148874728076 
0.15851011302118967 0.6057022221971138 0.4789192835662487 0.5123786248500017 0.4649903203078888 0.46879643727652937 0.5297017840372158 0.47416844624405685 0.47839917446546454 0.5477406705758242 0.5125833978231299 0.48054220497661804 
0.1701101164504765 0.8639270400869803 0.45816813259070954 0.5141709684287499 0.5067687824588613 0.5460048057272263 0.4985285686317403 0.48352647601287013 0.5134054822119358 0.5092545854027715 0.49437300839227294 0.516752307546921 
0.21763575595434936 0.40939690761244396 0.5055254921086755 0.5099732537522472 0.49575210802766634 0.5084992434043514 0.5688429962042997 0.48898960579991135 0.50016940077812 0.502659201830211 0.4824903476883059 0.494838293462395 
0.896384573580164 0.8736210652157232 0.5393783901304872 0.49469478921756066 0.5206104554031038 0.4868545242928765 0.49257001697064823 0.514868105400446 0.5075483085956509 0.5253633919561171 0.46640974343429664 0.5331850128844807 
0.23057796152754365 0.588862208478435 0.4800990057318926 0.5100328330205859 0.5318586666862819 0.5045087834501614 0.4833804572409317 0.535641657958406 0.5318581601807602 0.4983607178997864 0.4722566970848678 0.5768186862837971 
0.4423005157697268 0.8522197645095244 0.4910098351827545 0.5264192857363448 0.5157655688728593 0.4843640183858482 0.4608036081577431 0.46176572673684524 0.48054432460920016 0.5439630525182689 0.5127171863595205 0.49354234404551117 
1.0 0.4116325820609752 0.5038641071426524 0.48514096005490304 0.48990785217847604 0.49295117186291737 0.49580235158415953 0.4979208626840284 0.4972947195366437 0.49994225982275453 0.4998619622052138 0.4977437893229883 
0.6981549662063053 0.6335308385828091 0.5012879974447215 0.5143286299098588 0.5120203738349085 0.5058458604153367 0.5075636517239401 0.46337177626662507 0.44551173763991364 0.525641642729763 0.47656676945605536 0.4972086687096685 
0.6441519151978502 0.9182671405503124 0.5072354580395817 0.4918415965273232 0.5223741774172899 0.4688101023907722 0.4985110836181363 0.4900646004270204 0.5162229919489444 0.5017978016365208 0.48110472935832105 0.5144377149526045 
0.7168022944281589 0.5468121694005494 0.48277426305228244 0.5270183256488498 0.5222966815041292 0.5130373780546262 0.522301802124415 0.4931378652546543 0.5070049197611318 0.5278675379550676 0.5044627324347224 0.5203382515483286 
0.12552267368394368 0.6202740124145785 0.47909363677905387 0.47305653010550375 0.5088249368503828 0.482075033610865 0.49539255386981573 0.515825951972156 0.48608548732890655 0.5303512587284229 0.508866266068911 0.4890352433402979 
0.8633591797396711 0.5301251590946492 0.5108029474220463 0.5083688376639631 0.5062228556711632 0.48769210827597204 0.5225286678214085 0.49891945359474976 0.488349041558242 0.5024145591420637 0.4874078633024212 0.4980439586205012 
