-28.8 30094.34095962395 1.7093056755978104 0.0774783089818446 
-1.928 14588.85989241913 0.6490895295902882 0.1759162169659715 
8.966 12282.93178669743 0.48080991236022963 0.34511480730640587 
-29.763 30426.67092134527 1.7511574074074074 0.07422544858320003 
-25.806 21291.298279774386 2.0700867052023124 0.1777537876446367 
-23.053 28104.157542273315 1.4337925217880236 0.1000687243516155 
-2.165 15177.35909411814 0.6319109461966606 0.16902295013178653 
-24.822 25661.009129390346 1.6499705362404244 0.1502384609561071 
-25.01 29092.37427301923 1.5155478058703864 0.07087619849273825 
-1.453 20381.33982889237 0.41189155884165124 0.11424210374706154 
6.201 12620.70384477048 0.4480820105820106 0.28288872884998917 
-10.232 21398.87860969459 0.939028366481904 0.14234666999103474 
-1.493 16213.77319818813 0.5210024708789269 0.15093320202268845 
-1.217 14374.847278664693 0.5936343449296817 0.17731989647256216 
-29.388 30181.36392683696 1.7424023154848045 0.07667440899981486 
-14.41 26411.185171301164 1.00231884057971 0.0787778613771723 
2.398 13514.416969930475 0.4592727272727273 0.21109126277521134 
-24.886 22598.178224492993 1.8017380109430319 0.17551445188641704 
-9.436 16133.065532029883 1.169831223628692 0.225737818718944 
-23.729 22070.5868646564 1.7727121464226288 0.166771558591055 
-22.535 20265.126768524147 1.7668074050016238 0.21094918038560048 
-7.179 16044.590473231792 0.9865887207702889 0.2206809592931459 
-22.939 21503.52194911845 1.7810344827586206 0.1642862479510577 
-27.18 22528.77884053601 2.071955071955072 0.16766100538140902 
-26.143 29233.996162377058 1.575083426028921 0.09770800318550536 
-23.426 25197.098174401108 1.5958345060512245 0.17666902250340905 
-16.05 25753.745287951555 1.0952095808383233 0.08264509683804346 
-15.456 22693.96950071668 1.1833820188250568 0.11622350997714298 
-22.423 28365.427778877296 1.4195993502977804 0.11660664235490888 
-11.867 21989.081941239205 1.0088012139605462 0.1490207146748476 
-26.865 29560.58157499237 1.6394189689547136 0.09054219622401057 
-9.992 21589.01117505826 0.9150167529698447 0.15305177540689346 
-0.847 13976.824192398482 0.5935483870967742 0.1831573489338151 
-24.261 20016.631189169417 1.9634608755601517 0.21215916730948606 
3.956 13853.209747149249 0.37436868686868685 0.21960498569408335 
1.61 13602.84703713917 0.500755857898715 0.21154977696091612 
-19.943 23918.266544740967 1.4312865497076022 0.16426429603168602 
-22.862 23516.886315241878 1.6229216152019004 0.1844033702308923 
-13.932 23808.712887039652 1.0200493522516965 0.09485812146944038 
-13.434 16978.912232067338 1.408418657565415 0.19259521167934163 
-10.835 20719.5042968798 0.9491150442477875 0.1367316389395879 
-14.033 26320.732851499666 0.9720442632498542 0.07089055039882138 
-5.169 24430.917027287294 0.5202663578459756 0.06859513790111181 
-22.257 18985.372201849554 1.9920091324200913 0.19499151791337443 
-14.283 17233.626379137495 1.4577171027682971 0.18909545826914956 
-21.864 19517.59242746404 1.8015524805939926 0.21602411628001683 
-25.043 28833.871893195057 1.5284059569773856 0.10671779883958529 
-0.381 14303.615183619951 0.5325443786982248 0.18516550742655644 
-14.438 26499.095845018684 0.991268917345751 0.07124715756418536 
-23.767 24292.277341304023 1.6556741028128033 0.12486370811780072 
-15.542 27182.262213691705 1.0510848667948367 0.09135372111793878 
-26.422 21699.96552667079 2.091268415379087 0.17516449290590233 
-23.875 21784.707929811688 1.8039726473461413 0.19238082240196006 
-10.075 23004.06595052432 0.8626262626262626 0.12387119609593716 
-21.672 26972.273285533585 1.3937668564578964 0.0850910176137266 
-23.619 28457.02974132957 1.473774720550301 0.09140881688135949 
-27.288 20832.646385531432 2.2608534322820035 0.19505632931613112 
-27.989 27901.474229430165 1.7605504587155962 0.09707535079958979 
-20.462 19083.00661728931 1.763250883392226 0.20387922527156427 
-14.637 22174.88379817077 1.1748114135782224 0.13196152542047493 
-5.016 24166.526169760546 0.5129548762736535 0.06914833991935487 
-25.94 21918.425597585858 2.0108315863032846 0.17824340509079456 
-26.431 20148.55789034171 2.242503748125937 0.20127344247391157 
-16.068 17930.93577146166 1.484869325997249 0.21206049264235155 
-15.613 22298.573563766335 1.2014412053717654 0.11678315665942861 
3.8 16307.791755886514 0.3858093126385809 0.2306309128493404 
-10.921 16382.135861768245 1.2237237237237237 0.18660106133364482 
-23.677 19379.467397564367 2.0868081880212284 0.19990960416084513 
-24.006 19907.908717887105 2.0111310592459604 0.20631405170457368 
-9.401 18500.442923297465 0.9983520105471325 0.18890880400471927 
-23.641 19688.179415008653 1.9575971731448762 0.20498047327436525 
-0.788 15923.816056532605 0.4919127988748242 0.1578660440512014 
-1.397 14871.067486729138 0.5830244625648628 0.1695828289640003 
-29.039 29765.53406250688 1.730432242990654 0.07830249710134299 
-11.808 23231.722129259044 0.9690124529394729 0.1318372117838038 
-25.096 22459.03230139909 1.8577614923384411 0.16971977462662233 
2.121 14220.123999500636 0.42748091603053434 0.2041650848579586 
-24.133 28986.616822559434 1.4696195343554794 0.08312575259751219 
1.21 13210.74276549743 0.503030303030303 0.19905736040078228 
-2.665 17587.724209851847 0.5537765402018796 0.13938864617274396 
8.117 12400.986175147782 0.46584828454516836 0.3242625970565218 
-12.616 23672.509914357535 0.9531435349940689 0.10620678753536059 
-23.843 28179.044560775335 1.4830458060678169 0.07746799126843375 
-11.799 18149.630838331985 1.179054054054054 0.22794116370562567 
-16.157 18381.971154173913 1.5049577671685639 0.18010976319095895 
-1.955 16632.403140135088 0.5440360610263523 0.1540859298002114 
-1.378 23116.596249473732 0.41169853768278963 0.1011988134628165 
-2.378 17156.74547739888 0.5528169014084506 0.1437883833187443 
-12.14 26109.13604076051 0.9254338394793926 0.10603400240211086 
-23.388 19295.42073426254 2.0662100456621006 0.19510927949749776 
-23.425 28037.044560775335 1.4598453301606187 0.07620072267901806 
-26.448 25426.974378887884 1.7775007790588966 0.1331669518371837 
-28.028 28276.04249411499 1.727056727056727 0.09543982101083193 
-1.805 14454.632141036172 0.645001900418092 0.1770740342294519 
4.896 12707.606634765783 0.4277296360485268 0.25122457081417005 
-8.591 22882.867571519564 0.7751513404439321 0.11936197749570439 
-6.339 15490.321035991057 0.9260935143288086 0.17988311369461296 
-1.501 14138.068906335002 0.6349266089574709 0.1860014905726419 
-21.541 26011.882179430755 1.4078453994808189 0.11971525501966745 
-23.713 28586.60775331661 1.4704370179948583 0.08977135520889312 
0.743 14745.82947538381 0.4481582537517053 0.179100370090174 
-11.314 25891.188031099155 0.8543909348441925 0.08329629908477947 
-25.882 20584.56442982229 2.155147058823529 0.19793873534270184 
0.464 17505.807645837824 0.38045868677348416 0.15016999545087004 
-21.129 24052.36551676909 1.4828632089778588 0.14598424902894158 
-22.658 19611.446799488534 1.8956369982547994 0.21389195471714947 
-16.231 26611.70967257502 1.0777096114519429 0.07326062295428233 
-1.524 17415.2033086698 0.5117241379310346 0.15326159531067943 
-8.442 16460.28756436296 1.0406976744186047 0.2169431966825452 
1.406 15007.064875890903 0.4313066845817938 0.19165658292311974 
-17.327 26875.571611220097 1.1628041714947854 0.09329077015443309 
2.89 13009.249252062995 0.46264694728858546 0.2211940627013448 
-16.594 18610.54262143388 1.456655290102389 0.19227004196725714 
-26.985 29647.836514220544 1.6454001708914838 0.09158512810155134 
-26.602 29345.798930489247 1.5989988876529477 0.09842784505393003 
-21.028 27620.069175083612 1.3547427891763308 0.08523044583283163 
-22.274 21180.21624253747 1.7809888579387185 0.17633749905964308 
-28.667 29965.067031301707 1.7033701336432308 0.07590578885503298 
-22.775 21108.881561985025 1.7979797979797978 0.16899361707069044 
-15.352 18286.5694574285 1.4231593995711223 0.18293758758824374 
-27.944 29451.114608146676 1.687284234752589 0.08856162162880614 
-10.54 16536.074580585 1.136205698401668 0.19601867249802787 
-16.461 27055.19438036457 1.0800928612884504 0.06875631019525118 
-12.039 26238.939559287548 0.8939021055509978 0.09326922218227222 
-2.812 17686.912602938068 0.5613060090309135 0.13939727268176935 
-3.612 15078.501827389482 0.7184466019417476 0.18841980310799683 
-24.74 25105.133548057667 1.6579993881921078 0.1379559992475225 
-6.0 15386.373921358076 0.9000754147812972 0.17791370332090992 
-20.964 20499.453453043494 1.6872246696035242 0.18910218135941384 
-26.109 20962.33785209484 2.1095048789302493 0.18641753447122547 
-1.289 15619.912434651324 0.5320284697508897 0.15925657741995095 
-1.816 16828.28044696841 0.5117322291235336 0.14337331773037848 
-25.263 19826.455624154733 2.182437547312642 0.1984466844322006 
2.975 13420.232606409114 0.42523364485981313 0.21319286817905875 
-22.671 27713.843213833865 1.4710059171597634 0.09752803125495682 
-29.434 29853.683197619102 1.751022793687902 0.07811378845535083 
-4.004 15698.359758123182 0.7110586648685099 0.1830744768038649 
-20.878 26769.729260944005 1.352112676056338 0.08462675889622592 
-4.573 17803.99939845827 0.6533518582841265 0.13442329308900644 
-29.472 30339.56418039652 1.7390552995391706 0.07743333070061562 
-11.663 23385.15240278206 0.9071492138831208 0.10704463318241736 
-3.089 23302.193424105644 0.45616598480420806 0.08413492078265791 
-27.503 27504.172779996738 1.743004866180049 0.10349386990382893 
-20.497 27300.93116615789 1.3187262635115398 0.08456402519947813 
-29.024 30259.939030151065 1.7116104868913857 0.0757051845461637 
3.874 12873.523322945297 0.4434156378600823 0.23718639849096848 
-23.79 28730.93521283138 1.4704875962360993 0.08802737620154885 
-9.065 15269.419087296563 1.1958955223880596 0.22183764350298366 
-27.693 25323.29258892291 1.870675719366311 0.12424357539422716 
-21.293 18706.090354051707 1.912621359223301 0.20385272711345875 
-21.034 27808.702585025967 1.318368544600939 0.07060711783707571 
2.956 13736.713199639744 0.40583554376657827 0.21028472061794887 
-27.541 24957.30197248795 1.9053742169469174 0.1309494449301127 
-23.312 19203.487370257022 2.050226586102719 0.19722360627061652 
0.336 13336.956782311241 0.5586337760910816 0.19974248373041406 
-25.053 24642.93272969455 1.7354859752120027 0.1241491517397234 
-16.553 18835.534616212026 1.439918533604888 0.1890723933868054 
-22.888 24555.326647467267 1.5942170240415854 0.11612448351245819 
-11.549 25536.607750733452 0.8726922017084597 0.09704561306179187 
-7.805 24735.989281837126 0.6598955310504935 0.06995780586555662 
3.52 13105.002270739682 0.4424713281539031 0.23375530666648692 
-17.845 18041.216358023335 1.6875220926122303 0.22922472781305447 
8.031 12498.949623879831 0.45124923826934793 0.3158739749344586 
-12.194 22794.718313862086 0.9818346957311535 0.1268109891127618 
-11.994 16711.47448977307 1.305052790346908 0.19068394298511115 
-24.288 24838.14171077965 1.651574212893553 0.1567860743601172 
-14.435 17332.481666741776 1.4275282949981745 0.19591324363000784 
-21.016 27400.679501167666 1.340318772136954 0.07905709750607597 
