-0.525 4614.0 1.7285714285714286 0.0 
-0.394 4148.0 1.342857142857143 0.010768199626341575 
-0.499 4286.0 1.657142857142857 0.0028232909437513574 
-0.004 3577.0 0.7428571428571429 0.1143245041569492 
-0.364 3707.0 1.3285714285714287 0.027683662777646518 
-0.494 4233.0 1.6428571428571428 0.0028154436350284525 
-0.276 3700.0 1.0714285714285714 0.03122204966038583 
-0.359 4103.0 1.2571428571428573 0.013321729987418367 
-0.506 4337.0 1.657142857142857 0.0028073399545493712 
-0.43 4332.0 1.442857142857143 0.008192337574571574 
-0.221 3717.0 0.9714285714285714 0.04541515979531683 
-0.487 4180.0 1.6142857142857145 0.005629707074550212 
-0.411 3963.0 1.4000000000000001 0.010809641088979163 
-0.479 4269.0 1.5857142857142859 0.0055691395768388795 
-0.416 4312.0 1.4000000000000001 0.008234306034559782 
-0.382 3869.0 1.3142857142857145 0.010889166914721398 
-0.528 4579.0 1.7428571428571429 0.002838282157950986 
-0.428 3902.0 1.4285714285714286 0.008238460850822912 
-0.106 3582.0 0.8428571428571429 0.08549519609870382 
-0.444 3947.0 1.4857142857142858 0.008329300557759356 
-0.534 4652.0 1.7571428571428573 0.002846827258097704 
-0.532 4626.0 1.7428571428571429 0.002838354598139723 
-0.484 4390.0 1.5857142857142859 0.002806852027701875 
-0.391 3924.0 1.3285714285714287 0.010828634002197239 
-0.442 4186.0 1.4857142857142858 0.008219802070096073 
-0.48 4376.0 1.5714285714285716 0.002806750236194469 
-0.493 4212.0 1.6428571428571428 0.0028152466828698774 
-0.45 4619.0 1.5000000000000002 0.008397215319968256 
-0.441 3917.0 1.5000000000000002 0.011121942165822424 
-0.53 4608.0 1.7428571428571429 0.0028467570346653644 
-0.144 3594.0 0.8714285714285714 0.07264978105327234 
-0.549 4989.0 1.8 0.0 
-0.542 4812.0 1.7714285714285716 0.0 
-0.281 3749.0 1.0571428571428572 0.028394333880399622 
-0.248 3728.0 0.9857142857142857 0.03571152508309501 
-0.548 4962.0 1.8 0.0028470324224615816 
-0.432 3896.0 1.442857142857143 0.008261617083654704 
-0.548 4968.0 1.8 0.0 
-0.355 3740.0 1.2714285714285716 0.02147074702440438 
-0.442 4365.0 1.4714285714285715 0.005505756929881791 
-0.294 3787.0 1.1 0.02617768865807453 
-0.37 3884.0 1.2714285714285716 0.01354175660644722 
-0.471 4085.0 1.5714285714285716 0.005569816383526806 
-0.535 4685.0 1.7571428571428573 0.0 
-0.251 3668.0 1.0285714285714287 0.04126197653941438 
-0.458 4021.0 1.5285714285714287 0.005553158803482746 
-0.508 4371.0 1.6857142857142857 0.002820135325294099 
-0.53 4602.0 1.7571428571428573 0.0028465948590765734 
-0.542 4799.0 1.7714285714285716 0.0028384966203293055 
-0.451 4677.0 1.5000000000000002 0.005522089304076612 
-0.078 3608.0 0.7714285714285716 0.08925718623443529 
-0.418 4223.0 1.4142857142857144 0.008188950904400803 
-0.252 3677.0 1.0285714285714287 0.03835272671314764 
-0.539 4749.0 1.7714285714285716 0.0 
-0.406 3931.0 1.3857142857142857 0.01098312244538752 
-0.472 4113.0 1.5714285714285716 0.005585837541246326 
-0.522 4527.0 1.7285714285714286 0.002834794477400389 
-0.474 4172.0 1.5714285714285716 0.0027926855646694696 
-0.423 4264.0 1.4142857142857144 0.008189525264542658 
-0.459 4005.0 1.5285714285714287 0.008305301851808762 
-0.519 4478.0 1.7 0.0028381343222138094 
-0.546 4910.0 1.7857142857142858 0.002846805251883997 
-0.395 3835.0 1.3571428571428574 0.01368688180141297 
-0.465 4051.0 1.5428571428571431 0.005553406185896421 
-0.482 4459.0 1.6000000000000003 0.0027853716407902204 
-0.526 4545.0 1.7428571428571429 0.0028776967984988707 
-0.525 4552.0 1.7142857142857144 0.0028383705650459924 
-0.558 5339.0 1.8285714285714287 0.0 
-0.508 4354.0 1.6714285714285715 0.002823674500496758 
-0.52 4485.0 1.7 0.0028381343222138094 
-0.54 4767.0 1.7714285714285716 0.0 
-0.495 4254.0 1.6285714285714286 0.0028152466828698774 
-0.018 3588.0 0.7428571428571429 0.10828346204063079 
-0.465 4035.0 1.5571428571428574 0.00839726472041347 
-0.435 4141.0 1.4571428571428573 0.005581432780778852 
-0.225 3939.0 0.9428571428571428 0.039730150731624135 
-0.266 3981.0 1.0142857142857145 0.028223791432964464 
-0.501 4563.0 1.657142857142857 0.002806672927614364 
-0.466 4070.0 1.5571428571428574 0.005568655050874761 
-0.552 5084.0 1.8142857142857145 0.0 
-0.296 3840.0 1.0857142857142859 0.023611025811898275 
-0.302 3796.0 1.1142857142857143 0.02363544630096023 
-0.488 4165.0 1.6285714285714286 0.008463970156963575 
-0.423 3846.0 1.4714285714285715 0.016673900826334444 
-0.502 4294.0 1.6714285714285715 0.0028154368199467326 
-0.439 3911.0 1.5142857142857145 0.016795060910054914 
-0.365 4000.0 1.2571428571428573 0.013347988655857543 
-0.319 4062.0 1.142857142857143 0.01848172646142876 
-0.529 4586.0 1.7285714285714286 0.0028465228398553088 
-0.44 4301.0 1.4714285714285715 0.008346934423851463 
-0.477 4097.0 1.6142857142857145 0.01417870074289894 
-0.449 4469.0 1.5000000000000002 0.005550807601236035 
-0.532 4643.0 1.7428571428571429 0.0 
-0.525 4537.0 1.7428571428571429 0.005722195491103926 
-0.27 3814.0 1.0285714285714287 0.028224150927380773 
-0.545 4880.0 1.7857142857142858 0.0 
-0.528 4573.0 1.7571428571428573 0.0028694960932198472 
-0.548 4948.0 1.8 0.0028470324224615824 
-0.557 5292.0 1.8285714285714287 0.0 
-0.106 3625.0 0.8000000000000002 0.07929029227618632 
-0.535 4672.0 1.7571428571428573 0.002846827258097704 
-0.516 4424.0 1.7142857142857144 0.002846540594541867 
-0.493 4418.0 1.6142857142857143 0.0028072467818421945 
-0.488 4434.0 1.6000000000000003 0.002815051140095712 
-0.098 3640.0 0.7857142857142858 0.07995512610598324 
-0.179 3632.0 0.9285714285714287 0.06500450588835066 
-0.377 3853.0 1.3 0.01358524455554306 
-0.452 3991.0 1.5142857142857145 0.005584387663184136 
-0.345 3778.0 1.2142857142857144 0.018742492260044864 
-0.203 3600.0 0.942857142857143 0.052555322685823885 
-0.536 4709.0 1.7571428571428573 0.0 
-0.35 3823.0 1.2285714285714286 0.01593817887252572 
-0.302 4010.0 1.1 0.023552526454810783 
-0.306 4078.0 1.1142857142857143 0.020941544276552843 
-0.523 4516.0 1.7142857142857144 0.0028383705650459924 
-0.562 5553.0 1.842857142857143 0.0 
0.008 3521.0 0.7714285714285716 0.12516205067766648 
-0.343 3829.0 1.2000000000000002 0.015888264550362848 
-0.489 4195.0 1.6285714285714286 0.0028072467818421945 
-0.347 3771.0 1.2285714285714286 0.01888894830831435 
-0.551 5051.0 1.8 0.0 
-0.186 3692.0 0.9 0.054551069343861266 
-0.482 4134.0 1.6000000000000003 0.0056133118651379545 
-0.544 4860.0 1.7857142857142858 0.0 
-0.518 4506.0 1.7 0.0 
-0.159 3617.0 0.8857142857142858 0.06593807382278798 
-0.492 4206.0 1.6285714285714286 0.005614102631688675 
-0.516 4495.0 1.6857142857142857 0.0 
-0.272 3653.0 1.0857142857142859 0.03910070241088507 
-0.439 4157.0 1.4714285714285715 0.008195968606748339 
-0.534 4666.0 1.7428571428571429 0.0 
-0.537 4720.0 1.7571428571428573 0.002846665921613364 
-0.436 4441.0 1.4571428571428573 0.005492488321745436 
-0.351 3807.0 1.2285714285714286 0.01606447361839916 
-0.43 3876.0 1.4714285714285715 0.013935540954596844 
-0.481 4125.0 1.6000000000000003 0.00562950524361174 
-0.566 5902.0 1.8571428571428574 0.0 
-0.537 4736.0 1.7571428571428573 0.0 
-0.452 3974.0 1.5142857142857145 0.008353257580486268 
-0.302 4045.0 1.1 0.023491051608758935 
-0.426 3862.0 1.4571428571428573 0.013933708446826936 
-0.564 5683.0 1.842857142857143 0.0 
-0.214 3646.0 0.9571428571428571 0.04766934856020199 
-0.198 3569.0 0.942857142857143 0.055654082704804486 
-0.313 3764.0 1.142857142857143 0.023755993228791825 
-0.147 3537.0 0.8857142857142858 0.07350823268531925 
-0.363 3757.0 1.3 0.021651575162373964 
-0.561 5492.0 1.842857142857143 0.0 
-0.142 3561.0 0.8714285714285714 0.07284578959641427 
-0.556 5244.0 1.8142857142857145 0.0 
-0.567 6000.0 1.8571428571428574 0.0 
-0.196 3554.0 0.9571428571428573 0.06052788013985217 
-0.563 5618.0 1.842857142857143 0.0 
-0.547 4932.0 1.8 0.0028470324224615824 
-0.544 4851.0 1.7857142857142858 0.0028552549612418576 
-0.543 4834.0 1.7714285714285716 0.0 
-0.134 3510.0 0.9 0.0835468624296058 
-0.55 5018.0 1.8 0.0 
-0.555 5190.0 1.8142857142857145 0.0 
-0.541 4785.0 1.7714285714285716 0.0 
-0.56 5445.0 1.8285714285714287 0.0 
-0.554 5152.0 1.8142857142857145 0.0 
-0.552 5090.0 1.8 0.0 
-0.565 5811.0 1.842857142857143 0.0 
-0.559 5397.0 1.8285714285714287 0.0 
-0.553 5115.0 1.8142857142857145 0.0 
-0.194 3544.0 0.9571428571428573 0.06109707840308212 
-0.168 3529.0 0.9285714285714287 0.06961322575285953 
