7.325497086475301E-7 1.3760727580418701E-5 0.0017427258786600704 1.268265099076897 
1.8476007833441964E-4 1.2832916564463215E-4 1.1221174507909448E-6 1.063692324126885 
0.2587591632989302 0.9199938542209831 0.4984822427929179 1.1402874162648981E-8 
0.5860760787515227 3.617138880247461E-7 0.9465130437045499 0.2221252428448201 
1.2258291098140703 0.05453680281870487 0.014943955105239274 0.1556847564629767 
7.561034611067815E-5 3.276291937067043E-4 2.161456550760094E-4 1.3153252996050762 
9.645879530110451E-4 0.00879070794767978 1.2248384991776127 0.15971299177055337 
0.07955608288669476 1.2142496242789742 0.0053304719906175 0.008915166121684597 
0.13662798682464608 0.08353799135221988 0.3169230753214562 1.0057753100454307 
3.3630663000250364E-5 6.880337782735311E-4 5.439464425418041E-6 1.160452921135623 
0.22627032895320717 0.79607286232019 0.4407593422240527 0.43670316141050153 
1.1620445218983222 0.04631126252770906 0.20404276084072434 0.009994394456575632 
0.8120031110792004 0.254970245873923 0.7337307737101543 0.1673763730079202 
0.24283623674972254 0.8442344034692875 0.5349513038908998 0.03957201113426114 
0.27241244474360915 0.7078604051971861 0.6770379363701312 0.4826404292520648 
0.024819032744712147 0.01662154882408733 1.165308395994273 0.1267501244836786 
0.024566310120804177 0.26885279519241423 0.5582024153683397 0.9331096473173525 
1.0504684972503078 0.015790838161175515 0.2325981286874069 0.36825974558410635 
1.8476007833441964E-4 1.2832916564463215E-4 1.1221174507909448E-6 1.063692324126885 
0.4497978790773172 0.6748926548452157 0.1821948482686197 0.7088136327987238 
0.6929430295648576 0.7808536578139248 0.044389617164894715 0.2084397874788443 
0.6801249398883621 0.11608953254475324 0.8447413212579931 0.013949792146349435 
0.38053476298748684 0.2866960537282768 0.49596807925522973 0.8739725630005689 
0.28790455348266775 0.8833945046412447 0.21879209250966433 0.5962685331575883 
0.11290105915486225 0.41881726491591353 0.3918175555010285 0.8967084108003127 
0.46275022264198273 0.766717391400416 0.36766542154922777 0.5446408708003417 
0.15723951914831472 1.0229602282229817 0.5238953897267534 0.13727473245872765 
0.9300027202015438 0.49979860290408373 0.21078089270713782 0.009264708639052854 
0.36793256113308 0.21339158045697626 0.619722041432183 0.7801325924489163 
0.1003471930551033 0.7281859764166285 0.813653283367493 0.12839678957826034 
0.21796830680633184 0.49223047788481294 0.7810033104471689 0.5267661622810792 
0.47842842483745324 0.06126356323251203 1.0154137113180448 0.0013593747195896678 
0.9756703583498739 0.3731974412756744 0.25459773911101524 0.07495706458105585 
0.24664738100125821 0.6409102022512184 0.6014109356983777 0.5920915282793402 
0.02716935294434308 0.39015307573985847 1.1156643193159017 0.008516391769025751 
0.3932626714524984 0.23320429845848314 0.2963464121991603 0.8788082330167561 
0.5479978240534994 0.054578812790630066 0.949407633835156 0.14541284450652386 
0.014552267530593532 1.1644056365799382 0.24700591505209213 0.006402507591601078 
1.2258291098140703 0.05453680281870487 0.014943955105239274 0.1556847564629767 
0.04011911019663456 0.9799225664944724 0.03653537411241626 0.5170346408286103 
0.659699691417657 0.4781867478602662 0.7534074198718044 0.0796194423625289 
9.645879530110451E-4 0.00879070794767978 1.2248384991776127 0.15971299177055337 
0.32562949546357706 0.5718354808167596 0.2869248281423361 0.8087209712638255 
0.5354348291922432 0.20335991820517543 0.6605138521187472 0.6788106000363555 
0.04220186102870763 0.9472502053212285 0.17675017714982214 0.4509552195824404 
0.07955608288669476 1.2142496242789742 0.0053304719906175 0.008915166121684597 
0.13214773513434902 0.894201315248217 0.6379029839458913 0.12792216052844343 
0.7453927075490336 0.024944917979073635 0.4819656122796242 0.5882478059661508 
0.8674797175149874 0.009245890634218388 0.2251658019243712 0.7606660345564134 
1.1227074864419024 0.13142184482487096 0.002904730835957293 0.6604615274406369 
0.064981357594331 0.4715479515478044 0.9386031457746052 0.018366189345110737 
0.583554940198558 0.01223581368767624 0.14208845033007442 0.8461565215893797 
0.8448853938249099 0.2028161006278036 0.3408831299148708 0.5236263948971713 
0.0028529273651399407 1.011729807572332 6.192649677791248E-5 0.4595191558630818 
0.24184377524637515 1.0435058756331939 0.009654728091874452 0.0021880772065885207 
1.1227074864419024 0.13142184482487096 0.002904730835957293 0.6604615274406369 
0.05987881667867648 0.6139126787925067 0.41984895558154756 0.8435250321914531 
0.6077391186198998 0.4496731827821462 0.68488627085308 0.23421384975119336 
1.0355120891891074 0.1797304193631919 0.01419948496574198 0.25037049565440056 
0.20544398244782305 0.4639472184765966 0.7382377086913294 0.6115703291993903 
0.0031078465533222787 1.1021314575959598 0.014090978604633988 0.09137395088972537 
0.004365116213869664 0.04258891762057759 1.062135349474748 0.09006175519871275 
0.2910350141869953 0.5292290910074599 0.9193228667502042 0.16559261963793329 
0.1569586493710726 0.5533121768301427 0.9097752179494357 0.24935126233840088 
0.014936888081531818 1.1458710576196214 0.2636904783661201 0.006317288646569805 
0.5647432368942934 0.9520369142358686 0.13718354476557265 0.15248772401231409 
0.33947833060500976 0.5093653004198673 0.5425311127725759 0.6974623212892056 
0.5516499603984732 0.9170541106597063 0.25997219868012156 0.06186393281441485 
7.658178807414169E-4 0.02097699098925425 6.740162864184473E-4 1.0635536210215832 
0.7504457920841884 0.6881194180523726 0.2424242689996951 0.13725191086075003 
0.943974401972062 0.018138278017650226 0.18841766139340133 0.6441203439559072 
0.6408161415985202 0.026131218692125768 0.5624815208427144 0.6509609146412694 
0.6061758463943292 0.10346726979220715 0.7528937043271483 0.3056863697834244 
0.5183269051575286 0.5789860874731488 0.7066892331024107 0.054490087920563306 
0.8965910352734344 0.6125208518833694 0.04355305123292827 0.013661384301374346 
0.6203748375664272 0.1488837121944004 0.5634228521773682 0.6537381173503239 
0.002604951407184926 0.5251285238629452 1.0310849140167273 0.14871440004219144 
0.7646333482886957 0.4130323023176888 0.0937944929877767 0.5710331430970518 
0.4476841346160984 0.7484009745989276 0.3846413947663159 0.550427125304791 
0.009497175883297904 0.6019958319734457 0.9158916456212106 0.28494511487464275 
0.049231016923528 0.6103426182657812 0.8837924972981221 0.10426167338718911 
0.3531606646550995 0.9176836668300965 0.10812909852903066 0.47174608944842905 
0.5088392486326945 0.2942731595361779 0.8941892525137005 0.15057826543360137 
0.5773002374995451 0.7279565286996788 0.10028363289336016 0.4450580274719714 
0.9524241274303098 0.07358617531387711 0.5824433209927484 0.02698255797702628 
0.09049901303999558 0.9017315008607265 0.04737632271523841 0.6224814545684209 
0.9880630128698386 0.6750114316868121 0.013727705497410824 0.09955010661970974 
0.04246960505890867 0.7181294238088731 0.5923076411703445 0.7440834775126519 
0.3005428750014128 0.5465185451657371 0.5120061665442268 0.7876597919481607 
0.039910347786065066 0.6160479118201266 0.8812994745218351 0.013956785224698178 
0.11578515865726112 1.0296436346156985 0.23516955650054794 0.006917360085605701 
0.7417962144983594 0.3589612335928603 0.7008304476373263 0.08908322595594383 
0.19625832469971952 0.9684989048913326 0.24931362081199163 0.29027140450612515 
0.016979956458068143 0.31002551118257293 0.6334821623943804 0.7997784539081804 
0.4941389094019148 0.05476123043928989 0.9928043175323334 0.008682921351710247 
0.0031078465533222787 1.1021314575959598 0.014090978604633988 0.09137395088972537 
0.002444582688905189 0.056776931647324315 1.0508094831882187 0.09328003678474164 
0.43236248451212805 0.7326721535484226 0.525152544570486 0.35517782010413546 
1.0813636065674648 0.019697215711293917 0.014676486616699758 0.36479152875047755 
0.9611534680521899 0.1513712886669131 0.008725803134136444 0.3052515980563872 
0.5316082508216484 0.5709074290628807 0.7094076951523463 0.011020883211780743 
0.9624982564490258 0.013865834906062252 0.10843455492242274 0.4499169936900374 
0.6595902727946855 0.3233537220399322 0.05467060989537404 0.8327432233996103 
7.561034611067815E-5 3.276291937067043E-4 2.161456550760094E-4 1.3153252996050762 
0.08382349677873767 0.4453451796988446 0.9012742619363184 0.3531477570773542 
0.43236248451212805 0.7326721535484226 0.525152544570486 0.35517782010413546 
0.3289534140363083 0.24790977856872098 0.35938139132950586 0.9181794451349645 
0.7768667799774417 0.5852938069141659 0.0031313486852437107 0.4997356622533953 
0.4896616467155864 0.2189652065450515 0.4614472462070305 0.9145408073876545 
0.8162352640416708 0.2562991485181295 0.7372718427016369 0.16509591720404285 
0.7095090771368717 0.08275491770605387 0.049857392754040726 0.7949048972540561 
0.5365450146562983 0.3102960259464325 0.5085306882119099 0.7676429348590541 
0.3932626714524984 0.23320429845848314 0.2963464121991603 0.8788082330167561 
0.036882988905649595 0.9008792311511227 0.03452484458700014 0.6240815197226314 
1.0400509149998578 0.11186286363070143 0.008703014676396125 0.5711396953530443 
1.0537380313434315 0.4222823166899829 0.26430767678513534 0.003321867852433505 
0.21004286659255864 0.9360607762460065 0.4230851034868547 0.12130664666492624 
0.5698085980021842 0.27363715266440153 0.7739082605139497 0.31421860130087886 
0.4896616467155864 0.2189652065450515 0.4614472462070305 0.9145408073876545 
0.04246960505890867 0.7181294238088731 0.5923076411703445 0.7440834775126519 
1.0124073294990033 0.3637154352318698 0.039327473945314974 0.2414255245298852 
0.04778015065976819 0.6354441804660582 0.562758690590602 0.6550758615488547 
0.45824806943552987 0.6875716194870681 0.01675200231680086 0.7047157926994203 
0.5698085980021842 0.27363715266440153 0.7739082605139497 0.31421860130087886 
0.7257821631359004 0.013313297107638738 0.8035102945725685 0.126796197256422 
0.7112722893271105 0.17069818503831696 0.528815455903679 0.6887654677493885 
0.3244906654661581 0.24366557795219143 0.3540437932171387 0.9263757654798811 
1.0214386191346017 0.49428247219068994 0.007133411173511313 0.01527216346975802 
0.21004286659255864 0.9360607762460065 0.4230851034868547 0.12130664666492624 
0.0647413272127615 0.8653703751830596 0.3404520215801477 0.524875230683317 
0.15707506791059334 0.5826849705507207 0.0752277033936235 0.9320376949867262 
0.26564877822117505 0.9586642503858271 0.023487717130321936 0.3483442530920124 
0.22695986735452825 0.9658815376480178 0.2503239435964059 0.28497151028552303 
0.03598153236960544 0.019337061298895557 1.132786347686357 0.004239262915717103 
0.19625832469971952 0.9684989048913326 0.24931362081199163 0.29027140450612515 
1.0751495807651008 0.18928205397968287 0.035044535905277126 0.2478601738225406 
0.7742467253130887 0.4593764661114325 0.057774075728943136 0.5407866105238346 
0.4947114327251144 0.17999705326602822 0.4550539696031388 0.8907724094156698 
0.7324983711551762 0.013436495055093093 0.845753044133181 0.12154552519973809 
0.012812966978355836 0.8579531121115167 0.546759945920553 0.32845831436556805 
0.9539426138282723 0.36391900314922976 0.008627935368348782 0.5013586619269832 
1.0064142327302381 0.11468614005846574 0.008427446331388706 0.5530553847470495 
0.4524060640772727 0.2855561439678118 0.006107387265337998 0.8861319571536886 
0.006730220605893144 0.4148127229485192 0.6044696158481921 0.7833667822220065 
0.3005428750014128 0.5465185451657371 0.5120061665442268 0.7876597919481607 
0.0235363092299542 0.42973351070641347 0.5555901779789454 0.7967206398894157 
0.7112722893271105 0.17069818503831696 0.528815455903679 0.6887654677493885 
1.055447607470565 0.4083787395466866 0.25724670417680845 0.003236405600754702 
0.5108251154160005 0.34364014893133055 0.5053972841589731 0.7774928227498921 
0.6595902727946855 0.3233537220399322 0.05467060989537404 0.8327432233996103 
0.012812966978355836 0.8579531121115167 0.546759945920553 0.32845831436556805 
0.014403289222650297 1.150593556139374 0.08524228907405296 0.028139798142438128 
0.11453276906480922 0.7830470495865594 0.7155207428411213 0.009725306496995802 
0.2587591632989302 0.9199938542209831 0.4984822427929179 1.1402874162648981E-8 
0.2581148541137096 0.300088341422797 0.714343105539255 0.6736703378701357 
0.24184377524637515 1.0435058756331939 0.009654728091874452 0.0021880772065885207 
0.8867658453742524 0.14443195616678206 0.5435874017910791 0.10182840478629053 
0.6941261055532992 0.46686459633317035 0.05368331988684564 0.6539144952992074 
0.4476841346160984 0.7484009745989276 0.3846413947663159 0.550427125304791 
0.5167107767271093 0.5898768894566888 0.7128575917706327 0.008284280877422827 
0.004365116213869664 0.04258891762057759 1.062135349474748 0.09006175519871275 
0.6336300269432633 0.43287473174858043 0.6934208393601923 0.08424557191167482 
0.02716935294434308 0.39015307573985847 1.1156643193159017 0.008516391769025751 
0.03728152156372611 0.4068446044956851 0.35314979552932035 0.9302833826142851 
0.5626023693036144 0.11255416811429081 0.8582692013571084 0.08409248358564406 
