1.8819091263308854E-8 0.00649783694278108 1.1590590183549585 0.6682127090291731 
5.307556681496059E-5 5.300548815673373E-4 1.2271674497224493E-6 1.2464268486896937 
1.3615017009487276 0.026280431655808352 0.4755955585635096 0.0011934384080984648 
2.8501528372505434E-5 8.222684180619285E-8 8.688174943421695E-4 1.1806749856272605 
0.0800489900923413 1.0654875797816044 0.377917192265318 1.4357620965249506E-5 
0.00995778210397578 1.7160046873525455E-4 1.563659196968444 0.0328239321695122 
2.5964577333087347E-5 1.5448068264933021 0.05608125567850957 0.12109749232664045 
4.9979848405608696E-5 0.0010047839316521116 2.5217242721246264E-6 1.3664032993130424 
3.741298632976713E-6 1.2917918368741725 3.071969293874592E-4 0.24832234800778483 
0.09926685236380563 1.4696999628747618 7.735899347006847E-4 0.004404968017589875 
0.2642902713636301 0.11970282689257751 1.393809027410363 0.014852013905413587 
1.3006068388819763 0.0010881185386834961 0.019479632979142816 0.018188046314965695 
0.0052777869463516034 0.006408893296382973 1.2980691744602195 0.07999589426514206 
1.1785577021874898 0.09247837486427443 0.026535746601614486 0.011872720307379446 
1.2232575066289906 2.5568156805037528E-5 0.0011585919199605286 0.13331762029766067 
0.004640804405826438 1.2359590460845766 0.008246230734342832 0.09883577399692924 
0.06039105744980259 1.7212633406553227E-4 1.021429884252403 0.5220425888385067 
4.0585633478809324E-5 0.010233224548803618 1.4522027174205907 0.14100701165675975 
0.018267691490406596 0.8539427203874479 0.012126410770726839 1.105258209119571 
0.4800909926108089 0.6060665516438563 0.5365708592895665 0.4190034728666092 
0.6132944706918716 0.4559041311345797 0.7553195771275105 0.35142634149065943 
0.2908323369217795 0.43094199010244005 0.2627806006192175 0.8841222185283709 
0.6591877172239591 0.7510264487343422 0.579253598494635 0.2265745990442785 
0.3625166135332262 0.5371604565527478 0.3275506927702029 0.8001967980643966 
1.103664773907193 0.01877112647590056 0.5637007773757682 0.209882473766035 
6.710886429005649E-6 2.4107888179585735E-4 9.015850430087196E-4 1.2675999673534133 
4.9979848405608696E-5 0.0010047839316521116 2.5217242721246264E-6 1.3664032993130424 
0.044855757578583 0.877737176498489 0.7015453464608468 0.07787691793867646 
0.4898664845278323 0.9276419630416616 0.09460055061618916 0.14151262764205777 
0.7982177536427155 0.5928354246614922 5.457235403202014E-4 0.19520650176804047 
2.5964577333087347E-5 1.5448068264933021 0.05608125567850957 0.12109749232664045 
0.7908463971216431 0.28280420697190073 0.3704344403568073 0.7576750030582635 
0.27589947496717604 0.10838164308169439 1.0785103260642104 0.01155832552751001 
0.01934899907133584 0.023598337672784464 3.281934019601836E-4 1.1183928973335653 
0.6011447483040323 0.7418946267070671 0.3373408338061562 0.2907269329441536 
0.008566320369596836 0.16800713674122147 1.121064977117276 0.0779044431555731 
0.3796491296412706 0.47304726101013905 0.690647090423189 0.6440055548877067 
0.0026944085540453427 0.8172057364012391 0.8893772570883182 0.04715776773516363 
0.7105991923309233 0.5233936947742313 0.8780664332422458 0.26098646412713705 
0.7519205335107034 0.5576728936101318 0.19860572366467394 0.559595416471631 
0.5511405601003945 0.6908427134094356 0.9617965414279764 0.05099768129627378 
8.218062370212879E-4 1.1497527549226254E-4 1.2506173658795239 0.15816830307231894 
0.14303332494132856 0.23212007904273793 0.9946212608027671 0.12915962683204732 
0.0016827756435794272 1.0914978738265388 0.2600525355263903 0.35225072619559317 
0.09926685236380563 1.4696999628747618 7.735899347006847E-4 0.004404968017589875 
0.5171503125617986 0.8971883514204101 0.15439894981061483 0.13961126138979316 
0.042186641939615216 0.9892017290325005 0.0023053892966188247 0.5623758070070474 
0.6922300528099609 0.5271413532644975 0.0070612126556491425 0.6392534325485272 
0.8061987987024248 0.643949827385485 0.08521588091214989 0.04481221693175515 
0.5334741296298834 0.16871189499962044 0.620819397653717 0.5854765224171357 
3.3669245080670777E-6 1.1625283147825403 5.759529609418433E-4 0.6702023544126536 
0.2590804204799967 0.470318029959251 0.08005829916369837 0.9062761824483189 
0.004312706613660571 1.1485786269230487 0.4401813567347451 0.09621626743244369 
1.0681612105632878E-4 0.017376586220720334 1.1967994161336974 0.23446347925687014 
0.9948200567872499 0.016417561748712558 0.12911425920662223 0.4121911294924629 
0.029197246249511987 0.9722781718684691 0.006523219773031041 0.4812690822110676 
0.11071914469943125 0.13905160409414483 0.5931339237804241 0.8255778946493715 
1.050624162619282 0.12727912991846124 0.005013894798305895 0.3103605859368541 
0.7908463971216431 0.28280420697190073 0.3704344403568073 0.7576750030582635 
3.1325897881145922E-6 1.0816174578777633 0.5175681906014646 0.5999869009865385 
0.7314119618816628 0.6597937941592827 0.4483237791851607 0.30617233972221725 
0.21336376583757596 0.0641804685612609 0.8127959762477911 0.5904035804249483 
0.9948200567872499 0.016417561748712558 0.12911425920662223 0.4121911294924629 
0.36646289171749064 0.7388654821761199 0.5976552088883869 0.3850420554150212 
0.30591566772201706 0.10097113520521564 1.1368155602333323 0.02232079550214453 
6.671730453237685E-8 0.023036083945162333 1.064192266685654 0.6136548634717791 
0.7616077281449476 0.3660943889717034 0.2875761919111783 0.7332392067389878 
0.006215243525696821 0.0074374301173455335 1.5154198264391843 0.07272728491324146 
0.9836677111258603 0.0051616971909721945 0.6764842581170133 0.017527539382857983 
0.8459652728262018 0.30251454514824433 0.0016550729079169695 0.741560041682459 
0.9140674964848929 0.0036617190413439625 0.18614900590784533 0.9986971047074857 
0.9481131892788723 0.05647400690943618 0.4800693619490062 0.34805700593724914 
1.103664773907193 0.01877112647590056 0.5637007773757682 0.209882473766035 
1.0752324913446027 0.13019371871375468 0.0051312952037846854 0.014726727983527328 
0.3953351737893816 0.051000302510090655 0.3028613862197281 1.0137998956371816 
0.11253323111341317 1.1238464715443532 0.0026018962494725223 0.5350821541778602 
0.31341027213850525 0.22479923304668958 0.29291753068641707 0.9261128550879116 
0.17963241328917814 0.20146146768444215 1.0568138193806402 0.20358389280921343 
0.4404991891984976 0.7844112395201541 0.3259175202274861 0.6651825772447125 
0.33999486327872736 0.5037887621325561 0.30720123946829936 0.8107083094136429 
0.5360103111163529 0.2918768163677778 0.4555937369886511 0.838331179518647 
0.7620737185301493 0.5466112718057556 0.4208252847276126 0.05355956864572943 
0.9316231023630651 0.0019581587286199957 0.005180804285054623 1.066290741996538 
0.030681587706150804 1.0395680280998814 0.09158349675511132 0.2218300441951116 
0.5916025556271918 0.7243023030774222 0.006278130552949378 0.4647855698296542 
9.642632967286212E-5 0.0032251321464237368 1.2427888404058434 0.11574463331671946 
0.9145759938818675 0.013397914063507398 0.6607592159653967 0.32133633042898196 
0.23847883653294882 0.3480976147384402 0.4554053530481612 0.9669049028065443 
0.563209775114331 0.6316514143029295 0.35230321591725633 0.7291355578033807 
0.22346819540202825 0.450615929501793 0.23854685043225465 0.9922189395194835 
0.8715639266970491 0.004005724167842617 0.6302974794377039 0.3517957336063302 
0.36646289171749064 0.7388654821761199 0.5976552088883869 0.3850420554150212 
0.6414202670724504 0.7871083320621654 0.10258987701787659 0.24023724787571618 
0.13969782085464372 1.1314744700089754 0.010024633604668608 1.444319593564621E-5 
0.32372611639216725 0.41657380727164656 0.27602946954654384 1.038361176083138 
0.477022546182452 0.7034610420086392 0.9187609090157601 0.006125840017209098 
0.477022546182452 0.7034610420086392 0.9187609090157601 0.006125840017209098 
0.864946593044923 0.39273476107750527 0.006370431315927009 0.47210558071648046 
0.002168749582870905 0.9661557891084873 0.5334270112261903 0.04733227628265768 
0.0041560479499965376 0.5646309119409557 0.21323713128011698 0.9227127051874205 
2.5707014132214315E-4 0.00989714267899904 1.5479370399755117 0.07428783507378543 
0.32837779849336163 0.4773112485063083 0.6278014166795027 0.741576202135775 
0.45055499852946734 0.4147307982918139 0.28416936760185874 0.8262853238864731 
0.9641737346609693 0.3429288332994137 0.13430999097293864 0.010858447350404372 
0.39810046465691395 0.4972117097767103 0.4018668326969267 0.8343910820230126 
0.5443685946649768 0.6738050330182995 0.01422129424044792 0.6981638010272824 
0.6362529861025724 1.0544051714167584 0.0032066100652438246 0.1372653930613287 
0.8489982071819278 0.07116732353049682 0.0011685419851712845 0.7395775349059196 
1.6825011569824165E-4 0.014352887301837876 0.8495159732891382 0.7456399744984297 
0.07408192814223352 0.03497033269106653 0.8346377496773091 0.6889040440274635 
0.7097382168781426 0.640940076470248 0.5279907631398393 0.3185445673216821 
0.6478339396450885 0.8046372627894618 0.010934682965706401 0.00943910920744288 
0.05155898881768388 1.0838453667925567 0.03569389091407598 0.054987744754874016 
0.6222974807377456 0.5573641537327391 0.012040485125882907 0.717317783489783 
0.017502338059259038 1.2808361141625915 0.0012008040437520202 1.5491162948932043E-4 
0.5555563223431408 0.6876529061165344 0.00518759875859717 0.6761971110842993 
0.9316231023630651 0.0019581587286199957 0.005180804285054623 1.066290741996538 
0.15435644258856512 0.08790851496262385 1.172896698002743 0.06843802525257192 
0.10990177577586963 0.13186052348626157 1.1439232477558807 0.1096078010108404 
0.19461358622388436 0.3861885143295665 0.2962720301213969 0.9449458269476801 
0.10710702736633593 0.9792620838799008 0.47030548628866664 0.3154742728476216 
0.004323609813267821 0.7215161506856276 0.173595755862813 0.9871944219653247 
0.07901516921818018 0.771842618430274 0.8443934967887081 0.044772577757394016 
0.08610194203319708 0.7454402522324388 0.8166631843308176 0.45017570813683166 
0.6933783685612285 0.7773202494151741 0.029039446096542656 0.3271320238117472 
0.9652652615847613 0.3181165812918169 0.005321479571794719 0.23133912558657144 
0.22346819540202825 0.450615929501793 0.23854685043225465 0.9922189395194835 
0.32372611639216725 0.41657380727164656 0.27602946954654384 1.038361176083138 
0.1489261626728184 0.18403993742469146 0.7813926718620645 0.7066409915079521 
0.19515026763534535 0.4534227098463588 0.13655979319376635 0.9071720066084097 
0.2839370777595964 0.05558345912915938 0.7845144566512392 0.6959238378753512 
0.41053270737329917 0.6011531026178933 0.8047016570839293 0.2523725998477036 
0.004049532357715841 0.8928999255099753 0.6470788930344525 0.3014067580967831 
0.23847883653294882 0.3480976147384402 0.4554053530481612 0.9669049028065443 
0.011184615773420593 0.9162524324221545 0.020919947397431516 1.0067939852654837 
0.7123967167620734 0.6541553681611251 0.4488136437915128 0.3421154942492868 
0.39810046465691395 0.4972117097767103 0.4018668326969267 0.8343910820230126 
0.16349043791315 0.201811766829854 0.9757148392151823 0.573676904315367 
0.4633056098303733 0.3450596075959652 0.4887565072417207 0.8499304738367622 
0.15435644258856512 0.08790851496262385 1.172896698002743 0.06843802525257192 
1.051770909024115 0.12691053280437567 0.005019078807711603 0.310681476633883 
0.41053270737329917 0.6011531026178933 0.8047016570839293 0.2523725998477036 
0.2572472671732224 0.5104779262979091 0.015257334062933814 1.0192253972076193 
0.42684121975661793 0.531849157886612 0.4999489504847335 0.6900192472734284 
0.16732485094551505 0.20901768645110297 1.0483043393467968 0.2019446323838649 
0.08610194203319708 0.7454402522324388 0.8166631843308176 0.45017570813683166 
0.5064029930369218 0.02802175132452746 0.36677681811464274 0.9499731015422189 
0.1978030982607808 0.17857735533974475 1.040143377038106 0.21706970390408536 
0.29903967741982157 0.399869440033056 0.36109423525316164 0.9352548843619704 
0.0041560479499965376 0.5646309119409557 0.21323713128011698 0.9227127051874205 
0.006215243525696821 0.0074374301173455335 1.5154198264391843 0.07272728491324146 
0.14303332494132856 0.23212007904273793 0.9946212608027671 0.12915962683204732 
0.024753391749928494 0.6320623317252761 0.47218024557668314 0.8620882743359081 
0.1489261626728184 0.18403993742469146 0.7813926718620645 0.7066409915079521 
0.607612964966633 0.5325123370982636 0.8792856501016062 0.34324266553785254 
0.1978030982607808 0.17857735533974475 1.040143377038106 0.21706970390408536 
0.5046806331106463 0.9203651098983988 0.007494705831798414 0.1136473722765269 
0.030681587706150804 1.0395680280998814 0.09158349675511132 0.2218300441951116 
0.33999486327872736 0.5037887621325561 0.30720123946829936 0.8107083094136429 
0.7138606049167273 0.881001370301789 0.002840411700441506 0.1381505717337482 
0.42684121975661793 0.531849157886612 0.4999489504847335 0.6900192472734284 
0.29903967741982157 0.399869440033056 0.36109423525316164 0.9352548843619704 
0.58197417684184 0.7125142253167732 0.009753210159070996 0.4515072586211999 
0.563209775114331 0.6316514143029295 0.35230321591725633 0.7291355578033807 
0.026395171403760315 0.8886413988885822 0.6413173051076871 0.23325460349974672 
