0.9995928007659187 0.004576246540904327 0.9166866608870414 0.6993973612866886 0.49354926584033865 0.23700622971816498 0.4210079754766894 0.829048370295554 0.48137429574573 0.4223649232011112 0.5679201800025159 0.4843350007130843 
1.055242553334862E-6 0.7698070896964038 0.9494241653690236 0.4404093517484842 0.48547485003745844 0.29075809177792294 0.6521557858392096 0.6686269403020384 0.38615108815192195 0.571455580517806 0.7189859518486291 0.47972661329621447 
0.9186690365535515 0.9999087761148492 0.03031353707687931 0.24854449386655098 0.6446287879140087 0.4235199848751853 0.6607335303669538 0.6832104536026673 0.5282900457207915 0.6050766545029689 0.228206843249404 0.27934920852648243 
0.9065273945291514 0.9999630205221085 0.9644041698169634 0.43133241784882914 0.37286634676040675 0.4175626387543989 0.654231755974614 0.7013907572510844 0.5614189805943405 0.5492729392478386 0.6252435687304644 0.3802833255607183 
1.055242553334862E-6 0.019710376125076867 0.0663686512116598 0.15676501897946646 0.48547485003745844 0.29075809177792294 0.6508372195120598 0.6686269403020384 0.38615108815192195 0.5740661503680815 0.7189859518486291 0.47972661329621447 
0.079995648949436 0.008850802426197762 0.7336423178386634 0.6995696665101613 0.493741827112839 0.5173504451899754 0.6241129829538659 0.7621600493541706 0.4212757598731044 0.42256832543100264 0.6148721025035078 0.4843350007130843 
3.5141871660866134E-4 0.017872566382381258 0.9098908749904567 0.795564868145304 0.48831058184578513 0.2890127290040746 0.3303287357409991 0.5840267800068463 0.46933531768557013 0.36255896499696333 0.3345971929122605 0.2819322026782618 
0.5361735455627084 0.025126299119602763 0.6805217204581991 0.7178090784280922 0.6651097612866955 0.9293436973768279 0.4874301599476652 0.4395255094373533 0.41835955254907997 0.5183674680232768 0.4909477238170268 0.42198454046102785 
0.23788355068166123 0.22592230568255794 0.49472498970864326 0.4404271358150941 0.4673485893210952 0.5681636025063682 0.6300391736740146 0.6656362481889714 0.5267064519633008 0.4333303493395423 0.4640591661814887 0.5015968712983492 
0.9057614075687976 0.9999087761148492 0.03031353707687931 0.7845965605768122 0.6446287879140087 0.39664874900986874 0.6607200538822903 0.6914960944251851 0.4881465267431719 0.51635296986713 0.3758237537747229 0.27943786324899617 
0.4866068866351822 0.7013508750441122 0.9736446884102177 0.5047542735588287 0.5621347871907647 0.6678387607076459 0.487444344887172 0.6273400320832586 0.44758095174558427 0.45963074029152023 0.48970256570616955 0.42225434646171933 
7.181967898312255E-4 0.015022084971903313 0.027320954822001253 0.6987456685706538 0.4892063141038905 0.29244275535619146 0.5055467012768152 0.5387916087621107 0.44626065778467144 0.5697189326092097 0.3345971929122605 0.3196453022759905 
0.07804940856014335 0.2897512084458043 0.05072003969576616 0.6884050762000073 0.5198763371239334 0.5972869951110996 0.32161019156095905 0.5482684613330719 0.5250242783868778 0.5095854215671078 0.4195751772611378 0.49915863969342295 
0.4371594295907155 0.4978468160675172 0.2240423672349614 0.2687398750964146 0.48455859902838927 0.5354048262398189 0.6103450601004606 0.48803978123593184 0.4920365826580524 0.5773978532740905 0.48957767061075974 0.26297457251916256 
0.06936446349031017 0.7334666101198601 0.9181662075993372 0.4931165188992154 0.5262701360469833 0.5580195923990217 0.41087791084473824 0.42970117736912994 0.2750277776665492 0.43405670629123105 0.5686811400232388 0.36509265876578534 
0.3809309652247054 0.0020438560111598336 0.9538247184713741 0.7045117723598436 0.49548179037881335 0.9806293468417783 0.616327115595728 0.7512278291594062 0.6386088910687708 0.32025874225285256 0.40640906514964287 0.34691628802763047 
0.1666766259914479 0.27480328077561045 0.6534498658300318 0.44005478913014906 0.2875634788940812 0.6357040515988635 0.6552240701040553 0.5033582855539445 0.5304569762790513 0.43839491172012823 0.5515491077148509 0.5689485230327935 
0.9910090532953351 0.23154596548329998 0.5869466353602864 0.4404271358150941 0.4673485893210952 0.23234899559389569 0.377030664089251 0.6489963046577978 0.7204120455584193 0.4333303493395423 0.458254140338268 0.31743277495435496 
0.6627762937177893 0.13091804235405188 0.02790508053251861 0.5799948272405754 0.6170988916440796 0.6468279748707685 0.6600328682882539 0.48211649281233265 0.6418345481670448 0.5080330608915374 0.37563155357743777 0.29093527863694674 
0.07665278698453232 0.0020438560111598336 0.9258879443553937 0.6972743146660001 0.4878941158630663 0.9802115932556191 0.6504812538425249 0.5824776738093761 0.481624887737573 0.4033981669187483 0.41273903252035005 0.29989561194089387 
0.9865667118624953 0.0020438560111598336 0.9441945360858931 0.7063505127482134 0.49544386117755923 0.9802115932556191 0.46251796363276254 0.48441754321398767 0.6386088910687708 0.403344764466112 0.41273903252035005 0.3477126127685213 
0.17698959813271847 0.4099743854590099 0.2195689619138874 0.5074244134790481 0.4873659809665447 0.2661896994871533 0.473591858942944 0.5012767383240093 0.42759690453544136 0.514767116552885 0.41289170866173563 0.5187391201878234 
0.2696763956822915 0.27786186094925425 0.20370979356022498 0.49319990308900513 0.6179822749564963 0.5381553686087375 0.5056355230439092 0.5210152800839474 0.598454460724803 0.3612473334307995 0.6260121261740805 0.4797182092171732 
0.9995928007659187 0.008850802426197762 0.7336423178386634 0.6993973612866886 0.493741827112839 0.5173504451899754 0.4703038309909005 0.4941981839532046 0.4212757598731044 0.42251492297836635 0.5679201800025159 0.4843350007130843 
0.1508926883854871 0.3398984867776733 0.6846286964316131 0.4910095489454739 0.4936652388387054 0.5257883772183172 0.4875824101464672 0.5017351640187112 0.4211463895478499 0.4600483965500469 0.48971236365444304 0.4180923125353038 
0.5590001526750356 0.04504812325038743 0.7165715604825738 0.4899514344164035 0.5257167304662226 0.7878672748354031 0.44043042065782456 0.438492068166473 0.6352164874509242 0.3633133369768322 0.6270355418264749 0.4137673660131572 
0.00442730749966061 0.14279126809097975 0.9507640576224642 0.40840966575592197 0.5161679343211746 0.687627325898521 0.3166597914931145 0.4779853728245477 0.6438412936565426 0.5157321367059283 0.4532392196270359 0.45656831707388257 
0.17698959813271847 0.41926035536048145 0.21355360663814793 0.5074244134790481 0.4873659809665447 0.2661896994871533 0.473591858942944 0.5014231638975761 0.42759690453544136 0.45223975769839486 0.41289170866173563 0.5187391201878234 
0.339104271858859 0.7013508750441122 0.9736446884102177 0.5003963478281579 0.5621347871907647 0.6672001644934906 0.487444344887172 0.6669812752478178 0.4176870259704905 0.5073076281492601 0.4896728073442089 0.422085797518855 
0.046040542900583736 0.03464520138068719 0.6139054767992579 0.4396398986410428 0.23116160949338865 0.6472524561313437 0.5341326448754706 0.6773999256659912 0.6080341180045983 0.5237275566943311 0.5402521759155927 0.3607531595967578 
0.158804066371669 0.1670791047972639 0.0032461254973045923 0.34795562604670577 0.5206088208817242 0.5214091361419119 0.5020175646857816 0.581139069390801 0.4265903206573548 0.4545907466086682 0.41273845472321946 0.45868203317594813 
0.19979017066660887 0.4726042487071231 0.14614011424664103 0.47530452356678043 0.49456801912852233 0.5870314150678442 0.6503017435809166 0.40777040157796435 0.4785873416715805 0.4588002490330119 0.5450617010514507 0.47308280010718295 
0.6115581763773728 0.05298761518337597 0.4708771177836162 0.4937518453139035 0.48612382450732133 0.5392717340621841 0.4808737763971842 0.4298234593421921 0.6311531337471229 0.4081674222225043 0.56608674412332 0.41728894788334336 
0.2236457117843981 0.6775773741318477 0.9379536480718289 0.5269401720712583 0.5698439496240599 0.5630599452691739 0.625994369509389 0.5035969962972947 0.6174154617787457 0.40258889539231074 0.578427606583063 0.5196310215592079 
0.1959098703673943 0.24085069948840676 0.6214519690755707 0.7146689030867338 0.2875066404784318 0.6172503503383703 0.5849694007428894 0.45627166981283346 0.5287630244465709 0.5185970939510847 0.43079212051033394 0.49235904399074176 
0.5731538615856983 0.4099743854590099 0.21753895099799442 0.5074244134790481 0.4873062848923686 0.5902929282234913 0.47452659911895345 0.5012767383240093 0.42759690453544136 0.5147351869176315 0.41369713061052144 0.5187391201878234 
0.00502085737149518 0.4746212691823576 0.9851340098922036 0.5767420492232637 0.5845433473581235 0.569425479590252 0.49653307894619336 0.4850215632985354 0.3858344727216971 0.4356394500384415 0.5832926039155403 0.45421406805807496 
0.3276507794317373 0.22596691753867426 0.5050158510875048 0.5186364512755945 0.5211737848932818 0.6944641011627748 0.6276217830467862 0.6528333272242195 0.5246406278110534 0.47939080021265795 0.4231770518675596 0.4989232938279289 
0.06104819833576805 0.7182596002928278 0.7044370777997023 0.49296824039723786 0.4884132365159909 0.5739591269563561 0.41087791084473824 0.42970117736912994 0.27502752993425095 0.43405670629123105 0.5221113732692995 0.5038558886283672 
0.23986578662138047 0.01847251026277133 0.027320954822001253 0.7986765262942775 0.48629278249680546 0.2890127290040746 0.506563128284061 0.5217690565281481 0.5083623753537432 0.5192994400402129 0.46564506763797886 0.36632466404983405 
0.2898822579191767 0.4977041995322282 0.7177136481522366 0.4950991591887304 0.4843903737295074 0.5332160609731655 0.5209645465642159 0.39974476087822053 0.6489315984566012 0.3632722585643134 0.5535020865475173 0.28525430289114734 
0.03531061208748993 0.3520886661704403 0.3635945792441407 0.5001184820548018 0.4646832777645079 0.28925266429162844 0.34442181764480484 0.5923572529085822 0.47038289351457413 0.5251931411999099 0.5262304180240227 0.3279263378021633 
0.09680655679741272 0.30417145742773577 0.9632839115660066 0.2486240567086499 0.5216904062974033 0.6452288730340774 0.6957053039240786 0.6602512345230989 0.4959841548234393 0.4487558940487094 0.6338458425435555 0.47178471753790274 
0.380645789990963 0.32640959852346596 0.12953554844652626 0.33205430351729975 0.4872950512896601 0.5933450785113207 0.4803787967496763 0.6749976572290479 0.4263966607199949 0.41743767037415397 0.5190508880686766 0.47796493874499335 
0.2812928218029711 0.7061043944203295 0.7037529968947988 0.4831556563438017 0.4951070533729592 0.4929210601666203 0.41087791084473824 0.42970117736912994 0.2749911273083373 0.36333868541588643 0.549972882967415 0.5038686198691789 
0.23656742668405817 0.23154596548329998 0.5759542750981386 0.4404271358150941 0.4673485893210952 0.5681636025063682 0.377030664089251 0.5538794402347711 0.7215350610911202 0.4333303493395423 0.4630094114570189 0.31743277495435496 
0.04842960925647155 0.673660863250283 0.8095790549521572 0.5047319136448276 0.5698741336894798 0.6629798002979682 0.47821781993648443 0.46412589784455627 0.46200035019676056 0.5059777877349185 0.49013387612868714 0.4685379761664522 
0.01783919606328349 0.005765920059669048 0.9166866608870414 0.6993973612866886 0.49354926584033865 0.25086971053408247 0.41878336815448647 0.28762132832279164 0.48137429574573 0.4223649232011112 0.5680573556838451 0.5631854768095448 
0.15012320617930996 0.08760302597328645 0.11329684777436244 0.2635176049756958 0.48458484162679877 0.5367197914399591 0.5115501886649604 0.48803978123593184 0.62665107771926 0.4825739984551033 0.4222032937752061 0.42581835507229343 
0.17970292538562221 0.30814165120479664 0.7180158648608315 0.493595264671087 0.4145632348826525 0.626446748182111 0.4743156797913911 0.46704474006111657 0.44156750176136367 0.5651234342995268 0.41497010663005013 0.5946175735683306 
0.158804066371669 0.166815462490014 0.009659948211459435 0.34795562604670577 0.48494795186370954 0.5261931473410653 0.5031779620075484 0.6627142697691144 0.27225795559126587 0.4545907466086682 0.4132203948821864 0.529196104780141 
0.08926986542316101 0.30814165120479664 0.030139375499682763 0.493595264671087 0.4181072222174454 0.626446748182111 0.5228775197008632 0.46704474006111657 0.4416970494784577 0.638747910879007 0.4151028286721266 0.5962021095499762 
0.27701792846935286 0.356984457870272 0.5196919290652428 0.4937518453139035 0.4858441028666464 0.5384653764816909 0.4803490483677869 0.4912292620208735 0.2691166312397398 0.37393771252968133 0.5483376410963969 0.5076293495357468 
0.560702050169121 0.30772878605869813 0.7180158648608315 0.49322112722288536 0.48532838635125264 0.561325427985076 0.44709427585119665 0.3967535795864935 0.5648058605819335 0.5615641590711264 0.6355493686778374 0.47513893243591926 
0.18153918896432925 0.15156395722797997 0.9914257502576929 0.4773050913235561 0.4241465888645937 0.6243179190528789 0.41839516329211063 0.40819890082493865 0.6371595042641587 0.4967007413285376 0.43184785536813663 0.5996569278704293 
0.36746436572987673 0.30551401505961867 0.4680712425524841 0.5275928235808129 0.5712101874030121 0.6530922914982855 0.47821781993648443 0.45729622000755443 0.5276624194225593 0.5069246864860782 0.5699284296012724 0.3863414684640569 
0.07665278698453232 0.0020438560111598336 0.9441945360858931 0.706522817971686 0.49544386117755923 0.9802115932556191 0.616327115595728 0.7523794086149538 0.6386088910687708 0.4033981669187483 0.41273903252035005 0.3477126127685213 
0.38091699227614023 0.01969538855206661 0.06380387345995747 0.7072927599126657 0.4804398019276046 0.9258482807393755 0.4681892219541526 0.5855051058527976 0.481575252070217 0.5482550627486761 0.4063765923365689 0.47321933201081867 
0.5345909107148645 0.356984457870272 0.5186682389671124 0.4937518453139035 0.559334628749394 0.5384653764816909 0.47932020568936234 0.48968636334471344 0.42494806881511793 0.37393771252968133 0.5483376410963969 0.45801680197536865 
0.40983227187087856 0.31237234745501574 0.8095790549521572 0.5306995047369649 0.6419149539694602 0.6628591873465156 0.4775103163784407 0.5242179801888236 0.5266364237899478 0.5030155026517746 0.4272012631325903 0.5318333656807187 
0.9934923408478896 0.13294147548399193 0.024342784516596216 0.5011176329304331 0.6198277250855274 0.6477565974501421 0.6596542491717148 0.454584798181957 0.6418345481670448 0.5080164511691652 0.37563155357743777 0.5955540325477389 
0.006513664278932019 0.9937824375300366 0.3305900642491446 0.5363815593696151 0.5812600805250531 0.5618776102210655 0.5769144876283319 0.6393690624122191 0.5631913129816023 0.45449695005388613 0.4857316848017793 0.48030112897524857 
0.1952233374484627 0.7306376314467447 0.4761557401594246 0.43836146932470277 0.4880333197875049 0.5821112072822564 0.649251690559802 0.5938439277178962 0.5506828721053979 0.45889492921150604 0.48530209995160795 0.2814889326355381 
0.5191584157583649 0.08917014265241059 0.7987448621895489 0.5711858224048029 0.5183624894406187 0.682129109508095 0.5517763930052885 0.5511634762845381 0.5193281331133253 0.5255964949734411 0.4655048422848067 0.4809343125918363 
0.8598072886404834 0.4222205870003984 0.4735385491132166 0.49345663837523074 0.4104927366203992 0.630711206469667 0.4756785681555897 0.5114371346328537 0.526214834739459 0.4803528982731774 0.4265544002753665 0.4745741526120124 
0.16705846988022147 0.07584929611330937 0.8822235915687437 0.5018714098122067 0.4874775058838367 0.2890127290040746 0.49922751273116783 0.48550126603565824 0.5350108949511193 0.36268951335602484 0.5049028342539843 0.5273409155444172 
0.426438802011511 0.4374646576843343 0.22525382087297088 0.43718719989630916 0.48455874035179863 0.49620914005166644 0.5259444189543381 0.5510864601351282 0.48671512692465135 0.4621924200722995 0.4895903805171401 0.2642722077112459 
6.77823390387508E-4 0.3375747563596311 0.683790897949867 0.40737738723975614 0.4832595439306232 0.6913460488946661 0.31900544109474116 0.4779853728245477 0.6438412936565426 0.46084720553605973 0.4516668651431439 0.45656831707388257 
0.11906671881298672 0.6786017612601145 0.501162493656956 0.5785394292083204 0.49687304667782495 0.571266917901706 0.4913200139857974 0.4868318964648356 0.5890382489471285 0.5202236534584715 0.5832926039155403 0.41201470395658024 
0.0036085718886391415 0.4161725822383509 0.9653184224568807 0.423841462634533 0.5163188148051414 0.25182067593592167 0.546091512503932 0.5002823970437837 0.4515010748040986 0.4548976117590629 0.3740120413921274 0.5167416081650968 
0.15304589561078188 0.033460720368774226 0.9442523201972212 0.7054600081056819 0.4918289041843683 0.2692431063539308 0.6171330387040369 0.4739148493001801 0.65327514720083 0.5110543124749751 0.45567607277073485 0.4292194058133773 
0.004514037759262901 0.08257595360651004 0.4953150816618805 0.4395442873051469 0.22276697532901 0.6473440701023787 0.6612457791972928 0.511032472767001 0.3051300203954489 0.5081050087689477 0.3154850043453397 0.29170647867684035 
0.040629818227731096 0.001766735516804556 0.28323938423803674 0.5213593206084514 0.6115281955508096 0.6311625334991011 0.3931939975785203 0.539107102752077 0.4877322857478431 0.49935475837562737 0.421872119606497 0.46509138316296555 
0.5638860150600082 0.6627157519784895 0.22117029689126233 0.49098028626031576 0.4847019999385538 0.7365673985921934 0.44719039883257033 0.549397610322867 0.5628110551104001 0.5308754909106183 0.4949487118441658 0.5143354560888591 
0.193374226218982 0.3520886661704403 0.4060310470066911 0.5001184820548018 0.4646832777645079 0.28925266429162844 0.34442181764480484 0.5923572529085822 0.47038289351457413 0.5186549328153058 0.5251460379373726 0.3279263378021633 
0.0016699828264714056 0.6770550449576895 0.6416240621885695 0.797864665113765 0.6417037994033843 0.6175872082624375 0.4505696622243497 0.522296559734192 0.4879402183474077 0.3743071785545628 0.42553560164211574 0.43876991537352245 
0.23863774711278052 0.3398984867776733 0.6846286964316131 0.49321481830253544 0.4936652388387054 0.5382359414037493 0.487577911763628 0.5211962636981535 0.4211463895478499 0.4600483965500469 0.4892658957484992 0.4180923125353038 
0.00656382748126233 0.6353807509167633 0.8116924191954076 0.4472301056420804 0.2718891271412035 0.582707702840881 0.4052891953751515 0.48529084507538367 0.6276484528630789 0.5198713782014884 0.4197668409688965 0.5106098351796097 
0.9829737742111437 0.08636213373982002 0.03420328329228722 0.2704923668982351 0.4936871638153735 0.38141991189691293 0.503682290290555 0.44533690533121806 0.39063270728401683 0.512923086887894 0.6223028677148477 0.4257120449415164 
0.003131122719178231 0.49953574284568636 0.034108434834088736 0.43836146932470277 0.48857380634024133 0.49620914005166644 0.29179682194959317 0.49463233601367707 0.48671512692465135 0.4609299735705087 0.5926044884111769 0.2642722077112459 
0.1738104780303818 0.1296488513920979 0.9914257502576929 0.4986288769645048 0.6171337679921322 0.6245630574119849 0.4204007269990013 0.4651395816860284 0.6081523628748002 0.5651234342995268 0.4137451272380848 0.5996569278704293 
0.1090063138946254 0.010578270657982988 0.7987448621895489 0.5711858224048029 0.5150096440024485 0.5736031469223807 0.5553260149160659 0.552983494112819 0.3993580190828215 0.5530643606190326 0.4681562985086246 0.4809343125918363 
0.38142650551628765 0.019754711615173615 0.12953554844652626 0.34354120453512654 0.49293550030259325 0.9258482807393755 0.4803787967496763 0.6693820654777698 0.48185445682979705 0.5539060868697856 0.48685189952261954 0.47796493874499335 
0.28928518318990976 0.231480890641433 0.9892358320526897 0.688875167297628 0.5255905895278828 0.6514346118148686 0.6642137952110977 0.4001996528419702 0.5434669005262033 0.5052089701236121 0.517443756926792 0.29093527863694674 
0.19041549791310136 0.31198336959406947 0.1970743311636603 0.26643872305877164 0.6135458306870261 0.6879696253496542 0.48257065007105054 0.5003374283432543 0.6105609254137939 0.6347263246042251 0.4881615490975634 0.44396522939183336 
0.34452951775682467 0.2282673393487345 0.5337669958977193 0.44089655477472367 0.22306989075671324 0.2691540720694384 0.4783066642968514 0.45961470330436427 0.5235500829915664 0.5045365727035074 0.3787368497994547 0.5433016435534018 
0.1529738875875894 0.13306969483176473 0.9518414307968397 0.5047489190053548 0.5620852196368072 0.7435225564072488 0.48852396704063983 0.26767595183371984 0.5240501339093041 0.3617601697069135 0.550287208971196 0.42277678078675324 
0.01724133648384027 0.48542771212261915 0.19202825722135186 0.497430389928936 0.5211901357130838 0.5251207676932618 0.5236463577475549 0.6520873926155802 0.5973240898835666 0.5767177215937501 0.5483153273151695 0.5127101437223459 
0.8935881523264266 0.4481045154570703 0.30643475742530235 0.5218210243495988 0.4475465213844996 0.6477565974501421 0.4756968956200435 0.5136841272348401 0.4835873364163271 0.4994006599150272 0.41389728287981153 0.48950245401064885 
0.38091699227614023 0.01969538855206661 0.13033275818483286 0.34354120453512654 0.49293550030259325 0.9258482807393755 0.4803787967496763 0.5855051058527976 0.48178160599073505 0.4167101996854258 0.4063765923365689 0.47792617634380935 
0.2812928218029711 0.5703685978746592 0.7037529968947988 0.4831556563438017 0.4951070533729592 0.4929210601666203 0.41087791084473824 0.42970117736912994 0.2749911273083373 0.36333868541588643 0.549972882967415 0.5038686198691789 
0.34487023497175573 0.001833600319455092 0.3314641382069054 0.6982411156190753 0.508959747247924 0.5676394982054133 0.4257398094117012 0.66670777343363 0.48138482581816155 0.5053973647715901 0.48745435560870504 0.5192680087153267 
0.04842960925647155 0.673660863250283 0.8095790549521572 0.5295889447317238 0.569660202733479 0.667406469632648 0.47821781993648443 0.4587723692105381 0.4616611676789345 0.5059777877349185 0.49013387612868714 0.4685379761664522 
0.06096846088724377 0.67984365803326 0.5043328733777945 0.4953179074860988 0.5197768949046105 0.5713019198621219 0.41315667835316766 0.6574113814738366 0.6420170679804851 0.5253398952414865 0.3781567363123767 0.5036314062797917 
0.2680949305614944 0.35719512096629863 0.027916510438784903 0.49354740780276246 0.37578086026003976 0.5305595389909232 0.3494244016777095 0.4657792885257432 0.2691577263086391 0.37393771252968133 0.5483376410963969 0.507728241674963 
0.08997839614783198 0.08976325060564815 0.3411760745985002 0.6661407779456959 0.6531810015107347 0.687639632260864 0.547704634882148 0.6083090513832752 0.5184439170062447 0.5040231460463495 0.46056108478855406 0.3866329942623842 
0.0015364509848504078 0.08334083425669819 0.019190664087132825 0.4395442873051469 0.22276697532901 0.2682570486354121 0.5347769559760028 0.511032472767001 0.3016873580444891 0.5233533393024756 0.4190989775869719 0.35697681986109603 
0.006513664278932019 0.9937824375300366 0.3305900642491446 0.612714511529164 0.5812600805250531 0.5618776102210655 0.5769144876283319 0.6393690624122191 0.5631913129816023 0.45449695005388613 0.4857316848017793 0.48030112897524857 
0.16149569455592516 0.42566571944137493 0.529967936153234 0.6077208599528601 0.41386740183566173 0.6356155977304712 0.6475362222763856 0.5022182819400614 0.5150392044218075 0.5209592154742286 0.5135342991967748 0.39740834920838375 
0.5606540466862258 0.04504812325038743 0.7180158648608315 0.49322579405270617 0.5255289222090092 0.5613492673107209 0.4405699849927639 0.6600419663456242 0.5648058605819335 0.5615641590711264 0.6358494929272099 0.47513893243591926 
0.0015364509848504078 0.08489064891959461 0.013248519742260323 0.4395442873051469 0.22276697532901 0.2682570486354121 0.5347769559760028 0.5111788983405678 0.3016873580444891 0.5233533393024756 0.4190989775869719 0.35697681986109603 
0.003131122719178231 0.7367768426938588 0.034108434834088736 0.43836146932470277 0.48857380634024133 0.49620914005166644 0.28866343324197224 0.49463233601367707 0.48678214151824695 0.45876887776308045 0.48469181577464826 0.2644969023382843 
0.17896252941355165 0.31174251361048155 0.9914257502576929 0.4986288769645048 0.4160745977583686 0.6243179190528789 0.4204007269990013 0.46535911376629635 0.6081523628748002 0.5651234342995268 0.4137451272380848 0.5996569278704293 
0.15304589561078188 0.42388304640175467 0.9442523201972212 0.7054600081056819 0.4918289041843683 0.2692431063539308 0.6089381709602937 0.49984441884483305 0.42708148900186177 0.4816235402037171 0.4265916784186987 0.41825640316437257 
0.2236457117843981 0.22221580181725215 0.9234620746361379 0.5256235290353074 0.46807817186372075 0.5680181693433582 0.625994369509389 0.5035969962972947 0.526976248142589 0.4028485470189902 0.578427606583063 0.44953503626945024 
0.26607929802130276 0.3022496976286603 0.6028243736278547 0.4584211249921348 0.5794205661982532 0.47501406063181495 0.577333114346963 0.6887037288635406 0.48564691180612335 0.5158077517580817 0.538059447839711 0.38510852805978957 
0.38091699227614023 0.01969538855206661 0.961353902526213 0.34354120453512654 0.4933522034661594 0.6588756710675308 0.4803787967496763 0.5877035176483992 0.48178160599073505 0.4167101996854258 0.40668485289003564 0.5002248081111478 
0.5336839738135833 0.3121119408616907 0.8054975359351364 0.49367738074915624 0.4856973772349562 0.6511096511379342 0.4576863088578852 0.4569629312142978 0.540269933582494 0.5169590085391967 0.6257472798495111 0.47549376645094366 
0.06000995965229643 0.051934599222178995 0.9784817135040595 0.6846972141504938 0.5202227028968187 0.5310985188589418 0.5203118458596949 0.26502012293472554 0.6488292101504127 0.36051444525528104 0.5515696823947599 0.5024052933554581 
0.36283831485437384 0.015170435903718776 0.06380387345995747 0.7048575309690215 0.4862389230920261 0.9258482807393755 0.41438488855823263 0.3968861018551127 0.481575252070217 0.5482550627486761 0.412476149226989 0.47321933201081867 
0.06121678830519434 0.6548170488748108 0.7348083391253154 0.4984166493529688 0.4880534360357005 0.2856732392029234 0.47968997916787204 0.5219664019565479 0.5686801445928977 0.3624247631521347 0.32886507406145415 0.2819322026782618 
0.34452951775682467 0.2315905773394163 0.5770255442912672 0.44089655477472367 0.287608273705653 0.6477823668144745 0.4783066642968514 0.45961470330436427 0.5235500829915664 0.505684908892861 0.3787368497994547 0.5391414048954173 
0.0507573658331201 0.0022184494420858757 0.7261743889758031 0.4984166493529688 0.4880534360357005 0.2856732392029234 0.47968997916787204 0.5223568198646382 0.5686801445928977 0.3624247631521347 0.32847068531423157 0.2819322026782618 
0.00565840568734105 0.3090261420348096 0.9113804206920311 0.6771435821028854 0.49354926584033865 0.25086971053408247 0.41878336815448647 0.28762132832279164 0.48165845508215516 0.4263737483196473 0.42415875164564865 0.6157817115276266 
0.062091007754571576 0.43351306328403827 0.01371581155487217 0.816656602848075 0.5208214645981032 0.529660020278285 0.6347763209074817 0.6648573633765075 0.5113450485340162 0.39468761490919096 0.26876049418431647 0.523076699959997 
0.04842960925647155 0.673660863250283 0.8397709466822924 0.5295889447317238 0.49427833394284304 0.667406469632648 0.41182757008535587 0.4596375994142241 0.4616611676789345 0.5059777877349185 0.49013387612868714 0.5036710338567911 
0.0015127338171647686 0.9937824375300366 0.004644904592693089 0.5363815593696151 0.5813278407609905 0.6010047526771672 0.5769144876283319 0.6389100961278236 0.6088750018348216 0.45458698110530427 0.4122879765253621 0.4599136112121094 
0.06433754316778625 0.48475542209816713 0.1302614013892828 0.5207610375847116 0.46450544888572787 0.44663520158367154 0.3672912181753266 0.47321673074829745 0.4936160882520084 0.33734856652546985 0.513234274586239 0.3292772998834644 
0.2907599553470896 0.3652745781704434 0.7037529968947988 0.48330393484577916 0.49543607997490235 0.4890719637793136 0.41087791084473824 0.431358367583258 0.27499137504063553 0.3619193202769121 0.5831929047140981 0.5028700130014708 
0.009875688150386017 0.5717322075085628 0.9449777781628301 0.49287726837866874 0.5736724699470189 0.717532824068457 0.5542783748623632 0.583465044123621 0.5269847041812195 0.45531734684398456 0.40087792631324015 0.5155580676338964 
3.865164678379385E-5 0.1298058469513181 0.9840682771792677 0.6846972141504938 0.4935961735201792 0.530909385709377 0.5203590664772683 0.25871398604723755 0.4529321701238742 0.36051444525528104 0.5508301183846442 0.5640467067451117 
0.1628425726134048 0.018818586388197098 0.529967936153234 0.43825107086564774 0.7367169614504496 0.5927384120117557 0.637416941083154 0.5022068938673558 0.5153462801112922 0.46142253311604176 0.5139842691727688 0.39738325220551723 
0.29128269560961706 0.49795217511777823 0.510193160436812 0.4931196271627225 0.4945686864297299 0.6477565974501421 0.40917317870914344 0.6934543132427449 0.6410843064474039 0.3591557304107567 0.5228505522375275 0.29093527863694674 
0.016402886650068838 0.4978468160675172 0.12741074369446698 0.2687398750964146 0.48458484162679877 0.5367197914399591 0.5236873953324704 0.48803978123593184 0.4920365826580524 0.5773978532740905 0.5762631048812407 0.40104062796930084 
0.590668543149668 0.3110778915533494 0.14666687909544907 0.4345622952888594 0.4931167959523926 0.6036731557155928 0.5062060227427911 0.6769153858566646 0.5112401455325756 0.5265295405467972 0.3404114169195824 0.28211496575158324 
0.9183829137874491 0.9999087761148492 0.03031353707687931 0.24854449386655098 0.6446287879140087 0.39664874900986874 0.6607200538822903 0.6914960944251851 0.48803239468457077 0.5260411696989119 0.228206843249404 0.27943786324899617 
0.44785362079033864 0.1462912863732717 0.11257973373377737 0.26699521369387086 0.5359578832377425 0.6532757316921732 0.5225742414329794 0.45693105974331505 0.41553624291390473 0.6374534331342673 0.4159612361267685 0.5316135387379661 
0.5861650503117429 0.3043619901508961 0.49122378671085865 0.6654452318122038 0.5796105545097887 0.538971756830789 0.5256737491723908 0.49138436237626576 0.571848891564643 0.4600370818299265 0.41078447115044087 0.41265873262431274 
0.2814122078499522 0.31922258022289524 0.5629474165241679 0.6390570804808398 0.6114071840971476 0.5465152215838247 0.4803490483677869 0.4912292620208735 0.2818345223358249 0.3737625488154869 0.5483376410963969 0.4678842365487492 
0.3630685632237946 0.3238863071470346 0.9166866608870414 0.5016841980591057 0.48465636531296635 0.23700622971816498 0.40779939546406657 0.7856108949511863 0.4896580264821951 0.37145590921893024 0.5679201800025159 0.4843350007130843 
0.39133199450744177 0.036490414946271116 0.4705890461289708 0.40553110851815627 0.49061466525094116 0.5927384120117557 0.4649669082518194 0.5038203211672064 0.5091749005919637 0.40873933393070977 0.5139842691727688 0.39765181213448586 
0.36283831485437384 0.02350297492686773 0.06380387345995747 0.7048575309690215 0.48456915799917166 0.5570381046352613 0.41438488855823263 0.3968861018551127 0.4899475624997659 0.5482550627486761 0.6080785848844752 0.47321933201081867 
0.4866068866351822 0.7013508750441122 0.35283929709913325 0.500209848904721 0.5679438479513309 0.5349994934668252 0.520329868429543 0.6201856937813507 0.4481375066942744 0.5102584800795361 0.4909097984533729 0.5576501231123052 
0.3409371336536413 0.31607255064622447 0.3314641382069054 0.500204494351247 0.5678942803973734 0.5676394982054133 0.6275598365596199 0.66670777343363 0.5253014765256264 0.508243563984605 0.48745435560870504 0.5192680087153267 
0.0036875427370138755 0.3029698244734814 0.8325314703711606 0.49521293946830713 0.6424622847909567 0.5621426917411144 0.6124561931255665 0.4569464926616467 0.6445923301873028 0.5537201642578543 0.4136541696708429 0.45656831707388257 
0.0036177625640637576 0.42430094143962116 0.9909342340542556 0.17055704349787043 0.5163188148051414 0.6586594989880129 0.546091512503932 0.4245997246828285 0.6928843766282968 0.4548976117590629 0.3738708304586256 0.5187515591017248 
0.1628425726134048 0.018818586388197098 0.529967936153234 0.6077208599528601 0.490674380711141 0.5927384120117557 0.6475362222763856 0.5022182819400614 0.5150392044218075 0.5209592154742286 0.5139842691727688 0.39738325220551723 
0.5606540466862258 0.04589545534056003 0.7476056794011257 0.4837712497787227 0.5255309387998853 0.6541110185239196 0.4395779710720731 0.2723458148502096 0.5648058605819335 0.636006855275492 0.4221247563494411 0.5008906863729976 
0.5861650503117429 0.3043619901508961 0.4913722742679518 0.6781434475649807 0.48411352237948363 0.538971756830789 0.5256737491723908 0.4912371025344132 0.571848891564643 0.4953055950777172 0.41085737768565567 0.4179282526202226 
0.006685436114672705 0.004576246540904327 0.9166866608870414 0.6904634286301469 0.5262279154704775 0.5582081794887618 0.5027660553095303 0.8261366903577667 0.4441425760986447 0.4223649232011112 0.5679498406758304 0.36583363781089345 
0.09248776919521867 0.42395059300309634 0.9913914188316586 0.4999832314003805 0.40960860079760036 0.6354950592942726 0.5476089923870321 0.6083090513832752 0.5596499363359356 0.4523614053485677 0.4614758770703767 0.3804345472482097 
0.2812928218029711 0.5703685978746592 0.7067570005390411 0.4831556563438017 0.570488922163595 0.4929210601666203 0.47726816069586675 0.42883594716544393 0.2749911273083373 0.36333868541588643 0.549972882967415 0.46873556217883994 
0.5989942205713046 0.7239639343569708 0.7037529968947988 0.4831556563438017 0.4953867750136341 0.4929210601666203 0.41140263887413553 0.42970117736912994 0.637027629815724 0.36333868541588643 0.3420135998276684 0.41352821821677543 
0.10669352180592837 0.010578270657982988 0.7987448621895489 0.550441850895985 0.5150096440024485 0.5736031469223807 0.5540895382221502 0.552983494112819 0.3993580190828215 0.5658975330922279 0.4681562985086246 0.4809343125918363 
8.820169317803467E-4 0.14619307410372134 0.07315492824649827 0.4078085826088851 0.5161679343211746 0.6961994215100896 0.5209937084750851 0.4779853728245477 0.6472099365856304 0.5093071520750504 0.4895840880591826 0.26528789384105694 
6.904176368039E-4 0.3029698244734814 0.8325314703711606 0.4948986701770398 0.6424622847909567 0.5621426917411144 0.611219716431651 0.4569464926616467 0.6445923301873028 0.5665533367310496 0.4136541696708429 0.45656831707388257 
0.11906671881298672 0.6786017612601145 0.501162493656956 0.5785394292083204 0.49687304667782495 0.5739055882760347 0.4126838334939721 0.4285284285058509 0.6274429970594219 0.5202236534584715 0.5213629033299245 0.503868160487305 
0.07850427141811307 0.4968700523563286 0.01371581155487217 0.799177322688018 0.4931167959523926 0.7937853960220357 0.3248995637936801 0.44739714026037747 0.5345147586276805 0.6337091347838412 0.26604454858740445 0.33364532417703535 
0.33148295989134596 0.0829713116245299 0.878046304538816 0.5018714098122067 0.4875223006954085 0.2890127290040746 0.4962002264683054 0.5716343761491247 0.5350108949511193 0.3657440150442428 0.5049028342539843 0.5273409155444172 
0.2903625792828668 0.3652745781704434 0.7060186932408665 0.48330393484577916 0.49543607997490235 0.4890719637793136 0.41087791084473824 0.431358367583258 0.27499137504063553 0.3608320134856245 0.6421245393230739 0.5028700130014708 
0.2359297881132432 0.667076590776379 0.619034281518289 0.4581577985838885 0.5199155522711839 0.4424118830626399 0.5206967407766492 0.6386453332960483 0.48564691180612335 0.5135375088113506 0.5460126016027668 0.3987504584118988 
0.8457655191017261 0.4222205870003984 0.9844674891860513 0.49675323427653834 0.4104927366203992 0.630711206469667 0.4756785681555897 0.46611562478922586 0.6414160350123519 0.458218986953397 0.4265062689985068 0.4745741526120124 
0.009875688150386017 0.5647130529152131 0.9449777781628301 0.49287726837866874 0.5736724699470189 0.6874585904832331 0.5552026155820086 0.4999743563149024 0.6174672225833511 0.45955195090598916 0.40087792631324015 0.5155580676338964 
0.5989942205713046 0.7239639343569708 0.7037529968947988 0.4831556563438017 0.4953867750136341 0.4929210601666203 0.41140263887413553 0.42970117736912994 0.637027629815724 0.36333868541588643 0.3420135998276684 0.41352821821677543 
0.9867531772724323 0.02350297492686773 0.06380387345995747 0.733479969998003 0.49346205852654396 0.5570381046352613 0.629413495718774 0.3968861018551127 0.5255804824707656 0.5488432740463776 0.6080785848844752 0.47321933201081867 
0.40983227187087856 0.3120703832175305 0.8095790549521572 0.5299988851136499 0.5712101874030121 0.6530922914982855 0.47821781993648443 0.45729622000755443 0.5266364237899478 0.5059777877349185 0.49013387612868714 0.5318333656807187 
0.34452951775682467 0.2315905773394163 0.5049721259554069 0.44089655477472367 0.287608273705653 0.504876071928908 0.4783066642968514 0.4567437130622757 0.5238155156577755 0.505613015726802 0.3787368497994547 0.4097010846557989 
0.158804066371669 0.166815462490014 0.0064830044675573024 0.34795562604670577 0.5206088208817242 0.5261931473410653 0.5020175646857816 0.6621512788279054 0.4265903206573548 0.4545907466086682 0.4132203948821864 0.45868203317594813 
3.5141871660866134E-4 0.017872566382381258 0.01264281413388979 0.7966007965933755 0.48831058184578513 0.3540089128636077 0.33095326055527413 0.5840267800068463 0.38946884127777504 0.36020733773224833 0.5096308053650326 0.28679708948621435 
0.0016758186014270149 0.13006785232118098 0.9518414307968397 0.5330530932988461 0.5620852196368072 0.690866178326316 0.5208729027763543 0.4836558823870601 0.5247449215769364 0.4576158241965892 0.550287208971196 0.42514072186403373 
0.0015127338171647686 0.9937824375300366 0.8098226131829923 0.5294376113743746 0.581352801707581 0.5684946298904001 0.5773897161674273 0.6507417249851126 0.5637857529209152 0.29853882380737384 0.48995156509723087 0.4599136112121094 
0.9945422109493618 0.021059887116346813 0.02797433855366066 0.5820131623572109 0.4099570790021676 0.6480799276119266 0.6600328682882539 0.48211649281233265 0.6419976081600836 0.5057309417591873 0.3768654671871626 0.29093527863694674 
0.2907599553470896 0.3652745781704434 0.6317180606905778 0.568916043764008 0.4859575176732262 0.49058398017708893 0.41216577852934805 0.4281226086453885 0.27499137504063553 0.36234447761817173 0.5831929047140981 0.5078346610507227 
0.29128269560961706 0.49795217511777823 0.510193160436812 0.4931196271627225 0.4945686864297299 0.6477565974501421 0.40917317870914344 0.6934543132427449 0.6410843064474039 0.43456381119391113 0.5657577626561728 0.29093527863694674 
0.15376868375917307 0.035591214253862496 0.9442523201972212 0.7054600081056819 0.4918289041843683 0.6630279848326608 0.6170645062403414 0.755532685943346 0.4239149265897651 0.45331235103048295 0.3706638584908189 0.41825640316437257 
