2.882632927384606E-6 0.7051139264429049 0.9858421492638968 0.4623642140310373 0.4806071069524519 0.31127221462033605 0.4110608831771368 0.34165825929529264 0.4789857062200451 0.49645093185911193 0.7411011190472447 0.5346327764739126 
0.9999844770075345 3.70174025084713E-4 0.6875720162267299 0.40703545717244083 0.5935692091638006 0.6101396038789383 0.6959092403872567 0.5773762982496137 0.9417528366123611 0.5598597734287517 0.5412707367220466 0.712303627877742 
0.9977909972643288 0.9999363002486755 0.05939507218299192 0.44425324939411337 0.647423248432413 0.6416189775287112 0.4969595745616324 0.3594647316151412 0.4568762391841199 0.47014597897566124 0.5781029155544399 0.296933692341531 
0.9999830626373019 0.998219673433354 0.9502686995835767 0.5295484614508351 0.634494254416047 0.9986398262988827 0.7644124507454146 0.5773762982496137 0.4976479091643857 0.49550794884860583 0.7327440684860854 0.5392031974800907 
0.002607115403413648 0.23857771845481962 0.6990075852454152 0.34201447764199144 0.579239415800117 0.4394110655999987 0.8654660668373189 0.6076751808655028 0.5112668159229994 0.5584897441232789 0.49669424916087723 0.4701937753844 
0.021057062760571902 0.9983566085256492 0.1079694735122751 0.5220859897905105 0.5969356323962751 0.48014211293518244 0.752195435998865 0.5988007258876463 0.5076981765858762 0.5505463899839328 0.38142888650506457 0.4231272180442779 
0.24134730715676506 0.6845803652124748 0.4373156421463148 0.40847894317243394 0.7160241565988971 0.5372363681099342 0.480066673621542 0.6532131366659985 0.9176574175402833 0.554305545426012 0.6093881530734849 0.5373357526375985 
3.5249136386124313E-4 0.6890031576471668 0.9717093858325885 0.6373790742722247 0.6204547020855706 0.4501918469965925 0.6010713586785761 0.45770508969763846 0.556210774025059 0.5557357775532019 0.6115854602369241 0.652202207594697 
0.025831332590776523 0.0046347550440923625 0.9949365778845687 0.5298746277291011 0.6188952855218758 0.7400679906485332 0.8454029604740895 0.595861039034786 0.46786835815065364 0.5072040671096457 0.6988946853613291 0.5028421840973003 
0.07979479917941198 0.01960679273230359 0.0066252817304040534 0.5222386357286296 0.38433651010369607 0.5995207620145916 0.3371125325042511 0.432905402971054 0.5946830597165332 0.939009588031692 0.7311339781087252 0.5004522964948981 
0.004089189005945015 0.004698985030388597 0.9962712924449721 0.42850605491250704 0.6188873020548465 0.7482211989655478 0.8614346027401865 0.2987193388859366 0.5313039601279296 0.5509137252537969 0.7000165595685354 0.8025709711928641 
0.19119990650495344 0.9771283043071498 0.14076740014918165 0.4053832879723531 0.6068183967895406 0.6440852699928888 0.5605524839689408 0.6071040392234032 0.5970224585035637 0.538614649842687 0.7544631594802873 0.6268947390766673 
0.14277662668247643 0.0010038998957873635 0.04825557960856597 0.46315086112610826 0.6131438904390251 0.21408649660458023 0.41717968215344037 0.5732771179618403 0.5095183639763068 0.5018789260915558 0.399546429673357 0.35022465638529027 
0.18641423565386891 0.036847913836512314 0.7269801654031098 0.42633294059515897 0.6342090374024073 0.47403754374240153 0.5724619444646668 0.4825826465104829 0.37065880249272654 0.5506001731163767 0.5657382876940928 0.3321914472681959 
0.023509704064171133 0.9879876294709051 0.07832888080040257 0.5627180272464002 0.5980660904010726 0.2250906467253806 0.3618603153133597 0.5773762982496137 0.6301471464634657 0.6329139194138546 0.7393913534459604 0.4462508560735416 
0.05959410707153451 0.2139491420956623 0.14550820043966667 0.5575727294248987 0.6702088968918234 0.474150137061155 0.6036561943421097 0.4412671394085479 0.48647571493997194 0.5617670575373205 0.6990824412673686 0.6976741087831484 
0.3707856878952207 0.4638597127752832 0.13549966254683996 0.45499097876520916 0.5873815147672016 0.4133508118784279 0.40366749263175883 0.4863566275497556 0.5451228627431249 0.48625492090221434 0.567473914200477 0.33719593166333645 
0.0026122041755004544 0.0028562952435619016 0.003822775305140691 0.33375374744419944 0.6182324963933103 0.7482211989655478 0.8614346027401865 0.2987193388859366 0.5313039601279296 0.4198657754218781 0.7000165595685354 0.79482602090445 
0.027712372197882112 0.17988159840231635 0.003151874409190958 0.5528496088160267 0.4180087228854764 0.5995687978206999 0.6903528202553786 0.432905402971054 0.5795706687281734 0.9368927272292853 0.45822378996880914 0.501332350719972 
0.05452378510469426 0.08491440350812274 0.21859274391149883 0.4299882532884804 0.6200302763200345 0.46735839831000886 0.5808283805629623 0.4648848301697546 0.6975046479283465 0.2625222062706955 0.6213436562929999 0.5504819170068345 
0.21426991744321644 0.23845430701199946 0.13101461120991725 0.4923666418309731 0.36260642511094915 0.4154188265458665 0.30987882284405766 0.3445349447317795 0.5506123234794631 0.561975009588787 0.36328190715146047 0.4689888673663784 
0.12929520818009851 0.25964436711463956 0.5094655760204749 0.5826924480033112 0.6206957791279079 0.4098560220955372 0.3841150477550641 0.5938071216426077 0.48440473412698504 0.5719495640862967 0.5704245096956044 0.6280614679143011 
0.3697650825348358 0.7454307317598347 0.5440475719212177 0.523140682338015 0.5139262443731534 0.4438126803868457 0.4133073906963368 0.3234840892932909 0.7000036375692475 0.452705813504484 0.373794334413845 0.5487980930860598 
0.24160118140036296 0.016597111377431195 0.5039300375119314 0.3991414353566012 0.37499976268801716 0.44575146630119444 0.40101481561738145 0.5888778908552457 0.8845461211071104 0.6053240380310498 0.47226008241265954 0.40644712277351647 
0.09616543607039665 0.029439576783656385 0.6010498786463702 0.4036711974210438 0.6286939517685002 0.46091300635432186 0.39980746249537535 0.5337331231473929 0.5144616836209278 0.5617670575373205 0.41669889323818066 0.3818789788414787 
0.4950783582563206 0.1765794825877372 0.9760760775823758 0.46154381475830447 0.47248012278077767 0.6094090404392081 0.4171060102109625 0.5376873600246349 0.5889582865428875 0.5655018170807043 0.6216994479074768 0.5070220230495587 
0.5719446279396707 0.1849676929780132 0.8126504857264106 0.4633532823365547 0.5866364542365935 0.48018112420040593 0.5342050467256777 0.45668542526822886 0.5648859821754982 0.6055128572838998 0.7303293657845646 0.5325753614285803 
0.07723429224168654 0.0858233355025402 0.9882085537030016 0.4375706654101378 0.6875053751680492 0.4776384736628081 0.480066673621542 0.3672682136680192 0.45937099323320907 0.49621544165037584 0.6139214941055374 0.39294559567393544 
0.49666348534314975 0.2500575321261609 0.8397034587958001 0.5560454639962961 0.37434469396041387 0.6069978484357572 0.36490260122631235 0.5436351855890182 0.4941917303356834 0.5322966488708818 0.7270024361871371 0.5029427631782254 
0.16663320403457024 0.6648512220991228 0.5094655760204749 0.5826924480033112 0.5994605013076375 0.5589683061298906 0.6043010673316023 0.5648705345783257 0.48677262394221044 0.5719495640862967 0.49024655115663757 0.6280614679143011 
0.49666348534314975 0.2500575321261609 0.8397034587958001 0.5560454639962961 0.37434469396041387 0.6069978484357572 0.36490260122631235 0.5436351855890182 0.4941917303356834 0.5322966488708818 0.7270024361871371 0.5029427631782254 
0.07723429224168654 0.6838673606301452 0.036935232365653145 0.4401483643231562 0.4176644845547588 0.543207153828407 0.6764423963281857 0.334848798114639 0.6931015271306857 0.5781670313875027 0.6675980492735824 0.6263511194894225 
0.012025875938782571 3.863999880873328E-4 0.7016285649761688 0.5368139445212583 0.4935522842057686 0.6099660873434359 0.3371125325042511 0.3422294719246301 0.5809377658883081 0.9739870670596942 0.4763339160285073 0.710678885481465 
0.32643527485552565 0.3630565547513593 0.13101461120991725 0.5451697215779483 0.5873532291102689 0.4144551525223923 0.7775543904245472 0.3475765523698399 0.5506123234794631 0.5555984850158336 0.4990999281080981 0.4691982014101431 
0.2201487746577882 0.05036117209260953 0.9591578899072528 0.4722154109084558 0.5349782887067841 0.4459495450770842 0.5453377512230813 0.43435596432119605 0.4856419961020791 0.5614811026093377 0.6139214941055374 0.6602193699215528 
0.24712425366580437 0.016597111377431195 0.9948613735504178 0.3991414353566012 0.37499976268801716 0.44575146630119444 0.4002438823247483 0.5888778908552457 0.8978590356372844 0.6047306411796716 0.47226008241265954 0.4059270406166848 
0.9974809391482047 0.18024421964978282 0.5740581750685095 0.5506181994031333 0.5614330517959428 0.6101876396850466 0.6416654687334141 0.522767794669772 0.9290688842008404 0.5710801148656337 0.610039137765644 0.38999082591519707 
0.3428399960753452 0.6509276250150359 0.6189613274609499 0.3994598794855478 0.6771458188393334 0.5589683061298906 0.5568074590518857 0.5634363677531715 0.5888422474995156 0.5597123938437301 0.6210353242649316 0.49327066365981864 
0.2071324020059514 0.010030455264297699 0.5144502623952704 0.30497486752384695 0.59661742654855 0.5988878087829094 0.33942218729643403 0.5773462541148738 0.5814748530613263 0.5687800249247266 0.470463843452455 0.7120828661780249 
0.12837508684593163 0.4520353184498898 0.781084121764542 0.542143521472166 0.6420581736629765 0.47893480909583885 0.7413777000874588 0.5751410296202535 0.9357092561391016 0.5467646077342257 0.37326326109389296 0.5943726353057047 
0.025445029453628483 0.46146828982007315 0.5000133409389939 0.5265987133701521 0.6303915187105942 0.6455095917940209 0.40333208690642025 0.5318969189415036 0.6078648476494736 0.5887425813326278 0.37511941287911427 0.39288257705518076 
0.41239783248690526 0.4605628536901146 0.1146471672364584 0.43029185889704163 0.6176746826592638 0.41135667927242314 0.5518920374464233 0.43637358124863973 0.5970934768596946 0.5895061098958706 0.37511941287911427 0.3956035596931413 
0.3781505816762384 0.2750310333843139 0.23518031019602081 0.42415921320771593 0.5446242853716472 0.5186045096303049 0.538453899283632 0.4830555898196182 0.5552875944584237 0.4547325816328859 0.6700912861874919 0.47060239328618186 
0.05197033858251002 0.2500575321261609 0.8397034587958001 0.5456888963889579 0.37434469396041387 0.5861071088969925 0.3728194473632941 0.5436351855890182 0.4941917303356834 0.5476275232173945 0.7270024361871371 0.6291612159380846 
0.16605934836624528 0.6757506335090314 0.4057846308648664 0.5412889033867155 0.5987363244541558 0.5646114817455712 0.6058189149135274 0.5649755742976661 0.5991010435368702 0.5478238813866266 0.3732107655576534 0.3979179855150929 
0.2010009792265661 0.00985970815534265 0.5144502623952704 0.2843359957432774 0.35277621105979573 0.5988878087829094 0.33942218729643403 0.5575988149799562 0.5814748530613263 0.5441780407988953 0.6268473028756343 0.4888686391377298 
0.5210836325109631 0.4438259730314785 0.838032729532999 0.4304242020437416 0.4941105529182186 0.6039532196501506 0.4117995836508763 0.5716802945772119 0.3591776453442357 0.5705799874716486 0.48680986957905786 0.6273745288502117 
0.3494315527298151 0.6901192319485396 0.9829991705578199 0.5806786337689648 0.5441565162614934 0.6020117609619363 0.544011267289307 0.34025728353328005 0.5065846972622096 0.4558884878962072 0.669100666961457 0.5007258562271861 
0.21780788848921376 0.049472740222027634 0.9962712924449721 0.4308093914944104 0.5457499762524609 0.7471127833024122 0.8694134357222917 0.30190346188313355 0.5308321692293402 0.5509137252537969 0.4934589838292902 0.4858049001210236 
0.2119829951389513 0.6853325455461433 0.5336111272759646 0.6080024786842834 0.4908640391720742 0.5586421733116276 0.5396293988274276 0.5599729653625884 0.462157984684283 0.5853267371081617 0.5008175093323717 0.529856654146583 
0.6408143615142079 0.4782616828420758 0.6151453395143855 0.4122645703658468 0.5419969716192146 0.3584817434827883 0.5948768228684154 0.5337464548235795 0.5109749544183119 0.518313098309325 0.4971719658144363 0.3870149603222074 
0.0037719306871198677 0.9427696869017559 0.9725247871336555 0.6299384829094877 0.47248012278077767 0.5489787219999627 0.4142387911429005 0.5353949298403503 0.6511371217276711 0.5655018170807043 0.3784324749063694 0.5328378684607017 
0.029524239451236528 0.026859062222198374 0.5336111272759646 0.5858252417379988 0.6475255290663114 0.5588061408421432 0.5393929647978994 0.6521407206835621 0.4616193069160104 0.5926442607843041 0.4962085251244429 0.5310587130596301 
0.1690344629804076 0.6526504772616696 0.10650058635065374 0.3046556736631871 0.7070891335200531 0.5589683061298906 0.37550576012747366 0.5670437768872277 0.5885271457954302 0.5718871239024749 0.49024655115663757 0.6280255695235875 
0.6923956519117995 0.4562752504216711 0.7011069349371881 0.4122645703658468 0.5944783376394913 0.3584817434827883 0.5955793291833935 0.5348043407281428 0.5109749544183119 0.7500447973797663 0.4971719658144363 0.4707830947823798 
0.0019063534470491472 0.18146436357303825 0.3353442425769837 0.5528496088160267 0.4145680929318489 0.5987231275969628 0.6958696191765786 0.5730321166669647 0.5831142182403941 0.6050706188375268 0.5208478242511141 0.4661256268001648 
0.4186524585805431 0.30998441710313074 0.7307390362450095 0.42384060346199537 0.5987853068178279 0.41101668349194004 0.41610230921051544 0.4358731607348443 0.5045292461651889 0.458153774095314 0.7426127900044305 0.39577688928832544 
0.005235787055250324 0.2041535652082629 0.2041745535681827 0.44185672388994757 0.5874549009205876 0.4318350552420924 0.40992513149616355 0.4458109205974052 0.4239486028389341 0.5639068542793519 0.5002484241271961 0.5264883665140145 
0.1690344629804076 0.6623290028685336 0.47853621423763826 0.3030935986206489 0.4236772361130232 0.549751099552131 0.3752739944105055 0.6450937532267232 0.5913906949520064 0.5459984928174088 0.42930197036223333 0.6447049761420989 
0.6448584770890429 0.11827109971260952 0.34221045873020045 0.5447070395133788 0.6459767410327275 0.37108111387280773 0.5540138328037693 0.33293109749257677 0.4944805281252763 0.5505946072065735 0.6793563282188707 0.3911984380039546 
0.0237802257832056 0.25693011440636304 0.40725831015361325 0.5577248350368007 0.5931177313841651 0.5589514557483112 0.47826357187343327 0.5950682756321918 0.5557204305368255 0.499704361195691 0.5057833163490281 0.5774051642064624 
0.33234030965759465 0.46135723894926584 0.1146471672364584 0.6141532696251639 0.6176467102902872 0.4444272417272202 0.5480817919251381 0.5936131095441182 0.5970934768596946 0.6235518964339096 0.3760838681372719 0.3168729128601976 
0.9892067498291677 0.18251054720081628 0.4977526306830531 0.40823828272966756 0.5213794400188823 0.6101876396850466 0.6366780202953528 0.5225487711197284 0.6398671850528939 0.5598597734287517 0.3441331776098824 0.38999082591519707 
0.07495445560603173 0.131209827268642 0.9768089962185792 0.47218614208477794 0.5968730362516157 0.4553063404082326 0.5456817122679753 0.43888078498495847 0.4856419961020791 0.5612413056903274 0.5655542607010553 0.6581810036722802 
0.09343820523780327 6.147158237174618E-4 0.9776569043350835 0.5293576659870092 0.6186993165531415 0.5873291369000927 0.7103015302910225 0.36502998013561605 0.6031527959249953 0.6950996135282673 0.3661813230631876 0.3912188958610486 
0.2276613863424567 0.6829176612765946 0.4373156421463148 0.4375706654101378 0.6875053751680492 0.47732114377682827 0.480066673621542 0.3677294810686389 0.4593586117501724 0.4221818896381676 0.6163188646991857 0.6540225032136379 
0.10502895009269603 0.029439576783656385 0.9882454344825117 0.4036711974210438 0.6286939517685002 0.564447641506316 0.670174500366317 0.36423784941518894 0.5144616836209278 0.458775469333199 0.41452573502315426 0.4223939113665337 
0.020164785515569245 0.7298164715495538 0.9363306627355659 0.5299009255379025 0.5115986406059537 0.5486852641786635 0.4122796736637322 0.3590016456603314 0.46927566983676416 0.452705813504484 0.6990345666855614 0.5903819251103748 
0.3174731466218592 0.3705925752176501 0.5901598750199829 0.5286869110920887 0.5925829345621294 0.5496309278983126 0.38986907129601117 0.6267507111739119 0.42221744740587874 0.6351299556666778 0.4591951798620565 0.39981161168417173 
0.5253818909739351 0.4602253113202941 0.11385825203490874 0.3617723557109908 0.6176746826592638 0.2968413958189427 0.5366787619966743 0.43637358124863973 0.5970934768596946 0.5677624962754989 0.37511941287911427 0.40341235337732617 
0.4137730421647814 0.9427877030717272 0.7852443247398393 0.49798533911385023 0.5957424954664243 0.43260728129067844 0.39011759465553353 0.5762505542798783 0.4236834144162698 0.5641301046754619 0.7232814498661092 0.3990230665290673 
0.2016946519750966 0.6510079341573172 0.10498602696457882 0.304124639393595 0.6352758150676627 0.5559387673856153 0.37550576012747366 0.5670437768872277 0.5885271457954302 0.5705547672023883 0.49024655115663757 0.6280255695235875 
0.47621363576908377 0.6923150390858654 0.5929541950758135 0.4307385018188208 0.652713697773948 0.48018112420040593 0.5385222500998906 0.36521322605950923 0.5502827860173082 0.5579362917236057 0.4605917399783324 0.43454452064159077 
0.22625484430526405 0.4586612389878815 0.1513957602926019 0.363863000523593 0.5190078942176694 0.47609155662850056 0.5955371449108675 0.32884985032611924 0.5080290643271376 0.4248090294769947 0.6163850264361105 0.652191230788734 
0.6957297342486639 0.23258831524484314 0.6990075852454152 0.5253670727473572 0.5939325334339608 0.41472184536156953 0.6018645150161624 0.4734016647899768 0.5112668159229994 0.5574924762972394 0.4990999281080981 0.46989678125895606 
0.014903818694552748 0.9856683514366662 0.6000782372131857 0.5077290312662602 0.6229076589086019 0.9438395367681135 0.5410491898381158 0.5925021263615801 0.5212461337865448 0.5579875913814423 0.6042706491351382 0.4685511625987902 
0.49337082181780045 0.6684426256682854 0.8084666990053706 0.45973068976288567 0.6377178656799012 0.4600863915003223 0.5324887645119536 0.3447493011719901 0.5097381797541328 0.5719479514098151 0.6095975839690677 0.5559655666338766 
0.9971657176690105 0.0371529336570981 0.9718627164517114 0.5293576659870092 0.36012221297294267 0.5855878656545431 0.8546782880231338 0.5736438074956429 0.6035347754189021 0.4740291767153268 0.3661813230631876 0.3043312321663292 
0.9937626920815442 0.04347829851650842 0.9718627164517114 0.5293576659870092 0.6186993165531415 0.5861180790591745 0.8441011693899507 0.573637617587566 0.6035347754189021 0.472778681944777 0.3661813230631876 0.5965578302540844 
0.9922809919947134 0.0062438585682864645 0.710731697956295 0.5324489473665126 0.5935692091638006 0.5493066566255133 0.6959092403872567 0.5778863295137519 0.9417528366123611 0.5600485878840412 0.5561249106508728 0.712303627877742 
0.004083563616532488 0.990762497723845 0.9841187467116121 0.5527945055570082 0.6192902193313843 0.7551930635121628 0.3591455774380852 0.4334515844154502 0.6099812808511453 0.6316257468623846 0.6976185222825239 0.809360656273475 
0.03350984166909585 0.026412165435161894 0.9276850536104733 0.43029185889704163 0.6176746826592638 0.39818293207940053 0.5495524757627404 0.28078296700964533 0.4883231400115182 0.5895061098958706 0.4133497499918133 0.3956035596931413 
0.08768379285630488 3.6258503879640913E-4 0.1206877170077913 0.4647704918368531 0.6270062202035381 0.4443762320936462 0.7579725229832662 0.3657340606103362 0.6179600115179993 0.6955757881401178 0.8472659605798198 0.39283884358146665 
0.5611161719178435 0.7241930618139294 0.8514751991100532 0.58175912084638 0.37373008313026634 0.5861071088969925 0.4115106774368513 0.42688077872497154 0.46956819087865037 0.4625951803762106 0.4644789511855215 0.6299308701949705 
0.5113360523349794 0.016296738814688405 0.5736187548946063 0.45260016610966736 0.5833540265415856 0.5849474725485682 0.4052942087952713 0.5415917655100029 0.7062166823937409 0.5937064961761646 0.7206367712568414 0.50276242722383 
0.02527500784550524 0.46146828982007315 0.11716526748449307 0.5093145697036886 0.6477810760504086 0.714714205584394 0.40188576753233674 0.6083796265303079 0.6093954282349543 0.5871942704792817 0.29545986396747237 0.395922588925287 
0.5610241520846122 0.4310807624711539 0.9250169800327471 0.5533603435760901 0.6280293845773863 0.5014631902894249 0.4020020372615739 0.42890513540367814 0.4707200956511088 0.6349358094234562 0.5004934400272518 0.7239003927743889 
0.3494315527298151 0.16831756736249884 0.9777338559357965 0.5806786337689648 0.5438526894053373 0.6020117609619363 0.544011267289307 0.3426067958457182 0.5065846972622096 0.45672041445196987 0.669100666961457 0.5007258562271861 
0.014610167453814963 8.883528878107644E-4 0.7922068306036254 0.49715911847964955 0.6420581736629765 0.48014586693675704 0.4834414759852722 0.6031533182562597 0.5225961455856012 0.5570663489033058 0.4296891480838614 0.39098161410847476 
0.24504563507346364 0.0018400359801045152 0.9962712924449721 0.42800360334081666 0.6248322210025565 0.6775887779630949 0.8694134357222917 0.569852306357086 0.5313039601279296 0.7473055899796136 0.5544695514933757 0.4862893116874981 
0.50599331274978 0.991506768871393 0.5268471972197539 0.430557899564413 0.6343780184711895 0.5559460827772635 0.5589295862754712 0.6067131415990391 0.452149524098357 0.6113193020402858 0.5027741825189337 0.4688219200920637 
0.21798400879255564 0.1383509098915932 0.9983965377633723 0.5808337695034669 0.5457981184015875 0.5612094997821206 0.49280515373496164 0.6054811618162932 0.5070707047243556 0.4595566507355168 0.6687943624163744 0.5382201856934189 
0.15245488454923595 0.07732695486030286 0.7111904258513838 0.5641462475321469 0.6365971993025821 0.4673797655607638 0.4137074821280262 0.5890991261456215 0.5104629416967684 0.5499257099561525 0.6095425203579616 0.34388504591367447 
0.01772433804199397 0.23795553480932488 1.3935539056898175E-4 0.32899517526502514 0.616225932976049 0.4076244929332422 0.5488055059595169 0.6020907909888308 0.5075272737597893 0.4956823912904536 0.4824360882142204 0.49930022421136716 
0.024388801346959428 0.23862845830653304 0.5336111272759646 0.5812254318947608 0.6303945591252138 0.5586421733116276 0.5396293988274276 0.34335404519917045 0.47694470481388457 0.588867488661519 0.49116049730382927 0.5310587130596301 
0.11997647171551096 0.6832126732486001 0.3650837366662939 0.5447343938140339 0.5958556645708013 0.5526492158707099 0.6010713586785761 0.45770508969763846 0.556210774025059 0.5564347684603925 0.5081666780207138 0.7199982457645961 
0.16819764906535462 0.9602797857606159 0.20674652324591558 0.5689475051548419 0.6117137367769705 0.6495687441443494 0.5608576022854499 0.60807578165494 0.5970224585035637 0.5609686749839664 0.7544631594802873 0.44982919908490193 
0.014746380703869605 0.35194621977699364 0.1074873581922175 0.4952270161147696 0.5969356323962751 0.4383746509998837 0.4825831131567045 0.5953371884518923 0.5552529411102654 0.6649829575792829 0.4266416111987424 0.49326619107671066 
0.14972967914878363 0.6759675755558278 0.9451757581316119 0.4638429069789272 0.5940475251490924 0.4386944870337838 0.47810828298057717 0.6059339808166454 0.5045292461651889 0.501911827351027 0.34700396951914037 0.532324665741408 
0.39919642990906806 0.45662752810283297 0.12307715296053168 0.5299009255379025 0.5115986406059537 0.5618590113716861 0.6086425138774736 0.4370764369687393 0.5944976913554114 0.4545029327519581 0.6995682123893664 0.5901981696774944 
0.693213673413564 0.4498359200737867 0.001800429091929956 0.4122645703658468 0.57276887908404 0.3541761940054427 0.537323552585206 0.5718187251847902 0.5137765240027045 0.7500447973797663 0.49950836951429795 0.4707498319260727 
0.01148811268125776 0.695168230579356 0.34221045873020045 0.5445860111652602 0.5006343560839686 0.4084669103280727 0.3727915743851968 0.3343974492639678 0.6764301087191161 0.4714812609207115 0.6825721449950531 0.3821273760252382 
0.04968595863238878 0.05301777201264413 0.9591578899072528 0.545810236970141 0.5236166367414352 0.5854495008553393 0.5453377512230813 0.5430068686338289 0.4943498095023633 0.5613065250648681 0.7209433967011163 0.6293123508481766 
0.694169200622993 0.4473226011873105 0.8441697971470241 0.4311783949046669 0.37014908500958077 0.4639896649613127 0.5394087363602146 0.45759069505981725 0.5997298380572582 0.4854365344672266 0.48544447389983925 0.4709608508237049 
0.12872135251177358 0.2768979500132519 0.428423592426339 0.5412889033867155 0.6199716022744262 0.41549919771121774 0.38563289533698925 0.593912161361948 0.5967331537216448 0.5478238813866266 0.3732107655576534 0.3979179855150929 
0.3441607932074161 0.23795553480932488 1.9874380550653423E-4 0.46240214297515686 0.40188229015404786 0.4076244929332422 0.5527810143940748 0.6020907909888308 0.5087091120526968 0.4956823912904536 0.4834968932135769 0.509132504332152 
0.5210836325109631 0.17703424089609054 0.838201361068339 0.3940913392211153 0.6045277020381169 0.7138758798966327 0.6318893665574753 0.5664523855793495 0.38690325407669846 0.5689434759831441 0.46644208906158463 0.5571580234809378 
0.32054097856906744 0.0064420380042112535 0.8068811482306396 0.4566808654643517 0.366642399534071 0.46054593953706546 0.5304558467505353 0.44375599365222995 0.5977051978601685 0.5598853065047351 0.6501052167411019 0.5565115418173924 
0.004124036642177975 0.007113221522722896 0.6259525994402781 0.5372333872982143 0.4987717213091726 0.58544497496101 0.3984580069911583 0.6061625415888354 0.4887044531475412 0.6094676730737979 0.508067865708909 0.7115398733100013 
0.2007508764033909 0.1376351595690032 0.916581355346849 0.5535930551361531 0.5202633065350135 0.6097193383540105 0.40160091965144606 0.5942228845674372 0.5751010043242227 0.6365031314368268 0.6113908377142181 0.400212898469697 
0.004124036642177975 0.007113221522722896 0.23086208070311523 0.5904040545003786 0.5949600518560152 0.58544497496101 0.3984580069911583 0.6061625415888354 0.4887044531475412 0.280903523366107 0.508067865708909 0.5310460764718752 
0.05561296399794202 0.7936930530650209 0.5336111272759646 0.5812254318947608 0.46151917279130517 0.35291517709844056 0.3938037598223064 0.4463689809530089 0.4358907172186303 0.5567844343045798 0.578901897944667 0.530947680977407 
0.5173051729123541 0.3487961481963432 0.47297677284701095 0.4640999851062281 0.634622968631594 0.4629913177314894 0.5613857198470993 0.4412985838607885 0.5985155583777827 0.5755561428794513 0.6495919500100633 0.4688219200920637 
0.08900555760638929 0.3577937773823975 0.6017133743416242 0.40502438100399096 0.3788587259008397 0.44580915293799916 0.38733543532417314 0.5715442264337661 0.4649586048681145 0.5617670575373205 0.5775978799456178 0.4694008862582391 
0.19143810314731108 0.1942571261543663 0.02176447293458082 0.5253725734776704 0.6212568409308441 0.6167609618752639 0.8450669464080685 0.48284468056750635 0.37067967758083664 0.5475149452652597 0.5644490105129718 0.3395556062124837 
0.3135042498150401 0.060416117836182004 0.9781187270942926 0.5293035580638604 0.6199834746140725 0.4692674828554141 0.47720936033940836 0.5079639111832389 0.5184210483839542 0.5481907805598681 0.3729070924844267 0.38917202353782454 
0.32054097856906744 0.35145556920231813 0.8125093073187615 0.4983836523589744 0.3664611265327015 0.45977900796652493 0.5304558467505353 0.44375599365222995 0.5971891794853664 0.5567981913336683 0.6490336975313713 0.5565115418173924 
0.4897817900928293 0.3577937773823975 0.6017133743416242 0.40502438100399096 0.624850784286677 0.540995465191159 0.540948174255382 0.5717937910081148 0.4833140755953893 0.6086863211098085 0.36418129822815165 0.46766277274327755 
0.20363318940271022 0.4344563935848132 0.4472208437830316 0.5535683394329068 0.5202633065350135 0.6101317026716744 0.40145978022041046 0.33934622500462336 0.6722455507072033 0.6364422217612051 0.49150555507436344 0.7245637221420123 
0.07495445560603173 0.131209827268642 0.18395030242296917 0.47218614208477794 0.5968730362516157 0.4553063404082326 0.5456428695395904 0.4389519356034284 0.4856419961020791 0.5612413056903274 0.5669220940772682 0.6608113380381105 
0.1315249119092441 0.2768979500132519 0.4368581337680485 0.5412889033867155 0.6130934826919957 0.41549919771121774 0.38549175590595364 0.5458363990691978 0.5874355556420929 0.5478238813866266 0.37779601692768117 0.7222688091874081 
0.33129910240492744 0.16831756736249884 0.18700884137132218 0.49668619077676396 0.595049045020718 0.5598131639614604 0.5439724245609221 0.3669265682172225 0.5556662801526797 0.4599096795902553 0.6707171047315372 0.42396729152477874 
0.563130952232299 0.19689989174995587 0.5067140382994908 0.3447338091582549 0.37038384731223023 0.6099377071122117 0.5270552487457346 0.4324837769459513 0.5375942012498013 0.6343037817264442 0.7075061075130404 0.5785026791953589 
0.0927248517532917 0.9562247256848487 0.14613785094546247 0.4036389930773946 0.6063902189241318 0.46091300635432186 0.40032879545426237 0.532597277651744 0.5158157375912097 0.4791575537135019 0.41669889323818066 0.6230572457366315 
0.7097835929532861 0.06874519169158344 0.6436600694968916 0.36905406295508 0.5006887704730605 0.41429571569892865 0.47622402831601685 0.4730735646549815 0.5122073160506584 0.5960719270066853 0.2924542656763174 0.7089817030325916 
0.01930353240011771 0.9902437805986588 0.5362893862464133 0.3638304975122001 0.6286445565003536 0.9770495463635347 0.6388481539537867 0.6065105981938123 0.5079940173518378 0.5014996751904139 0.6093443467399494 0.5012622891222824 
0.9765770410957777 3.767995788592412E-4 0.1206877170077913 0.4647704918368531 0.6270062202035381 0.4443762320936462 0.8433452471234401 0.6022422739883558 0.618341991011906 0.5560817845064873 0.8472659605798198 0.39283884358146665 
0.23338439366674593 0.648909839309678 0.10498602696457882 0.5532736419066135 0.6352758150676627 0.5559387673856153 0.37550576012747366 0.4334274797048866 0.5885271457954302 0.5705547672023883 0.49025597531222925 0.5293466085746907 
0.5213712868898732 0.4114912498102667 0.8504442793220289 0.4326446688136171 0.593722737488726 0.5066955297415596 0.4626983285175588 0.5677670882381247 0.5989129063292352 0.5700838250475047 0.7007445386390846 0.6247879057795818 
0.4185970539601921 0.16831756736249884 0.9815386471115262 0.49668619077676396 0.6366497912758154 0.5434266383830777 0.37961071528308366 0.36672691073684166 0.5619771637818798 0.46048082914103583 0.6693492713553243 0.4211723599157758 
0.5210836325109631 0.41416919550858555 0.838032729532999 0.430252155472188 0.4941105529182186 0.5081408619328283 0.4117995836508763 0.5677670882381247 0.3290406852023987 0.5705799874716486 0.7007445386390846 0.6273745288502117 
0.47669321392268416 0.06874519169158344 0.2451903669726404 0.43248696064406317 0.41881241984824147 0.6119379372468507 0.4778805472696716 0.6077518493600955 0.5122073160506584 0.2666721212349682 0.2948713811780086 0.5283251546152116 
0.41827072472074467 0.16831756736249884 0.9815386471115262 0.49668619077676396 0.595049045020718 0.5598131639614604 0.544011267289307 0.36685541759875256 0.5556662801526797 0.4599096795902553 0.6693492713553243 0.42133695715894837 
0.5932128361594513 0.6485422780326978 0.5093849141416065 0.3046556736631871 0.6282401290024895 0.5589683061298906 0.3763319321525456 0.5995343455529654 0.5977301998791826 0.4644412540281917 0.4280341124836475 0.6378351107678796 
0.23338439366674593 0.648909839309678 0.11708385235485035 0.5532736419066135 0.6352758150676627 0.5559387673856153 0.401380756572328 0.6116595534245673 0.5885271457954302 0.5705547672023883 0.2958820351105677 0.5293466085746907 
0.1370369270115586 0.4605628536901146 0.1146471672364584 0.5683914692040114 0.6176467102902872 0.4427280294022003 0.5480817919251381 0.5940514228521012 0.5970934768596946 0.5886108748068101 0.3760838681372719 0.3168729128601976 
0.3410310571268089 0.01152378321906683 0.21243326143151145 0.3079892451935307 0.5873384500946253 0.479611638615985 0.5398328944649429 0.4462069241708891 0.5561332331711818 0.5280096776150053 0.42647935439950274 0.5392386424111888 
0.14787227600540753 0.3488758423230024 0.03711264640646483 0.539802246419807 0.6218063171111471 0.5427551782071739 0.39675420776018583 0.34295041551097094 0.6442990399301108 0.5626923438968789 0.4825994998399797 0.5031179364023192 
0.19655126703676296 0.996240249496797 0.3454421365437846 0.5073047177919833 0.6229076589086019 0.6218812079859494 0.5958101558914907 0.4836162202571893 0.5210238130888001 0.5477703786785588 0.6114393889630709 0.43296475268244683 
0.024388801346959428 0.23862845830653304 0.5336111272759646 0.5812254318947608 0.6303945591252138 0.5586421733116276 0.5396293988274276 0.34335404519917045 0.4358907172186303 0.588867488661519 0.49116049730382927 0.5310587130596301 
0.7097835929532861 0.06874519169158344 0.2485695507592247 0.3650816144576606 0.596877101019903 0.41429571569892865 0.47622402831601685 0.4730735646549815 0.5122073160506584 0.2675077772989939 0.2924542656763174 0.5284879061944653 
0.3174731466218592 0.3609140496107861 0.5901598750199829 0.5286869110920887 0.5925829345621294 0.4642040021592917 0.38986907129601117 0.6267507111739119 0.42221744740587874 0.6351299556666778 0.45853130293659167 0.39981161168417173 
0.21198482660613277 0.3947733083892551 0.13234684948280245 0.5387702130029436 0.49461159857387443 0.5514125395645728 0.48948737082324434 0.34295041551097094 0.6703768790536014 0.6370501195193911 0.4295212416038328 0.7281254629036029 
0.21798400879255564 0.16745353243563815 0.9815386471115262 0.5580968618447929 0.5457981184015875 0.5562884225595888 0.49280515373496164 0.6054811618162932 0.5070707047243556 0.4595566507355168 0.6687943624163744 0.5073715739377112 
0.02658890901963762 0.5801917613630846 0.006684542371695211 0.561899203116654 0.6844099665849814 0.6020161331035202 0.544011267289307 0.3391573795307711 0.5796752277207458 0.4558884878962072 0.6169775625258154 0.49609828031876285 
0.46565223579108506 0.6869776581757822 0.8125093073187615 0.46137427455371743 0.6548793420524217 0.48327074394518005 0.5325395825072239 0.3650183670704097 0.5502827860173082 0.5572020783396047 0.6493771901382038 0.5584836868773451 
0.11997647171551096 0.6890031576471668 0.3650837366662939 0.5446237308908076 0.5958556645708013 0.5526492158707099 0.6010713586785761 0.45770508969763846 0.556210774025059 0.555609150937431 0.5081666780207138 0.4370127628201428 
0.47669321392268416 0.06874519169158344 0.2447750699548053 0.3591879278267185 0.41761634397762476 0.6119379372468507 0.4768246760017384 0.6483154891849536 0.5578026655671855 0.2638067809827309 0.743927160041669 0.5281467155296066 
0.1458617063562596 0.19530454602853253 0.4867706072996491 0.40713028048211475 0.41454392503692594 0.5552979244272646 0.36407099649507024 0.5345530531348301 0.49369388436700584 0.5454415847569718 0.5088393413061667 0.5896356831778098 
0.15245488454923595 0.08556440509584202 0.9819286100512108 0.5641462475321469 0.6197818765177247 0.4673797655607638 0.4099490529768485 0.5067568188335023 0.5106128251127375 0.5499154667967662 0.5585096628020587 0.34649855869757173 
0.020270124015313612 0.3514179044268277 0.9022837953304247 0.4952270161147696 0.5967172629522575 0.48014211293518244 0.48054330362916375 0.598912438597583 0.5552529411102654 0.5969397123191983 0.5011816529965945 0.48975285501142696 
0.5228282451777957 0.3487961481963432 0.9759708054504181 0.4640999851062281 0.634622968631594 0.4629913177314894 0.5606147865544661 0.4412985838607885 0.608107915867356 0.5749627460280731 0.6495919500100633 0.46830183793523195 
0.22783553467511466 0.007611485016250724 0.5541878819975912 0.5528954434576708 0.5989836486492801 0.5988878087829094 0.33942218729643403 0.5997547447551473 0.5814748530613263 0.5687800249247266 0.48352671981464307 0.5277249128561166 
0.0736984672803698 0.131209827268642 0.9768089962185792 0.3692284315231851 0.5968730362516157 0.4553063404082326 0.5442059343483294 0.43593394793273843 0.5132733474248663 0.5612413056903274 0.2920596364412269 0.6547622247094452 
0.014746380703869605 0.35194621977699364 0.10964296392899475 0.4952270161147696 0.5969356323962751 0.48014211293518244 0.4808633309516489 0.598912438597583 0.5552529411102654 0.588231545185992 0.42975478655850974 0.4933145957730176 
0.2174855375972625 0.3942449930390891 0.9250169800327471 0.5387702130029436 0.4943932291298567 0.5514125395645728 0.45335134240806774 0.34295041551097094 0.6703768790536014 0.6370501195193911 0.5009481080419176 0.7245637221420123 
0.1432915531023768 0.30998441710313074 0.7307390362450095 0.5619402137689652 0.5987573344488513 0.4423880336217172 0.4122920636892301 0.5077984243126887 0.5045292461651889 0.45725853900625346 0.7435772452625935 0.31704624245538165 
0.46565223579108506 0.690910472114588 0.8125093073187615 0.46137427455371743 0.652713697773948 0.48018112420040593 0.5325395825072239 0.3650183670704097 0.5502827860173082 0.5572020783396047 0.6493771901382038 0.5588514557231574 
0.3972717316218673 0.16831756736249884 0.5913838285870517 0.49668619077676396 0.595049045020718 0.4562785288094662 0.40083765481075034 0.5363506913309564 0.5556662801526797 0.5629012677943767 0.6715224295703507 0.38082202463389336 
0.4950783582563206 0.9427696869017559 0.9765055985044984 0.46154625290925555 0.47248012278077767 0.545038122068165 0.4142387911429005 0.5376873600246349 0.6430186608328772 0.5655018170807043 0.35098126849092615 0.4983149626680103 
0.027712372197882112 0.24335588178586723 0.003151874409190958 0.5502719099030083 0.6878496134987668 0.5995687978206999 0.6899785163863273 0.432905402971054 0.5852266117178098 0.9156099164361297 0.45822378996880914 0.501332350719972 
0.22625484430526405 0.4527621332901837 0.1513957602926019 0.5264460971999537 0.5964621074898071 0.5447663823851282 0.5955371449108675 0.3486196337863965 0.5124972634040085 0.5722749690187692 0.4695283979678955 0.5348457322135366 
0.5777042024704222 0.07717750145539187 0.9952506663459684 0.5415460897390016 0.3730382096022622 0.35818083628753494 0.5539642906267167 0.5328318612675703 0.558599479237408 0.7003346066762249 0.7268051433620674 0.39290423444368666 
0.9922809919947134 0.45297160671197656 0.7163598570444168 0.5324489473665126 0.5933879361624311 0.5317565461497926 0.6959092403872567 0.5778863295137519 0.9412364859690382 0.5569614727129744 0.5550533914411422 0.712303627877742 
0.09616543607039665 0.45655672829600025 0.6049443975448933 0.5690865465923398 0.6176953811618838 0.46091300635432186 0.39461420869012864 0.5368678918513766 0.6006701408039842 0.5617670575373205 0.355318711924287 0.44191737708764234 
