3.166550263300508 5.710690847349677E-4 0.1380080358543711 5.971519588405198E-5 
3.176147583569541 5.727999061166668E-4 2.2059397924782835E-4 5.93308818297379E-5 
2.9151628591634062 1.2237781265744094 4.944117349791122E-4 5.231655915612213E-5 
2.9151628591634062 1.2237781265744094 4.944117349791122E-4 5.231655915612213E-5 
2.807146348955802 1.5181684009263001 4.988980689221411E-4 4.8278679545419104E-4 
2.808440596519498 1.5188683593573629 4.991280881409378E-4 4.830093864972385E-4 
3.1847338700580647 1.752573079613029E-4 3.4353993264050683E-4 1.609304074907106E-4 
3.181008642462425 5.736765700638572E-4 3.4201614461655365E-4 5.905964073712696E-5 
2.4297574442533967 0.130091703008607 2.378256673555326E-4 2.0583569909225967 
3.166550263300508 5.710690847349677E-4 0.1380080358543711 5.971519588405198E-5 
3.1754543307659167 5.72674881970155E-4 5.62522847812755E-4 5.9317932557907627E-5 
3.174753799112547 5.720071566393313E-4 3.4246337899772924E-4 1.604179681140149E-4 
3.174753799112547 5.720071566393313E-4 3.4246337899772924E-4 1.604179681140149E-4 
3.204155081815316 5.778508969612776E-4 5.677495263771181E-4 5.985406661598921E-5 
3.1851678017772955 1.7528118741498862E-4 3.4358674122159316E-4 1.6094417761978948E-4 
3.181008642462425 5.736765700638572E-4 3.4201614461655365E-4 5.905964073712696E-5 
2.4896779425570683 4.4899906387684425E-4 2.4334217680436587E-4 2.0727516953033565 
0.26520754132824725 4.782865114961872E-5 3.162451576544061 3.794989236670257E-4 
3.1780709182958105 1.3198172411309304E-4 5.631276217275562E-4 1.6179798713598947E-4 
3.1784904166822083 1.3199914541101962E-4 5.632019533377449E-4 1.6181934411519823E-4 
3.175320060271746 5.726506670606045E-4 5.590486971654299E-4 5.931542435484962E-5 
3.176908822562862 5.729371911805479E-4 5.638829853624091E-4 5.934510267245706E-5 
3.1851678017772955 1.7528118741498862E-4 3.4358674122159316E-4 1.6094417761978948E-4 
2.4896779425570683 4.4899906387684425E-4 2.4334217680436587E-4 2.0727516953033565 
0.45663324782156717 8.235117374111009E-5 3.141861389050868 1.6690075375501572E-4 
3.1847338700580647 1.752573079613029E-4 3.4353993264050683E-4 1.609304074907106E-4 
3.2000786016541016 5.771157272652253E-4 5.634085001739134E-4 3.5675618047696525E-4 
3.1891207651367837 5.75152601704921E-4 5.613259745767447E-4 3.4002646748432713E-4 
3.2083331398949615 4.16360075093027E-4 3.449540211555981E-4 5.9566955773732984E-5 
2.4899348693378296 4.4904539914056437E-4 2.4336728893675896E-4 2.0729655966322347 
0.26520754132824725 4.782865114961872E-5 3.162451576544061 3.794989236670257E-4 
3.1868375500884896 3.6267446689754163E-4 3.437668600879174E-4 1.6032178399848346E-4 
3.2083930536300724 4.1636785037263863E-4 3.9535609830329397E-4 5.9568068259559866E-5 
3.1868375500884896 3.6267446689754163E-4 3.437668600879174E-4 1.6032178399848346E-4 
2.4899348693378296 4.4904539914056437E-4 2.4336728893675896E-4 2.0729655966322347 
0.45663324782156717 8.235117374111009E-5 3.141861389050868 1.6690075375501572E-4 
3.2083930536300724 4.1636785037263863E-4 3.9535609830329397E-4 5.9568068259559866E-5 
3.1818892178161464 3.5645284651222815E-4 5.599857096519912E-4 0.0015995224693166948 
2.5029358707325637 3.2524137322482457E-4 2.699938084235779E-4 2.0262566688969392 
6.754125857330637E-5 3.732298655799374E-9 3.169841630002911 4.568821645186036E-5 
3.1818892178161464 3.5645284651222815E-4 5.599857096519912E-4 0.0015995224693166948 
2.5029358707325637 3.2524137322482457E-4 2.699938084235779E-4 2.0262566688969392 
6.778109952456525E-5 3.775341820197453E-9 3.181097828853478 5.2252779444536374E-5 
0.0031153030223340047 3.0476188938918287E-5 3.839033907036866E-7 3.179277805458865 
0.00345473050022897 3.9394571766394675E-7 3.166814837868006 0.5274585225933921 
7.607635914159617E-4 3.172836800672303 0.014214079856551346 6.420486409938758E-5 
8.162320835527604E-4 3.4041734144577673 7.898641145074315E-5 4.0737498608614834E-4 
1.686863497778865E-4 3.2176915692488635 5.679520420249091E-4 4.197563706689813E-5 
1.303297575043411E-4 3.21415593204787 3.370124863573612E-4 5.9673643484358296E-5 
1.3052389808321073E-4 3.2189437725623757 3.378442568231335E-4 5.976253397256955E-5 
1.303297575043411E-4 3.21415593204787 3.370124863573612E-4 5.9673643484358296E-5 
1.312720059109733E-4 3.2146724228573618 3.370666417462727E-4 5.700755793044471E-5 
1.228957839956745E-4 0.001710827088208053 1.2573022844504176E-5 3.195382975693758 
8.84953389743006E-4 1.5334227038227573E-6 3.1942218719350164 1.62342086401492E-4 
2.8144450939980596 1.5221157277529527 7.500864414118776E-4 4.8404207680573615E-4 
2.807146348955802 1.5181684009263001 4.988980689221411E-4 4.8278679545419104E-4 
2.7366816334385136 1.5636967340425956 4.92021651312196E-4 0.6181967854810179 
2.7366816334385136 1.5636967340425956 4.92021651312196E-4 0.6181967854810179 
2.103014989615116 1.1267689947730886 0.15414983728478934 2.1087116847926803 
1.098466341866536E-4 0.0017111824151173503 1.2569130805249625E-5 3.1943938296364793 
8.800205778668775E-4 3.6675557102189023E-5 3.179169529579699 1.6157551985096128E-4 
2.852526370801606 1.179162284666075 0.43184768374260263 0.7043881093129577 
2.8525152748061755 1.179157697862091 0.43184600390539774 0.7043853693252323 
2.852526370801606 1.179162284666075 0.43184768374260263 0.7043881093129577 
1.6569440770508794 2.144339911892751E-4 0.03087773418347702 1.3711933035522246 
0.0016672814870883838 2.5154712049183565E-5 4.2335883471561887E-4 3.2048730862376984 
8.832101605001132E-4 1.5304020845110488E-6 3.187929720235296 1.6050154473434708E-4 
3.0170449490854994 1.0114548172438196 0.16219363412613313 1.79861080950387E-4 
1.650076622135354 2.31805172104236E-4 0.030749756797729226 1.3655101879032339 
1.6569440770508794 2.144339911892751E-4 0.03087773418347702 1.3711933035522246 
6.452332213624198E-6 1.2007290997703844E-4 5.1127708475234115E-6 3.184231478168911 
6.754125857330637E-5 3.732298655799374E-9 3.169841630002911 4.568821645186036E-5 
3.07535316391146 0.7506612062492146 0.1921739295350298 0.02259455464155417 
1.650076622135354 2.31805172104236E-4 0.030749756797729226 1.3655101879032339 
6.452332213624198E-6 1.2007290997703844E-4 5.1127708475234115E-6 3.184231478168911 
8.831920056369715E-4 3.058080197334598E-8 3.1878594067545047 1.6201872255468586E-4 
2.43494095311958 3.441358966628201E-4 0.04537597898777649 2.044327271220905 
3.679910256529872E-6 1.2179395564105551E-4 9.290769139905826E-7 3.2238715973557746 
6.913000511834742E-4 8.160527019061024E-5 3.18771913801788 5.23615424438514E-5 
3.679910256529872E-6 1.2179395564105551E-4 9.290769139905826E-7 3.2238715973557746 
1.126018499083511E-5 2.973486464856144E-4 3.192919290278891 2.3093963342206757E-7 
7.607635914159617E-4 3.172836800672303 0.014214079856551346 6.420486409938758E-5 
1.303297575043411E-4 3.21415593204787 3.370124863573612E-4 5.9673643484358296E-5 
8.840785315378253E-5 3.2140936154925854 3.361802413453742E-4 5.96724864943861E-5 
1.686863497778865E-4 3.2176915692488635 5.679520420249091E-4 4.197563706689813E-5 
1.718547072113422E-4 3.275154480505278 5.711850482545338E-4 5.8078221589683955E-5 
1.312720059109733E-4 3.2146724228573618 3.370666417462727E-4 5.700755793044471E-5 
1.3950477979399238E-4 3.119443920428391 3.315051542673804E-4 0.7563441123709451 
8.831920056369715E-4 3.058080197334598E-8 3.1878594067545047 1.6201872255468586E-4 
1.001053674884998 2.9573569450408197 3.26558791624438E-4 0.7657678493362458 
1.001053674884998 2.9573569450408197 3.26558791624438E-4 0.7657678493362458 
0.5384400666703212 3.0757779652552637 3.265966314701264E-4 0.7658565823239809 
0.08391675360120707 2.4016884003441357 0.0031569538802524617 2.119588016557419 
9.005994538897664E-5 0.0016759458994368224 7.13627023639686E-5 3.1835996668882007 
4.117492296670339E-6 8.81586867497923E-4 3.182100405573499 1.648557107008437E-4 
1.7042534969231754E-4 0.0372122040872504 3.0882267467747813 0.75749286392974 
0.005765090539099151 0.25804882837622606 0.0048055523778817956 2.1229487608393813 
0.005765090539099151 0.25804882837622606 0.0048055523778817956 2.1229487608393813 
1.1447705429907642E-6 1.0781842083961788E-4 4.2346271243715455E-7 3.3489076748916413 
8.832101605001132E-4 1.5304020845110488E-6 3.187929720235296 1.6050154473434708E-4 
0.06613652384965614 1.194630794216735E-5 3.1031610401915 0.7509840321113251 
0.346883214175976 0.04352004384799868 0.017833061972647193 3.1601596393742017 
1.834877271404718E-6 6.234806127760915E-5 2.6521378636057736E-6 3.2433036738841388 
6.778109952456525E-5 3.775341820197453E-9 3.181097828853478 5.2252779444536374E-5 
0.0250969704810859 2.779767019476634E-5 2.439813072371981 2.0855507994599587 
1.834877271404718E-6 6.234806127760915E-5 2.6521378636057736E-6 3.2433036738841388 
2.9567789687341917E-4 3.4758367538721024E-5 3.1945515821514383 0.002521041946628576 
1.1950815726246715E-5 7.629213973046429E-7 0.001397693447602984 3.2145087407832627 
6.913000511834742E-4 8.160527019061024E-5 3.18771913801788 5.23615424438514E-5 
5.866066864433107E-4 0.020880069053866135 3.182655991917967 1.6175619048822783E-4 
1.3052389808321073E-4 3.2189437725623757 3.378442568231335E-4 5.976253397256955E-5 
8.840785315378253E-5 3.2140936154925854 3.361802413453742E-4 5.96724864943861E-5 
1.31409248109863E-4 3.2180332971653405 3.3741903803034405E-4 5.698630694003489E-5 
1.7505128837677807E-4 3.3391027521656027 5.876634466519447E-4 3.960131048550409E-4 
1.3950477979399238E-4 3.119443920428391 3.315051542673804E-4 0.7563441123709451 
1.542057005456673E-5 2.4443992768139584E-4 3.209841393762457 1.6213326326793576E-4 
0.5384400666703212 3.0757779652552637 3.265966314701264E-4 0.7658565823239809 
1.3950477979399238E-4 3.119443920428391 3.315051542673804E-4 0.7563441123709451 
0.07582142186352908 2.3863244044006438 2.51317331969122E-4 2.1487280115652103 
3.838707293943353E-6 1.2875265677234478E-4 6.445745902679081E-6 3.2071371950606804 
7.30806262710997E-6 2.447543475367066E-4 3.209023326127007 1.6209194160775434E-4 
0.06613652384965614 1.194630794216735E-5 3.1031610401915 0.7509840321113251 
0.009147538851161707 0.36079452038051274 0.0047015597968217936 3.170513702693505 
3.838707293943353E-6 1.2875265677234478E-4 6.445745902679081E-6 3.2071371950606804 
1.1145167589770944E-5 2.9431137235942916E-4 3.2130893396748585 1.6229732144933974E-4 
0.005765090539099151 0.25804882837622606 0.0048055523778817956 2.1229487608393813 
7.631693030194162E-9 7.396763649458825E-7 1.0260233709801204E-4 3.186771469811294 
6.778109952456525E-5 3.775341820197453E-9 3.181097828853478 5.2252779444536374E-5 
1.037447632412884E-5 5.980515483723574E-6 0.001397500520218835 3.2140650597180636 
1.3753768246369967E-6 3.4762831129594937E-9 0.02989998276542668 3.2055970929444357 
5.813640940834492E-4 0.02075019283870268 3.1764398835066485 1.6144023158999748E-4 
1.718547072113422E-4 3.275154480505278 5.711850482545338E-4 5.8078221589683955E-5 
1.701874313247616E-4 3.2433800462824345 5.656436052927242E-4 5.751476644805154E-5 
8.162320835527604E-4 3.4041734144577673 7.898641145074315E-5 4.0737498608614834E-4 
4.188631556462522E-5 2.8046351771992097 7.740804653999168E-5 2.477053111920241 
2.3394686848665454E-7 2.983495680161126E-4 3.2013735201770834 2.2682559340682973E-5 
2.2563740872650656E-7 2.8775261604182774E-4 3.087665289692125 0.8454814000321837 
0.13031933550736757 2.394333800279055 0.1549269448852593 2.1193422239247117 
3.838707293943353E-6 1.2875265677234478E-4 6.445745902679081E-6 3.2071371950606804 
2.8617115754204445E-4 3.378138710101183E-5 3.1879305996307457 5.236501488221261E-5 
0.005765090539099151 0.25804882837622606 0.0048055523778817956 2.1229487608393813 
3.838707293943353E-6 1.2875265677234478E-4 6.445745902679081E-6 3.2071371950606804 
2.8617115754204445E-4 3.378138710101183E-5 3.1879305996307457 5.236501488221261E-5 
2.64707252155529E-6 6.994390157410646E-5 0.00139305708843835 3.2077695785788922 
7.631693030194162E-9 7.396763649458825E-7 1.0260233709801204E-4 3.186771469811294 
1.7411015948384456E-4 0.038085177036352835 3.1929014338973603 1.48186149327277E-4 
3.7586454527017044E-4 4.468194216338689 5.4488512189298106E-5 8.61315599098186E-5 
3.7404955668843693E-4 4.4224885210327 1.0237390361527347E-4 8.210740494367308E-5 
4.188631556462522E-5 2.8046351771992097 7.740804653999168E-5 2.477053111920241 
7.30806262710997E-6 2.447543475367066E-4 3.209023326127007 1.6209194160775434E-4 
0.13031933550736757 2.394333800279055 0.1549269448852593 2.1193422239247117 
1.228957839956745E-4 0.001710827088208053 1.2573022844504176E-5 3.195382975693758 
1.126018499082724E-5 2.9734864648540656E-4 3.192919290276659 3.782299304537212E-6 
1.037447632412884E-5 5.980515483723574E-6 0.001397500520218835 3.2140650597180636 
2.8617115754204445E-4 3.378138710101183E-5 3.1879305996307457 5.236501488221261E-5 
1.744233742767888E-4 0.03815369021717496 3.1937715224562298 1.4822656332037643E-4 
3.7404955668843693E-4 4.4224885210327 1.0237390361527347E-4 8.210740494367308E-5 
1.2999376952999242E-4 3.1528415792693028 3.2976475939279764E-4 0.7732857208680632 
2.8617115754204445E-4 3.378138710101183E-5 3.1879305996307457 5.236501488221261E-5 
1.042569481572202E-5 6.010041116869371E-6 0.0013977786999537951 3.2147059567109477 
2.2563740872650656E-7 2.8775261604182774E-4 3.087665289692125 0.8454814000321837 
1.131782887949051E-5 2.9887085347278216E-4 3.19129496677846 1.063574967586563E-5 
1.283314746848278E-4 3.1090086419396217 3.2518014653908756E-4 0.7625349794546687 
7.30806262710997E-6 2.447543475367066E-4 3.209023326127007 1.6209194160775434E-4 
1.3950477979399238E-4 3.119443920428391 3.315051542673804E-4 0.7563441123709451 
