9.38097984374284 0.003566582534480405 0.16443134196922046 6.046851178375703E-5 
10.261616201659029 0.2866839726151567 0.006660083094712518 6.416826032621829E-4 
0.7595235283631683 11.735631151264508 0.0011059030984127266 0.001477522411643258 
12.599841810850275 2.1669459464762495 0.0014802572187654144 8.767491860005061E-5 
3.0651690718046902 12.553470085852219 0.0014920512084937612 0.0022649957231089092 
3.0651690718046902 12.553470085852219 0.0014920512084937612 0.0022649957231089092 
1.4675549774945926E-4 11.069685587430284 0.0010903301442494696 0.0043039007271176676 
11.956275431696817 0.0029788307078561327 3.4780085399199176E-4 0.0025868465022586373 
3.5123407431603133 0.3690081750065678 7.175624175962762E-4 9.357730453596318 
1.6066295503473789 1.938058239605518E-4 9.951587895198832 3.4790282762216344E-6 
12.974058484499494 0.002486674902759255 0.005071736094683369 1.0900676063081232E-4 
11.954683871401228 0.004551788116795296 0.004685758229948722 7.455105477292789E-5 
12.916629109924463 0.003223635958946563 4.465962432732388E-4 0.0021485556619541195 
12.916629109924463 0.003223635958946563 4.465962432732388E-4 0.0021485556619541195 
12.586709678351374 0.003141297127807017 4.555827367835865E-4 0.00491242286463371 
12.570551599902494 0.0031372645150973075 4.5499788643039486E-4 0.004906116584752054 
3.489816643662863E-4 3.6631404443438764E-5 7.106359142609E-4 10.118999246611168 
9.38097984374284 0.003566582534480405 0.16443134196922046 6.046851178375703E-5 
12.974058484499494 0.002486674902759255 0.005071736094683369 1.0900676063081232E-4 
11.608358827090404 0.0025118835164236286 0.004550087312359533 0.002511571823975894 
12.916629109924463 0.003223635958946563 4.465962432732388E-4 0.0021485556619541195 
12.586709678351374 0.003141297127807017 4.555827367835865E-4 0.00491242286463371 
12.570551599902494 0.0031372645150973075 4.5499788643039486E-4 0.004906116584752054 
2.410434404905884E-5 1.6202398134911112E-4 2.9069010918270793E-5 10.230816123846557 
0.49953286410546704 1.8991888035085002E-4 9.368156235568403 6.046234685582152E-5 
11.865417979659654 0.002567507455836808 0.004650845878325089 0.0025671888611733793 
11.838286286640987 7.735089134573447E-4 0.004640211065938262 0.0025751425467643338 
12.625645406250335 0.0031510144163870856 4.3653539629771095E-4 0.002100153352129719 
12.61787457353112 0.003149075029913151 4.3626671747524327E-4 0.002098860749663946 
0.002026119455168929 6.240285593973833E-5 4.45483166682745E-6 9.97220164640611 
0.49953286410546704 1.8991888035085002E-4 9.368156235568403 6.046234685582152E-5 
11.608358827090404 0.0025118835164236286 0.004550087312359533 0.002511571823975894 
12.924591455584292 0.0024771937971002616 0.004120860569213722 1.085911407519559E-4 
13.017351449474225 0.0025327554998280394 3.61189250025693E-4 2.4111216270126355E-4 
5.937713436710621E-5 1.8287681669371677E-6 2.0291161672706754E-6 10.102234272893664 
0.5482570172781789 2.797725425025029E-4 9.58334744744902 8.927252554379632E-6 
13.032916749573019 3.48449880142887E-4 0.0015101579579942443 0.004892943726151001 
13.033796576877203 3.4847340332841637E-4 0.0015102599058721142 4.221921907020019E-5 
1.1565791816423077E-4 1.2337813411157543E-5 6.012994502919703E-6 6.724022911634827 
9.111749285514007 6.144176870940706E-4 1.069892608109676 3.1408473645492945E-5 
13.033796576877203 3.4847340332841637E-4 0.0015102599058721142 4.221921907020019E-5 
4.2443654824940013E-4 4.447108704116746E-5 0.0011410760501923704 9.696333791692657 
9.111749285514007 6.144176870940706E-4 1.069892608109676 3.1408473645492945E-5 
2.200159597325473 6.29558352722913E-4 4.470268099837279E-4 9.936287254584713 
0.0027213445345132927 1.574232853587374E-4 9.64380942232779 0.06129463356510983 
0.002848079269991323 2.9621743539956808E-5 10.106576298146713 3.0061485753551296E-6 
0.004594153479544395 12.958402825032348 0.001200791304076201 3.9797949439672E-4 
0.004594153479544395 12.958402825032348 0.001200791304076201 3.9797949439672E-4 
0.004555525155488278 12.958950974352211 0.0012801578957384269 7.749738808527812E-4 
0.004555525155488278 12.958950974352211 0.0012801578957384269 7.749738808527812E-4 
1.1604767145477607E-4 11.036865432409716 0.0018258835970665639 0.004291140267944465 
1.6494960983104665E-4 12.475695146755385 0.0013987722132370504 0.005452532121405508 
3.489816643662863E-4 3.6631404443438764E-5 7.106359142609E-4 10.118999246611168 
6.4922010183161436E-6 0.003950035129644821 14.016192152934854 4.169043485099429E-6 
2.16054988428529 8.125724507954969 0.6276510631080954 0.05380959707146168 
0.12889265074718123 8.217775168721044 0.613522419091867 8.878666167451807E-6 
2.538125482408844 7.215946064287703 0.5710118045492554 0.003256918583038987 
2.538125482408844 7.215946064287703 0.5710118045492554 0.003256918583038987 
6.3225054227899635 0.3650871344186246 0.47275357914539035 4.0444692154463 
2.314002003392222E-4 2.7444815388108748E-5 7.648132429431378E-4 10.208056908255386 
0.0028920417884143353 8.079643718672899E-5 10.266028849038014 3.053576907617018E-6 
0.0021210864292103737 1.2280051403233528E-4 7.538995599050278 2.2424350453723344E-6 
9.691380432223223 0.4750011801292827 0.01685171951763809 0.14254715468238027 
6.692034068452308 0.04913279603967523 0.5080275484565916 0.0014520861082777125 
6.322521499767207 0.36508806276856814 0.47275478127145043 4.044479499793278 
0.0014221670287865786 4.380160507970406E-5 3.1269206261227716E-6 6.999654610565673 
0.002655233278542575 1.7359583436063684E-4 10.268726661757176 3.054379339236941E-6 
2.194795736821308 8.662960633863736E-4 8.8661949026675 0.2203663834548081 
6.692034068452308 0.04913279603967523 0.5080275484565916 0.0014520861082777125 
6.322521499767207 0.36508806276856814 0.47275478127145043 4.044479499793278 
0.0014221670287865786 4.380160507970406E-5 3.1269206261227716E-6 6.999654610565673 
0.002655233278542575 1.7359583436063684E-4 10.268726661757176 3.054379339236941E-6 
6.627182241770074 0.2003053279760439 0.11069755962216142 3.6529926233341166 
6.080294269848979 0.6447358747113919 0.003796469796828057 3.994603480722175 
5.836517557214069E-4 1.7976006468099204E-5 0.0019396878622694636 9.965267482877135 
0.002848079269991323 2.9621743539956808E-5 10.106576298146713 3.0061485753551296E-6 
6.080294269848979 0.6447358747113919 0.003796469796828057 3.994603480722175 
8.490086202287934E-5 3.4579337972295705E-6 4.055669111664576E-6 6.761763014729767 
0.007180598617793069 4.2338427867289694E-4 9.95149260428777 2.7783504281385155E-5 
4.859937547693441E-4 5.092085179505236E-5 0.0011135480264947342 9.678656850106684 
0.0027213445345132927 1.574232853587374E-4 9.64380942232779 0.06129463356510983 
1.288211104606968E-4 0.00348672556161602 12.380622214933634 3.528753643286529E-6 
0.00470782251875488 13.279021020611207 0.0012487314921755272 7.941147767909154E-4 
0.00470782251875488 13.279021020611207 0.0012487314921755272 7.941147767909154E-4 
0.004593703233666689 12.957132848424122 0.001275360645664204 7.748651537002532E-4 
1.1604767145477607E-4 11.036865432409716 0.0018258835970665639 0.004291140267944465 
1.4715345167999334E-4 11.09970303111621 0.001093286770564244 0.00431557152812513 
2.410434404905884E-5 1.6202398134911112E-4 2.9069010918270793E-5 10.230816123846557 
0.002835430584541215 1.6415754138518967E-4 10.077995127349254 2.9976472546961726E-6 
2.2388382100294115 8.0800988099504 0.6258952363510173 0.05365906704629481 
2.703646628153706 8.032716947947305 0.6326864589329323 0.24350130459101546 
2.703646628153706 8.032716947947305 0.6326864589329323 0.24350130459101546 
2.728768703967009 0.15125888495113857 0.2040119850339853 7.01100047022031 
3.5097244538618046E-5 3.745554932383616E-6 8.372942051305104E-5 10.205516035365912 
0.002835430584541215 1.6415754138518967E-4 10.077995127349254 2.9976472546961726E-6 
0.0021210864292103737 1.2280051403233528E-4 7.538995599050278 2.2424350453723344E-6 
6.068509027281139 0.8230507595055481 0.4571542956478858 3.413078490852974 
2.7045649294689236 0.23218870051755008 0.20263513971147917 6.963684312780329 
2.0461087440010685E-4 2.143846481304852E-5 8.182895086589838E-4 6.720302666104663 
1.5401305618205565E-5 7.078578427171224E-5 9.954187206298188 1.322589183292196E-4 
0.5482570172781789 2.797725425025029E-4 9.58334744744902 8.927252554379632E-6 
2.7045649294689236 0.23218870051755008 0.20263513971147917 6.963684312780329 
4.6569372944464026E-4 4.930835632103113E-5 0.0018793861154272726 9.960353567020258 
0.002835430584541215 1.6415754138518967E-4 10.077995127349254 2.9976472546961726E-6 
8.490086202287934E-5 3.4579337972295705E-6 4.055669111664576E-6 6.761763014729767 
4.2443654824940013E-4 4.447108704116746E-5 0.0011410760501923704 9.696333791692657 
1.5401305618205565E-5 7.078578427171224E-5 9.954187206298188 1.322589183292196E-4 
1.1565791816423077E-4 1.2337813411157543E-5 6.012994502919703E-6 6.724022911634827 
8.490086202287934E-5 3.4579337972295705E-6 4.055669111664576E-6 6.761763014729767 
1.248143620287565E-4 5.452356117284673E-4 12.982535752702727 9.046862098195924E-5 
7.760011456307352E-4 15.303460683690655 0.0016815105506204264 0.002558002743159747 
7.358093853585698E-4 14.510841978684144 0.0015944193532347298 0.0024255150095945427 
1.4676078624045966E-4 11.07008449536562 0.001090369435459978 0.004304055822774124 
1.4675549774945926E-4 11.069685587430284 0.0010903301442494696 0.0043039007271176676 
3.714854269077621E-4 2.1212515367872838E-5 0.0014932874631536646 7.570818287471234 
0.002835430584541215 1.6415754138518967E-4 10.077995127349254 2.9976472546961726E-6 
0.5406197972442165 1.9179440604583584 7.115013940286389 0.023287073718960705 
2.2451889557831453 8.103019024987452 0.6276706667937941 0.05381127772890108 
0.0016098494872826665 1.289494022052605E-4 0.00642364356350442 7.162214436445425 
2.067371956220549E-4 6.367339992159035E-6 6.689965663029213E-4 10.294018102501662 
1.619827337779388E-5 7.44487196942158E-5 10.469284203461111 1.3910288964174352E-4 
0.5406197972442165 1.9179440604583584 7.115013940286389 0.023287073718960705 
0.7237789886459315 0.040613399697763584 2.6259239264102208 7.01237639843555 
4.6569372944464026E-4 4.930835632103113E-5 0.0018793861154272726 9.960353567020258 
1.619827337779388E-5 7.44487196942158E-5 10.469284203461111 1.3910288964174352E-4 
2.234107181922653 0.07705222066439363 7.3350672905623915 5.869800880526859 
5.811070025438613E-4 1.7897630109027457E-5 0.0019081846433323113 9.81331075828259 
1.619827337779388E-5 7.44487196942158E-5 10.469284203461111 1.3910288964174352E-4 
4.859937547693441E-4 5.092085179505236E-5 0.0011135480264947342 9.678656850106684 
7.524499514524252E-4 6.110899666712375E-5 9.569931070759631 0.16768541304325413 
2.1013630910463772E-5 8.953979316513098E-5 12.637878859538214 1.6791649115064524E-4 
7.358093853585698E-4 14.510841978684144 0.0015944193532347298 0.0024255150095945427 
1.4676078624045966E-4 11.07008449536562 0.001090369435459978 0.004304055822774124 
1.4715345167999334E-4 11.09970303111621 0.001093286770564244 0.00431557152812513 
2.0461087440010685E-4 2.143846481304852E-5 8.182895086589838E-4 6.720302666104663 
1.248143620287565E-4 5.452356117284673E-4 12.982535752702727 9.046862098195924E-5 
2.16054988428529 8.125724507954969 0.6276510631080954 0.05380959707146168 
3.714854269077621E-4 2.1212515367872838E-5 0.0014932874631536646 7.570818287471234 
4.893165670863486E-4 1.507055823728363E-5 0.0019646742822063104 9.960702377584584 
1.66095761957525E-5 7.435803859117825E-5 10.469284203461111 1.3910288964174352E-4 
0.7237789886459315 0.040613399697763584 2.6259239264102208 7.01237639843555 
5.847525993616055E-4 1.8009911570247176E-5 0.0019201557120562265 9.87487493547426 
1.66095761957525E-5 7.435803859117825E-5 10.469284203461111 1.3910288964174352E-4 
5.52093990829451E-4 1.700405259276925E-5 0.0018129144380725157 9.845834637209768 
2.6234799434685297E-4 8.080108038813036E-6 8.681538853224695E-4 9.895114829599263 
1.248143620287565E-4 5.452356117284673E-4 12.982535752702727 9.046862098195924E-5 
7.641389807549723E-4 14.779252958496224 0.001234756224906686 0.0057461828563069315 
1.4670973539161853E-4 11.066233758225893 0.0010899901496394492 0.004302558653749339 
5.123289634153522E-4 4.052120642796511E-5 0.001686791712502254 9.79210382366101 
1.248143620287565E-4 5.452356117284673E-4 12.982535752702727 9.046862098195924E-5 
0.16121527372133534 2.2510640472075862 7.6295064898750935 6.09037774150119 
5.515746409475534E-4 1.6988057032497767E-5 0.0018112090456666161 9.836572748580378 
1.619827337779388E-5 7.44487196942158E-5 10.469284203461111 1.3910288964174352E-4 
1.9568328940887647E-4 6.026888536923963E-6 6.425664226591154E-4 9.874875116643036 
5.811070025438613E-4 1.7897630109027457E-5 0.0019081846433323113 9.81331075828259 
1.3672104306561143E-4 10.312792250588174 0.12145444214687792 0.0040098981577872325 
6.735230525230544E-4 13.282497856969192 0.0015331422964842444 0.002220194940062514 
5.850745988519791E-4 1.8019828896572228E-5 0.0019212130637659831 9.880312627756767 
1.619827337779388E-5 7.44487196942158E-5 10.469284203461111 1.3910288964174352E-4 
5.515746409475534E-4 1.6988057032497767E-5 0.0018112090456666161 9.836572748580378 
2.6234799434685297E-4 8.080108038813036E-6 8.681538853224695E-4 9.895114829599263 
1.3672104306561143E-4 10.312792250588174 0.12145444214687792 0.0040098981577872325 
5.123289634153522E-4 4.052120642796511E-5 0.001686791712502254 9.79210382366101 
7.524499514524252E-4 6.110899666712375E-5 9.569931070759631 0.16768541304325413 
5.850745988519791E-4 1.8019828896572228E-5 0.0019212130637659831 9.880312627756767 
