8.491093229928481 9.313526248211586 0.6358008671498928 1.7471054316506098E-4 
7.498854884114467 10.092018158228976 1.091644110982784E-4 9.75402040447649E-4 
8.001293141996635 10.776203292768843 1.1698452595404178E-4 2.546944346183195E-4 
8.01133968512062 10.789734054506015 0.0016921573940755661 2.5501423476480186E-4 
8.001293141996635 10.776203292768843 1.1698452595404178E-4 2.546944346183195E-4 
10.438195709970277 0.01588849064552932 9.515533615039293E-5 9.548659848650157E-4 
9.110247757826588 9.30693045929457 3.0183630304563805E-4 1.640828105076986E-4 
7.498854884114467 10.092018158228976 1.091644110982784E-4 9.75402040447649E-4 
7.683768741899634 8.855786989913959 2.717284450937825E-4 0.3112548226391907 
11.731155628919966 0.0030038950127209345 0.8799286439252915 1.9246068364165214E-4 
11.618807249853377 0.0030963837156774794 3.20505976725901E-5 2.0238858249153234E-4 
11.906082266275076 0.003126753968963701 1.3156680860647047E-4 2.0791252366270932E-4 
11.628084013074394 4.5432367150612996E-4 0.0014568612087518013 2.0255016944328041E-4 
11.627464275932116 0.0030986907919547573 6.506546602376456E-4 2.0253937997654798E-4 
11.823519154602215 7.525139460865886E-4 1.0778391877470633E-4 0.0010815914473861676 
11.823519154602215 7.525139460865886E-4 1.0778391877470633E-4 0.0010815914473861676 
5.999498488532832E-4 3.3730548539229756E-5 3.0502804923261287E-7 9.356380020922902 
11.618807249853377 0.0030963837156774794 3.20505976725901E-5 2.0238858249153234E-4 
11.607059499604894 0.003048225146334541 1.2854205371246933E-4 2.0387548734607263E-4 
11.906082266275076 0.003126753968963701 1.3156680860647047E-4 2.0791252366270932E-4 
11.849533197282078 4.257377099353303E-4 1.0537714841710976E-4 9.056930598631282E-4 
11.627464275932116 0.0030986907919547573 6.506546602376456E-4 2.0253937997654798E-4 
11.823519154602215 7.525139460865886E-4 1.0778391877470633E-4 0.0010815914473861676 
5.873202578651492E-4 3.359749503574681E-5 2.653347821005653E-7 9.340662339168643 
11.627058033907822 0.0030985825294488393 0.0014567327163308602 2.042206431730214E-4 
11.628084013074394 4.5432367150612996E-4 0.0014568612087518013 2.0255016944328041E-4 
11.627738876575664 0.003098763972354665 0.0014568180178564935 2.0254416453141204E-4 
12.49068939455543 7.949763384939548E-4 1.138658832060853E-4 0.0011539318157766877 
11.607059499604894 0.003048225146334541 1.2854205371246933E-4 2.0387548734607263E-4 
5.919964991472284E-4 3.3864998141857415E-5 2.6744737645605417E-7 9.387991268477123 
11.61983515074719 7.395503731019753E-4 0.02732423346177431 0.0010662813951307104 
13.055618930508375 8.309315688109238E-4 7.132463464230514E-4 0.0011980312043127412 
12.531431541189155 7.975693933310546E-4 1.1423729108947908E-4 0.0011463974916541188 
12.427409414041056 7.90948851649937E-4 6.80546875216874E-4 0.001140384408134494 
8.122378446314174E-4 5.80803273921299E-5 6.40060226445714E-5 10.220402275373672 
0.002289501452007765 1.2520241013995082E-4 11.513364350621826 0.0018642211570248362 
11.823519154602215 7.525139460865886E-4 1.0778391877470633E-4 0.0010815914473861676 
11.806342917647607 7.514207556683536E-4 6.759171881215169E-4 0.0010833930816698594 
3.905169698959647E-5 2.4870149102310024E-7 3.061485949530713E-6 9.863089480620816 
0.002289501446962134 1.2520240986402823E-4 11.513364325248533 0.002014841054180634 
11.806342917647607 7.514207556683536E-4 6.759171881215169E-4 0.0010833930816698594 
7.952878634660109E-4 2.340568548373722E-6 6.25109890539298E-5 10.23570083954341 
0.002289501446962134 1.2520240986402823E-4 11.513364325248533 0.002014841054180634 
7.952888941340109E-4 1.9593122681767293E-6 6.25109890539298E-5 10.23570083954341 
8.122378446314174E-4 5.80803273921299E-5 6.40060226445714E-5 10.220402275373672 
0.005125428914228316 12.230427404719267 0.03785732548150089 5.209160036744368E-4 
0.004766869509957401 11.374823934726537 1.9391246028383342E-4 4.8447198498581886E-4 
0.0047668695094996915 11.374823933634339 2.4989834354101017E-4 4.8447198498581886E-4 
0.004841499295899305 11.552907407244977 1.5658096915936007E-4 9.066024383065058E-4 
0.004841499295899305 11.552907407244977 1.5658096915936007E-4 9.066024383065058E-4 
0.0021454417111046883 11.631525452983292 1.8725546341833145E-4 9.197596269018225E-4 
0.0021454417111046883 11.631525452983292 1.8725546341833145E-4 9.197596269018225E-4 
5.919964991472284E-4 3.3864998141857415E-5 2.6744737645605417E-7 9.387991268477123 
0.0018159777819627318 1.0137013419002107E-4 9.911748389199712 0.0015842343996766868 
5.202631779528026 8.371489526740753 1.5809131351691623 0.04980803983853247 
5.202631779528026 8.371489526740753 1.5809131351691623 0.04980803983853247 
5.464952059452206 8.95551706557644 1.8101980194950062 0.05312059832698165 
7.418897970331628 8.550515031367153 0.03489579731793024 0.039004460428710606 
7.607718899620989 8.768137136507551 0.035783942282885214 0.2304490535651857 
5.895358596927785E-4 3.306459018113379E-5 2.6631890237897446E-7 9.375306629483603 
5.0471933046099305E-5 0.0024724558440119724 12.417436005285166 0.0017239688935301745 
0.6046775777348828 0.021836113494645662 9.31538717194752 0.4572635978496789 
9.265272896843685 0.510918458437651 0.8404123334723489 0.6750473755089667 
9.236846241838858 1.0351550507589449 1.601684717042886 2.072857761335328 
9.271786872776797 0.5111973032919873 0.801639306791089 0.6752703816610613 
5.873202578651492E-4 3.359749503574681E-5 2.653347821005653E-7 9.340662339168643 
0.0018159777819627318 1.0137013419002107E-4 9.911748389199712 0.0015842343996766868 
9.257333611590221 0.5160832767390083 1.0712735062714869 0.46092811254489174 
9.26832955405377 0.5110870128458305 0.8406895894633113 0.6752700768206789 
9.265272896843685 0.510918458437651 0.8404123334723489 0.6750473755089667 
5.999498488532832E-4 3.3730548539229756E-5 3.0502804923261287E-7 9.356380020922902 
0.0025652122619070155 1.3458642113150693E-5 12.880781117743107 0.0017482678293676123 
9.26832955405377 0.5110870128458305 0.8406895894633113 0.6752700768206789 
9.271786872776797 0.5111973032919873 0.801639306791089 0.6752703816610613 
0.0016528944284641136 1.0542375353230851E-5 1.2957985872119764E-4 10.22944758064165 
0.002289501452007765 1.2520241013995082E-4 11.513364350621826 0.0018642211570248362 
9.257333611590221 0.5160832767390083 1.0712735062714869 0.46092811254489174 
2.5219711110214045E-8 2.9277846032462997E-6 0.0024847686878962942 9.745481244667657 
0.002289501446962134 1.2520240986402823E-4 11.513364325248533 0.002014841054180634 
8.017195447774453E-4 5.80671779613671E-7 6.30162738488712E-5 10.062360415785001 
8.122378446314174E-4 5.80803273921299E-5 6.40060226445714E-5 10.220402275373672 
0.004766869509957401 11.374823934726537 1.9391246028383342E-4 4.8447198498581886E-4 
0.0047668695094996915 11.374823933634339 2.4989834354101017E-4 4.8447198498581886E-4 
0.0023749185781262376 12.332476691216291 2.709374053962281E-4 9.677782632284321E-4 
0.002145441711104686 11.631525452983281 1.8725597282609062E-4 9.197596269018225E-4 
0.002239933351555334 11.631525435170438 1.8725546341833145E-4 9.197596269018225E-4 
0.0022599833717994516 11.735641176062103 2.5782527309928493E-4 9.209422178215626E-4 
5.895358596927785E-4 3.306459018113379E-5 2.6631890237897446E-7 9.375306629483603 
0.0018159777819627318 1.0137013419002107E-4 9.911748389199712 0.0015842343996766868 
0.06533890258460254 9.262074356898314E-5 9.368390739177721 0.46266780326825746 
0.2555151638732572 10.065614243205301 0.7866563722479445 0.3704216651039382 
0.2555151638732572 10.065614243205301 0.7866563722479445 0.3704216651039382 
0.07401994090117969 0.0027336731973958864 1.1114938676780106 9.383766556705767 
5.999498488532832E-4 3.3730548539229756E-5 3.0502804923261287E-7 9.356380020922902 
0.002115226863760951 1.1807458943139506E-4 11.545073220562577 0.0018452952420312712 
0.6046775777348828 0.021836113494645662 9.31538717194752 0.4572635978496789 
7.418897970331628 8.550515031367153 0.03489579731793024 0.039004460428710606 
6.012785593461984E-4 3.440112562884442E-5 3.057788368966777E-7 9.375256855763544 
6.012785593461984E-4 3.440112562884442E-5 3.057788368966777E-7 9.375256855763544 
0.0018159777819627318 1.0137013419002107E-4 9.911748389199712 0.0015842343996766868 
0.6019510501519381 5.342994938402083E-4 9.27586245634499 0.4590506088812838 
0.062492720118560864 6.394628959694882E-4 0.9378092815727364 9.403823007266077 
4.515811329613767E-6 5.241567949627215E-4 9.969918486459717E-7 9.36669077213805 
0.0012508206311080989 6.973088435400398E-5 11.263287483919093 0.003531999655344273 
0.6019510501519381 5.342994938402083E-4 9.27586245634499 0.4590506088812838 
2.5219711110214045E-8 2.9277846032462997E-6 0.0024847686878962942 9.745481244667657 
0.0018916425558333525 1.063452680187433E-4 10.324996719770676 0.007462583114219886 
8.017195447774453E-4 5.80671779613671E-7 6.30162738488712E-5 10.062360415785001 
0.0018329213381113557 1.0182866730925259E-4 10.00491294089664 0.7845179759528341 
0.0018159777819627318 1.0137013419002107E-4 9.911748389199712 0.0015842343996766868 
0.0033328442062335833 12.415644802802781 2.739283189034078E-4 2.153720057431932E-4 
0.002239933351555334 11.631525435170438 1.8725546341833145E-4 9.197596269018225E-4 
0.001379253425537739 13.273959358583184 2.1626916540407913E-4 9.081731697278832E-5 
0.002145441711104686 11.631525452983281 1.8725597282609062E-4 9.197596269018225E-4 
0.0024271566470565114 1.3646028122573094E-4 1.2340212413565732E-6 9.349832483120435 
0.0018159777819627318 1.0137013419002107E-4 9.911748389199712 0.0015842343996766868 
0.19735191493120596 0.004590674011267949 9.322976174091787 0.014726654921861598 
0.28230232551998913 10.607533367673767 0.829035352097559 0.0816347970146032 
0.07401994090117969 0.0027336731973958864 1.1114938676780106 9.383766556705767 
2.1701403807493917E-5 0.0025132805243657207 3.406800595699759E-4 9.826794171123266 
0.0018159777819627318 1.0137013419002107E-4 9.911748389199712 0.0015842343996766868 
0.6029932388688809 5.352245539490128E-4 9.291922232616626 0.45984538673732545 
5.999498488532832E-4 3.3730548539229756E-5 3.0502804923261287E-7 9.356380020922902 
5.999498488532832E-4 3.3730548539229756E-5 3.0502804923261287E-7 9.356380020922902 
0.0018159777819627318 1.0137013419002107E-4 9.911748389199712 0.0015842343996766868 
0.6041194724047623 0.02191136440721952 9.315394638876985 0.4610070062025167 
5.999498488532832E-4 3.3730548539229756E-5 3.0502804923261287E-7 9.356380020922902 
0.0018916425558333525 1.063452680187433E-4 10.324996719770676 0.007462583114219886 
6.132798499845088E-4 3.447999159858578E-5 3.1180532278155673E-7 9.564264990810742 
8.122378446314174E-4 5.80803273921299E-5 6.40060226445714E-5 10.220402275373672 
0.0017246002926419803 9.626932929780466E-5 9.413002924591016 0.0013938632119693782 
0.002306364854939925 10.694239639206643 2.3494628262722564E-4 3.2764295693588714E-5 
0.002306364854896769 10.694239639006536 2.3494628262282942E-4 7.316748095205014E-5 
0.002306364854896769 10.694239639006536 2.3494628262282942E-4 7.316748095205014E-5 
6.5287261888473484E-6 4.903205149549925E-4 3.850565077829566E-5 10.143369836258165 
0.0017246002926419803 9.626932929780466E-5 9.413002924591016 0.0013938632119693782 
0.20581994940193823 0.004787652012646161 9.312741139993308 0.4680241972445457 
0.06249269096845714 6.423053269426007E-4 0.9378092815727364 9.403823007266077 
4.607632456009868E-6 5.50691073985638E-4 4.3244327323954326E-5 10.261018042274976 
0.0017246002926419803 9.626932929780466E-5 9.413002924591016 0.0013938632119693782 
0.6029932388688809 5.352245539490128E-4 9.291922232616626 0.45984538673732545 
4.607632456009868E-6 5.50691073985638E-4 4.3244327323954326E-5 10.261018042274976 
0.0022499460677969933 1.26461330222989E-4 11.315400885328314 0.0035483416923767696 
2.241957009176546E-5 0.0026027130857770977 4.9505867770785965E-6 10.208459631278025 
5.999498488532832E-4 3.3730548539229756E-5 3.0502804923261287E-7 9.356380020922902 
0.0017246002926419803 9.626932929780466E-5 9.413002924591016 0.0013938632119693782 
0.0013615648403746666 13.099377754080535 2.8778577598173686E-4 8.962287058705163E-5 
0.0013615648403746666 13.099377754080535 2.8778577598173686E-4 8.962287058705163E-5 
4.515811329613767E-6 5.241567949627215E-4 9.969918486459717E-7 9.36669077213805 
4.121345836091801E-5 7.239882363733368E-7 12.141889409409002 0.0016927964193570021 
0.20581994940193823 0.004787652012646161 9.312741139993308 0.4680241972445457 
2.241957009176546E-5 0.0026027130857770977 4.9505867770785965E-6 10.208459631278025 
4.121345836091801E-5 7.239882363733368E-7 12.141889409409002 0.0016927964193570021 
4.594689153998187E-6 5.491441274889756E-4 1.099600179504433E-6 10.200812949373903 
4.594689153998187E-6 5.491441274889756E-4 1.099600179504433E-6 10.200812949373903 
4.121345836091801E-5 7.239882363733368E-7 12.141889409409002 0.0016927964193570021 
0.0013615648403746666 13.099377754080535 2.8778577598173686E-4 8.962287058705163E-5 
4.471901729399494E-6 5.344689251220878E-4 1.0725529031154378E-4 10.250525720992979 
4.121345836091801E-5 7.239882363733368E-7 12.141889409409002 0.0016927964193570021 
4.471901729399494E-6 5.344689251220878E-4 1.0725529031154378E-4 10.250525720992979 
3.500708499984724E-6 1.240899517595897E-4 9.747994469870718E-6 10.25790351197447 
3.8025162911104667E-5 6.679801144745834E-7 11.202586271653756 0.0015618407719558067 
4.594689153998187E-6 5.491441274889756E-4 1.099600179504433E-6 10.200812949373903 
6.194647232964341E-5 0.0061273095006178025 0.13143922672839903 9.43752063914463 
3.91195354983726E-4 0.28993825816782975 0.017471139088417846 9.36637794859916 
