8.813872689682615E-6 0.03208874183631666 0.5293859248185303 0.39973456967910637 0.40158345105229887 0.4007503723183456 0.49887126579010366 0.4008357531857615 0.30159908880054365 0.40016791157360315 0.5006551740828461 0.40089553483405416 
4.9388182549740876E-5 5.527394500493548E-6 0.5931763952741758 0.4007396324969884 0.40113506484709927 0.40088703303743733 0.49845630853349443 0.3993790842597365 0.29865329525165957 0.4001833095915739 0.49992323489110413 0.4008815792407256 
1.2080523665456609E-5 5.548744465443056E-6 0.5934027019234738 0.4007396324969884 0.40170943666290215 0.397518487168464 0.5004896675904187 0.4008473679460172 0.301423113586029 0.4001671890182235 0.4998792165293451 0.3999176972164572 
1.2080523665456609E-5 8.016080953336858E-5 0.5934027019234738 0.4007396324969884 0.40170943666290215 0.397518487168464 0.5004894477700599 0.4008473679460172 0.29874443927882477 0.40016716883185527 0.49992323489110413 0.3999176972164572 
1.2080523665456609E-5 5.548744465443056E-6 0.5934027019234738 0.4007396324969884 0.40170943666290215 0.397518487168464 0.5004896675904187 0.4008473679460172 0.301423113586029 0.4001671890182235 0.4998792165293451 0.3999176972164572 
5.8236679679061415E-5 5.803464501315914E-6 9.690294919920094E-4 0.40149622827235687 0.49837891529916223 0.5007227034856521 0.498463904818665 0.4993942844395408 0.2986613301836751 0.4002909004108101 0.501039306795739 0.601041958624847 
8.020664539925117E-6 1.4754304400042375E-5 0.5067983995941431 0.3997438159270474 0.4011345389564595 0.3976191483318435 0.4991621718816985 0.3995309838590407 0.298705548616644 0.40011908887491704 0.4998996942681701 0.3996398808136734 
4.9388182549740876E-5 5.527394500493548E-6 0.5931763952741758 0.4007396324969884 0.40113506484709927 0.40088703303743733 0.49845630853349443 0.3993790842597365 0.29865329525165957 0.4001833095915739 0.49992323489110413 0.4008815792407256 
0.016896538099836378 1.4754304400042375E-5 0.5450365711082299 0.3997455631281847 0.4986822203322835 0.39830402706612444 0.4990715636551489 0.3995309838590407 0.298705548616644 0.4002916239524923 0.5006859969288358 0.600489997094975 
1.0415090593510217E-5 0.04766222080341929 1.63013685770605E-4 0.40022570587117645 0.4998212408777274 0.39762396852976745 0.5004658721632346 0.39934711870910766 0.3016019554608772 0.4001721502561565 0.49989758883980506 0.3998840389695843 
1.1089311144939554E-5 1.7561220382770142E-6 1.6965760832259367E-4 0.4002083090112729 0.49983537019555857 0.39762396751444273 0.500457012614225 0.3993786064066595 0.3013630144839457 0.4001458570369131 0.4998834583547075 0.3999251000954899 
1.111710938496921E-5 7.034894181077271E-6 1.671879388779125E-4 0.40020676925483095 0.5002776151020556 0.3976562781855697 0.500457012614225 0.3993788903907824 0.29854308706637683 0.4001458570369131 0.49992184320342264 0.40091585344765673 
1.1089311144939554E-5 7.976091714534704E-5 2.4873524465686135E-5 0.4002083090112729 0.49983468227352784 0.39762396751444273 0.500457012614225 0.3993467870519992 0.3013630144839457 0.4001458570369131 0.4998813367840479 0.3999155956058919 
1.1089311144939554E-5 3.562424245897767E-5 1.6965760832259367E-4 0.4002083090112729 0.49983468227352784 0.39762396751444273 0.500457012614225 0.39934901917909627 0.3013630144839457 0.4001458570369131 0.4998813367840479 0.3999155956058919 
5.8236679679061415E-5 5.803464501315914E-6 4.051799216037502E-5 0.40149622827235687 0.4011349757987837 0.5005262928289771 0.4984642893509663 0.49997381397377627 0.2986613301836751 0.4023204426826952 0.501036367466689 0.39968832047275005 
5.8236679679061415E-5 5.803464501315914E-6 4.051799216037502E-5 0.40149622827235687 0.4011349757987837 0.5005262928289771 0.4984642893509663 0.49997381397377627 0.2986613301836751 0.4023204426826952 0.501036367466689 0.39968832047275005 
0.9999591141923083 3.231614936584429E-4 0.035754574213342806 0.400217269261721 0.499571700816474 0.40074301593563605 0.5003967406261568 0.4994014988462772 0.6993086810309305 0.40023640067854005 0.4999068217903545 0.6004265802633185 
1.1089311144939554E-5 1.7561220382770142E-6 1.6965760832259367E-4 0.4002083090112729 0.49983537019555857 0.39762396751444273 0.500457012614225 0.3993786064066595 0.3013630144839457 0.4001458570369131 0.4998834583547075 0.3999251000954899 
1.1182088095004465E-5 7.050227506080403E-6 1.671879388779125E-4 0.4002083090112729 0.5002776151020556 0.3976562781855697 0.500457012614225 0.39934801080939525 0.3013630144839457 0.4001458570369131 0.4998782632334187 0.3999155956058919 
1.111710938496921E-5 7.034894181077271E-6 1.671879388779125E-4 0.40020676925483095 0.5002776151020556 0.3976562781855697 0.500457012614225 0.3993788903907824 0.29854308706637683 0.4001458570369131 0.49992184320342264 0.40091585344765673 
4.865863477385555E-5 5.6614193214265215E-6 2.2872887847841085E-5 0.4002083090112729 0.49744605940545733 0.4007242983651425 0.500457012614225 0.39937741801933835 0.3013630144839457 0.4001458570369131 0.49988132243330263 0.3996971992885537 
1.1089311144939554E-5 3.562424245897767E-5 1.6965760832259367E-4 0.4002083090112729 0.49983468227352784 0.39762396751444273 0.500457012614225 0.39934901917909627 0.3013630144839457 0.4001458570369131 0.4998813367840479 0.3999155956058919 
5.8236679679061415E-5 5.803464501315914E-6 4.051799216037502E-5 0.40149622827235687 0.4011349757987837 0.5005262928289771 0.4984642893509663 0.49997381397377627 0.2986613301836751 0.4023204426826952 0.501036367466689 0.39968832047275005 
0.9999599053060394 2.871374695233922E-4 0.03637801396896969 0.4002123923937904 0.49956563695066264 0.40080727206778255 0.5003967406261568 0.4994083805865679 0.7003236404744355 0.4002357289408923 0.49990849660841374 0.6004265802633185 
1.1181753229398589E-5 7.976091714534704E-5 1.6965760832259367E-4 0.4002083090112729 0.4998455660541621 0.39762396751444273 0.500457012614225 0.39934801101312967 0.3013630144839457 0.4001458570369131 0.4998813027663468 0.3999155956058919 
1.1089311144939554E-5 7.976091714534704E-5 2.4873524465686135E-5 0.4002083090112729 0.49983468227352784 0.39762396751444273 0.500457012614225 0.3993467870519992 0.3013630144839457 0.4001458570369131 0.4998813367840479 0.3999155956058919 
1.1089311144939554E-5 7.976091714534704E-5 1.6965760832259367E-4 0.4002083090112729 0.49983468227352784 0.39762396751444273 0.500457012614225 0.3993480284748364 0.3013630144839457 0.4001458570369131 0.4998813367840479 0.3999155956058919 
5.8813071326501374E-5 5.803464501315914E-6 4.051799216037502E-5 0.40012185004341744 0.4011349757987837 0.4007826791161732 0.4984642893509663 0.3993790578223563 0.2987433537118753 0.40108006952858966 0.49987181745637255 0.39968832047275005 
1.1182088095004465E-5 7.050227506080403E-6 1.671879388779125E-4 0.4002083090112729 0.5002776151020556 0.3976562781855697 0.500457012614225 0.39934801080939525 0.3013630144839457 0.4001458570369131 0.4998782632334187 0.3999155956058919 
0.999959789816375 2.871374695233922E-4 0.03637801396896969 0.39960408130135144 0.49956563695066264 0.4008147584605945 0.5004029292481448 0.4994083817497693 0.7003819051123013 0.4002357289408923 0.49991664662991003 0.6004251162222585 
5.841855156885191E-5 0.0014970191024958404 4.051799216037502E-5 0.4002183619804248 0.4988899373104626 0.3976239680455929 0.4984642893509663 0.49896834235948306 0.301359924304449 0.4002375253308608 0.5010472819729341 0.3999360014324883 
5.841855156885191E-5 3.477941013347129E-5 4.051799216037502E-5 0.4002183619804248 0.5017547864621824 0.3976239680455929 0.4984642893509663 0.3993735833542393 0.301359924304449 0.40107911213302394 0.5010220264096342 0.3999360014324883 
5.823910095477737E-5 5.803464501315914E-6 4.051799216037502E-5 0.4014981653899076 0.40026076804633043 0.5031849996095957 0.4984642893509663 0.49997381397377627 0.2986613301836751 0.4002703096771277 0.5010221647131068 0.39968832047275005 
5.841855156885191E-5 3.4862422331234464E-5 4.051799216037502E-5 0.40155549249527983 0.40025685891444673 0.3976239680455929 0.5004031544828624 0.5011396495807647 0.301359924304449 0.4002240814538137 0.5010222241278823 0.39993979334030816 
0.9999491207987363 0.049936518474050645 0.045445133480255126 0.3996065432257127 0.5019440221756714 0.40080980215086565 0.5004056165778799 0.49894186624499 0.700368555695776 0.40029616860533146 0.49998207773117703 0.6002443135832162 
1.0308020996980388E-4 0.9998732151966477 0.03477919533852641 0.40019475169106394 0.40112147531357084 0.3984279793793912 0.5003971196292164 0.49942108139981234 0.7004481720152912 0.40023781051567303 0.5007128507138708 0.6015469053789576 
5.8236679679061415E-5 5.803464501315914E-6 4.051799216037502E-5 0.40149622827235687 0.4011349757987837 0.5005262928289771 0.4984642893509663 0.49997381397377627 0.2986613301836751 0.4023204426826952 0.501036367466689 0.39968832047275005 
5.841855156885191E-5 3.6446700566050405E-5 4.051799216037502E-5 0.4015435564558744 0.40117214507532395 0.3984257223967416 0.5004032231180326 0.4996654820535747 0.3013586076650153 0.40022326770159045 0.5010204489810327 0.3997013035854074 
0.9999974715970271 0.04980539212890627 0.004054270578866034 0.39960659081327415 0.498835840901959 0.40081538769549446 0.5009115193721586 0.4994080792053516 0.700382592140011 0.4002357287687467 0.4991483345030547 0.6002317185652128 
1.1140858384246083E-4 0.9998732151966477 0.03477919533852641 0.40019475169106394 0.40112147531357084 0.3984279793793912 0.5003971196292164 0.49942108139981234 0.7004481720152912 0.40023781051567303 0.5007128507138708 0.6015469053789576 
5.841855156885191E-5 3.6446700566050405E-5 4.051799216037502E-5 0.4015435564558744 0.40117214507532395 0.3984257223967416 0.5004032231180326 0.4996654820535747 0.3013586076650153 0.40022326770159045 0.5010204489810327 0.3997013035854074 
0.9999503834891691 0.049936518474050645 0.0018735956914603807 0.3996065432257127 0.5019440221756714 0.40080980215086565 0.5004056165778799 0.49894186624499 0.7004528470680065 0.4002758353679901 0.49996749374325716 0.600244310011824 
1.1140858384246083E-4 0.9998732151966477 0.03477919533852641 0.40019475169106394 0.40112147531357084 0.3984279793793912 0.5003971196292164 0.49942108139981234 0.7004481720152912 0.40023781051567303 0.5007128507138708 0.6015469053789576 
0.9999503834891691 0.049936518474050645 0.0015684041557427614 0.3996065432257127 0.5019440221756714 0.40080980215086565 0.5004056165778799 0.49894186624499 0.7004528470680065 0.4002758353679901 0.49996749374325716 0.600244310011824 
0.9999491207987363 0.049936518474050645 0.045445133480255126 0.3996065432257127 0.5019440221756714 0.40080980215086565 0.5004056165778799 0.49894186624499 0.700368555695776 0.40029616860533146 0.49998207773117703 0.6002443135832162 
2.7114654192077932E-5 0.0019705478840952727 0.9997332105338863 0.4007438105706895 0.40117888983169053 0.4007436110897123 0.4990897827747668 0.4008304530866508 0.298541056387754 0.4001505000842954 0.49992614987860245 0.39967788581019437 
2.7114654192077932E-5 1.0852782968903974E-5 0.9997332105338863 0.4007438105706895 0.4980982172921087 0.4007436110897123 0.5004229146161383 0.40085093854386133 0.30134982886654965 0.4001458963281582 0.49992614987860245 0.3999091739678261 
2.7114654192077932E-5 1.3986169237687208E-5 0.9997332105338863 0.4007438105706895 0.4980982172921087 0.4007436110897123 0.5004229146161383 0.40085093854386133 0.30134982886654965 0.4001458963281582 0.49992614987860245 0.3999091739678261 
4.9958072512725234E-5 8.628350307864855E-6 0.9997332105338863 0.4007438105706895 0.4991781560883761 0.40074375337178536 0.49910473151589135 0.4008250221839115 0.29852418586131696 0.40016740196950745 0.5006895985118761 0.39868108305179145 
4.9958072512725234E-5 8.628350307864855E-6 0.9997332105338863 0.4007438105706895 0.4991781560883761 0.40074375337178536 0.49910473151589135 0.4008250221839115 0.29852418586131696 0.40016740196950745 0.5006895985118761 0.39868108305179145 
5.0340529745741545E-5 1.0248916097862155E-5 0.9998825751098785 0.4007438105706895 0.40114265720423614 0.40078041878725074 0.49912237640831214 0.4983801950152724 0.29852418586131696 0.40016783860602934 0.49995523349556564 0.6003813228832462 
5.0340529745741545E-5 1.0248916097862155E-5 0.9998825751098785 0.4007438105706895 0.40114265720423614 0.40078041878725074 0.49912237640831214 0.4983801950152724 0.29852418586131696 0.40016783860602934 0.49995523349556564 0.6003813228832462 
0.999959789816375 2.871374695233922E-4 0.03637801396896969 0.39960408130135144 0.49956563695066264 0.4008147584605945 0.5004029292481448 0.4994083817497693 0.7003819051123013 0.4002357289408923 0.49991664662991003 0.6004251162222585 
1.0175348260750908E-4 0.9998831803337584 0.03550006373561008 0.3996022607952376 0.49947733318629217 0.40080651384145416 0.5008797391546536 0.5003711826764341 0.700447928743139 0.4002068647254127 0.49998307377223367 0.601484137067611 
0.0031764394808881675 0.10124768488810815 0.6460030884618502 0.40021716928316425 0.4990413905220239 0.40080377592088307 0.5008797391546536 0.49846092379334483 0.7003574947201134 0.4002370651538746 0.4999562849054792 0.6002564712072751 
0.0031764394808881675 0.10124768488810815 0.6460030884618502 0.40021716928316425 0.4990413905220239 0.40080377592088307 0.5008797391546536 0.49846092379334483 0.7003574947201134 0.4002370651538746 0.4999562849054792 0.6002564712072751 
0.0031764394808881675 0.10877334034136288 0.6511897815060679 0.4002073985041159 0.4981014404206014 0.4007443795695093 0.5008797391546536 0.49847023632952964 0.6988829867187918 0.4001477840297621 0.4999357432529974 0.6002564712072751 
0.002193456445591102 0.0019624123707024516 0.5450365711082299 0.3996077374031722 0.4986445748814539 0.39830402706612444 0.50040270986925 0.4001194625622193 0.6990989796720539 0.40029618780317905 0.5006859969288358 0.600489997094975 
0.012636281409924122 0.0019624123707024516 0.5450365711082299 0.39960791470747503 0.4986822203322835 0.39830402706612444 0.5004027300803674 0.3995309838590407 0.298705548616644 0.4002916239524923 0.5006859969288358 0.600489997094975 
0.9999599053060394 2.871374695233922E-4 0.035667961152094724 0.3996007772173037 0.49956563695066264 0.40080727206778255 0.5003967406261568 0.49940807968098483 0.700322304246948 0.4002357289408923 0.49990849660841374 0.6004265802633185 
8.838480466374563E-5 0.9998732151966477 0.9870060496868844 0.4002064340569061 0.4016551582816795 0.3984165192813443 0.500950533869626 0.39937897916378046 0.29988792954480636 0.3994826726120948 0.49963026487313034 0.600230725497454 
0.03115908039218312 0.9587070017962052 0.02297962426985842 0.3996062884140411 0.49956725178603834 0.40078144948376176 0.5003967126338351 0.49940165585862795 0.7003658933413296 0.40023655593322227 0.49998207773117703 0.6002433255695308 
0.04604312582042311 0.057500521480286504 0.03506984770110562 0.3996242110043245 0.4995760057850276 0.4007814406119461 0.5003967126338351 0.4994015095896777 0.700366279882909 0.4002365566084113 0.49998207773117703 0.6002433255695308 
0.1377244746748253 0.10863724170958278 0.07104826832263919 0.3995215416841116 0.499019522497954 0.40074115538278393 0.4991632950391155 0.4994155019910201 0.6993347831298394 0.400237053197448 0.49992673276614374 0.6004276355804256 
0.04604312582042311 0.05482279550393776 0.0350643468956157 0.3996062884140411 0.4995760057850276 0.40078145523567926 0.5003967126338351 0.49940150956187507 0.7003662798425291 0.4002365566084113 0.49998207773117703 0.6002433255695308 
0.9999599053060394 2.871374695233922E-4 0.03637801396896969 0.4002123923937904 0.49956563695066264 0.40080727206778255 0.5003967406261568 0.4994083805865679 0.7003236404744355 0.4002357289408923 0.49990849660841374 0.6004265802633185 
1.0175348260750908E-4 0.9998831803337584 0.03550006373561008 0.3996022607952376 0.49947733318629217 0.40080651384145416 0.5008797391546536 0.5003711826764341 0.700447928743139 0.4002068647254127 0.49998307377223367 0.601484137067611 
0.031413849144096784 0.07323171842700854 0.035453954566536744 0.3996062884140411 0.49957612348627467 0.4007809338781782 0.5003967126338351 0.49940150587326376 0.7003662820091042 0.40023665500788563 0.49998207773117703 0.6002441074844341 
0.04604312582042311 0.057500521480286504 0.03506984770110562 0.3996062884140411 0.4995760057850276 0.4007814406119461 0.5003967126338351 0.4994015095896777 0.700366279882909 0.4002365566084113 0.49998207773117703 0.6002433255695308 
0.04604312582042311 0.057500521480286504 0.03506984770110562 0.3996242110043245 0.4995760057850276 0.4007814406119461 0.5003967126338351 0.4994015095896777 0.700366279882909 0.4002365566084113 0.49998207773117703 0.6002433255695308 
0.9999591141923083 3.231614936584429E-4 0.035754574213342806 0.400217269261721 0.499571700816474 0.40074301593563605 0.5003967406261568 0.4994014988462772 0.6993086810309305 0.40023640067854005 0.4999068217903545 0.6004265802633185 
8.640639325285709E-5 0.9998732151966477 0.0033400585168208985 0.3995624729379815 0.401123508607729 0.3984165192813443 0.498672514116063 0.39934872084762935 0.29984853984543847 0.39950918038292377 0.4998724832713421 0.6016426333704196 
0.04604312582042311 0.057500521480286504 0.03506984770110562 0.3996062884140411 0.4995760057850276 0.4007814406119461 0.5003967126338351 0.4994015095896777 0.700366279882909 0.4002365566084113 0.49998207773117703 0.6002433255695308 
0.04604312582042311 0.05482279550393776 0.0350643468956157 0.3996062884140411 0.4995760057850276 0.40078145523567926 0.5003967126338351 0.49940150956187507 0.7003662798425291 0.4002365566084113 0.49998207773117703 0.6002433255695308 
0.9998968160113154 0.04980539212890627 0.004060388537399769 0.39960658410583505 0.5017528327346417 0.4008098979187753 0.5009119489026019 0.4994080792053516 0.7003825576521955 0.4002357287687467 0.4991483345030547 0.6004265820879403 
1.0308020996980388E-4 0.9998732151966477 0.03477919533852641 0.40019475169106394 0.40112147531357084 0.3984279793793912 0.5003971196292164 0.49942108139981234 0.7004481720152912 0.40023781051567303 0.5007128507138708 0.6015469053789576 
0.031413849144096784 0.07323171842700854 0.035453954566536744 0.3996062884140411 0.49957612348627467 0.4007809338781782 0.5003967126338351 0.49940150587326376 0.7003662820091042 0.40023665500788563 0.49998207773117703 0.6002441074844341 
0.999837683342601 0.999249848139741 0.9945163419313466 0.40136783637319945 0.4999146394962228 0.3991144224085174 0.5007097903749969 0.4994911180748364 0.699687949719352 0.4002377602250199 0.4994863271229434 0.6002174540113785 
1.1140858384246083E-4 0.9998732151966477 0.03477919533852641 0.40019475169106394 0.40112147531357084 0.3984279793793912 0.5003971196292164 0.49942108139981234 0.7004481720152912 0.40023781051567303 0.5007128507138708 0.6015469053789576 
0.9999491207987363 0.049936518474050645 4.6109275235377625E-4 0.39960176274160814 0.5019092504664753 0.40080980215086565 0.5004053371888647 0.4993865777860933 0.7004488966091513 0.4002758353679901 0.49998207773117703 0.600244310011824 
0.9999491207987363 0.049936518474050645 0.045445133480255126 0.3996065432257127 0.5019440221756714 0.40080980215086565 0.5004056165778799 0.49894186624499 0.700368555695776 0.40029616860533146 0.49998207773117703 0.6002443135832162 
2.7114654192077932E-5 1.0852782968903974E-5 0.9997332105338863 0.4007438105706895 0.4980982172921087 0.4007436110897123 0.5004229146161383 0.40085093854386133 0.30134982886654965 0.4001458963281582 0.49992614987860245 0.3999091739678261 
2.7114654192077932E-5 1.3986169237687208E-5 0.9997332105338863 0.4007438105706895 0.4980982172921087 0.4007436110897123 0.5004229146161383 0.40085093854386133 0.30134982886654965 0.4001458963281582 0.49992614987860245 0.3999091739678261 
4.9958072512725234E-5 1.3986169237687208E-5 0.999877403368053 0.4007438105706895 0.40114265720423614 0.40074375337178536 0.49912237640831214 0.400847483666568 0.29852418586131696 0.40016740196950745 0.49995523349556564 0.400895669734313 
5.0340529745741545E-5 1.0248943978903853E-5 0.9998825751098785 0.4007438105706895 0.40114265720423614 0.40078041878725074 0.49912237640831214 0.4983801950152724 0.29852418586131696 0.40016783860602934 0.49995523349556564 0.6003813228832462 
5.0340529745741545E-5 1.0248916097862155E-5 0.999877403368053 0.4007438105706895 0.40114265720423614 0.40078041878725074 0.49912237640831214 0.4983801950152724 0.29852418586131696 0.40016783860602934 0.49995523349556564 0.6003813228832462 
4.9958072512725234E-5 1.3986169237687208E-5 0.999877403368053 0.4007438105706895 0.40114265720423614 0.40078041878725074 0.49912237640831214 0.4983801950152724 0.29852418586131696 0.40016740196950745 0.49995523349556564 0.400895669734313 
0.9999599053060394 2.871374695233922E-4 0.035667961152094724 0.3996007772173037 0.49956563695066264 0.40080727206778255 0.5003967406261568 0.49940807968098483 0.700322304246948 0.4002357289408923 0.49990849660841374 0.6004265802633185 
1.0175348260750908E-4 0.9998831803337584 0.03550006373561008 0.3996022607952376 0.49947733318629217 0.40080651384145416 0.5008797391546536 0.5003711826764341 0.700447928743139 0.4002068647254127 0.49998307377223367 0.601484137067611 
0.031413849144096784 0.9955600267093531 9.024356831872915E-4 0.3995930833368068 0.4994772194614641 0.40078144948376176 0.5004045092973483 0.49940350400667394 0.7004484105488896 0.40014570737790534 0.49998207773117703 0.6002613846366374 
0.023338894860672366 0.04963679314049521 0.983842905698809 0.40024241117105835 0.4999313629217299 0.4007736882808673 0.4991429263390566 0.5012342402527808 0.2985470167487023 0.40023671922713994 0.49948471409719813 0.6002441363592709 
0.023338894860672366 0.04963679314049521 0.983842905698809 0.40024241117105835 0.4999313629217299 0.4007736882808673 0.4991429263390566 0.5012342402527808 0.2985470167487023 0.40023671922713994 0.49948471409719813 0.6002441363592709 
0.9247780696679981 0.9576380345464559 0.023500691937897628 0.3996062884140411 0.4990399896257886 0.4006248974986412 0.5003901534934418 0.4994015130738229 0.7003658956731305 0.40023639785233056 0.49998207773117703 0.6002416174459293 
0.9999591141923083 3.231614936584429E-4 0.035754574213342806 0.400217269261721 0.499571700816474 0.40074301593563605 0.5003967406261568 0.4994014988462772 0.6993086810309305 0.40023640067854005 0.4999068217903545 0.6004265802633185 
1.0175348260750908E-4 0.9998831803337584 0.03550006373561008 0.3996022607952376 0.49947733318629217 0.4008055580389354 0.5008797391546536 0.39826769251396144 0.700447928743139 0.40027056848099013 0.4996139656220806 0.601484137067611 
0.03115908039218312 0.9587070017962052 0.02297962426985842 0.3996062884140411 0.49956725178603834 0.40078144948376176 0.5003967126338351 0.49940165585862795 0.7003658933413296 0.40023655593322227 0.49998207773117703 0.6002433255695308 
0.002193456445591102 0.0019624123707024516 0.5450365711082299 0.3996077374031722 0.4986445748814539 0.39830402706612444 0.50040270986925 0.4001194625622193 0.6990989796720539 0.40029618780317905 0.5006859969288358 0.600489997094975 
0.9999591038559735 3.232229217661171E-4 0.03638344863563141 0.4002173170018153 0.4995726793442508 0.40080966987778577 0.5003967406261568 0.4994014988462772 0.6993086810309305 0.40023640067854005 0.49990843226540715 0.6004265802633185 
0.9999591038559735 3.232229217661171E-4 0.03638344863563141 0.4002173170018153 0.4995726793442508 0.40080966987778577 0.5003967406261568 0.4994014988462772 0.6993086810309305 0.40023640067854005 0.49990843226540715 0.6004265802633185 
1.0175348260750908E-4 0.9998831803337584 0.03550006373561008 0.3996022607952376 0.49947733318629217 0.40080651384145416 0.5008797391546536 0.5003711826764341 0.700447928743139 0.4002068647254127 0.49998307377223367 0.601484137067611 
0.031413849144096784 0.9587448059007724 5.650717491566745E-4 0.400199725347406 0.49956725178603834 0.40078144948376176 0.5003966286383829 0.4994015131342519 0.7003658933413296 0.40014570737790534 0.49998207773117703 0.6002443135832162 
0.9365820064008975 0.9576380345464559 0.006514046995567721 0.3996127358641198 0.4990358462639314 0.4006248974986412 0.5003901534934418 0.4994015130738229 0.7003658956731305 0.40023639785233056 0.49998842569073493 0.6002468365001884 
0.9999643735899231 0.0012108598235749547 0.9945154127868131 0.40025359191849724 0.4999146394962228 0.3991145886840676 0.5003996593922792 0.4994035128862982 0.6997069513648331 0.4002704794144176 0.4994863271229434 0.6002466426448175 
1.996344967830771E-4 0.9999291917595047 0.035453650353876716 0.40138188100903666 0.4010867035911363 0.39847513287354486 0.5003976530383387 0.4994016945334195 0.7003666405204134 0.4002377848873878 0.49949668443780676 0.6002176750376262 
0.031413849144096784 0.9587448059007724 5.650717491566745E-4 0.400199725347406 0.49956725178603834 0.40078144948376176 0.5003966286383829 0.4994015131342519 0.7003658933413296 0.40014570737790534 0.49998207773117703 0.6002443135832162 
0.999837683342601 0.999249848139741 0.9945163419313466 0.40136783637319945 0.4999146394962228 0.3991144224085174 0.5007097903749969 0.4994911180748364 0.699687949719352 0.4002377602250199 0.4994863271229434 0.6002174540113785 
4.6012867462693827E-4 0.9998831807303268 0.035752162126948185 0.399602203371973 0.49947733318629217 0.4007828763691272 0.5008746956977913 0.49851573224389145 0.7003654084002315 0.4002336243264097 0.49961555160984195 0.601484137067611 
0.9999491207987363 0.049936518474050645 4.6109275235377625E-4 0.39960176274160814 0.5019092504664753 0.40080980215086565 0.5004053371888647 0.4993865777860933 0.7004488966091513 0.4002758353679901 0.49998207773117703 0.600244310011824 
0.04981750311741434 0.9998831900594749 0.03533134331233467 0.39950210449093176 0.49947733318629217 0.39832589149615666 0.5008797391546536 0.4994021156883204 0.700457267509782 0.40027032449644306 0.4996143381013966 0.600228834082206 
1.0175348260750908E-4 0.9998831803337584 0.03550006373561008 0.3996022607952376 0.49947733318629217 0.40080651384145416 0.5008797391546536 0.5003711826764341 0.700447928743139 0.4002068647254127 0.49998307377223367 0.601484137067611 
1.1043330770260183E-5 1.4045841394761254E-5 0.999829106381292 0.40076386729384345 0.4011529770518349 0.4008802909403184 0.49845635190985504 0.39937339790898113 0.29968602269605416 0.4010858719040855 0.49990386508594514 0.4008813826105305 
5.0340529745741545E-5 1.0248916097862155E-5 0.999877403368053 0.4007438105706895 0.40114265720423614 0.40078041878725074 0.49912237640831214 0.4983801950152724 0.29852418586131696 0.40016783860602934 0.49995523349556564 0.6003813228832462 
4.355603160723964E-6 1.0372280219858966E-5 0.9999338509351338 0.40041701603664803 0.40115504148082093 0.3990930757143766 0.40142992757577955 0.4979988038151596 0.7013996245457531 0.40019785804300384 0.5010413880740402 0.6000588165885333 
5.0340529745741545E-5 1.0248943978903853E-5 0.9998825751098785 0.4007438105706895 0.40114265720423614 0.40078041878725074 0.49912237640831214 0.4983801950152724 0.29852418586131696 0.40016783860602934 0.49995523349556564 0.6003813228832462 
0.9998344765790675 3.231614936584429E-4 0.035754574213342806 0.400217269261721 0.4995815377520078 0.40074311710527855 0.5003967406261568 0.49940119420423473 0.6993256604111814 0.40023640067854005 0.4999525574062564 0.6004274650985637 
1.0175348260750908E-4 0.9998831803337584 0.03550006373561008 0.3996022607952376 0.49947733318629217 0.40080651384145416 0.5008797391546536 0.5003711826764341 0.700447928743139 0.4002068647254127 0.49998307377223367 0.601484137067611 
0.0010053839870359758 0.9865221857516736 0.014805971864769294 0.39960859633812074 0.49956725178603834 0.4007821892985096 0.5003967992978489 0.5004196460386945 0.7004497344788262 0.40020636718991043 0.499977033648002 0.6002442139452622 
0.004882669734853795 0.04963679314049521 0.983061393825744 0.40024241117105835 0.4999313629217299 0.4007736882808673 0.5009577450192487 0.5012455396741957 0.2985470167487023 0.40020542250222574 0.49999086281796024 0.6016455254538581 
0.9247780696679981 0.9576380345464559 0.023500691937897628 0.3996062884140411 0.4990399896257886 0.4006248974986412 0.5003901534934418 0.4994015130738229 0.7003658956731305 0.40023639785233056 0.49998207773117703 0.6002416174459293 
0.999835684384237 0.08576910227018857 0.9945031208093392 0.3997675602436814 0.49891499073800255 0.4008098979187753 0.5009574627257667 0.4994080792053516 0.7003690700884265 0.4002953475264571 0.4991483345030547 0.6002666635378748 
1.0175348260750908E-4 0.9998831803337584 0.03550006373561008 0.3996022607952376 0.49947733318629217 0.40080651384145416 0.5008797391546536 0.5003711826764341 0.700447928743139 0.4002068647254127 0.49998307377223367 0.601484137067611 
0.031413849144096784 0.9587448059007724 5.650717491566745E-4 0.400199725347406 0.49956725178603834 0.40078144948376176 0.5003967140335874 0.49940350400667394 0.7004484105488896 0.40014570737790534 0.49998207773117703 0.6002443135832162 
0.9999591141923083 3.231614936584429E-4 0.035754574213342806 0.400217269261721 0.499571700816474 0.40074301593563605 0.5003967406261568 0.4994014988462772 0.6993086810309305 0.40023640067854005 0.4999068217903545 0.6004265802633185 
0.9999591141923083 3.231614936584429E-4 0.035754574213342806 0.400217269261721 0.499571700816474 0.40074301593563605 0.5003967406261568 0.4994014988462772 0.6993086810309305 0.40023640067854005 0.4999068217903545 0.6004265802633185 
1.0175348260750908E-4 0.9998831803337584 0.03550006373561008 0.3996022607952376 0.49947733318629217 0.40080651384145416 0.5008797391546536 0.5003711826764341 0.700447928743139 0.4002068647254127 0.49998307377223367 0.601484137067611 
0.031413849144096784 0.9587448059007724 0.02308003055886374 0.3996062884140411 0.49956725178603834 0.40078144948376176 0.5003967126338351 0.4994015131342519 0.7003658933413296 0.4002366483435125 0.49998207773117703 0.6002443135832162 
0.9999591141923083 3.231614936584429E-4 0.035754574213342806 0.400217269261721 0.499571700816474 0.40074301593563605 0.5003967406261568 0.4994014988462772 0.6993086810309305 0.40023640067854005 0.4999068217903545 0.6004265802633185 
4.6012867462693827E-4 0.9998831807303268 0.035752162126948185 0.399602203371973 0.49947733318629217 0.4007828763691272 0.5008746956977913 0.49851573224389145 0.7003654084002315 0.4002336243264097 0.49961555160984195 0.601484137067611 
0.9999591141923083 3.231614936584429E-4 0.035754574213342806 0.400217269261721 0.4988825766495034 0.4007422765033702 0.5003935670697557 0.4994021156883204 0.6993153308035991 0.40023640067854005 0.4999068217903545 0.6004265802633185 
0.9999491207987363 0.049936518474050645 0.045445133480255126 0.3996065432257127 0.5019440221756714 0.40080980215086565 0.5004056165778799 0.49894186624499 0.700368555695776 0.40029616860533146 0.49998207773117703 0.6002443135832162 
9.426968910971126E-5 0.9998831803337584 0.03550006373561008 0.39959668786865615 0.49992306774947204 0.40080651384145416 0.5008797391546536 0.5003711826764341 0.7004479040949702 0.4002068647254127 0.49998307377223367 0.6002506509375984 
1.950433006905383E-6 1.3986169237687208E-5 0.9998627038952071 0.40039958689089916 0.5022028652331868 0.3990930757143766 0.5013166414967763 0.4993338706009476 0.7004430678091171 0.40023470553388774 0.4995554867458396 0.6000588165885333 
4.355603160723964E-6 1.3986169237687208E-5 0.9998627038952071 0.40039958689089916 0.5022028652331868 0.3990930757143766 0.5013166414967763 0.4993338706009476 0.7004430678091171 0.40023470553388774 0.4995554867458396 0.6000588165885333 
4.355603160723964E-6 1.3986169237687208E-5 0.9998627038952071 0.40039958689089916 0.5022028652331868 0.3990930757143766 0.5013166414967763 0.4993338706009476 0.7004430678091171 0.40023470553388774 0.4995554867458396 0.6000588165885333 
0.9999691289595674 0.04988796280098086 0.9915237677232875 0.39960309562348534 0.5019441872983829 0.4008152738734032 0.500413462704942 0.4994051818072254 0.7004572011911203 0.40029616860533146 0.4994850731286611 0.6002459855094318 
9.426968910971126E-5 0.9998831803337584 0.03550006373561008 0.39959668786865615 0.49992306774947204 0.40080651384145416 0.5008797391546536 0.5003711826764341 0.7004479040949702 0.4002068647254127 0.49998307377223367 0.6002506509375984 
0.03195948313939723 0.9859286168137736 0.014805971864769294 0.3995956814891843 0.49956725178603834 0.4007821892985096 0.5003947528768234 0.500417962156605 0.700449734704084 0.40020636718991043 0.499977033648002 0.6002442139452622 
0.9365820064008975 0.9576380345464559 0.006543003139217185 0.3996127358641198 0.4990358462639314 0.4006248974986412 0.5003901534934418 0.4994015130738229 0.7003658956731305 0.40023639785233056 0.49998842569073493 0.6002468365001884 
0.9999657273446253 0.04988796280098086 0.994673526381137 0.39960309562348534 0.5019440221756714 0.4008152738734032 0.5008768743902171 0.49940638321697206 0.7004572011911203 0.40029616860533146 0.4994850731286611 0.6002459962807145 
9.426968910971126E-5 0.9998831803337584 0.03550006373561008 0.39959668786865615 0.49992306774947204 0.40080651384145416 0.5008797391546536 0.5003711826764341 0.7004479040949702 0.4002068647254127 0.49998307377223367 0.6002506509375984 
0.031413849144096784 0.9587448059007724 5.650717491566745E-4 0.400199725347406 0.49956725178603834 0.40078144948376176 0.5003967140335874 0.49940350400667394 0.7004484105488896 0.40014570737790534 0.49998207773117703 0.6002443135832162 
0.9999657273446253 0.04988796280098086 0.994673526381137 0.39960309562348534 0.5019440221756714 0.4008152738734032 0.5008768743902171 0.49940638321697206 0.7004572011911203 0.40029616860533146 0.4994850731286611 0.6002459962807145 
1.996344967830771E-4 0.9998732151966477 0.03574448553469097 0.39963612767407397 0.5026967464577843 0.39847513287354486 0.500711153719192 0.4990443727873906 0.7004573202559088 0.40023668020659303 0.49999657749433873 0.6002176750376262 
0.999837683342601 0.0012108598235749547 0.9945163419313466 0.39976896712657656 0.4999146394962228 0.3991145886840676 0.4978804989731883 0.4994893315582152 0.699689657358165 0.4002366787049516 0.4994863271229434 0.6002466363634609 
0.9999591141923083 3.231614936584429E-4 0.035754574213342806 0.400217269261721 0.499571700816474 0.40074301593563605 0.5003967406261568 0.4994014988462772 0.6993086810309305 0.40023640067854005 0.4999068217903545 0.6004265802633185 
9.426968910971126E-5 0.9998831803337584 0.03550006373561008 0.39959668786865615 0.49992306774947204 0.40080651384145416 0.5008797391546536 0.5003711826764341 0.7004479040949702 0.4002068647254127 0.49998307377223367 0.6002506509375984 
4.355603160723964E-6 1.3986169237687208E-5 0.9999338289870028 0.4004186470689071 0.4011550374979429 0.3990930757143766 0.40142992757577955 0.4979988038151596 0.7013996245457531 0.40020234572975155 0.4995554867458396 0.6000588165885333 
4.355603160723964E-6 1.3986169237687208E-5 0.9999338289870028 0.4004186470689071 0.4011550374979429 0.3990930757143766 0.40142992757577955 0.4979988038151596 0.7013996245457531 0.40020234572975155 0.4995554867458396 0.6000588165885333 
0.9999643735899231 0.0012108598235749547 0.9945154127868131 0.40025359191849724 0.4999146394962228 0.3991145886840676 0.5003996593922792 0.4994035128862982 0.6997069513648331 0.4002704794144176 0.4994863271229434 0.6002466426448175 
8.87561752400794E-5 0.9999978387753672 0.011182216750561524 0.4002064332580393 0.4016551582816795 0.39842788531935763 0.5005182828462234 0.49783821903556386 0.2998803129550132 0.3994826726120948 0.4994943553655494 0.600230725497454 
0.03195948313939723 0.9859286168137736 0.014805971864769294 0.3995956814891843 0.49956725178603834 0.4007821892985096 0.5003947528768234 0.500417962156605 0.700449734704084 0.40020636718991043 0.499977033648002 0.6002442139452622 
0.999837683342601 0.0012108598235749547 0.9945163419313466 0.39976896712657656 0.4999146394962228 0.3991145886840676 0.4978804989731883 0.4994893315582152 0.699689657358165 0.4002366787049516 0.4994863271229434 0.6002466363634609 
8.87561752400794E-5 0.9999978387753672 0.011182216750561524 0.4002064332580393 0.4016551582816795 0.39842788531935763 0.5005182828462234 0.49783821903556386 0.2998803129550132 0.3994826726120948 0.4994943553655494 0.600230725497454 
0.9999657273446253 0.0012747141295348166 0.994673526381137 0.40022326076695525 0.5019102773842279 0.40074012038006074 0.5007787901466653 0.49940349058409267 0.700436410167266 0.40023492943336936 0.5007597925580342 0.600246932926693 
0.9999657273446253 0.0012747141295348166 0.994673526381137 0.40022326076695525 0.5019102773842279 0.40074012038006074 0.5007787901466653 0.49940349058409267 0.700436410167266 0.40023492943336936 0.5007597925580342 0.600246932926693 
8.87561752400794E-5 0.9999978387753672 0.011182216750561524 0.4002064332580393 0.4016551582816795 0.39842788531935763 0.5005182828462234 0.49783821903556386 0.2998803129550132 0.3994826726120948 0.4994943553655494 0.600230725497454 
4.355603160723964E-6 1.3986169237687208E-5 0.9999338289870028 0.4004186470689071 0.4011550374979429 0.3990930757143766 0.40142992757577955 0.4979988038151596 0.7013996245457531 0.40020234572975155 0.4995554867458396 0.6000588165885333 
0.9999661433251014 0.12607560080052588 0.994673526381137 0.3996032892136835 0.5019440221756714 0.4008119653211393 0.5008768743902171 0.4994063503294337 0.7004358314438155 0.40023740072096736 0.4994842516013504 0.6002460293951339 
8.87561752400794E-5 0.9999978387753672 0.011182216750561524 0.4002064332580393 0.4016551582816795 0.39842788531935763 0.5005182828462234 0.49783821903556386 0.2998803129550132 0.3994826726120948 0.4994943553655494 0.600230725497454 
0.9999661433251014 0.12607560080052588 0.994673526381137 0.3996032892136835 0.5019440221756714 0.4008119653211393 0.5008768743902171 0.4994063503294337 0.7004358314438155 0.40023740072096736 0.4994842516013504 0.6002460293951339 
0.9999922720247214 0.04988796280098086 0.9820450465730052 0.3996032892136835 0.5019440221756714 0.4008097910099406 0.5008734433714738 0.49940638321697206 0.7004569534013585 0.40029616860533146 0.4994850731286611 0.6002443611826536 
8.87561752400794E-5 0.9999978387753672 0.011182216750561524 0.3994927616612512 0.4016551582816795 0.39842788531935763 0.5005182828462234 0.49986004833792896 0.2998803129550132 0.40026470463596153 0.49963142974297026 0.600230725497454 
0.9999657273446253 0.0012747141295348166 0.994673526381137 0.40022326076695525 0.5019102773842279 0.40074012038006074 0.5007787901466653 0.49940349058409267 0.700436410167266 0.40023492943336936 0.5007597925580342 0.600246932926693 
0.991124547687035 0.9703426182826478 0.9935640584835719 0.39963612767407397 0.4999190446376099 0.3991146022328642 0.500711153719192 0.49948817506135457 0.7004573202559088 0.4002366802234603 0.49999657749433873 0.6002176750376262 
0.9802638587952194 0.038315156359932157 0.9991410497245432 0.39960859633812074 0.49956725178603834 0.4008097581284642 0.5003967126338351 0.49940355843514334 0.7004497344788262 0.40023565665727223 0.4999716684744863 0.600245991734416 
