0.5083700090979497 0.5134608431124024 0.7089349523790375 0.0 
0.5047970441690856 0.5094944531362857 0.7058572835112911 0.0895050302994683 
0.4978235286831691 0.5019052160592554 0.6913563798239143 0.2264018630692324 
0.46203562290028843 0.4618917893970443 0.6524567379990516 0.3904645017251344 
0.40993843412872566 0.410402924208472 0.5782817058151399 0.5771056998187892 
0.3247119612223618 0.32458051277473104 0.4585771140060481 0.7635695988185764 
0.21200961684431005 0.21184479570857698 0.2997692369054373 0.9063958433526708 
0.09854903414916201 0.09852085243749467 0.13938054800239386 0.9808929986708408 
5.410387597605185E-6 5.410035439243121E-6 7.651529149591354E-6 1.0000525583480047 
0.7551648064799513 0.18613140773813525 3.155517666292657 0.01701387147185128 
0.5060457165527776 0.5115884332065885 0.7053895239856705 0.10243544415725468 
0.48857025802060056 0.4949281692327057 0.6827877057958084 0.27197747014955315 
0.44430400119012986 0.44313283843414125 0.6280545685723051 0.4683773022425914 
0.36473410012052765 0.3643207874669331 0.5157939021610115 0.6868622538174592 
0.24618315931563106 0.2461915245830731 0.3480310169791484 0.8713124382981908 
0.11198725017115012 0.11197549122332866 0.15838380370818975 0.9747907219602955 
3.180503813914611E-5 3.1803330307582135E-5 4.498026796733838E-5 1.0000577643367576 
0.7550653443094776 0.18610689251490434 3.1551020555102625 0.05542174389329796 
0.5642173417699098 0.45335821358262823 0.9013611916705699 0.12179233392853953 
0.4775501829507574 0.4806369057228361 0.6689262610313352 0.33162547589300456 
0.4100097932784597 0.410378262674607 0.5782818977856896 0.5771350841625558 
0.28966156787910746 0.2895334618071276 0.4095235923417543 0.8185033632310544 
0.13592751833636868 0.13591603611523723 0.1922363981995403 0.9625119030479116 
1.3221400772741827E-6 1.322057945451422E-6 1.869829747759831E-6 1.0000540512606026 
0.7548562445194954 0.1860553540455091 3.1542283150027 0.09444147487280546 
0.6193874462072129 0.3866698226992571 1.1696302778476682 0.2817211070336776 
0.4524495327038169 0.45009631706596914 0.6400657495775229 0.4410744957657476 
0.343792560389468 0.3437597506249381 0.4857375689876074 0.728395305919307 
0.16498684749618628 0.1647669986938143 0.2332302456606431 0.9452824805489031 
9.62756946287455E-6 9.62695447032349E-6 1.3615577993935804E-5 1.000049522652151 
0.7540680321050208 0.18586107713397412 3.1509347052140515 0.17591914745558737 
0.6398747134649452 0.3390707898249582 1.3665939485284475 0.4537538404414484 
0.35535363193965647 0.3550099777919386 0.5010648445670373 0.7095143205469344 
0.21272971977281496 0.2127184376736724 0.30071897052516 0.9057090764035346 
7.197629973701523E-6 7.197153018272936E-6 1.0179256414834586E-5 1.0000589442591523 
0.7522845872826334 0.1854214974653166 3.1434824357284876 0.28408615644063423 
0.6291773902079143 0.29379376823793185 1.4960896771761807 0.7390513936650129 
0.1847259354386928 0.18470394263415818 0.26121623935329025 0.9295829617070431 
3.0618388196936675E-17 3.0616203621761623E-17 4.3300842308280304E-17 1.0000534881941825 
0.7454799559035565 0.18374430646428142 3.115048729145452 0.5191041130999594 
0.15836092225592857 0.15808340217323344 0.22401338016749986 0.9503960111575747 
3.0618388196936675E-17 3.0616203621761623E-17 4.3300842308280304E-17 1.0000534881941825 
0.13594323002632275 0.13593402274271155 0.19225661473244926 0.9624854195179555 
3.061823325598379E-17 3.061629836792705E-17 4.3300377109710625E-17 1.0000476244476526 
4.5567579447611015E-6 4.556446677142634E-6 6.444283424296598E-6 1.0000543532944268 
0.18612904823316254 0.7551552335919697 3.1554776652003333 0.02360624926430835 
0.5060457165527776 0.5115884332065885 0.7053895239856705 0.10243544415725468 
0.48857025802060056 0.4949281692327057 0.6827877057958084 0.27197747014955315 
0.44430400119012986 0.44313283843414125 0.6280545685723051 0.4683773022425914 
0.36473410012052765 0.3643207874669331 0.5157939021610115 0.6868622538174592 
0.24618315931563106 0.2461915245830731 0.3480310169791484 0.8713124382981908 
0.11198725017115012 0.11197549122332866 0.15838380370818975 0.9747907219602955 
3.098564509897818E-5 3.098450810916856E-5 4.382131245695878E-5 1.000046411616664 
0.5031138474842677 0.5004705167373961 0.7106978351988323 0.0829039323160502 
0.5087184514079561 0.5090954517971975 0.7029959373027622 0.13568749147100487 
0.4775501829507574 0.4806369057228361 0.6689262610313352 0.33162547589300456 
0.40993843412872566 0.410402924208472 0.5782817058151399 0.5771056998187892 
0.28966156787910746 0.2895334618071276 0.4095235923417543 0.8185033632310544 
0.13594192477015554 0.13593388738918555 0.19225915399279764 0.9624864788837373 
1.9626601574821737E-5 1.9625757622168583E-5 2.7756579484383564E-5 1.0000408192030323 
0.6775987382948391 0.3387323315238115 1.516641503564542 0.021270858082628463 
0.5571016749054617 0.4496022740579887 0.8854921390103166 0.2031754029842856 
0.4577006712335226 0.4582251786436434 0.6424228822698559 0.4221922766779634 
0.34390254413228516 0.3439636832126362 0.4857574449272183 0.7283022907169694 
0.16622207008687706 0.16620768784250015 0.23511163319005302 0.943562463965306 
2.556054775342898E-5 2.5559370413853182E-5 3.6148920432200896E-5 1.000049966151101 
0.7323650366331055 0.2439697751884155 2.3172394187898835 0.0 
0.6055398736124965 0.38559724127780404 1.1486006270546705 0.38568300863500865 
0.40226058521443925 0.40062410067458465 0.5706016906168906 0.6012121257768345 
0.21272560527580753 0.21265313590172383 0.30063301730847836 0.9058877306037983 
5.011140151309131E-6 5.010860455067149E-6 7.086970809429229E-6 1.000052603875207 
0.7524209006451898 0.18810198044182064 3.102361214621082 0.22917704886421955 
0.6091053649750124 0.32924788430337165 1.2809275552750934 0.6258481418555047 
0.22383344602738062 0.22372079937788752 0.31665248805798507 0.8951152227830462 
3.0618388196936675E-17 3.0616203621761623E-17 4.3300842308280304E-17 1.0000534881941825 
0.7494394243437293 0.18472022778415778 3.131593690596095 0.3997998795715626 
0.1847259354386928 0.18470394263415818 0.26121623935329025 0.9295829617070431 
3.061823325598379E-17 3.061629836792705E-17 4.3300377109710625E-17 1.0000476244476526 
0.15759924525882837 0.15746039870086057 0.2229763156563275 0.950405598058827 
3.0618395737137543E-17 3.0616319715581213E-17 4.3300413312413015E-17 1.0000495436155752 
1.5316511429820406E-6 1.5315350061389077E-6 2.1660536568788466E-6 1.0000535039119502 
0.18610531102283243 0.7550589279439163 3.155075244204031 0.057017821355734195 
0.4528601323649421 0.5566751522274763 0.882870695697052 0.17406927159278632 
0.47509823235016696 0.4762792498608691 0.6691536111836409 0.33150033749505126 
0.40986383789321057 0.41041805051918473 0.5782804336902332 0.5770712757534522 
0.28772086918908363 0.2876949259290057 0.4066658426270443 0.8190640358992437 
0.13592751833636868 0.13591603611523723 0.1922363981995403 0.9625119030479116 
5.011140151309131E-6 5.010860455067149E-6 7.086970809429229E-6 1.000052603875207 
0.3371147067810833 0.6773174036127958 1.5200795535700173 0.09572902140779929 
0.4528601323649421 0.5566751522274763 0.882870695697052 0.17406927159278632 
0.45791921401431673 0.45814609059967126 0.6424318320481737 0.4222391618252763 
0.343888155739405 0.34394313902794377 0.4857517975998741 0.7282616466032932 
0.16629561398898807 0.16604176706169196 0.2351413095989476 0.9441856876860814 
1.7518212679989553E-5 1.751730548556046E-5 2.47749098711005E-5 1.0000503905501894 
0.48971269800577366 0.486683019695488 0.6932455881525016 0.2387510131459683 
0.47729159323206155 0.4767560422182971 0.6743934775574508 0.3140180261607727 
0.40986383789321057 0.41041805051918473 0.5782804336902332 0.5770712757534522 
0.21265456874922975 0.21264210419431606 0.3006750227896973 0.9055146196664987 
1.4881288657602705E-5 1.4880608183444959E-5 2.1045589483950266E-5 1.000039032927657 
0.5823646824111034 0.40009879128482545 1.0284356254795386 0.38131440849777853 
0.5657806047451366 0.3805032022208838 1.013829721809309 0.5167798389873905 
0.27796644481638444 0.277838790009216 0.39307433737383957 0.8338573499916445 
1.3221400772741827E-6 1.322057945451422E-6 1.869829747759831E-6 1.0000540512606026 
0.6357424868652771 0.30875336155421274 1.4552447732917506 0.6329269531455145 
0.22385607310495337 0.22368241304197875 0.31663428978047276 0.8951121043427637 
1.5316511429820406E-6 1.5315350061389077E-6 2.1660536568788466E-6 1.0000535039119502 
0.18473619227263913 0.18471399811121045 0.2612127609036606 0.9296023297291862 
3.0618388196936675E-17 3.0616203621761623E-17 4.3300842308280304E-17 1.0000534881941825 
3.0618388196936675E-17 3.0616203621761623E-17 4.3300842308280304E-17 1.0000534881941825 
0.18602787123896933 0.7547447423902504 3.1537623942716984 0.10971219364418516 
0.39098784708587325 0.6221888482962541 1.1693701608800686 0.22859452452023216 
0.4491940677233941 0.4501737506705361 0.6331270584903734 0.44827192664900745 
0.343888155739405 0.34394313902794377 0.4857517975998741 0.7282616466032932 
0.16629561398898807 0.16604176706169196 0.2351413095989476 0.9441856876860814 
1.4881288657602705E-5 1.4880608183444959E-5 2.1045589483950266E-5 1.000039032927657 
0.24217819743315064 0.7319006629098376 2.3372420769550337 0.17552425373923453 
0.38331576249492477 0.6126868982568316 1.1551773549080926 0.3419318708596127 
0.4006739780144381 0.4012114845773842 0.5658263320066607 0.601483245300557 
0.21265034206093467 0.2126450535870377 0.3006603304664406 0.9054830882694012 
2.556054775342898E-5 2.5559370413853182E-5 3.6148920432200896E-5 1.000049966151101 
0.39667969478675863 0.5991177894342067 1.0840589614086689 0.37796164249910286 
0.3811753507329684 0.5431338486618507 0.9488522590033159 0.5627632415277194 
0.2778807380558181 0.2778087341403363 0.3929748374066673 0.8336587837089157 
3.098564509897818E-5 3.098450810916856E-5 4.382131245695878E-5 1.000046411616664 
0.4007193099942212 0.4007267259152893 0.5665060944364814 0.601635512106234 
0.2778807380558181 0.2778087341403363 0.3929748374066673 0.8336587837089157 
1.830309161241485E-5 1.8302132802128105E-5 2.5884984719213812E-5 1.0000516580677146 
0.22385607310495337 0.22368241304197875 0.31663428978047276 0.8951121043427637 
3.061879250323192E-17 3.061612260573667E-17 4.330109265996545E-17 1.0000590192646415 
2.2783716138365733E-6 2.278225879718339E-6 3.2221130728466226E-6 1.000049380036475 
0.1858343706268871 0.7539596795464643 3.1504819452207626 0.18432010511579858 
0.34478476648002926 0.6338604102530742 1.3265414086173772 0.4528512403898941 
0.3553492215419086 0.3550193149568554 0.5012062456329558 0.7096166563105945 
0.21265034206093467 0.2126450535870377 0.3006603304664406 0.9054830882694012 
8.027595197161076E-6 8.027021931128549E-6 1.1352945446827179E-5 1.0000565065404872 
0.18797454574297887 0.7523281387925382 3.103597837165735 0.236617878193393 
0.3258778727219391 0.6200525548633513 1.3229530437706238 0.6273477038066767 
0.22336501846434953 0.2233081741245282 0.3158606480205916 0.8951420618328931 
2.2442011170785745E-5 2.2440437159083864E-5 3.173824597206232E-5 1.000056584256667 
0.31461375264992464 0.6291293564899996 1.4066004639488723 0.6288089691137538 
0.22381167424764173 0.22366523431887583 0.31657619331879394 0.8951581423623259 
1.830309161241485E-5 1.8302132802128105E-5 2.5884984719213812E-5 1.0000516580677146 
0.22381043383524343 0.22365680860628942 0.31657452953605675 0.8951461279445342 
3.06184632261467E-17 3.0615926836418396E-17 4.3301224845551497E-17 1.0000562584744772 
6.676624049512433E-7 6.676092687010049E-7 9.44223407293618E-7 1.0000580829640184 
0.18532072099744615 0.7518757210800833 3.141773954991269 0.30347248006666266 
0.2977251058904299 0.6337704919264371 1.488706540780879 0.7012131997832123 
0.18472996619132276 0.18470153905861517 0.26122462979657546 0.929599938470776 
2.2442011170785745E-5 2.2440437159083864E-5 3.173824597206232E-5 1.000056584256667 
0.184566824262953 0.7488170417925429 3.1289930144011655 0.42084538863014703 
0.18492033957362464 0.18481621095357803 0.2615400395992761 0.9298838515034521 
1.830309161241485E-5 1.8302132802128105E-5 2.5884984719213812E-5 1.0000516580677146 
0.1846076132127531 0.1844862586764927 0.26117769461551527 0.9301789118929231 
1.830309161241485E-5 1.8302132802128105E-5 2.5884984719213812E-5 1.0000516580677146 
8.817818463269471E-6 8.817200952558715E-6 1.2470417228103232E-5 1.000054102295989 
0.18381934221019816 0.7457843878918643 3.116320823010323 0.5109409205362493 
0.15569008612214044 0.15556118940403463 0.22021857866943814 0.9510808997854463 
1.0601838731693045E-5 1.0601050962233657E-5 1.4993362591332793E-5 1.000058125641985 
0.15569008612214044 0.15556118940403463 0.22021857866943814 0.9510808997854463 
6.676606271464579E-7 6.676079933242103E-7 9.442190277955565E-7 1.000054620320068 
6.676624049512433E-7 6.676092687010049E-7 9.44223407293618E-7 1.0000580829640184 
0.13629007578549984 0.13606989070127123 0.1932085949294663 0.9642052259578452 
1.0268199313528978E-5 1.0267411615674091E-5 1.4521083513247733E-5 1.000061057748865 
6.676606271464579E-7 6.676079933242103E-7 9.442190277955565E-7 1.000054620320068 
1.7141380737764498E-5 1.713989711123896E-5 2.424202683426668E-5 1.00006964332381 
