0.5028667040838017 0.5021015568523775 0.7075275916423572 0.0 
0.4992363887814051 0.498907334675607 0.704056655841411 0.09969618707767393 
0.4893818143033486 0.4890989144368573 0.6889297477233468 0.22945377893828506 
0.4616519256099524 0.46151094670781256 0.6517055320315552 0.3893818190319001 
0.40899735197357845 0.40910902053906195 0.5777869566023742 0.5787436096230487 
0.3230892460846287 0.3231935682694003 0.45693581675806605 0.7644901096239876 
0.2130435066941139 0.21300435080735644 0.301145944616635 0.9065584922866051 
0.09429795268039066 0.0942992517888471 0.13335992834863883 0.982148293483677 
3.0617016885235125E-17 3.061715294575937E-17 4.329960183153318E-17 1.0000357170247431 
0.7551573216716649 0.1861295628985836 3.1554863904114527 0.022334844278871058 
0.5003805936698135 0.4998540681086818 0.7030544188607077 0.11522095371271865 
0.4849662917297104 0.48480188624075515 0.6814417944322178 0.2710101799548142 
0.4440147645072501 0.44378435718990766 0.6260462036532233 0.46668558574094515 
0.3645901691536989 0.36453241123599683 0.5151110893533045 0.6860819880495515 
0.24641910571168554 0.24640442225298592 0.34845047310134286 0.8703734023901483 
0.11490125249187387 0.11490522130509674 0.16250027384187946 0.9735715316821476 
3.0617016885235125E-17 3.061715294575937E-17 4.329960183153318E-17 1.0000357170247431 
0.7550783858651876 0.18611010696968636 3.1551565507132775 0.05202691393929326 
0.6090120045678561 0.46252717820585887 0.9211354687191414 0.16962609869817277 
0.4726820204802591 0.47287806589455195 0.6674480015088267 0.3312309256405856 
0.40899735197357845 0.40910902053906195 0.5777869566023742 0.5787436096230487 
0.2879542921456026 0.2879729724495402 0.4072177074228135 0.8181366847707953 
0.13541228519720677 0.13541278766423892 0.19150265992818388 0.9627479946222915 
3.061696939971483E-17 3.061708801054953E-17 4.329950749822346E-17 1.00003370968407 
0.7547992359360141 0.18604130269167812 3.1539900999921993 0.10253387866646221 
0.6195935035680028 0.38711865845222676 1.1657150899408752 0.29201256647928003 
0.4503524894680503 0.4493956616373358 0.6336595856782103 0.44791585603832934 
0.34357727814195976 0.34339859254007404 0.48542066648943694 0.7280968657723677 
0.16588300002351375 0.16588199865077247 0.2346044666997088 0.9438963885297319 
3.061687435094462E-17 3.061720888257109E-17 4.329957517408369E-17 1.0000347020729394 
0.754208794041782 0.18589577183534325 3.151522890434522 0.1643634024684919 
0.6463421775422595 0.3433809567517815 1.3776358084033788 0.3911532010985812 
0.3545107197649496 0.3540202475663357 0.5004048881460832 0.7078251872175646 
0.212610406294273 0.21258200076206182 0.30069284600017787 0.905582556810071 
3.061687435094462E-17 3.061720888257109E-17 4.329957517408369E-17 1.0000347020729394 
0.7522003119199456 0.18540072545401512 3.1431302842596796 0.28818965616122727 
0.6294010595154478 0.29035803560670753 1.505848298379361 0.7527563164983148 
0.18588705563846097 0.18580924455887682 0.26283306305445847 0.9289584174907619 
3.061683604306946E-17 3.061691251520067E-17 4.3299326471074355E-17 1.000029097229274 
0.748356357558178 0.18445327579733417 3.127068007796452 0.4357584488748517 
0.15739325289191153 0.1573326655800344 0.22245275108955412 0.9502697597909807 
3.0616836064579743E-17 3.061690401974797E-17 4.329937426290725E-17 1.0000295799349235 
0.1376978878497806 0.1375014210515954 0.19451829660915743 0.9630051864596355 
3.061683989666198E-17 3.061693510857101E-17 4.32993842414849E-17 1.0000299803168418 
3.0616982514670884E-17 3.06171175489989E-17 4.329960540258679E-17 1.0000351885733127 
0.1861324250064243 0.7551689336996396 3.155534912216363 0.01319165341598631 
0.5003805936698135 0.4998540681086818 0.7030544188607077 0.11522095371271865 
0.4849662917297104 0.48480188624075515 0.6814417944322178 0.2710101799548142 
0.4440147645072501 0.44378435718990766 0.6260462036532233 0.46668558574094515 
0.3645901691536989 0.36453241123599683 0.5151110893533045 0.6860819880495515 
0.24641700596873273 0.24639642621370952 0.3484457253267678 0.8703585576909731 
0.11490125249187387 0.11490522130509674 0.16250027384187946 0.9735715316821476 
3.061696939971483E-17 3.061708801054953E-17 4.329950749822346E-17 1.00003370968407 
0.5003564488875705 0.49992643915550894 0.7056187643013756 0.07377513900094536 
0.5034038408662849 0.4994488230126132 0.7014206021356629 0.13859252143144432 
0.47404261049971635 0.4738277950129833 0.667950126584728 0.3311896571598327 
0.40899735197357845 0.40910902053906195 0.5777869566023742 0.5787436096230487 
0.2879542921456026 0.2879729724495402 0.4072177074228135 0.8181366847707953 
0.13541228519720677 0.13541278766423892 0.19150265992818388 0.9627479946222915 
3.0617016885235125E-17 3.061715294575937E-17 4.329960183153318E-17 1.0000357170247431 
0.6768105062158617 0.3371954909689688 1.517739558603966 0.10941458677948887 
0.603195555522782 0.458069048729697 0.91553560869483 0.22451209618890755 
0.4543545275591462 0.4544333891770725 0.6409136301375231 0.4266119188109547 
0.3433212880220012 0.3434090569571905 0.4853198574434955 0.7278911053534648 
0.16588300002351375 0.16588199865077247 0.2346044666997088 0.9438963885297319 
3.061687435094462E-17 3.061720888257109E-17 4.329957517408369E-17 1.0000347020729394 
0.7309480290369572 0.24298673351959948 2.3171342811177853 0.16266688159794485 
0.6195935035680028 0.38711865845222676 1.1657150899408752 0.29201256647928003 
0.40102327847772795 0.400834514740561 0.5661433063451737 0.6004896267869101 
0.212610406294273 0.21258200076206182 0.30069284600017787 0.905582556810071 
3.061687435094462E-17 3.061720888257109E-17 4.329957517408369E-17 1.0000347020729394 
0.7524575350500246 0.18742597295020025 3.1131880041221662 0.24028781985743553 
0.6168819789072935 0.32699432349057667 1.2952611390678996 0.6567047168345369 
0.22357920877502993 0.22358257431291748 0.3161779430994448 0.8945407607728116 
3.061681785984336E-17 3.061690098532704E-17 4.3299308262719303E-17 1.0000286443348596 
0.748356357558178 0.18445327579733417 3.127068007796452 0.4357584488748517 
0.18588705563846097 0.18580924455887682 0.26283306305445847 0.9289584174907619 
3.0616871937070344E-17 3.061692493865332E-17 4.32994840922108E-17 1.0000313119785877 
0.15739325289191153 0.1573326655800344 0.22245275108955412 0.9502697597909807 
3.061694038953325E-17 3.0617008779665584E-17 4.3299511492526316E-17 1.000032871959697 
3.061683604306946E-17 3.061691251520067E-17 4.3299326471074355E-17 1.000029097229274 
0.18611754338576175 0.7551085565912068 3.1552826215499232 0.043161394229529325 
0.4500325390915188 0.5600923259517719 0.8942078158833406 0.17477390393099637 
0.4726820204802591 0.47287806589455195 0.6674480015088267 0.3312309256405856 
0.40899735197357845 0.40910902053906195 0.5777869566023742 0.5787436096230487 
0.2879542921456026 0.2879729724495402 0.4072177074228135 0.8181366847707953 
0.1354160694347625 0.13541112151599186 0.19150418612015713 0.9627555958073347 
3.0617061051132774E-17 3.0617183798407396E-17 4.3299630054872894E-17 1.000036655516949 
0.3384075323185072 0.6768105855414924 1.5133864647708897 0.0807452538247501 
0.44704600144849216 0.5598746937607559 0.8939223964309678 0.21501779017008255 
0.4543545275591462 0.4544333891770725 0.6409136301375231 0.4266119188109547 
0.3435620238730021 0.3433887148390855 0.48541326122558753 0.7280779877263027 
0.1658879441481034 0.16590251028503725 0.23458767285912982 0.9438988162475348 
3.061674350542912E-17 3.061699937671634E-17 4.329925681786394E-17 1.0000282465294383 
0.488499127190361 0.48802642839651506 0.6886623784475233 0.23054730962408726 
0.4764759895614055 0.47543272850126217 0.6713792950478774 0.3153634631784278 
0.4098191756073876 0.4093044580884881 0.5779464944767918 0.5787780549276951 
0.21147002743224305 0.21146708066020325 0.29905138036378176 0.9065210534788553 
3.061687435094462E-17 3.061720888257109E-17 4.329957517408369E-17 1.0000347020729394 
0.5941350770380183 0.3900066361025115 1.0838659934691184 0.38911123312753576 
0.5705527841167466 0.37989509266464844 1.0546961853454433 0.5243991048212232 
0.27640101518889043 0.2765992576511234 0.3909020938419152 0.8343209937518286 
3.0616836064579743E-17 3.061690401974797E-17 4.329937426290725E-17 1.0000295799349235 
0.6318693259878669 0.31005704862051436 1.434369795108247 0.6414112254317936 
0.22357920877502993 0.22358257431291748 0.3161779430994448 0.8945407607728116 
3.0616982514670884E-17 3.06171175489989E-17 4.329960540258679E-17 1.0000351885733127 
0.18525352102474985 0.18526855101016354 0.26199663519431643 0.9291904292452496 
3.061690259206847E-17 3.061685184995292E-17 4.329926633608675E-17 1.0000284508346498 
3.061681785984336E-17 3.061690098532704E-17 4.3299308262719303E-17 1.0000286443348596 
0.18603862475356428 0.7547883711139932 3.1539447004482404 0.10400467030544507 
0.3897072954107769 0.6195398730036664 1.1635689657798076 0.25880127563649613 
0.44965109570696526 0.44910228130523594 0.6342908514012707 0.44347556919010317 
0.3433212880220012 0.3434090569571905 0.4853198574434955 0.7278911053534648 
0.1658879441481034 0.16590251028503725 0.23458767285912982 0.9438988162475348 
3.061699961485452E-17 3.0617295380404603E-17 4.3299675954740345E-17 1.000037595041783 
0.24331323857189166 0.7318994069511743 2.320062245772061 0.10422198183927442 
0.38118466183030164 0.6151169761520536 1.154644706283712 0.3863582871246011 
0.40068590573294366 0.4005954892557471 0.5658886370125343 0.6008523705555379 
0.21147912004066652 0.21146218491607624 0.29905280580518767 0.9065277121687152 
3.0616653146781877E-17 3.06168898785802E-17 4.3299176809917714E-17 1.0000256906521852 
0.3924206618377235 0.5906523475690522 1.0673464633738625 0.38942235047939 
0.37575033660341317 0.5618055230996939 1.0105462976209183 0.5450331933803786 
0.2764219774378188 0.27660242541394964 0.3908673249042084 0.8343021072965694 
3.061673384842909E-17 3.061691243212346E-17 4.329898328490089E-17 1.0000242989659618 
0.4005263450738171 0.4005751533780677 0.5657817193132918 0.6007281451929853 
0.2764219774378188 0.27660242541394964 0.3908673249042084 0.8343021072965694 
3.0616853568188015E-17 3.0616868280824726E-17 4.329910382823345E-17 1.0000263080557306 
0.22362205299326837 0.22363987934730697 0.3162223553662526 0.894703763330964 
3.0616853568188015E-17 3.0616868280824726E-17 4.329910382823345E-17 1.0000263080557306 
3.061690259206847E-17 3.061685184995292E-17 4.329926633608675E-17 1.0000284508346498 
0.18583733630733765 0.7539717117850354 3.1505322229098853 0.18340625580561218 
0.3445246345499635 0.6348894785963064 1.3311357376922914 0.4491286064877252 
0.35469838808620985 0.3543600317004863 0.5007297867537179 0.7085988272077147 
0.21147912004066652 0.21146218491607624 0.29905280580518767 0.9065277121687152 
3.061684591298359E-17 3.0617219758514054E-17 4.330024613616845E-17 1.0000423069736024 
0.18560673926210255 0.7530361427955998 3.1466228716677898 0.2444406052217325 
0.3266079041435491 0.6038374811002587 1.2692249670491458 0.6534190644353907 
0.22363275187987183 0.22363398291276937 0.316223521982467 0.8947102171783344 
3.061673384842909E-17 3.061691243212346E-17 4.329898328490089E-17 1.0000242989659618 
0.31835577282122424 0.6245137539801836 1.3750947899171517 0.6271172345487164 
0.22363275187987183 0.22363398291276937 0.316223521982467 0.8947102171783344 
3.0616653146781877E-17 3.06168898785802E-17 4.3299176809917714E-17 1.0000256906521852 
0.22361755322353544 0.223653459094026 0.3162233749946041 0.8947142896521488 
3.0616824482722646E-17 3.061688505323498E-17 4.32994002608072E-17 1.0000296307142609 
3.061701129793058E-17 3.061717893785778E-17 4.329977106429828E-17 1.0000378379433343 
0.18531039739634222 0.7518338365839385 3.141598937211846 0.3053883699384864 
0.29440277788770697 0.6257898409741579 1.4700442353847254 0.7421709540582498 
0.18527120800002475 0.1852683902857931 0.2619984624824177 0.9292156455688961 
3.061682018125663E-17 3.061713309614338E-17 4.329950564697111E-17 1.000032838007198 
0.1844994475482246 0.7485436837152714 3.1278507654051153 0.4297579513854355 
0.18528805893258327 0.1852687666768691 0.26200877795288535 0.929255539801637 
3.061674308174265E-17 3.061694965976163E-17 4.3299317598620366E-17 1.0000285389969847 
0.18587436473454233 0.18581984890471154 0.26282228195864066 0.9289367524161012 
3.0616731275536724E-17 3.0616933002903785E-17 4.329922840573934E-17 1.000027276580321 
3.061700320785689E-17 3.061759344669274E-17 4.330024132861972E-17 1.0000465872235544 
0.1836134767874495 0.7449491590391947 3.1128307512043003 0.5330305394118564 
0.15720926843403452 0.15718616067131091 0.22231334675033806 0.9494961271124159 
3.0616731275536724E-17 3.0616933002903785E-17 4.329922840573934E-17 1.000027276580321 
0.15720926843403452 0.15718616067131091 0.22231334675033806 0.9494961271124159 
3.061684591298359E-17 3.0617219758514054E-17 4.330024613616845E-17 1.0000423069736024 
3.0617055667929575E-17 3.0617609996283464E-17 4.3300299189998785E-17 1.0000478189076636 
0.13525268464348125 0.13532791362227264 0.1913492751720596 0.9634174841000764 
3.06166214908119E-17 3.061678279108222E-17 4.3298950059449846E-17 1.0000219392173664 
3.06166214908119E-17 3.061678279108222E-17 4.3298950059449846E-17 1.0000219392173664 
3.0617281200638614E-17 3.06178256817003E-17 4.3300965555510945E-17 1.0000591169173294 
