0.8525926328397231 0.8548167492540188 0.8375688149400542 3.234630307393717 
0.838689346107338 0.861076176603714 0.8252566545014852 3.2675692377389867 
0.8522057016351724 0.8882378372794205 0.7867185099894993 3.365694833103895 
0.8657262798705535 0.8646992094675834 0.7581318090352324 3.5487233493140864 
0.8544784904439502 0.8826423000858291 0.713871566737737 3.858880330601446 
0.8517721252020649 0.9065919247564334 0.677263585811094 4.253744600176149 
0.838283313995613 0.9141826250745758 0.5912165701021812 4.875402896270528 
0.8779715343553942 0.8709758793215512 0.24333198230498743 5.058995244180883 
0.8820711694816131 0.873842538634277 0.0 5.648265351753662 
0.8448656064843216 0.8298794981272237 0.8271819832143052 3.2688934747356067 
0.8626468165928849 0.8291847346553799 0.8228610901151859 3.274312626793491 
0.8494279539176303 0.8674619521276472 0.7785914498750628 3.459873984129137 
0.8617721717601663 0.8993199871478332 0.7383036721262252 3.711614278176952 
0.8595659369414388 0.8938080571483701 0.6926168729513469 4.05109471886321 
0.8422831894647085 0.9064285658108466 0.623400749980207 4.7161123143412 
0.8855237657566989 0.891452122664629 0.2881751269204016 5.070640688610477 
0.8925304058981576 0.0 0.0 14.403271503043378 
0.8706261333358647 0.787563232942448 0.841854645527722 3.3676403794956404 
0.8545352761755107 0.7824956802198995 0.8366586669278913 3.4401195729807337 
0.8500032323239688 0.8119040358077654 0.8035227819301092 3.521841068514015 
0.8537434780918319 0.8801174322775178 0.7181474288307388 3.825608681741315 
0.8718054545467139 0.9037751347681031 0.6611066285114902 4.397136214646304 
0.8855237657566989 0.891452122664629 0.2881751269204016 5.070640688610477 
0.8925304058981576 0.0 0.0 14.403271503043378 
0.8476661589257242 0.7670061828572928 0.8750847898270661 3.5889657152537806 
0.840034184725143 0.7586038826982755 0.88168202975931 3.699163104849588 
0.8439897366078053 0.7440280439376907 0.869247029178082 3.864322111287898 
0.9066217361291016 0.7528671813578095 0.7764131889114967 4.209881976111961 
0.8357846984695233 0.805584028300947 0.26941857583103845 5.391240025324552 
0.8553709368501659 0.0 4.858599971611441E-4 14.515049982715814 
0.8916207608410154 0.7351886097092102 0.8444009164411599 3.863856240405951 
0.8595926744032765 0.7156209139098395 0.8770951943577139 4.039921383927462 
0.8965245311858121 0.6777464337534238 0.8417512087547669 4.4839516742347545 
0.8779012302122164 0.5428211782376622 0.7808883967191005 5.397892085450702 
0.8553709368501659 0.0 4.858599971611441E-4 14.515049982715814 
0.8791918189903669 0.6778921537169825 0.857418305206815 4.28754275250822 
0.8821055036078637 0.6420727571389581 0.8614383063626319 4.596522517489298 
0.9229704277403445 0.3029389496363497 0.8936757035560771 5.135142930164401 
0.8553709368501659 0.0 0.0 14.524526602139742 
0.9140672746422998 0.6031682474783452 0.8733547430685659 4.944398127672607 
0.9134042811858998 0.27354339696022106 0.8913292967936735 5.112062550156294 
0.8555863163648845 0.0 0.0030578377727827864 14.444672661191802 
0.9166438626659048 0.24499011726764297 0.8781104746992515 5.169609597696623 
0.8558016958796031 0.0 0.00583418061370361 14.210945707629678 
0.9445189813515369 0.0 0.6585555783061627 8.832477535658924 
0.8170302126225967 0.8562062761977065 0.8462106011382928 3.2651726122427758 
0.8366833030978703 0.8442474857478098 0.833704145885285 3.264381846130759 
0.8494279539176303 0.8674619521276472 0.7785914498750628 3.459873984129137 
0.8511608780332958 0.8753963515753365 0.7417797357232148 3.6259267217518056 
0.8595659369414388 0.8938080571483701 0.6926168729513469 4.05109471886321 
0.8422831894647085 0.9064285658108466 0.623400749980207 4.7161123143412 
0.862197951160983 0.8920522440972165 0.23262143779679176 4.993261158835022 
1.5057606870622076E-4 0.8350854042713469 0.0 9.487418565078354 
0.8160845153283005 0.834352721844211 0.8410551813977051 3.264524141437669 
0.8336374995408856 0.8208773188611387 0.8217176264762526 3.30540343441159 
0.8478259234988085 0.8700232657703679 0.764422240389356 3.5234596395749618 
0.8537434780918319 0.8801174322775178 0.7181474288307388 3.825608681741315 
0.8467484083958408 0.86437249157641 0.6504061373734582 4.411102253441633 
0.874006758653729 0.875567709357022 0.2541444376513422 5.024775424243107 
0.0012212954879536886 0.0034398310246330777 4.858599971611441E-4 16.88331632724989 
0.8545352761755107 0.7824956802198995 0.8366586669278913 3.4401195729807337 
0.8707439091129698 0.7742941022375852 0.88130229011768 3.5146941730570243 
0.8604548779405944 0.8023097218490496 0.811516746903376 3.644323349894054 
0.9076402927436994 0.8942178299896975 0.69272590897723 4.160678542550783 
0.8809689323987074 0.8603360749045139 0.20525477395354189 5.104078153328791 
0.0 0.0 9.717199943222881E-4 16.845225947093137 
0.840034184725143 0.7586038826982755 0.88168202975931 3.699163104849588 
0.8916207608410154 0.7351886097092102 0.8444009164411599 3.863856240405951 
0.8765183335556734 0.7039313435393444 0.8553704336873984 4.208550177737431 
0.8563603961781128 0.7268134696302677 0.7170500836853115 4.917897846902799 
0.0 0.0 0.0 16.619987775789156 
0.8595926744032765 0.7156209139098395 0.8770951943577139 4.039921383927462 
0.8974481300760089 0.6635498165531613 0.8524409187527937 4.475218791093984 
0.8246448985903865 0.32452604910225374 0.9212038275572443 5.117597952996936 
0.0 0.0 0.0024360169442918193 16.71541363405173 
0.8821055036078637 0.6420727571389581 0.8614383063626319 4.596522517489298 
0.9134042811858998 0.27354339696022106 0.8913292967936735 5.102048128498186 
0.0 0.0 0.0 16.53549319722498 
0.9229704277403445 0.3029389496363497 0.8936757035560771 5.135142930164401 
0.001076897573593083 0.0 0.008615618751502683 16.49161908819175 
4.307590294372332E-4 0.001033088773365871 0.8918768706197451 14.426420042439476 
0.7896002287135717 0.8635280253380359 0.8723483668115974 3.416212020792092 
0.7811271637952959 0.8700226240376886 0.8530030508682849 3.454650366297168 
0.794567994357996 0.8901145492524996 0.7889675823176366 3.4880963852258713 
0.8544784904439502 0.8826423000858291 0.713871566737737 3.858880330601446 
0.8602543605241593 0.8912577931558108 0.6666990911561688 4.419946045052518 
0.862197951160983 0.8920522440972165 0.23262143779679176 4.993261158835022 
9.411004294135328E-6 0.9223499895482834 0.0 9.355843975970782 
0.7811271637952959 0.8700226240376886 0.8530030508682849 3.454650366297168 
0.7539390196589694 0.8424922888133128 0.8606074307599373 3.5310214943654445 
0.787181214124754 0.8662571824354788 0.7876363611807182 3.5551509732660547 
0.9076402927436994 0.8942178299896975 0.69272590897723 4.160678542550783 
0.874006758653729 0.875567709357022 0.2541444376513422 5.024775424243107 
0.002442590975907377 0.006879662049266155 0.0 16.74454942010874 
0.797489219536466 0.8053988023696176 0.8567002752664172 3.5074296872439934 
0.789857245335885 0.7969965022106003 0.8632975151986612 3.605808833001997 
0.8110215886550519 0.7846174668387682 0.8105177075094594 3.934206842652061 
0.865139542475974 0.9050171172543431 0.6018657383591601 4.980352796854573 
0.0 0.0 0.0 16.545947552540397 
0.8230800522319925 0.744305588237482 0.8870499672657564 3.8264790417977883 
0.866719537896973 0.717656910760096 0.8496042976220617 4.063726085657502 
0.881322003530381 0.6178119587507045 0.8590646432037519 4.845857685050112 
1.076897573593083E-4 0.0 0.0013881714204604118 16.41008369423252 
0.8974481300760089 0.6635498165531613 0.8524409187527937 4.475218791093984 
0.9134042811858998 0.27354339696022106 0.8913292967936735 5.112062550156294 
0.0 0.0 0.0 16.52776231692215 
0.9134042811858998 0.27354339696022106 0.8913292967936735 5.102048128498186 
1.076897573593083E-4 0.0 0.0013881714204604118 16.41008369423252 
4.307590294372332E-4 0.001033088773365871 0.8918768706197451 14.285199029100589 
0.7470709024660624 0.8258190884449579 0.8692102828000385 3.61135963234144 
0.737400984067359 0.8420260826077606 0.8496835521443795 3.6949432674077354 
0.7198839378055577 0.8498720647851283 0.8614011556236996 3.8097235014685977 
0.7550246411605065 0.8771587526571026 0.7548049422579707 4.036900300883097 
0.7809498222955973 0.8925429068238845 0.2952863743050759 5.394867832901622 
7.528803435311038E-5 0.8874089657812652 0.0 9.387615226436553 
0.7331685051042158 0.8461847745997966 0.8851117630147216 3.671229889313276 
0.710284264956013 0.8422617835111128 0.8792529612750616 3.855750035026602 
0.6669869631952527 0.8454153814686026 0.8800733955344513 4.145222421667258 
0.7117474638633497 0.8867603770467211 0.6942583246206572 4.847286283688664 
0.0 0.0 0.0 16.754429929414343 
0.7160679507052672 0.8456709147056196 0.8646997755898216 3.870518361968464 
0.6669869631952527 0.8454153814686026 0.8800733955344513 4.145222421667258 
0.582917338107676 0.8714041178102867 0.8679515239023972 4.8121394000063935 
0.0 0.0 0.0 16.545947552540397 
0.7836812741739356 0.7795496843614997 0.8308624276434899 4.080153586153052 
0.7117713295812982 0.6953462102259533 0.8470229743897172 5.295940042308908 
0.0 0.0 0.0 16.53549319722498 
0.7747926641942301 0.274603573097558 0.9259340003480894 5.338234103378545 
0.001076897573593083 0.0 0.009587338745824972 16.581514726770145 
4.307590294372332E-4 0.001033088773365871 0.8918768706197451 14.285199029100589 
0.710284264956013 0.8422617835111128 0.8792529612750616 3.855750035026602 
0.68355829882024 0.8502742092877085 0.8765493500721941 4.051026796252473 
0.6277107262369496 0.8693568719354845 0.8685333116001172 4.416629295374782 
0.35399539405436825 0.8975086167689849 0.7717084267964018 5.498464478652418 
9.411004294135328E-6 0.9223499895482834 0.0 9.355843975970782 
0.68355829882024 0.8502742092877085 0.8765493500721941 4.051026796252473 
0.6277107262369496 0.8693568719354845 0.8685333116001172 4.416629295374782 
0.28532820509850676 0.8832584967795698 0.8369825036897027 4.740628792524018 
0.0 0.005378735661791728 0.0031998250311586762 16.913768758370853 
0.6388035694059525 0.8542341907069648 0.9041773331038275 4.414928757729983 
0.259753875909685 0.8614827832795126 0.9160977095444749 4.862664306365985 
0.0 0.0 0.0 16.754429929414343 
0.2842390426892317 0.7556044102288697 0.9483131829226639 5.465860556658966 
4.307590294372332E-4 0.0 0.007988702626133467 16.491459605252953 
3.230692720779249E-4 0.0012913609667073388 0.8908817868073419 14.394808528314945 
0.6567952490682201 0.8425771069734798 0.8924983544682472 4.20234938125776 
0.6021141179982008 0.8707780357351763 0.9063867975262936 4.640008584003018 
0.2852905610813302 0.8958268732893941 0.8369825036897027 4.8013976502921345 
7.528803435311038E-5 0.8874089657812652 0.0 9.387615226436553 
0.606143297812571 0.8950950162852978 0.8997898975590329 4.665701136791243 
0.23555500429087556 0.8856799291873245 0.8460791776230248 4.727223093628408 
0.0 0.0 0.004184586991931815 16.539460197942333 
0.259753875909685 0.8614827832795126 0.9160977095444749 4.862664306365985 
0.001076897573593083 0.0 0.009587338745824972 16.581514726770145 
0.0 0.001033088773365871 0.8916977517267825 14.519715364122483 
0.3848899383936706 0.8527102064435279 0.8932937321231584 4.712849440974648 
0.22136162780871152 0.852159741050931 0.8617373906705879 4.689191172707074 
7.528803435311038E-5 0.8874089657812652 0.0 9.387615226436553 
0.22136162780871152 0.852159741050931 0.8617373906705879 4.689191172707074 
0.0 0.0 0.004184586991931815 16.539460197942333 
0.0 9.095986232569961E-5 0.8917136205349061 14.493899425707191 
0.24629265967596395 0.8717970340228565 0.8986827217174908 4.907273991120781 
7.528803435311038E-5 0.8874089657812652 0.0 9.387615226436553 
0.0 9.095986232569961E-5 0.8917136205349061 14.493899425707191 
3.764401717655519E-5 0.9073499930952039 0.8609542828128888 6.650341585506501 
