0.8677680712714619 0.8497072757495194 0.8714756582236065 3.1539731135271336 
0.8553198398956754 0.8724315351810642 0.8316630754575407 3.1825981893696538 
0.850809211644896 0.8759896460310705 0.794462708424033 3.3021027569157417 
0.8541780078909136 0.8699596189090301 0.7564299636690064 3.4973713745704256 
0.8535857234611954 0.8817124960284752 0.72014453739783 3.7999236960544795 
0.8609880536913932 0.8485582156334307 0.6645509553175244 4.172990568258059 
0.8555303681873926 0.8467298262759686 0.2557199038425976 4.662891374121914 
0.8582456994016116 0.854698421974013 0.220781211397709 4.699706767256204 
0.8518537193698519 0.856148474932316 0.0 5.344503716983633 
0.858785571722376 0.8361131595748128 0.8648134116629649 3.1924774807848704 
0.8658307757356646 0.8432145234298094 0.8207531148534897 3.2136056207686403 
0.8625910857139252 0.8738308844030005 0.7897962620523522 3.3820856548144436 
0.8568095192341058 0.8503307451298221 0.7463523807864741 3.5991427215313037 
0.854277880322357 0.8814804272236993 0.6915584314203537 4.002282643527899 
0.8582198371443015 0.8448847978380031 0.6112111809977921 4.589930454670895 
0.8482724811967044 0.8513594025525596 0.23258723203340642 4.668028862769968 
0.970433709728562 0.0 0.0 11.095875376955473 
0.8744966979401356 0.7922793790056887 0.8636222903557236 3.343527258639061 
0.8720473466823878 0.7863887598622371 0.8732057678844205 3.3960075103947593 
0.87157917951464 0.8014378120733026 0.8044754004332282 3.4258691461684596 
0.8535857234611954 0.8817124960284752 0.72014453739783 3.7999236960544795 
0.8614857239387529 0.8798148162379673 0.6423826025140051 4.370889235952419 
0.879971685063308 0.8369941771992864 0.28977039323250636 4.744390547519161 
0.9656816926235043 0.0 0.0 11.101365135190967 
0.870764933603829 0.7638544057085159 0.850471312213041 3.5152029315517335 
0.8785948839614224 0.7438098766473903 0.8585496224969489 3.6407715855550538 
0.8953838887820056 0.7272784269154245 0.8648716451168168 3.8029638544069724 
0.8492738635135934 0.7475318377834643 0.7667188961702023 4.159652301709495 
0.9140363635648813 0.7637010628620591 0.30802035479942563 5.276467980066844 
0.970433709728562 0.0 0.0 11.095875376955473 
0.8864248343190159 0.7237653475862647 0.8666279327808568 3.7933458884925964 
0.8931571456873477 0.7063141027913944 0.861685095186121 3.980226927695919 
0.8926898805909795 0.6573395576419984 0.872082073630724 4.390552056161752 
0.8707638327891891 0.5682773059829351 0.7934619396448802 5.20110367734156 
1.0 0.0015717046106835733 0.0 11.140730124718136 
0.8820355420430541 0.6745722789917371 0.8628947000014653 4.174493288761189 
0.8730890042191723 0.6296619106929766 0.8478801836550971 4.606664907446349 
0.8559848231015017 0.24503291206719857 0.8753708676693337 4.7451976924241785 
1.0 0.0 0.0 11.230337220981735 
0.8710410787489931 0.26478741492291846 0.878414142121379 4.7339543452110755 
0.8710410787489931 0.26478741492291846 0.878414142121379 4.7339543452110755 
1.0 0.0 0.0 11.230337220981735 
0.8964615977071633 0.19471202856649605 0.8709131224907569 4.896083308185945 
1.0 0.0 0.006384425514013813 11.317914207886384 
0.9113105418980249 0.0 0.889761826378131 5.425490409837939 
0.8336469730059527 0.8815884441954197 0.8576942417386464 3.2008717563929046 
0.8422670275976063 0.8475320466859495 0.8300860075968514 3.21867116657923 
0.8625910857139252 0.8738308844030005 0.7897962620523522 3.3820856548144436 
0.8568095192341058 0.8503307451298221 0.7463523807864741 3.5991427215313037 
0.854277880322357 0.8814804272236993 0.6915584314203537 4.002282643527899 
0.8582198371443015 0.8448847978380031 0.6112111809977921 4.589930454670895 
0.8482724811967044 0.8513594025525596 0.23258723203340642 4.668028862769968 
2.83377950442727E-4 0.9000033934486259 7.039345957285284E-5 14.159010929957889 
0.8334108571572846 0.8420246304475156 0.8545825340212232 3.2185166188094745 
0.8410423519687324 0.8445867371142237 0.8348777463611998 3.2349258102834435 
0.8561987170688303 0.859723054880782 0.7676626714482181 3.4573139989471446 
0.8596037399690701 0.8490223532429824 0.7217231672724771 3.7639786083498596 
0.8614857239387529 0.8798148162379673 0.6423826025140051 4.370889235952419 
0.8555303681873926 0.8467298262759686 0.2557199038425976 4.662891374121914 
0.003567173005415522 0.009178287975778764 0.0 17.15552920948721 
0.8720473466823878 0.7863887598622371 0.8732057678844205 3.3960075103947593 
0.8728318237556443 0.7731966778689394 0.8712338738063283 3.441951258467209 
0.8637159902341693 0.7984834338728245 0.769492273162214 3.5957939258243288 
0.8478409402240779 0.8733741393033055 0.6787280224677723 4.058851948178225 
0.879971685063308 0.8369941771992864 0.28977039323250636 4.744390547519161 
0.002843393501408398 0.004459057211539635 0.0 17.14265943152707 
0.8785948839614224 0.7438098766473903 0.8585496224969489 3.6407715855550538 
0.8864248343190159 0.7237653475862647 0.8666279327808568 3.7933458884925964 
0.8600027323286161 0.688308903323064 0.8514092672840168 4.096938473899397 
0.8562186744749183 0.7121452785800612 0.7246683405042394 5.015324456637839 
0.0 0.0 0.0 17.274684077565915 
0.8752390367613683 0.6992879441330745 0.865197670514201 3.971401502054302 
0.8926898805909795 0.6573395576419984 0.872082073630724 4.390552056161752 
0.8883618544816028 0.2552537770280839 0.8671169205173158 4.839859657056347 
0.001421696750704199 0.0022295286057698177 0.0 17.208737624656674 
0.8730890042191723 0.6296619106929766 0.8478801836550971 4.606664907446349 
0.8785692065727387 0.2746646663507784 0.8799357793474016 4.739590945022501 
3.7049830097821433E-4 0.0 1.9186113343535295E-4 17.683485030771216 
0.8785692065727387 0.2746646663507784 0.8799357793474016 4.739590945022501 
0.0 0.0 0.0 17.819066083895436 
0.005277773710054547 5.360347834260856E-4 0.9114403772676076 14.825030712017607 
0.8001779795633841 0.8485061928678441 0.8573154314666811 3.315338385645786 
0.7905021524509295 0.870391280464738 0.8557187736078751 3.355147592766588 
0.7968047723569097 0.8824791634740604 0.8126643568857812 3.462020347837557 
0.8596037399690701 0.8490223532429824 0.7217231672724771 3.7639786083498596 
0.8562488587333292 0.8211493954485758 0.6513848062090729 4.359642246795408 
0.8310890513114771 0.8564654753526509 0.22166941445268884 4.688565943254833 
0.0 0.904871217986967 0.0 14.176514646057907 
0.7905021524509295 0.870391280464738 0.8557187736078751 3.355147592766588 
0.7796533061463782 0.8680588620316839 0.8590402332557888 3.4202964402001412 
0.7925856889045413 0.8542429496118951 0.7896344876833435 3.569463633111668 
0.8478409402240779 0.8733741393033055 0.6787280224677723 4.058851948178225 
0.8310890513114771 0.8887651277635736 0.22166941445268884 4.722247077322819 
0.003567173005415522 0.009178287975778764 0.0 17.15552920948721 
0.8208181417987356 0.8194615607337846 0.8667977833550154 3.3239221905062943 
0.8017359789112434 0.7950481646337952 0.827830762464091 3.582474234944062 
0.7808800468839069 0.79206544286651 0.8074485839891016 3.7876533820339815 
0.8681358863104947 0.8207252552171216 0.31556580037810156 4.784923638279167 
0.002843393501408398 0.004459057211539635 0.0 17.14265943152707 
0.8763956953601927 0.7330815284063632 0.8598014742899625 3.7766127239544294 
0.8836197619249457 0.6859042313255901 0.8661394809622803 4.080532569609383 
0.8883618544816028 0.2552537770280839 0.8671169205173158 4.839859657056347 
0.001421696750704199 0.0022295286057698177 0.0 17.208737624656674 
0.8926898805909795 0.6573395576419984 0.872082073630724 4.390552056161752 
0.8860973343964844 0.28454191777863835 0.8814574165734244 4.760500633884188 
3.7049830097821433E-4 0.0 1.9186113343535295E-4 17.683485030771216 
0.8559848231015017 0.24503291206719857 0.8753708676693337 4.7451976924241785 
3.986247097994348E-4 0.0 0.00133353795967263 17.664448651691654 
1.6264655931296937E-5 5.360347834260856E-4 0.9162680116557171 14.827081174810056 
0.765232052692028 0.8832935521399952 0.8661392872312127 3.539698126433411 
0.7525970028125772 0.8897446879776237 0.8713495440428816 3.643236695923255 
0.7383328449586064 0.8498577351998806 0.8765918042361335 3.796521417019959 
0.7636510158523162 0.8701830223679681 0.7259794873547323 4.212080922142159 
0.7579960859093989 0.8810750153693697 0.4813257119251163 5.352906206969009 
0.0 0.904871217986967 0.0 14.176514646057907 
0.7525970028125772 0.8897446879776237 0.8713495440428816 3.643236695923255 
0.7334949314023791 0.8608002789983276 0.8757934753067305 3.8067285879736996 
0.6956745019660738 0.858381329735181 0.8464425038515011 4.108047378096507 
0.6819661004380859 0.9325129516931137 0.7095534801783829 5.136884613017146 
0.003554241876760497 0.0042714759077737904 0.0 17.18682849416059 
0.7373863660207468 0.8643467732697514 0.88720686080148 3.8038467280587107 
0.6956745019660738 0.858381329735181 0.8464425038515011 4.108047378096507 
0.5978605037332954 0.8865922061841301 0.8678675908990547 4.818610244496546 
0.001991657317250029 0.0022295286057698177 3.837222668707059E-4 17.42287837472367 
0.764932618907328 0.7452790658228712 0.8426106781022846 4.223077025921794 
0.7171249399322112 0.731145064008489 0.8578518214169536 4.56253457430725 
3.1750959513550885E-4 0.0021441391337043425 0.00177805061289684 17.288420237026628 
0.781643169020167 0.5671852224471636 0.8760817909098317 5.306218592174381 
0.00288071269981649 0.0 0.00266707591934526 17.707708771844317 
1.7501945349905135E-4 0.0016081043502782569 0.9171570369621656 14.781596121629718 
0.7334949314023791 0.8608002789983276 0.8757934753067305 3.8067285879736996 
0.7017059667016798 0.8643549537929395 0.8622277427103828 4.02053951794597 
0.6548940867731052 0.8731244566418765 0.8499054280670765 4.397358628669802 
0.5657436335826275 0.8815741986227887 0.7782718153682109 5.392888198226554 
2.83377950442727E-4 0.9000033934486259 7.039345957285284E-5 14.159010929957889 
0.7017059667016798 0.8643549537929395 0.8622277427103828 4.02053951794597 
0.6643839478373974 0.8783392846962017 0.8511488460201178 4.363625461765501 
0.29881733256007886 0.8960777961217641 0.8612320289313935 4.966233670288591 
0.0 0.002953673907529486 3.837222668707059E-4 17.38498562042292 
0.6548940867731052 0.8731244566418765 0.8499054280670765 4.397358628669802 
0.34122950418403525 0.8960777961217641 0.8612320289313935 5.061537936689937 
3.7996511059538876E-4 0.0017898484917812374 0.0 17.299022610765075 
0.3928240073373644 0.7755429183919891 0.8551727405516475 5.467671014177763 
7.552097170349371E-4 0.0 4.796528335883824E-4 17.693238302738074 
1.7501945349905135E-4 0.0016081043502782569 0.9171570369621656 14.781596121629718 
0.6860606896373417 0.8743339312734498 0.8645809137946912 4.154763747155415 
0.6427072060374532 0.8823446381189535 0.8377167782455444 4.548937038728598 
0.3306352720632648 0.8841833161070243 0.8544008762197542 4.942859978496303 
0.0 0.9139330480730713 0.0 14.23963174665599 
0.6379076638019181 0.8764822450979657 0.8497749143930549 4.544096890039232 
0.29881733256007886 0.8960777961217641 0.8612320289313935 4.966233670288591 
6.402770094126208E-4 0.0 3.837222668707059E-4 17.830486408361118 
0.34122950418403525 0.8960777961217641 0.8612320289313935 5.061537936689937 
0.0 1.4146242232845885E-4 0.00849408450018354 16.938286884829807 
1.249110309197598E-4 0.0 0.8618143731264102 14.821846822336283 
0.5978605037332954 0.8865922061841301 0.8678675908990547 4.818610244496546 
0.3306352720632648 0.8841833161070243 0.8544008762197542 4.942859978496303 
0.0 0.906049433554035 0.0 14.27451280295258 
0.319552762384091 0.9000831495445158 0.8477999611568201 5.066231829295312 
0.0 1.4146242232845885E-4 0.00849408450018354 16.938286884829807 
0.0 0.0 0.8618143731264102 14.85387504569471 
0.285866110753235 0.908179846152869 0.8832197579545855 5.113223850295193 
0.0 0.9093684883313622 0.006124783531156641 14.22946296693555 
0.0 0.0 0.8626908397355606 14.907710457715915 
0.0 0.8639577486801795 0.9876728350218436 9.874514080819282 
