0.8571916873827522 0.8328190143596838 0.8372073234177762 0.010507827361975046 0.020690509278775204 0.011488751217891793 8.832415048533955E-5 0.03352223999201089 0.01013542526882072 0.06051147517364226 0.002460299873588987 0.0071780682882482995 0.0016246750317219835 0.02364767430716957 0.00605017013788658 1.6030426477478316E-4 1.4524272651684957E-4 0.0016125226859446833 0.015983877765829005 0.01319817477082107 0.0016432924639604623 0.007399560262778432 
0.8657250883691064 0.8820860164219229 0.812617838304218 0.027345962565194094 0.024036113095329027 0.0158132996569941 0.0 4.490969198021992E-4 0.0 0.02708599293955222 0.0 0.0018719733407329537 0.0 0.051164052879086354 0.0 4.704513861326841E-4 0.0 0.0029528696083997415 0.043476100059512246 0.014913452659541443 0.0 0.0025143223051745604 
0.8379757836548791 0.8596416337586175 0.7836693775593085 0.016756272624108604 0.008967172422001258 0.01547072910690617 0.0022381178941183856 0.04105528142761248 0.007133707824344401 0.024837402260938633 0.0014185081788170306 0.00464441290111416 5.739767707438752E-4 0.028463338125396646 0.0 0.0033217247062628194 0.006973693153299369 0.008522602395166508 0.02787368047497736 5.352256823212382E-4 0.0017146195516461855 5.443028856892099E-5 
0.8676164092020711 0.8385768692076112 0.7450009021718955 0.0 0.03384838940805225 0.0040053992275228024 0.0 0.04403919996179424 0.0 0.03962714102608095 0.0018702422416145689 0.0013772136890681953 0.0 0.003555509259100108 0.011496501646099722 8.169217251907392E-4 0.0 0.0 0.0 0.010967592246288287 0.0 0.002563655004644393 
0.8645133476251754 0.8277258944639608 0.7106968421779789 6.506337765582407E-4 0.006689887608180768 0.014175339510778383 0.005795999653456044 0.036939526089257005 0.008298868002215208 0.07699541868501915 0.005189031793125381 0.0 0.004209131354575443 0.0 0.005726206206608921 0.001455405182254746 2.197387883906539E-4 0.002857794444917828 0.0011071300556346072 0.001100627380297612 8.034728996795127E-5 1.715620687910413E-5 
0.8818959629300457 0.83392982013475 0.6750611936346073 0.00451054279347707 0.005524484817782491 0.013074760732735752 0.002395419904713798 0.050762062195862184 0.012855000584969103 0.04641207265577975 0.011362463246748928 0.004873888193234633 2.2680785607098524E-4 0.010286226672089062 0.0013440927718171305 1.9848699621581047E-4 0.00579698886219526 0.004308966764054045 8.114099343200426E-4 6.56141275983706E-4 0.0 6.381462998973994E-5 
0.8935068591566824 0.8495782098341752 0.3380681854523647 0.001484924743273476 0.013820990920097621 0.00882427144426226 0.0 0.031846154743005076 0.04956506326196217 0.014646038675738639 0.007786485764853177 0.009118067220444108 0.0010522828386438608 0.012358331899647945 0.006329902870388926 0.01542133209478595 0.0013935557184785838 0.001207447073832497 0.041405036070084576 2.75156845074403E-4 0.0012482516810787831 1.7443950413060137E-5 
0.9106695540279761 0.8567892975532079 0.19681485289254405 0.0 0.036448826387145104 0.0 8.179500192648432E-4 0.016954023841418378 0.07671165046438262 0.017208645820966866 0.0059623253436101925 0.010416581083995667 0.0 0.0 0.0 0.02632700687395834 0.0 0.0028368255389402287 0.06701796759660184 0.0 9.88731170358737E-4 0.0 
0.8771888896282815 0.8799342693012717 0.0 0.0 0.031069101471737727 7.437254456987641E-4 0.001554218586635533 0.0 0.09793479798695816 0.006207345589318312 0.04575298414354825 0.013099478708513364 0.009899378968584688 0.013342910948645748 0.029048969180495425 0.038159231483810334 6.136063833030074E-4 0.0 0.09848832186603042 4.937444055549305E-5 8.784293047017628E-4 1.625567207308257E-4 
0.8731916646010511 0.8456021728946072 0.8393983415179276 0.0015168139521432103 0.02567122967339063 0.009461680901263128 2.9499998800093E-4 0.05918174525484855 0.008471739854912064 0.05267649213736033 0.011237700502050562 0.001539361191630207 0.0 0.028941824458850487 0.006170289291623034 0.00268869451542605 0.006783560678207422 0.0 0.03943720291940842 0.006906412639621915 0.0 0.0 
0.8733498233668515 0.8462330329569347 0.8393983415179276 0.014992459233632745 0.02559308258759612 0.006260032456166168 0.0 0.04905005723713121 0.0 0.019313362742320782 0.0011459685866664474 0.0018681505158529767 0.0 0.028278593196535817 0.0 0.0016118179384531318 0.0 4.753758174095668E-5 0.02258859914230875 0.006906412639621915 0.0 0.0012485830491477281 
0.8379757836548791 0.8596416337586175 0.7836693775593085 0.016756272624108604 0.008967172422001258 0.01547072910690617 0.0022381178941183856 0.04105528142761248 0.007133707824344401 0.024837402260938633 0.0014185081788170306 0.00464441290111416 5.739767707438752E-4 0.028463338125396646 0.0 0.0033217247062628194 0.006973693153299369 0.008522602395166508 0.02787368047497736 5.352256823212382E-4 0.0017146195516461855 5.443028856892099E-5 
0.882034111626484 0.8781889302446664 0.7278689276970558 0.005580180952125073 5.620084771253073E-4 0.01052730050374373 0.004476235788236771 0.06246316824147792 0.014267415648688803 0.021686662121319287 0.002837016357634061 0.008294139359003846 0.0 0.008037344958007897 0.0 0.004119216835116189 0.0024102993554218945 0.005492369576933963 0.006533233360115057 0.0010704513646424764 0.0 1.0886057713784198E-4 
0.875955449116409 0.8384299829406965 0.6837170182183614 0.0026595558645628016 0.02065823054093809 0.011968687199135117 0.006529523668037425 0.03520776817586969 0.016112900970627564 0.062453700237072834 0.0025945158965626903 0.0030729235548625487 0.0021777032433641826 0.009273217184843544 0.004328939290363764 8.259553472320737E-4 0.004564184272015361 0.005445060554875073 5.535650278173036E-4 7.61968861818606E-4 4.0173644983975635E-5 5.5717546302855535E-5 
0.8946565003824206 0.8549547017695025 0.3275549748882908 0.0 0.033907312969195455 0.0060573452188217355 0.0 0.01723940939363748 0.05665121350224975 0.026321171161182252 0.005673075272252274 0.007717555674003859 0.0 0.009177783655758713 0.004679847312824167 0.015008354421169913 0.0 0.0034264944356781936 0.04099933110292456 0.0 0.0012281648585867953 5.178069944566615E-6 
0.9106695540279761 0.8567892975532079 0.19681485289254405 0.0 0.036448826387145104 0.0 8.179500192648432E-4 0.016954023841418378 0.07671165046438262 0.017208645820966866 0.0059623253436101925 0.010416581083995667 0.0 0.0 0.0 0.02632700687395834 0.0 0.0028368255389402287 0.06701796759660184 0.0 9.88731170358737E-4 0.0 
0.8997588899533933 0.0 0.0 0.08269479004033538 0.009664200710802947 0.4535930798560198 0.04474308371982775 0.03681813596998148 0.0 0.794508872508385 0.14811462298310288 0.028070678144865736 0.013346284775522643 0.04857199172607393 0.007717673375418626 0.0021861943844601406 0.020371088912369908 0.6171018226304136 0.9779169950862375 0.0 0.957321301548362 0.5696309456956876 
0.8822220230171314 0.8191405292660701 0.8330162805293368 0.02332915486183364 0.02738616296168278 0.013597285630451369 0.0011180934873214281 0.05682201370077515 0.014608453359559327 0.04217487490000771 0.005618850251025281 7.696805958151035E-4 0.0 0.019916518063001702 0.008825358436927997 0.00139446437776858 0.007504965386704475 2.807451889981007E-4 0.01971860145970421 0.0034532063198109576 8.312846072752682E-4 0.0 
0.8912523814332116 0.7926788856375331 0.8266342195407461 0.04514149577152407 0.029101096249974933 0.01773289035963961 0.0019411869866419263 0.054462282146701756 0.02074516686420659 0.031673257662655094 0.0 0.0 0.0 0.010891211667152916 0.011480427582232961 1.0023424011110975E-4 0.008226370095201527 5.614903779962014E-4 0.0 0.0 0.0016625692145505364 0.0 
0.8448013325719903 0.8019537114111281 0.7926743324522924 0.02062724819967696 0.023702817230545375 0.016019845370039552 0.004348604746275514 0.05365545097276223 0.025216975265744013 0.049511357702374095 0.0025188712157552416 0.002610747943485242 5.67129920997931E-5 0.007080649047134515 0.007240246051650417 2.004684802222195E-4 0.014763784651371292 0.0013636832048758369 8.492851491318682E-4 0.0016229154973965623 0.0012131991766928117 7.976828748717492E-5 
0.86780713144889 0.8334507917679475 0.7085841135660556 0.0037320203904184753 0.011048969635564981 0.015281463402047323 0.0049009001787163765 0.04687918138232382 0.010693040224345252 0.05186154707623259 0.0047204928942098795 0.004145730200708268 4.536157121419705E-4 0.007850260368621196 0.001814169519984145 2.004684802222195E-4 0.006239493638866838 0.0037645953975860695 0.0011071300556346072 0.001312282551967412 0.0 9.57219449846099E-5 
0.8959847944112014 0.8344088485015526 0.6415382737031591 0.0052890651965356635 0.0 0.010868058063424182 0.002973928465571827 0.05464494300940055 0.015016960945592954 0.04096259823532689 0.0032646101772782323 0.005602046185760997 0.0 0.012722192975556929 8.740160236501151E-4 1.9650551220940144E-4 0.0053544840855236815 0.004853338130522019 5.15689813005478E-4 0.0 0.0 3.190731499486997E-5 
0.8935068591566824 0.8495782098341752 0.3380681854523647 0.001484924743273476 0.013820990920097621 0.00882427144426226 0.0 0.031846154743005076 0.04956506326196217 0.014646038675738639 0.007786485764853177 0.009118067220444108 0.0010522828386438608 0.012358331899647945 0.006329902870388926 0.01542133209478595 0.0013935557184785838 0.001207447073832497 0.041405036070084576 2.75156845074403E-4 0.0012482516810787831 1.7443950413060137E-5 
0.8997588899533933 0.0 0.0 0.08269479004033538 0.009664200710802947 0.4535930798560198 0.04474308371982775 0.03681813596998148 0.0 0.794508872508385 0.14811462298310288 0.028070678144865736 0.013346284775522643 0.04857199172607393 0.007717673375418626 0.0021861943844601406 0.020371088912369908 0.6171018226304136 0.9779169950862375 0.0 0.957321301548362 0.5696309456956876 
0.871270953477703 0.7817090693735174 0.8272852833570307 0.010842696370298846 0.011135705727428006 0.0019657889161858906 0.0 0.048774414126831166 0.01210905277528148 0.09398683401893919 0.013100689136190433 0.0 0.007752019094341627 0.0025603741440592288 0.009449559791112916 2.1168995003756916E-6 0.04365652704577447 0.0 0.0019658588436744125 0.005961484963375239 0.0 0.007139934581374248 
0.8367391791782256 0.7521069863806229 0.830854266223223 0.02492732491800937 0.029037019589843602 0.022285170048953282 0.0 0.032963429107988926 0.024271422643102836 0.021303402907616634 0.0011108414473479404 0.005981283972294128 0.0 0.025980323852320773 0.0018788954753593086 0.0010417662614180766 0.02784385762841155 0.0035404073501935415 0.016378410362504335 0.0 0.006871400169898263 0.0 
0.8276942206414666 0.7294336549323629 0.8519393751606605 0.028522248919852212 0.039931798720762454 0.033623196532204885 0.002621626817740518 0.030097189491883537 0.03271307852851403 0.0 0.0 0.026569587203150252 0.0 0.023163052672872022 0.001554898018598299 8.328616267503861E-4 0.019483036053088047 0.0017110044619543757 0.01674760771638932 0.0 0.0029304044698689694 0.0 
0.8888798764571906 0.7671398605337623 0.750716956486459 0.005208524135107172 0.045220674090907284 0.014772955695121513 0.0025904614320655227 0.025110542546155166 0.0194330858791305 0.022870562999086727 0.003953027711209171 0.0061058516976262925 0.001279090694714846 0.020760290365067997 0.00392215545319788 4.642127280556477E-4 0.020051824565082556 3.485978437152539E-4 1.478600606572823E-4 4.1540402959039385E-4 0.007828596538198541 1.1303840963158206E-5 
0.8928384687992124 0.7510412981116512 0.5444328210105995 0.0051763864477698636 0.042219322140518996 0.03291250052070872 0.0 0.014354451869024423 0.030255781124275113 0.012660445790387484 0.00909117944679862 0.03452815669594403 0.006042830130974071 0.0 0.011505711087750184 0.008075797080211248 0.020732429380880827 9.098015842271935E-4 0.00947406727773309 0.0 0.00629339392961527 4.6832729369175575E-4 
0.9292590948295498 0.0 0.0 0.059798489551624874 2.9499595786780346E-4 0.44490650500781204 0.045457414628941414 0.03570398316838877 0.0 0.8035274821697241 0.15009113683870745 0.009355571874871065 0.013932670572880158 0.05895213690860793 3.86619921397434E-4 0.0024183007484879643 0.024769017018379066 0.6168388342450664 0.99613589876805 1.7640400829507796E-4 0.9567840294368595 0.5696365976161692 
0.8631021469940717 0.7163775976054558 0.8358469031503906 0.021809507692990233 0.03759869180532235 0.022523647466381733 0.002541330409638774 0.030336099854020183 0.02814164319953688 0.031239750080518255 0.0021867528535775174 0.00867553496700514 0.0 0.0059045204020069875 0.004177138527091868 2.492267685115275E-4 0.032559893202236734 4.299365989958409E-4 0.0 0.0 8.849960748670291E-4 0.0 
0.8323841854478798 0.6862036732952191 0.870236673218394 0.01994035658996492 0.046382565128071845 0.030637223990161326 0.004425358868167934 0.027109858615683116 0.02160539422565234 0.0 0.008854714423002133 0.01003541956957615 0.0 0.0 0.0 3.655111671539557E-4 0.03349920063771347 0.0 0.0 5.807385176107582E-4 0.008154456534350775 6.987584090721412E-4 
0.8774660223812095 0.6459057028942989 0.8549560169523363 0.0019936748045729074 0.0628620664959412 0.033855095446537815 0.0023973346798455697 0.013802576912468806 0.018518829290918463 0.011990853884172686 0.011210151272710106 0.044239642744431776 0.0 0.0 0.0 0.0 0.029249655751877456 0.00361775444356872 0.0 0.0 0.014765575352968626 0.0 
0.8747881322671501 0.2761355235989321 0.785225058690958 0.01894641372976608 0.00875225345896407 0.023092506419748145 0.0010588063009656689 0.062205947641988904 0.014323959568416271 0.02525316945225941 0.04645695054077599 0.12183345488323614 0.007740171839949081 0.009589882065636856 0.0033823020602129932 7.745149509206896E-5 0.007403882856038152 0.005695588942425136 0.003011383894211751 0.027518548818023396 0.005814663043986866 0.001458237721645121 
0.928544049333749 0.0 0.0022604578991855884 0.06038517320862252 0.0 0.4460980361808897 0.044346271809795404 0.04475140990658265 0.0 0.7870458276530339 0.15209390599251807 0.0 0.013016609074544105 0.05879794445300063 0.0 0.0 0.004267182965989595 0.6126134028016663 0.9972275174544987 0.0 0.9527073900613192 0.568161317996493 
0.84852165425192 0.682842488083927 0.8426664298416695 0.01750314403490076 0.10194292839549449 0.0337516598342903 0.0024750721382993226 0.029971367593580833 0.014208043994469632 0.005226561092326254 0.005256262740045306 0.02211843443592499 5.07190753621926E-4 0.0020600463877980613 0.0 4.3198235208850535E-4 0.03853478581525449 5.911090152948897E-4 0.0 2.903692588053791E-4 0.0016819869967905597 4.91175180299517E-4 
0.8844702941951474 0.2843815963843199 0.8506623703700187 0.06255734743248231 0.006738831533783948 0.005617270161647092 0.0 0.03526005121496581 0.03674694555788115 0.0 0.048590447066020045 0.03549726170124873 0.013722096297773524 0.007602497446244768 0.0021648973779638146 0.0 0.0 0.015724895414156413 0.002495562356580385 0.02518654832319773 0.01362921322844374 0.0 
0.8612327009003478 0.27122032761658277 0.8411875512446596 0.04724857808617242 0.010072397586022519 0.029414122200718207 0.00196344249515767 0.03950761922780872 0.03193870761738345 0.022807036574303573 0.03488062255210085 0.015204793719476417 0.012351686022943382 0.01793346665012091 0.007504890700158902 0.0029951802444370063 0.053415354755396716 0.010714547951655945 0.0019393789669884048 0.02587048718340742 0.016929996728779536 4.6684676686971496E-4 
0.928544049333749 0.0 0.0022604578991855884 0.06038517320862252 0.0 0.4460980361808897 0.044346271809795404 0.04475140990658265 0.0 0.7870458276530339 0.15209390599251807 0.0 0.013016609074544105 0.05879794445300063 0.0 0.0 0.004267182965989595 0.6126134028016663 0.9972275174544987 0.0 0.9527073900613192 0.568161317996493 
0.8844702941951474 0.2843815963843199 0.8506623703700187 0.06255734743248231 0.006738831533783948 0.005617270161647092 0.0 0.03526005121496581 0.03674694555788115 0.0 0.048590447066020045 0.03549726170124873 0.013722096297773524 0.007602497446244768 0.0021648973779638146 0.0 0.0 0.015724895414156413 0.002495562356580385 0.02518654832319773 0.01362921322844374 0.0 
0.838208466408684 0.2463751449517158 0.8611962403392773 0.06331834842541079 0.011269624259015959 0.020511248538004345 2.4605307174069627E-4 0.03375993677516317 0.029284624484041902 0.013641404158819547 0.05384356230995735 0.04217349300504178 0.013357717718363816 0.006346594566295014 0.0018392539603354807 0.0 0.0 0.018801507079282936 0.0024591837264295283 0.02842012191730365 0.015066680355957603 6.2955307155727E-4 
0.906550443130764 0.0 0.002011350963525683 0.07769622015632369 0.0014213649683876839 0.38596704629042455 0.05002125738739365 0.0298342732710551 0.01651914388855681 0.8580305517686893 0.13048064605916593 0.0 0.021638887547143285 0.10334527257479284 3.820974706232128E-5 0.0658041891080309 0.009939177224638468 0.5872604082822452 0.9847013691168786 6.438717933450622E-4 0.9248010274832222 0.5842727326541378 
0.8932851095596124 0.18673917975253634 0.8633824292451877 0.07359065245093296 0.015197396199012083 0.0 0.0 0.02719199311288561 0.040180287283009014 0.008924050663948725 0.06501329593914543 0.048822064549656354 0.015044217746341595 0.004909864044493041 3.651467851409809E-4 0.0 0.0 0.021231887498254384 0.003677384059503879 0.03102850240306346 0.016882790455559446 2.6363114692370764E-4 
0.9161627756827238 0.0 0.009418106238665193 0.10601745780729493 0.0 0.38681171045469537 0.04856185675435871 0.02171173768767415 0.0043018255474540565 0.8280117578839992 0.13103136972300258 0.00891430759979727 0.024590508397188068 0.10318247313775536 0.0018395865490057897 0.06012161948444626 0.0 0.6300961626095872 0.9855583812729865 0.0 0.9263092580182896 0.5839840089155641 
0.6543687560255258 0.0 0.8642270574828768 0.0 0.002649570754872793 0.009956830037777947 0.008913640023664297 0.04200378921890853 0.02137271762691275 0.10238489873411444 0.12371240827853344 0.0 0.010942286495584668 0.061869979670272746 0.024856115676347275 0.03242282934489261 0.07892606857986192 0.026289999962023088 0.003374902651134236 0.02743403197573192 0.11245981789697028 0.006882690467533729 
0.8314111380681339 0.8610213878005486 0.8368539671892493 0.018592607565937842 0.021396386790135787 0.005972181831684322 0.0 0.03229134098714245 0.0 0.009084322460926483 0.0 0.001483310217945425 0.0 0.04308426115796893 0.0 0.0019192879452101298 0.0 0.004458061617003197 0.03739061369869537 0.006090780187013202 6.32041579334635E-4 0.0012485830491477281 
0.8314111380681339 0.8610213878005486 0.8368539671892493 0.018592607565937842 0.021396386790135787 0.005972181831684322 0.0 0.03229134098714245 0.0 0.009084322460926483 0.0 0.001483310217945425 0.0 0.04308426115796893 0.0 0.0019192879452101298 0.0 0.004458061617003197 0.03739061369869537 0.006090780187013202 6.32041579334635E-4 0.0012485830491477281 
0.8434664676401947 0.8582372436870761 0.7673817036312198 0.007398855194032897 0.03788737209465756 0.007069248842034303 0.0 0.020111480439040375 0.001778977232937907 0.05151895140304541 0.0 0.0036852450897831017 0.0 0.01709607710598303 0.0017199164527142573 0.0 0.0 0.0 0.002242296853206177 0.02043176356871977 5.91930699267131E-4 0.0064292624898164286 
0.882034111626484 0.8781889302446664 0.7278689276970558 0.005580180952125073 5.620084771253073E-4 0.01052730050374373 0.004476235788236771 0.06246316824147792 0.014267415648688803 0.021686662121319287 0.002837016357634061 0.008294139359003846 0.0 0.008037344958007897 0.0 0.004119216835116189 0.0024102993554218945 0.005492369576933963 0.006533233360115057 0.0010704513646424764 0.0 1.0886057713784198E-4 
0.8370294448063486 0.8848692005794478 0.6784764109824454 0.0 0.0 0.007248013888751265 0.003416600292490398 0.019664376615733007 0.019790731737201722 0.0371971787132532 0.005703752421161296 0.001618266682618634 0.0030138640608353786 0.026281228927346238 0.0029456545911461084 0.0 0.0 0.0044894857546788755 0.0 0.003999430728385888 0.0 0.0 
0.8946565003824206 0.8549547017695025 0.3275549748882908 0.0 0.033907312969195455 0.0060573452188217355 0.0 0.01723940939363748 0.05665121350224975 0.026321171161182252 0.005673075272252274 0.007717555674003859 0.0 0.009177783655758713 0.004679847312824167 0.015008354421169913 0.0 0.0034264944356781936 0.04099933110292456 0.0 0.0012281648585867953 5.178069944566615E-6 
0.9106695540279761 0.8567892975532079 0.19681485289254405 0.0 0.036448826387145104 0.0 8.179500192648432E-4 0.016954023841418378 0.07671165046438262 0.017208645820966866 0.0059623253436101925 0.010416581083995667 0.0 0.0 0.0 0.02632700687395834 0.0 0.0028368255389402287 0.06701796759660184 0.0 9.88731170358737E-4 0.0 
0.0010459835410360444 0.9474504343688757 0.0 0.1868429114451665 0.0871657385904092 0.0 0.26662625280598024 0.24252467635361008 0.03406749553866033 0.013886988712825524 0.010811598174284493 0.015247352336724342 0.0 0.004190754745652368 0.012714168413261215 0.42174920030146 0.28213121432596056 0.07118211156706401 0.009682095837815437 0.07291275352216088 0.020592234078853966 0.09069606200292396 
0.8590249948900301 0.8486975257191065 0.8318564295640125 0.009685429942317638 0.023332342704026968 0.01266355619956169 0.0025811489162231634 0.008088010189699662 0.0146997735591505 0.07243844856380297 0.0017286908116054618 0.0067119863655050495 0.0026769578703658443 0.02557641244126283 0.007130433362721152 0.0 1.4524272651684957E-4 0.003494795675376767 0.01528182069564404 0.05282927332741601 0.00166337928645245 0.0015089676506678754 
0.8244440698711334 0.8583737209368836 0.8057024634615446 0.021611140123965703 0.024997935217232616 0.01156875161208131 0.0 0.01943983277635087 0.003557954465875814 0.03696985642352497 0.0 0.005548226646916313 0.0 0.029777702450758486 0.0034398329054285146 0.0 0.0 9.697287024498776E-4 0.01719217876203562 0.018928342644862966 0.001183861398534262 0.007731214970344072 
0.8434664676401947 0.8582372436870761 0.7673817036312198 0.007398855194032897 0.03788737209465756 0.007069248842034303 0.0 0.020111480439040375 0.001778977232937907 0.05151895140304541 0.0 0.0036852450897831017 0.0 0.01709607710598303 0.0017199164527142573 0.0 0.0 0.0 0.002242296853206177 0.02043176356871977 5.91930699267131E-4 0.0064292624898164286 
0.8645133476251754 0.8277258944639608 0.7106968421779789 6.506337765582407E-4 0.006689887608180768 0.014175339510778383 0.005795999653456044 0.036939526089257005 0.008298868002215208 0.07699541868501915 0.005189031793125381 0.0 0.004209131354575443 0.0 0.005726206206608921 0.001455405182254746 2.197387883906539E-4 0.002857794444917828 0.0011071300556346072 0.001100627380297612 8.034728996795127E-5 1.715620687910413E-5 
0.8873975506076426 0.8491340714174322 0.648390304631657 0.0046684779525673625 0.03462657347369541 0.009762034887491848 0.007263047682618806 0.03347601026248237 0.02392693393903992 0.04791198178912652 0.0 0.006145847109725097 1.4627513215292225E-4 0.018546434369687087 0.0029316723741186065 1.9650551220940144E-4 0.008908629755640069 0.008032326664832317 0.0 4.233103433395999E-4 0.0 9.427888572660693E-5 
0.8842866795263988 0.857106140554162 0.26819988913641796 0.0 0.0281050256287962 0.014516475372393867 0.0 0.0015735796292307928 0.04925461914119385 0.054847997775210544 0.01076765040178871 0.0038912134182990036 0.024992958805715823 0.021212333392265754 0.03718355100672703 0.007182898424553571 0.013334103733112782 0.0 0.029961389218494547 0.0 0.0029351970936297074 5.917794222361846E-6 
0.0 6.209104140455829E-4 0.0 0.5467482658733225 0.45201990856512936 0.7157526879417826 0.006755876411466096 0.03887320997469144 0.83108371749432 0.9142237622002249 0.13745525378659637 0.12110816231981834 0.12866617365591632 0.03840634983402823 0.10145681990578405 0.22700469377946325 0.07820571679673916 0.1736828523375897 0.16718582481772215 9.258242832846687E-4 0.33119992876141974 0.10374619887779075 
0.8293524521361721 0.8164671080308109 0.8351702357849445 0.02866682388283813 0.01536404822627778 0.010462268510050773 0.0018694882557393744 0.05374673954608045 0.03630642427927785 0.0449027322912747 6.340360260122455E-4 0.0 7.945855716819854E-4 0.025798173536464675 0.007779572255660204 0.0014708263100526471 0.017940235317624488 0.004534113889829742 0.018999555487403553 0.0018131957860912967 0.006338485193013846 3.883599313762439E-4 
0.8912523814332116 0.7926788856375331 0.8266342195407461 0.04514149577152407 0.029101096249974933 0.01773289035963961 0.0019411869866419263 0.054462282146701756 0.02074516686420659 0.031673257662655094 0.0 0.0 0.0 0.010891211667152916 0.011480427582232961 1.0023424011110975E-4 0.008226370095201527 5.614903779962014E-4 0.0 0.0 0.0016625692145505364 0.0 
0.8838814741557048 0.7865711387911284 0.7877660033402345 5.390966492449588E-5 0.03224383455468165 0.008600626279787579 0.008226960359172666 0.03291436864387843 0.02217641475121738 0.08127775069272912 0.0012520571243024954 0.0 0.0027465861896713677 0.0026721004529141634 0.007630357175844641 0.001987599404788128 0.027587891999906022 3.50261223120818E-4 1.478600606572823E-4 0.0 0.0016660878660480825 0.0 
0.8893390605318371 0.8541893686068454 0.658817720712315 0.0 0.0065218200062097265 0.009937872007402886 0.0049466708724968346 0.02962002036059381 0.004722084719188269 0.05294600962742839 0.004403243356909276 0.002445944016982328 2.555972408635592E-4 0.010012161810726247 0.0 0.0 0.001549294662968982 0.004665061854289002 0.0 0.003999430728385888 0.0 0.0 
0.911034532127375 0.8416525524919111 0.3750302687235853 0.0 0.04097400077338548 0.01870089907644702 0.0 0.010389981779703381 0.04580430387695095 0.024674390919590006 0.006192035982495926 0.006826849915742891 0.0012263185505818341 0.004353442854333233 0.0 0.01417512592456618 0.0040002089822978835 6.765395914126822E-4 0.029973732829195368 0.0 0.0021455054837118586 9.246553472440377E-6 
0.0 0.0 0.0 0.5503384273801133 0.4546022315377096 0.7313390042185025 0.007549910914442133 0.045626310139674164 0.828458184809075 0.9250719029558415 0.13840837939479522 0.0958735827916482 0.1380421880584432 0.03530781898355986 0.10436856037926623 0.22447710542857796 0.1160841350264535 0.1620596597110022 0.1707550863210159 1.0689791072120841E-4 0.3076296527550395 0.09701063877128428 
0.8670807487727934 0.74821575194405 0.8219692765960442 0.010302015895976529 0.03138051582515721 0.016996970885920018 0.0026000182778084446 0.0370927557993832 0.029712569422918476 0.04583527855721185 0.0038510266084618916 0.00673982424475961 0.0010481809484929484 0.008620869838280285 0.005073475666267604 8.029002014018618E-4 0.027494366965719465 0.0019830734476473403 0.0 5.959556905513353E-4 0.006497761531775151 1.4179597576344645E-4 
0.8276942206414666 0.7294336549323629 0.8519393751606605 0.028522248919852212 0.039931798720762454 0.033623196532204885 0.002621626817740518 0.030097189491883537 0.03271307852851403 0.0 0.0 0.026569587203150252 0.0 0.023163052672872022 0.001554898018598299 8.328616267503861E-4 0.019483036053088047 0.0017110044619543757 0.01674760771638932 0.0 0.0029304044698689694 0.0 
0.8652902424169575 0.6778825899714335 0.8482867313428062 0.0037715536609645045 0.05827466016591118 0.0230717941912498 0.0035324693960117233 0.005641658687184631 0.02638479782312475 0.02212046526249737 0.011664337508704646 0.004211776085701368 0.0 0.001954855432853755 0.0021999069932278816 1.0519380954729227E-4 0.0347587801450418 0.0036977790381537154 0.0 0.0 0.015617019431413106 0.0 
0.8298794667048774 0.7023411746198561 0.6854621428891174 0.051001125112528176 0.06395908359677757 0.03214610539153713 0.0011617996138381936 0.027338848149340587 0.007374757545896478 0.004833343676408436 0.0 0.043536064237615635 1.0631909999981627E-4 0.0 0.018584262361240264 0.0 0.01125596835306424 8.745746144097968E-4 0.0 0.0 0.008903140761203562 0.0 
0.005036956309410964 0.0 3.663824501821296E-4 0.5982751579961838 0.45314176712346144 0.7253267750437631 0.005159932632909457 0.024928179344906366 0.8003828037287652 0.815102767463152 0.1341594228027544 0.0888278694370361 0.19874736707120133 0.0361790717989911 0.07862867608658833 0.21625920929770096 0.09300126377495013 0.20277738526354738 0.11182282314236056 0.0037096730585174913 0.4494331444887536 0.2314999250198061 
0.867315562669974 0.6900937673330014 0.8504025707639549 0.007422571366509911 0.04755931057150052 0.027044125248679655 0.0027804672836683475 0.02779890045774635 0.023440104045406956 0.024184683304557524 0.00932548247014366 0.02826479197599257 8.271916121165153E-4 0.0021360156532173043 0.003377157202232234 2.449929695107761E-4 0.028070849077199773 0.004129667987192586 0.0013105725624496085 8.797163485246048E-4 0.01199389072144389 6.27860421190418E-4 
0.8774660223812095 0.6459057028942989 0.8549560169523363 0.0019936748045729074 0.0628620664959412 0.033855095446537815 0.0023973346798455697 0.013802576912468806 0.018518829290918463 0.011990853884172686 0.011210151272710106 0.044239642744431776 0.0 0.0 0.0 0.0 0.029249655751877456 0.00361775444356872 0.0 0.0 0.014765575352968626 0.0 
0.8728514975477476 0.27780096200045135 0.8459249608073391 0.054902962759327364 0.008405614559903234 0.02675702878444658 9.81721247578835E-4 0.03738383522138727 0.029486685131884655 0.011403518287151786 0.04173553480906045 0.025351027710362573 0.013036891160358454 0.01276798204818284 0.0048348940390613585 0.008952810135866015 0.026707677377698358 0.01321972168290618 0.0022174706617843947 0.012612780638222146 0.015279604978611638 2.3342338343485748E-4 
0.0 0.0 7.327649003642592E-4 0.5974693863579554 0.45146088387196215 0.7309628929226897 0.006730641997703075 0.023588726691271128 0.7825602080423841 0.7954074771306499 0.10666784831288967 0.1224847722658322 0.19734736579445727 0.030787269611704443 0.07993516385224989 0.2161831463951285 0.10382257459365887 0.20851615740268103 0.10744018901312502 0.0 0.45007162924224053 0.2322282076455403 
0.8844702941951474 0.28438159638432 0.8506623703700187 0.06255734743248231 0.006738831533783948 0.024099935368174952 0.0 0.03526005121496582 0.027034662646385862 0.0 0.048590447066020045 0.03549726170124873 0.013722096297773524 0.007602497446244769 0.0021648973779638146 0.0 0.0 0.015724895414156413 0.002495562356580385 0.02518654832319773 0.01362921322844374 0.0 
0.8799046084132179 0.28512186066737755 0.8510160468351784 0.05331502546983745 0.01116021726836923 0.024124351482922014 2.4605307174069627E-4 0.03446714540039969 0.0267963123877945 0.012177092297888355 0.04622099708582165 0.04406214737455187 0.012696656994079781 0.007692911267170878 0.0027391292567468975 0.0 0.0 0.01695244964812613 0.0018682728749677812 0.025353960247968096 0.015092671447054213 4.977374980954162E-4 
0.010073912618821929 0.0 0.0 0.5990809296344123 0.45482265037496067 0.7196906571648365 0.0035892232681158398 0.026267631998541603 0.8182053994151465 0.8347980577956542 0.12167769160620731 0.05517096660824002 0.20014736834794541 0.04157087398627776 0.07732218832092676 0.2163352722002734 0.08217995295624139 0.19703861312441373 0.1162054572715961 0.007419346117034983 0.44879465973526667 0.23077164239407186 
0.838208466408684 0.2463751449517158 0.8611962403392773 0.06331834842541079 0.011269624259015959 0.020511248538004345 2.4605307174069627E-4 0.03375993677516317 0.029284624484041902 0.013641404158819547 0.05384356230995735 0.04217349300504178 0.013357717718363816 0.006346594566295014 0.0018392539603354807 0.0 0.0 0.018801507079282936 0.0024591837264295283 0.02842012191730365 0.015066680355957603 6.2955307155727E-4 
0.010073912618821929 0.0 0.0 0.5990809296344123 0.45482265037496067 0.7196906571648365 0.0035892232681158398 0.026267631998541603 0.8182053994151465 0.8347980577956542 0.12167769160620731 0.05517096660824002 0.20014736834794541 0.04157087398627776 0.07732218832092676 0.2163352722002734 0.08217995295624139 0.19703861312441373 0.1162054572715961 0.007419346117034983 0.44879465973526667 0.23077164239407186 
0.0 0.0 0.8924551037712132 0.0 0.0 0.0 0.0014224675329925244 0.035361915092181825 0.0 0.044119303917543665 0.12537608709390005 0.0 0.006205241820759613 0.20039676125480485 0.10220996164473717 0.0055546087210587925 0.10077923918968704 0.0 0.0013668011555211916 0.13176826166753042 0.0031068834899422894 9.14508049905863E-4 
0.7983446524196962 0.8487172389532976 0.8279275318719803 0.030529451526443832 0.018992771366762112 0.013021584381487677 0.0 0.02330458120079764 0.0 0.02171679433721911 0.0 0.0 0.0 0.049527853985867926 0.0 0.002009404391282576 0.004957942325633206 0.009101793259522581 0.04932263057247745 0.0018219414145935315 0.002095367765944538 0.0 
0.7939174556832743 0.8410943372725685 0.8394698274215613 0.027932364296092135 0.017372336366877208 0.02041415771006861 0.0 0.0345295060341711 0.0 0.02798814240055798 0.0 9.946864432244743E-4 0.0011479535414877504 0.048889331292785394 0.0 0.0025242325774094496 0.011537086951176844 0.011552835213399055 0.04921412758983967 0.0 0.003429239103292371 0.0 
0.821463066755024 0.8590330496317888 0.7842175516138946 0.021466937635004176 0.012311472436171686 0.00458824589171869 0.0 0.031071125193829482 0.0 0.044414038850697724 0.0 0.0 0.0 0.04987210272685833 0.0 0.0016654837581389509 8.828910008384094E-4 0.01096779894421221 0.03846208595080733 0.007835465709730066 0.0 0.0024220601645342857 
0.86780713144889 0.8334507917679475 0.7085841135660556 0.0037320203904184753 0.011048969635564981 0.015281463402047323 0.0049009001787163765 0.04687918138232382 0.010693040224345252 0.05186154707623259 0.0047204928942098795 0.004145730200708268 4.536157121419705E-4 0.007850260368621196 0.001814169519984145 2.004684802222195E-4 0.006239493638866838 0.0037645953975860695 0.0011071300556346072 0.001312282551967412 0.0 9.57219449846099E-5 
0.8959847944112014 0.8344088485015526 0.6415382737031591 0.0052890651965356635 0.0 0.010868058063424182 0.002973928465571827 0.05464494300940055 0.015016960945592954 0.04096259823532689 0.0032646101772782323 0.005602046185760997 0.0 0.012722192975556929 8.740160236501151E-4 1.9650551220940144E-4 0.0053544840855236815 0.004853338130522019 5.15689813005478E-4 0.0 0.0 3.190731499486997E-5 
0.8500887284906828 0.8467994518210439 0.15484748124809655 0.0 0.01172287783556637 0.005667863202716771 0.006082365638842893 0.0 0.07771464297494077 0.05337728941396352 0.011907334523877098 0.010501823210536259 0.018472653589525552 0.014350243002105786 0.057109825967627946 0.03795797034326391 0.006581696852129696 0.0023341420575671177 0.0445329510177981 9.87488811109861E-5 0.0012281648585867953 3.414865466228215E-4 
0.0 0.9469623834762043 0.0 0.1868429114451665 0.07607352102359466 0.0 0.14439418993716052 0.23390497165679133 0.04459921027500584 0.027415047839216156 0.013928727800096906 0.016639486104990543 0.009236326794762776 0.006776984418825904 0.038929157740663106 0.433224008262507 0.2854220627520254 0.07063593537800847 0.011448905795252207 0.07296212796271638 0.020592234078853966 0.09086421624126309 
0.7939174556832743 0.8410943372725685 0.8394698274215613 0.027932364296092135 0.017372336366877208 0.02041415771006861 0.0 0.0345295060341711 0.0 0.02798814240055798 0.0 9.946864432244743E-4 0.0011479535414877504 0.048889331292785394 0.0 0.0025242325774094496 0.011537086951176844 0.011552835213399055 0.04921412758983967 0.0 0.003429239103292371 0.0 
0.7854529521558445 0.858919873030296 0.8504564950670972 0.039086688557313315 0.024320419920144033 0.01952456255075432 0.0 0.008580996932806388 0.010021072275831173 0.02417207809177191 0.0 0.006041648618953415 2.869883853719376E-4 0.04975541534150023 0.004792881200124815 0.0 0.007209709256830842 0.005733454286160655 0.03829343133301235 0.019536962692632946 0.003208419606501573 0.007889945942091333 
0.8061059544524565 0.8305075571163042 0.7931819208579588 0.017553683310021953 0.05558734948618766 0.025078411349024138 0.0028870011103316914 0.08869779006331013 0.01510711013666462 0.013189940759918395 0.017888133945312912 0.008728718619065469 0.0047101924803924205 0.01657097255701412 0.005716287859725888 0.0026761573720938407 0.008066433297639291 0.003141133469580079 0.02052706688758973 0.0033963745570546274 0.0038204868751797083 8.563857103636688E-4 
0.8893390605318371 0.8541893686068454 0.658817720712315 0.0 0.0065218200062097265 0.009937872007402886 0.0049466708724968346 0.02962002036059381 0.004722084719188269 0.05294600962742839 0.004403243356909276 0.002445944016982328 2.555972408635592E-4 0.010012161810726247 0.0 0.0 0.001549294662968982 0.004665061854289002 0.0 0.003999430728385888 0.0 0.0 
0.8490593338838577 0.8599986607748554 0.2901904836554027 0.0 0.02367668604921759 0.012844563934367632 0.006724053582337113 0.0 0.04252887157370169 0.09952998466897281 0.0 0.0 0.050163276254289936 0.035041590929150754 0.09565689347428719 0.03316941539390372 0.013334103733112782 0.0015769596789470134 0.0 5.784565836129598E-4 0.002803023655925525 2.590600724045385E-7 
0.0012652701264028576 0.00504688049862063 0.0 0.6247852328125152 0.46425175934972707 0.7223616677249007 0.012610196026906868 0.014565917936451272 0.8493779392154636 0.7844003166986006 0.100126148941491 0.12774697090711604 0.14193581449229284 0.03756040888679232 0.06742018015223686 0.2127721227291048 0.06109619142909821 0.2004201599568438 0.09559577027231903 2.7101968769110496E-4 0.5706126419395054 0.13776744086284073 
0.8004551007724927 0.8078211840273315 0.8594702273775707 0.024268178824022803 0.015801919558308227 0.024164887047832193 1.6059281620348803E-4 0.048296593402557875 0.021251923433235776 0.015391077005570724 0.0 0.0019190077895607028 2.540481632155519E-4 0.0370774386857893 0.004205078774125778 0.001169386615978093 0.017502812747477094 0.0025621357259170696 0.03546107427645305 0.0012172400955399614 0.004090816790003881 3.1746194349452063E-4 
0.7956059794453423 0.7991962150569887 0.8614280200864411 0.04525941911592796 0.013757542132812448 0.022291190810740054 0.0 0.056625694235368194 0.025852471239821435 0.00935689550253829 0.0 0.002843329135896931 0.0 0.03641465378416684 0.005412193178785201 0.001585078985813098 0.017301750076146524 0.007502067121444054 0.037999110974807106 0.002434480191079923 0.004668993728576874 6.349238869890413E-4 
0.7723502811296337 0.7806775331422746 0.779018448577083 0.042641735689639595 0.07567433349339055 0.030657825332823747 0.0011535014844212756 0.02667251158238595 0.009704783684112055 0.003686703225019832 0.0 0.017096850881900872 0.0 0.0 0.0012836077960921488 0.0 0.0 0.0017807838153583331 0.0 0.0 0.007961656761186462 0.0 
0.8419494075689824 0.8385015644479515 0.2840961766265562 2.5969622189575775E-4 0.016025392021073823 0.0027988856930653274 0.010873154843041839 0.007728919411426416 0.05358881804819944 0.06733559133956174 0.007748025609039769 0.013960308516556415 0.036945307179051104 0.03742909395971533 0.10640471334259559 0.045131595954666155 0.014868565403036823 0.0020734152528528293 0.005960109774112481 5.784565836129598E-4 0.0 6.397475988563045E-4 
0.0 6.209104140455829E-4 0.0 0.5467482658733225 0.45201990856512936 0.7157526879417826 0.006755876411466096 0.03887320997469144 0.83108371749432 0.9142237622002249 0.13745525378659637 0.12110816231981834 0.12866617365591632 0.03840634983402823 0.10145681990578405 0.22700469377946325 0.07820571679673916 0.1736828523375897 0.16718582481772215 9.258242832846687E-4 0.33119992876141974 0.10374619887779075 
0.8631021469940717 0.7163775976054558 0.8358469031503906 0.021809507692990233 0.03759869180532235 0.022523647466381733 0.002541330409638774 0.030336099854020183 0.02814164319953688 0.031239750080518255 0.0021867528535775174 0.00867553496700514 0.0 0.0059045204020069875 0.004177138527091868 2.492267685115275E-4 0.032559893202236734 4.299365989958409E-4 0.0 0.0 8.849960748670291E-4 0.0 
0.8850195258462765 0.683565738669548 0.8423563347588199 0.004066200753078922 0.046392757113780464 0.02149435071576808 0.0027403190796174755 0.01848254324758164 0.02115438638091838 0.03980455834481665 0.010418858896932419 0.019317765857920013 8.271916121165153E-4 0.0 0.004688277456479019 0.0 0.034609277651774115 0.003489134055713319 0.0 8.797163485246048E-4 0.010971186523942921 6.27860421190418E-4 
0.8622633800009654 0.2548179388758252 0.8533252815104951 0.038781041611384286 0.02186812121427831 0.03479582463168199 0.0013578458783053342 0.04281426983966384 0.02916194462590829 0.034308461764397204 0.03088331547991454 0.040786164801675254 0.01113779127606384 7.761043196840862E-4 0.0076103082316118 0.029596408899002398 0.050660792558814546 0.011799086149771501 0.0019908712997836484 0.026094491894338892 0.018760251260574318 0.0012127700462759882 
6.326350632014288E-4 0.002523440249310315 0.0 0.5991302072218948 0.4573010857211318 0.7237934396171688 0.01801000920127915 0.01931970619296685 0.8184549647234327 0.8119040190742881 0.1078758617289063 0.12561301695745514 0.17639462150696356 0.03381316759896677 0.07639867010940204 0.21476013756614015 0.10125047808085844 0.2157326189065677 0.111833935022583 0.0 0.49958208281606664 0.04596778119664967 
0.8539588764265225 0.651719412856131 0.8696386406845841 0.015044613677326029 0.042526898572775515 0.038861299020539405 0.0010805242755018572 0.03705989950490907 0.008528304502434504 0.0 0.011949281528245558 0.04402465954586688 4.938839615970813E-4 0.0 3.20655989269641E-4 0.044841184981070134 0.0378610488910255 0.003937181997023338 0.0 2.9797784527566765E-4 0.014718420872109757 1.4179597576344645E-4 
0.8205389408760426 0.24938004603327674 0.8927432748597119 0.049900595573910744 0.023915140006603296 0.039901075897312635 0.0035908840025604886 0.04729295235417054 0.02606168126046377 0.0 0.03262512507550074 0.021987506533953708 0.009258817071432739 0.0 0.008121961684390461 0.0030796208961450435 0.05002144671146448 0.009088799461222982 0.0019908712997836484 0.026018997447381797 0.02190211951048301 0.0012127700462759882 
0.0 0.0 7.327649003642592E-4 0.5974693863579554 0.45146088387196215 0.7309628929226897 0.006730641997703075 0.023588726691271128 0.7825602080423841 0.7954074771306499 0.10666784831288967 0.1224847722658322 0.19734736579445727 0.030787269611704443 0.07993516385224989 0.2161831463951285 0.10382257459365887 0.20851615740268103 0.10744018901312502 0.0 0.45007162924224053 0.2322282076455403 
0.8612327009003478 0.27122032761658277 0.8411875512446596 0.04724857808617242 0.010072397586022519 0.029414122200718207 0.00196344249515767 0.03950761922780872 0.03193870761738345 0.022807036574303573 0.03488062255210085 0.015204793719476417 0.012351686022943382 0.01793346665012091 0.007504890700158902 0.0029951802444370063 0.053415354755396716 0.010714547951655945 0.0019393789669884048 0.02587048718340742 0.016929996728779536 4.6684676686971496E-4 
0.003453135708869265 0.0 0.0029131718897286284 0.5950449689735811 0.4615252076039576 0.7331175035531486 0.005092598051208803 0.03157471581219556 0.8102902620441919 0.8204659157866401 0.10530481241963587 0.06233963175449885 0.19727881242362202 0.035296774062969036 0.07943047440586537 0.21787508264834593 0.10719067631197363 0.19252762401688364 0.11504938173507023 0.00208392692502351 0.4513327033083116 0.23088097288685128 
0.0 0.0 0.8924551037712132 0.0 0.0 0.0 0.0014224675329925244 0.035361915092181825 0.0 0.044119303917543665 0.12537608709390005 0.0 0.006205241820759613 0.20039676125480485 0.10220996164473717 0.0055546087210587925 0.10077923918968704 0.0 0.0013668011555211916 0.13176826166753042 0.0031068834899422894 9.14508049905863E-4 
0.7826768174557854 0.8370793908730584 0.8343666020390733 0.029420139574870295 0.018522558926178594 0.01578884323235548 0.0 0.03339117172744872 0.0 0.02209869400611232 0.0 0.0 5.739767707438752E-4 0.05323996826714653 0.0 0.003271520679987301 0.010726485801221628 0.013713033206065393 0.05727656416916484 0.0 0.0032180566183235924 0.0 
0.775274320805416 0.8871298777931738 0.8219676835762166 0.03957863451945769 0.024967978913487655 0.0172990156717752 0.0 0.0 0.0 0.017901327452347345 0.0 0.00751038797066895 2.586318893220411E-4 0.06110394204331221 0.0028926746270138636 0.0 0.0 0.0055364770349476755 0.046464878139464226 0.028189676266366148 0.003193750717422298 0.011715669283519782 
0.7464515251642762 0.8590606685718083 0.8460325992127607 0.031185545182886198 0.047527733832571264 0.030899712632477757 0.0022563580312273727 0.028453639257369046 0.014053548085056058 0.013303369728214085 0.023615634125578027 0.017592891288072728 0.0063307963621740794 0.03631436972348408 0.005866547555509503 0.002012997079418187 0.0014062653952391126 0.007762056049031137 0.04853158569667189 0.00687170648753889 0.00431701527112784 0.008096845646109173 
0.7648346693921884 0.842657331842925 0.7589018391982472 0.020548308267234285 0.08077066863790254 0.034489333226292385 0.0015427118487347736 0.07634031391716922 0.0 0.0 0.017888133945312912 0.017277144060015903 0.004571618233668454 0.012726498542805192 1.655471973973123E-4 0.0026761573720938407 0.0 0.003879489705078919 0.02052706688758973 0.002725924405184375 0.006588116079080128 8.563857103636688E-4 
0.7490307008981787 0.9520542233212046 0.2662818375800699 0.005431598040891004 0.02091408099937489 9.456803446179982E-4 0.028155868263000726 0.0 0.0477010953986282 0.01117406138625874 0.002076819362508652 0.004481181061436099 0.028092554790180378 0.07406664045987309 0.0358511094223348 0.0 0.045881978673063484 4.3895137624206694E-5 0.039275206040160986 0.040273245207093016 0.0036810340852076297 0.0 
0.0 0.9469623834762043 0.0 0.1868429114451665 0.07607352102359466 0.0 0.14439418993716052 0.23390497165679133 0.04459921027500584 0.027415047839216156 0.013928727800096906 0.016639486104990543 0.009236326794762776 0.006776984418825904 0.038929157740663106 0.433224008262507 0.2854220627520254 0.07063593537800847 0.011448905795252207 0.07296212796271638 0.020592234078853966 0.09086421624126309 
0.7723850142190538 0.871641443205592 0.8527996212305979 0.028649717293682583 0.02570810174643704 0.02826189280842662 3.429440316045449E-5 0.03398749914427636 0.0025020907756390775 0.033495001170302775 0.012636187648525818 0.022838711074444906 0.0032412077635633175 0.05174919146141223 0.002429055381587793 9.385336993954377E-4 0.0 0.009603706975360064 0.05719191810342257 0.008982580825818142 5.505587544627506E-4 0.01460854913147049 
0.7464515251642762 0.8590606685718083 0.8460325992127607 0.031185545182886198 0.047527733832571264 0.030899712632477757 0.0022563580312273727 0.028453639257369046 0.014053548085056058 0.013303369728214085 0.023615634125578027 0.017592891288072728 0.0063307963621740794 0.03631436972348408 0.005866547555509503 0.002012997079418187 0.0014062653952391126 0.007762056049031137 0.04853158569667189 0.00687170648753889 0.00431701527112784 0.008096845646109173 
0.1989143541081718 0.8763222313672191 0.8430430446844551 0.0 5.606280567001859E-4 3.358700499975399E-4 0.0 0.0 0.004224811352056464 0.004266145886480877 0.0026010181285040404 2.0718243021119624E-4 0.0055165336399436386 0.0 0.005891309182292217 2.3980446094601718E-4 0.0 0.0 0.0 0.0 0.001712067251943877 1.929453089062741E-4 
0.18002089989186687 0.8663215453022366 0.7217958968421148 0.004046588557736894 0.034269731697884484 0.024123868194367133 0.01647576663202824 0.006671739752685105 0.0 0.0 0.019241632085111343 0.027805675501482767 0.00885110565404121 0.0 0.014828224674015051 0.014785779772842794 0.006051708973534738 0.004890664308839035 0.0 0.0 0.010580564491330473 0.046809251820121786 
0.0 0.0 0.0 0.5503384273801133 0.4546022315377096 0.7313390042185025 0.007549910914442133 0.045626310139674164 0.828458184809075 0.9250719029558415 0.13840837939479522 0.0958735827916482 0.1380421880584432 0.03530781898355986 0.10436856037926623 0.22447710542857796 0.1160841350264535 0.1620596597110022 0.1707550863210159 1.0689791072120841E-4 0.3076296527550395 0.09701063877128428 
0.7658939690417177 0.8143299261696151 0.8676798044815772 0.023305259073765135 0.05030954507467138 0.029470443523307882 0.005172336121903041 0.024751573506278844 0.034823435152185445 0.006888261713874605 0.035688457029419 0.008136413544252685 0.009420384960784841 0.023831808186559427 0.01075080509493107 0.0032120738436967 0.019092477391596592 0.005490468523706368 0.0398712532899212 0.004760832149259639 0.007198475712925903 0.0015851421607478576 
0.21614717945597084 0.8395117896474764 0.8510500673594203 0.0 0.003710098189488573 6.478881896025496E-4 0.0 4.1580476432101715E-4 0.008458305130167258 0.0038521852816115025 0.0014830352337452562 4.11815206413743E-4 0.004433278733109991 0.0 0.0056017271070952735 8.082114561009072E-4 5.457268289894932E-4 0.0 0.0 0.0 0.005167840703296649 7.786594977313161E-4 
0.30353358555914883 0.8149625674220141 0.8037256641441944 1.4818130268454008E-4 0.018590843141167303 0.005715586287300782 0.0030601411600128738 0.019911287489721603 0.00902532699040621 0.035763807714831265 0.0 0.0018625370989385842 0.0 9.689624833371649E-4 0.0 0.0020711505178690375 0.010654845207214297 3.511521992202542E-4 0.0 0.0 0.008690044888243523 2.732947395060998E-4 
7.90793829001786E-4 0.003154300311637894 0.0 0.6058097980450909 0.4585153957688307 0.7223659651877661 0.01871625192375123 0.01592574687532905 0.8224458238637741 0.8011563078000447 0.10445971549013439 0.1261474619343033 0.10851128187655948 0.03430488356857019 0.07351275568292265 0.21415347851545574 0.09185085527622454 0.21809155569875674 0.1058666226101162 0.0 0.5242913259668299 0.05466586169831026 
0.7675527654724112 0.7173968454590129 0.799736101252507 0.045453950749336086 0.0692891036775622 0.028525287402191866 4.4921866837055804E-4 0.023994960764758266 0.017231409524788806 0.0 0.009227665366503808 0.016763479563076996 5.17993013390981E-4 0.006628348209439326 0.0020567591196549986 0.0 0.0 0.005120256979388678 0.0030197583100069186 0.0 0.008470608478595036 0.0 
0.29393855424470405 0.6884011920554909 0.918735032099965 0.005772611422077523 0.005820383509510628 0.0014505104260370228 0.0016515755279114387 0.014556185854466233 0.02407857867175971 0.003147818315678651 0.018455330733007615 0.0011957944612908345 0.001035986026781962 0.014225658902215818 0.0015463026471257 8.507762504831407E-4 0.003213064290306439 0.007030098527280945 0.00940343961308759 0.0 0.009707948323060673 0.0 
3.163175316007144E-4 0.0012617201246551575 0.0 0.5721789166589157 0.45745737989272084 0.7301967365073627 0.01860000917728101 0.039583082228401525 0.8353984444332568 0.8786302778643672 0.12805932555967453 0.1249554383090096 0.15058063498119129 0.03513963012359611 0.08873924869264811 0.216913890720086 0.11481759943727328 0.1851568963712748 0.14553114257678235 0.0 0.4132331290053236 0.0 
0.7725005511437464 0.3014083776810249 0.8382590318807555 0.0791366249798785 0.0305810628147246 0.042233707945206644 0.00915510560980137 0.08495008760252533 0.03027576538548991 0.029082181038863564 0.03817021289116775 0.059737947209308834 0.0 0.0 0.012318199229213966 0.002546428027241427 0.03645551820159341 0.004444938027020871 0.017231751720639704 0.024977033984870042 0.0 0.0 
0.001676146707259692 0.0 8.597226937431032E-5 0.5842690773517112 0.4520438158707516 0.7274594454128473 0.007092266230193423 0.026994453222138157 0.7713733140633354 0.7984889853423869 0.10550815859133159 0.09100175571282386 0.19753503100688585 0.03170610008728211 0.0796629042253296 0.21732027892600095 0.10752723392554672 0.23462608352310732 0.10672640177834872 0.001041963462511755 0.5013228411408244 0.23226194497333424 
0.0 0.0 0.887196366348148 0.005674371694304416 0.0 0.00309660765412068 0.0016656596940109176 0.033414882650023216 0.0 0.038318855971666614 0.11949691865585411 0.0 0.007090074829959834 0.19949663461737632 0.10546507713216458 0.004210914031484976 0.11399548575795344 6.146558066625787E-4 0.0011778246315752362 0.1315157187043754 0.0034543604822508678 8.79476673398434E-4 
0.7461748959052801 0.8312269910758169 0.8516420661734878 0.030478337617752337 0.06059952746436313 0.03290359547420182 0.006411641952632548 0.024538900451681465 0.03008873682934951 2.309153368793011E-4 0.03983629630000843 0.011378780686356978 0.009594341550122043 0.022923206091776335 0.010016805137366552 0.0037973972028390616 0.010734213359441611 0.005996677442257332 0.04010041858223267 0.004760832149259639 0.008162315107160612 0.0013224554095690364 
0.6942179841817979 0.8378984354822326 0.8655579420914166 0.0 0.0 0.004602017472847919 0.0 0.0 0.030626609345104243 0.0 0.06943430176279634 0.0 0.07255576324466659 0.013614558155247385 0.03760383858972374 0.0 0.0 0.0 0.010428948173239298 0.0 0.0 0.0 
0.2146960075185333 0.8427461179475635 0.843560895268638 0.0 0.007489523010814379 9.70030133009751E-4 0.0 4.1580476432101715E-4 0.008549842226071577 0.0038400305975491156 1.8252616949323593E-4 4.3479835939202506E-4 0.004417569710328303 0.0 0.006262178251699755 0.0011005757558074213 5.457268289894932E-4 0.0 0.0 0.0 0.006449414843633031 0.0011852473874906081 
0.18002089989186687 0.8663215453022366 0.7217958968421148 0.004046588557736894 0.034269731697884484 0.024123868194367133 0.01647576663202824 0.006671739752685105 0.0 0.0 0.019241632085111343 0.027805675501482767 0.00885110565404121 0.0 0.014828224674015051 0.014785779772842794 0.006051708973534738 0.004890664308839035 0.0 0.0 0.010580564491330473 0.046809251820121786 
0.0010459835410360444 0.9474504343688757 0.0 0.1868429114451665 0.0871657385904092 0.0 0.26662625280598024 0.24252467635361008 0.03406749553866033 0.013886988712825524 0.010811598174284493 0.015247352336724342 0.0 0.004190754745652368 0.012714168413261215 0.42174920030146 0.28213121432596056 0.07118211156706401 0.009682095837815437 0.07291275352216088 0.020592234078853966 0.09069606200292396 
0.6942179841817979 0.8378984354822326 0.8655579420914166 0.0 0.0 0.004602017472847919 0.0 0.0 0.030626609345104243 0.0 0.06943430176279634 0.0 0.07255576324466659 0.013614558155247385 0.03760383858972374 0.0 0.0 0.0 0.010428948173239298 0.0 0.0 0.0 
0.21614717945597084 0.8395117896474764 0.8510500673594203 0.0 0.003710098189488573 6.478881896025496E-4 0.0 4.1580476432101715E-4 0.008458305130167258 0.0038521852816115025 0.0014830352337452562 4.11815206413743E-4 0.004433278733109991 0.0 0.0056017271070952735 8.082114561009072E-4 5.457268289894932E-4 0.0 0.0 0.0 0.005167840703296649 7.786594977313161E-4 
0.2316683681443712 0.892485938538945 0.74432067402824 0.0 0.03568602344554854 0.0 0.005654751474710149 0.0 0.0 0.0 0.0 0.0 0.004633559722270539 0.0 0.0048366797300600384 0.003461339880904725 6.475491050704099E-4 0.001690488556157499 0.0 0.0019406299864308703 0.003041442204660031 0.0 
7.90793829001786E-4 0.003154300311637894 0.0 0.6058097980450909 0.4585153957688307 0.7223659651877661 0.01871625192375123 0.01592574687532905 0.8224458238637741 0.8011563078000447 0.10445971549013439 0.1261474619343033 0.10851128187655948 0.03430488356857019 0.07351275568292265 0.21415347851545574 0.09185085527622454 0.21809155569875674 0.1058666226101162 0.0 0.5242913259668299 0.05466586169831026 
0.1989143541081718 0.8763222313672191 0.8430430446844551 0.0 5.606280567001859E-4 3.358700499975399E-4 0.0 0.0 0.004224811352056464 0.004266145886480877 0.0026010181285040404 2.0718243021119624E-4 0.0055165336399436386 0.0 0.005891309182292217 2.3980446094601718E-4 0.0 0.0 0.0 0.0 0.001712067251943877 1.929453089062741E-4 
0.26226382086586 0.7510415384927336 0.8935043696281284 0.003848407614718348 0.004067131691907148 0.001078963634023862 0.0011010503519409591 0.009704123902977488 0.017460656231858628 0.0035205941726127263 0.013170559864839757 8.662571175976217E-4 0.0025295018978358542 0.009483772601477211 0.0029946381588478723 6.471189873040995E-4 0.0021420428602042926 0.00468673235152063 0.006268959742058393 0.0 0.0070426546326884075 0.0 
6.326350632014288E-4 0.002523440249310315 0.0 0.5991302072218948 0.4573010857211318 0.7237934396171688 0.01801000920127915 0.01931970619296685 0.8184549647234327 0.8119040190742881 0.1078758617289063 0.12560300506631356 0.17639462150696356 0.03381316759896677 0.07639867010940204 0.21476013756614015 0.10125047808085844 0.2157326189065677 0.111833935022583 0.0 0.49958208281606664 0.04596778119664967 
0.29393855424470405 0.6884011920554909 0.918735032099965 0.005772611422077523 0.005820383509510628 0.0014505104260370228 0.0016515755279114387 0.014556185854466233 0.02407857867175971 0.003147818315678651 0.018455330733007615 0.0011957944612908345 0.001035986026781962 0.014225658902215818 0.0015463026471257 8.507762504831407E-4 0.003213064290306439 0.007030098527280945 0.00940343961308759 0.0 0.009707948323060673 0.0 
3.163175316007144E-4 0.0012617201246551575 0.0 0.5721789166589157 0.45745737989272084 0.7301967365073627 0.01860000917728101 0.039583082228401525 0.8353984444332568 0.8786302778643672 0.12805932555967453 0.1249554383090096 0.15058063498119129 0.03513963012359611 0.08873924869264811 0.216913890720086 0.11481759943727328 0.1851568963712748 0.14553114257678235 0.0 0.4132331290053236 0.0 
0.0 0.0 0.9080599803604148 0.003967156746341064 0.006377461369117033 0.010984969861315991 0.0033380751594208136 0.03982778612690864 0.0 0.050988879202143435 0.11269898265069367 0.0 0.005371154868636313 0.16394794075493047 0.10815649334598636 0.0057507244795574975 0.1390062091136857 0.0 0.0012391238439831698 0.13184823730408224 0.006859084513965267 0.00123699294748872 
0.2109849567596938 0.8402870001589822 0.8425752488223351 1.4818130268454008E-4 0.005447632280495919 0.002188379667523677 0.0020714757721268058 0.0 0.009639931062243806 0.003291779137072862 3.394983827709865E-4 0.0018625370989385842 0.004109308883989905 0.0 0.0070387027146038535 0.0012682503164671757 0.0 0.0 0.0 0.0 0.007582487622786603 2.732947395060998E-4 
0.22996123539997942 0.8621410419696378 0.8540665954568758 8.45713443468345E-5 0.0027238161402479595 0.0020508970420008597 0.0010357378860634029 0.0 0.008207637956921823 0.00456539100398975 1.6974919138549325E-4 0.0012663907356618232 0.005230005999191461 0.0 0.008001021465004563 0.004958203620772774 0.0 0.0 0.0 0.0 0.006411487198144158 7.028589725498551E-4 
0.2316683681443712 0.892485938538945 0.74432067402824 0.0 0.03568602344554854 0.0 0.005654751474710149 0.0 0.0 0.0 0.0 0.0 0.004633559722270539 0.0 0.0048366797300600384 0.003461339880904725 6.475491050704099E-4 0.001690488556157499 0.0 0.0019406299864308703 0.003041442204660031 0.0 
0.0 1.0 0.0 0.19278530676094063 0.06085743978543866 0.0 0.15799781240362853 0.19983729054403077 0.06844975797431993 0.01981213777242713 0.014649887944050628 0.015272229278131431 0.023282604189852965 0.03841717113477717 0.05615213579819519 0.4321227344661976 0.30577287083643656 0.07036946788884264 0.03049506857270357 0.09208279208383807 0.022432751121457782 0.09080040161127335 
0.2109849567596938 0.8402870001589822 0.8425752488223351 1.4818130268454008E-4 0.005447632280495919 0.002188379667523677 0.0020714757721268058 0.0 0.009639931062243806 0.003291779137072862 3.394983827709865E-4 0.0018625370989385842 0.004109308883989905 0.0 0.0070387027146038535 0.0012682503164671757 0.0 0.0 0.0 0.0 0.007582487622786603 2.732947395060998E-4 
0.1989143541081718 0.8763222313672191 0.8430430446844551 0.0 5.606280567001859E-4 3.358700499975399E-4 0.0 0.0 0.004224811352056464 0.004266145886480877 0.0026010181285040404 2.0718243021119624E-4 0.0055165336399436386 0.0 0.005891309182292217 2.3980446094601718E-4 0.0 0.0 0.0 0.0 0.0017120672519438775 1.929453089062741E-4 
9.489525948021432E-4 0.0037851603739654724 0.0 0.6124893888682871 0.4597297058165296 0.7209384907583632 0.019422494646223316 0.012531787557691253 0.8264366830041154 0.7904085965258012 0.10104356925136249 0.12669191880229302 0.17161432334880222 0.034796599538173614 0.07062684125644325 0.2135468194647713 0.08245123247159064 0.22045049249094578 0.09989931019764942 0.0 0.5490005691175932 0.06336394219997085 
0.26226382086586 0.7510415384927336 0.8935043696281284 0.003848407614718348 0.004067131691907148 0.001078963634023862 0.0011010503519409591 0.009704123902977488 0.017460656231858628 0.0035205941726127263 0.013170559864839757 8.662571175976217E-4 0.0025295018978358542 0.009483772601477211 0.0029946381588478723 6.471189873040995E-4 0.0021420428602042926 0.00468673235152063 0.006268959742058393 0.0 0.0070426546326884075 0.0 
6.326350632014288E-4 0.002523440249310315 0.0 0.5980668695197306 0.45939451915893154 0.7280715654425118 0.009785225137018532 0.028141755207002465 0.833414502654098 0.8273911617955744 0.11379073389657861 0.1255691434351571 0.15149641080861548 0.03559354500837863 0.07896383785815445 0.2151987589318425 0.09869468264763381 0.19098441278808764 0.1194650199221862 0.0022845632699596834 0.4717756693364523 0.10297511885619838 
0.0 0.0 0.910734226864521 0.002837185847152208 0.002297235167975486 0.006488797899226229 0.0016060541299073717 0.03381016337853826 0.0 0.019386579198807565 0.11123015880608575 4.7905816484597897E-4 0.003545037414979917 0.23424375434565414 0.11397990304823277 0.0021542552577720527 0.11616245432220844 5.159315050220438E-4 5.889123157876181E-4 0.17206408193274003 0.002873345867400798 4.39738336699217E-4 
0.22996123539997942 0.8621410419696378 0.8540665954568758 8.45713443468345E-5 0.0027238161402479595 0.0020508970420008597 0.0010357378860634029 0.0 0.008207637956921823 0.00456539100398975 1.6974919138549325E-4 0.0012663907356618232 0.005230005999191461 0.0 0.008001021465004563 0.004958203620772774 0.0 0.0 0.0 0.0 0.006411487198144158 7.028589725498551E-4 
0.1702269646264803 0.8839950837802935 0.8655579420914166 2.096138600912891E-5 0.0 0.001913414416478043 0.0 0.0 0.006775344851599842 0.005839002870906637 0.0 6.702443723850622E-4 0.006350703114393017 0.0 0.008963340215405274 0.008648156925078372 0.0 0.0 0.0 0.0 0.005240486773501713 0.0011324232055936103 
0.0 0.9463238612281778 0.0025775709733581453 0.2001470903946111 0.10561374066266167 0.02433941186322219 0.26588383491386625 0.23418942031889886 0.045411428341753574 0.0 0.029734587986017767 0.0193052129967749 0.0143130066781299 0.0 0.02508279225051987 0.4252672511430013 0.27342711052249896 0.06572241084205284 0.014204256633653694 0.07592271964055944 0.0 0.03561351436851826 
0.1702269646264803 0.8839950837802935 0.8655579420914166 2.096138600912891E-5 0.0 0.001913414416478043 0.0 0.0 0.006775344851599842 0.005839002870906637 0.0 6.702443723850622E-4 0.006350703114393017 0.0 0.008963340215405274 0.008648156925078372 0.0 0.0 0.0 0.0 0.005240486773501713 0.0011324232055936103 
1.008422943498807E-4 0.0 0.004206757151708526 0.6214455869860696 0.46035934360637865 0.7401243985728334 0.0043693495862281075 0.0247632627504615 0.8326640500022893 0.8143028993631661 0.10762419186275202 0.12530566486051553 0.1969034819987649 0.033459113111813696 0.07997499365970595 0.21560081758660105 0.09978135764819794 0.1403077717760311 0.11647695620462283 0.0 0.44661985193214704 0.2308134982312634 
0.0 0.0 0.910734226864521 0.002837185847152208 0.002297235167975486 0.006488797899226229 0.0016060541299073717 0.03381016337853826 0.0 0.019386579198807565 0.11123015880608575 4.7905816484597897E-4 0.003545037414979917 0.23424375434565414 0.11397990304823277 0.0021542552577720527 0.11616245432220844 5.159315050220438E-4 5.889123157876181E-4 0.17206408193274003 0.002873345867400798 4.39738336699217E-4 
0.1295316707710238 0.8656474607208863 0.891252442694722 0.0 0.0 0.007775388392779742 0.0 0.0 0.0 2.595096409261301E-4 0.024279398341134267 7.115183921179661E-5 0.003844529123541875 0.0 0.006660004507272834 0.0036549985891262907 0.0 0.0012434573776590972 0.0 0.0 0.006498277340414025 4.214036567158759E-4 
0.0 0.9463238612281778 0.0025775709733581453 0.2001470903946111 0.10561374066266167 0.02433941186322219 0.26588383491386625 0.23418942031889886 0.045411428341753574 0.0 0.029734587986017767 0.0193052129967749 0.0143130066781299 0.0 0.02508279225051987 0.4252672511430013 0.27342711052249896 0.06572241084205284 0.014204256633653694 0.07592271964055944 0.0 0.03561351436851826 
0.0 0.0 1.0 0.0 0.0 0.0 0.0 0.012967855695255447 0.0 0.0 0.09957866017717118 0.0013313145846718818 9.409235293421206E-4 0.2233909876957052 0.10532797096391927 0.0 0.044227332216451365 0.0 0.0 0.17010108863462423 0.0 0.0 
0.0 0.8442904696674907 0.8771800303594997 0.0 0.0 0.007963773960056156 0.0 0.0 0.0 0.0 0.024702007336720698 5.821261716516434E-4 0.003280185302591709 0.0 0.005678360843315318 0.0 0.0 0.0012434573776590972 0.0 0.0 0.00719073355324776 0.0 
