1.6090802219081055 0.7984249326540843 2.1061566054343914 0.0 
2.5224124967859316 1.8208776813305285 0.0 0.0 
2.5224124967859316 1.8208776813305285 0.0 0.0 
2.5224124967859316 1.8208776813305285 0.0 0.0 
2.5197105666535786 1.8189272135617618 0.0 0.0 
2.5239682074356327 1.8130146264703473 0.0 0.0 
2.5197105666535786 1.8189272135617618 0.0 0.0 
2.938459938325779 2.110751962638442 0.0 0.0 
2.1053919565404244E-33 3.4383659974553977E-17 1.3238113762548096E-16 2.2336814444839916 
2.637304661234368 0.0 2.1816896225664943 0.0 
81.74622012931218 0.0 0.0 0.0 
70.13393055721855 0.0 0.0 0.0 
88.74767289992056 0.0 0.0 0.0 
88.74767289992056 0.0 0.0 0.0 
66.87162987390744 0.0 0.0 0.0 
62.30309913154992 0.0 0.0 0.0 
5.871787384443555E-49 9.589356520642069E-33 1.5660607658173037E-16 2.557571320821083 
2.619615041394226 0.0 2.1670560231194282 0.0 
84.53324103287711 0.0 0.0 0.0 
49.079590995602395 0.0 0.0 0.0 
83.86704325530465 0.0 0.0 0.0 
6.577653635534574 0.0 0.0 0.0 
81.6204090195827 0.0 0.0 0.0 
1.9258100807760384E-33 3.145086537794999E-17 1.4078864479939273E-16 2.3559248817948344 
2.619615041394226 0.0 2.1670560231194282 0.0 
18.071155367666968 0.0 0.0 0.0 
18.071155367666968 0.0 0.0 0.0 
6.577653635534574 0.0 0.0 0.0 
83.86551264528529 0.0 0.0 0.0 
2.108923023893038E-33 3.444132668066176E-17 1.323992084178867E-16 2.2342039946194205 
2.6200776655708173 0.0 2.1674387253457024 0.0 
4.698710820028062 0.0 0.0 0.0 
10.839435586167511 0.0 0.0 0.0 
4.698710820028062 0.0 0.0 0.0 
5.756294890578443E-49 9.400742964561211E-33 1.5352578345211655E-16 2.5072663164433564 
2.6262816568366105 0.0 2.1725709285234496 0.0 
3.912889086377568 0.0 0.0 0.0 
3.9349620378189556 0.0 0.0 0.0 
5.875981035093686E-49 9.596205271895166E-33 1.5671792517771522E-16 2.55939794701343 
2.637304661234368 0.0 2.1816896225664943 0.0 
3.912889086377568 0.0 0.0 0.0 
3.217272520316307E-19 2.1629795803488617E-17 1.504042460177513E-16 2.4815633263475902 
3.8421487099900844 0.0 0.22549404089232422 0.0 
5.541639693759953E-21 1.1010603441219394E-17 1.5389679046156955E-16 2.5197496418467793 
1.4554070958343194E-17 9.38320290191784E-17 1.5507172355422099 2.227237054742179 
4.445346660598311E-15 72.59802032215876 72.59802032215876 0.0 
7.960521483461377E-15 130.00518172266163 0.0 0.0 
8.18369874482504E-15 133.64994299618226 0.0 0.0 
8.17414931333666E-15 133.49398894485856 0.0 0.0 
7.833918208240772E-15 127.93759333213546 0.0 0.0 
8.174909094727895E-15 133.50639711661495 0.0 0.0 
8.174909094727895E-15 133.50639711661495 0.0 0.0 
3.0090408825579927E-33 4.9141366876604817E-17 1.3735146752881865E-16 2.3823634230430315 
3.0007312623140384E-31 4.900566047946664E-15 80.03231709515967 0.0 
1.7279234134064698 1.2732224628400068 1.8309645250279392 0.16960059354074056 
1.9809957534427827 1.9163414077556282 0.5518011681753411 0.4065960110358779 
1.9809957534427827 1.9163414077556282 0.5518011681753411 0.4065960110358779 
2.047436942657368 1.9671317327303655 0.2814251395593435 0.24465116103398857 
2.047436942657368 1.9671317327303655 0.2814251395593435 0.24465116103398857 
3.0090408825579927E-33 4.9141366876604817E-17 1.3735146752881865E-16 2.3823634230430315 
3.2635134384570867E-16 4.871731678988921E-15 79.73973206448852 0.0 
2.005871595669698 0.6592000737556775 1.7737327406431076 0.08281254668797478 
2.470375218798095 1.3077580662471788 0.8823682415546601 0.0 
2.4177096355098175 1.125733372532425 0.6557805589014355 1.0639186233576077 
0.017291717819082262 0.19844569092497172 0.46657855321042835 2.295318247279564 
1.5024950484919365E-33 2.4537606263912696E-17 1.3874249468096358E-16 2.3009999906609337 
3.2703576637576204E-16 4.8819486521509845E-15 79.90696186205037 0.0 
2.1365710740210107 0.5438145498664125 2.0490449096122956 0.0 
2.718731483570619 0.5735009989386798 1.11769971964501 0.0 
0.07106063971783741 0.5951751147805114 0.6706807449871545 2.167629320883888 
6.10584893236044E-35 9.971608036883075E-19 1.5324588350342728E-16 2.5027481851159763 
2.987969747474495E-31 4.87972491261127E-15 79.69195552560501 0.0 
2.1365710740210107 0.5438145498664125 2.0490449096122956 0.0 
0.0401156665208247 0.22092784493387707 0.8880001688002221 2.2642033723972483 
5.541639693759953E-21 1.1010603441219394E-17 1.5389679046156955E-16 2.5197496418467793 
3.2534010983553035E-31 5.313207204918917E-15 86.77125859665298 0.0 
0.11265942029149151 0.3294503584230854 1.6364161548182372 1.729462877950513 
5.814621355547562E-49 9.495997310564855E-33 1.5508140497613414E-16 2.53267154389507 
3.2534010983553035E-31 5.313207204918917E-15 86.77125859665298 0.0 
5.891926024165401E-49 9.622245415196593E-33 1.5714319299076232E-16 2.566343097457512 
7.946818555073212E-17 1.0176255111301438E-16 2.1086159439360053 2.260346227301182 
4.445346660598311E-15 72.59802032215876 72.59802032215876 0.0 
7.952335784255438E-15 129.87149910965618 0.0 0.0 
7.833918208240772E-15 127.93759333213546 0.0 0.0 
7.756229988703018E-15 126.66884842394082 0.0 0.0 
7.833918208240772E-15 127.93759333213546 0.0 0.0 
7.952225119220707E-15 129.86969181248594 0.0 0.0 
2.1053919565404244E-33 3.4383659974553977E-17 1.3238113762548096E-16 2.2336814444839916 
3.2635134384570867E-16 4.871731678988921E-15 79.73973206448852 0.0 
1.034854970084324 1.0906055576358795 2.3236704619054 0.378487846891537 
1.3452395348785762 2.3585768024837126 0.4145338086503847 0.8991596246811915 
1.3452395348785762 2.3585768024837126 0.4145338086503847 0.8991596246811915 
0.4973996329928752 2.0533154636620337 0.002343603944655088 2.1072678672589493 
1.5024950484919365E-33 2.4537606263912696E-17 1.3874249468096358E-16 2.3009999906609337 
3.0007312623140384E-31 4.900566047946664E-15 80.03231709515967 0.0 
0.7478129476543258 1.0384523163605117 2.219648790408088 0.7333673763559161 
1.3262855712070942 1.252135034945867 1.5059215415060172 1.441564589344563 
0.07106063971783741 0.5951751147805114 0.6706807449871545 2.167629320883888 
5.787089307678643E-49 9.45103406420176E-33 1.5434709943768174E-16 2.520679424388227 
2.987969747474495E-31 4.87972491261127E-15 79.69195552560501 0.0 
0.45398528511973957 0.6828940627830552 2.2943770507851955 1.1419451554708773 
0.07106063971783741 0.5951751147805114 0.6706807449871545 2.167629320883888 
5.756294890578443E-49 9.400742964561211E-33 1.5352578345211655E-16 2.5072663164433564 
4.1512002277650815E-16 4.945773205179977E-15 81.05461979170701 0.0 
0.11265942029149151 0.3294503584230854 1.6364161548182372 1.729462877950513 
3.217272520316307E-19 2.1629795803488617E-17 1.504042460177513E-16 2.4815633263475902 
4.1512002277650815E-16 4.945773205179977E-15 81.05461979170701 0.0 
5.893209976528205E-49 9.624342268532098E-33 1.57177437204473E-16 2.5669023479080835 
1.4554070958343194E-17 9.38320290191784E-17 1.5507172355422099 2.227237054742179 
4.442341101552346E-15 72.54893581798893 72.54893581798892 0.0 
7.952225119220707E-15 129.86969181248594 0.0 0.0 
7.952335784255438E-15 129.87149910965618 0.0 0.0 
7.833918208240772E-15 127.93759333213546 0.0 0.0 
7.756229988703018E-15 126.66884842394082 0.0 0.0 
2.108923023893038E-33 3.444132668066176E-17 1.323992084178867E-16 2.2342039946194205 
3.0297054290653173E-31 4.947884453174117E-15 80.80508529674069 0.0 
0.7478129476543258 1.0384523163605117 2.219648790408088 0.7333673763559161 
0.9690580398796336 2.2595860622383874 0.6650349660534828 1.3866786303999754 
0.4973996329928752 2.0533154636620337 0.002343603944655088 2.1072678672589493 
5.886221100858736E-49 9.612928568395315E-33 1.569910373356336E-16 2.563858207034663 
2.1793802878579277E-16 5.833581315132326E-15 95.33607398853408 0.0 
0.6082252182773513 0.9149049628050845 2.1747698692379993 1.1419451554708773 
0.09461441457635632 0.6193203577048918 0.7978638081105626 2.1238494795556893 
1.0189331998763677E-34 1.6640441972098218E-18 1.543721930574461E-16 2.521235700417556 
5.245190438181369E-16 4.935369996571514E-15 81.05461979170701 0.0 
0.14046576843536315 0.5763686445915907 1.6972251614954077 1.6861554059757735 
1.0189331998763677E-34 1.6640441972098218E-18 1.543721930574461E-16 2.521235700417556 
5.245190438181369E-16 4.935369996571514E-15 81.05461979170701 0.0 
1.1470276095852736E-33 1.8732382436860634E-17 1.5321293328150206E-16 2.5207893555519547 
7.701879906436372E-17 1.001525274580255E-16 2.063329404994883 2.211800991864889 
4.442341101552346E-15 72.54893581798893 72.54893581798892 0.0 
8.24124892009131E-15 134.58980868327404 0.0 0.0 
8.062932797524578E-15 131.677685405103 0.0 0.0 
7.960521483461377E-15 130.00518172266163 0.0 0.0 
2.1525141670185158E-33 3.5153224072723336E-17 1.4987472341594176E-16 2.51406590379608 
4.861942156626974E-16 5.3408310807117106E-15 87.58305481590762 0.0 
0.6082252182773513 0.9149049628050845 2.1747698692379993 1.1419451554708773 
0.260160359432989 1.1242824345679627 0.9070249861554533 1.8587507923640767 
5.756588619952844E-49 9.401222661033051E-33 1.5353361749001506E-16 2.507394255991379 
4.861942156626974E-16 5.3408310807117106E-15 87.58305481590762 0.0 
0.451607219847197 0.589954619297703 1.6997214891405894 1.8550063812545534 
2.1525141670185158E-33 3.5153224072723336E-17 1.4987472341594176E-16 2.51406590379608 
7.88000803577621E-17 5.2977471963404485E-15 86.52834783290476 0.0 
1.1470276095852736E-33 1.8732382436860634E-17 1.5321293328150206E-16 2.5207893555519547 
7.604479250240398E-17 9.888596370831747E-17 2.037235822592098 2.1838297860554454 
4.451813886509534E-15 72.70363813646613 72.70363813646611 0.0 
8.434461945548836E-15 137.74521684817594 0.0 0.0 
8.485790036318805E-15 138.58346818408285 0.0 0.0 
1.3071219254419443E-33 2.1346921028201983E-17 1.5792472662976405E-16 2.602561712119055 
7.949173502114752E-16 5.798966414964481E-15 95.58994717456886 0.0 
0.3199868873744716 0.6204678664726211 1.8704803265657863 1.8872588665150407 
1.5670512831249143E-33 2.5591889583444898E-17 1.524062520974456E-16 2.523829671036836 
3.296209785313274E-31 5.38311909622958E-15 87.91300642728201 0.0 
1.5982973316560772E-33 2.6102176280848878E-17 1.554451399760817E-16 2.57415329811581 
7.701879906436372E-17 1.001525274580255E-16 2.063329404994883 2.211800991864889 
4.455389442315323E-15 72.76203139415117 72.76203139415117 0.0 
8.242522488044101E-15 134.61060762634364 0.0 0.0 
1.5670512831249143E-33 2.5591889583444898E-17 1.524062520974456E-16 2.523829671036836 
1.085135201863285E-15 5.77698136747268E-15 95.99523069265763 0.0 
1.3071219254419443E-33 2.1346921028201983E-17 1.5792472662976405E-16 2.602561712119055 
7.604479250240398E-17 9.888596370831747E-17 2.037235822592098 2.1838297860554454 
4.455389442315323E-15 72.76203139415117 72.76203139415117 0.0 
6.041340053382852E-49 9.866257042584145E-33 1.6112820528259115E-16 2.6314232870207945 
3.332125273170354E-17 1.5062004428663428E-16 2.519286415128914 1.9491327124457067 
1.4346063325989108E-17 9.481732072277373E-17 1.5661082799300796 2.2493426350415167 
