0.0 2.0999656716705997 1.1507143596340759 
0.5760045234138839 2.062101677249375 0.0 
0.6505769709552518 0.0 0.9442694356224357 
0.7354316915441617 0.7875077570331913 0.8034175989077968 
4.166762358893072 0.0 0.0 
0.0 0.0 2.1007545904635823 
0.0 0.0 2.3408283341699416 
0.002944552228765143 2.428747570505552 2.1246198711587764E-4 
0.0 2.6360762664051474 0.005439305098912758 
4.164932307153812 0.0 0.0 
1.2352190315923237 1.232540064466619 0.04667754887629316 
0.21146878129257046 1.3360226299340443 1.6556621582801738 
0.31132712867347656 0.37569930066390456 1.5109901899103075 
0.3612209865591138 1.7942728507633139 0.2044751213448854 
0.47182561060858824 1.1728824905861024 0.5579684441283655 
0.8452622136889008 0.14657664269295545 1.0857743867750052 
1.9228231322353706 0.4828945465008558 0.494384975938714 
1.1019754413961325 0.5492805672282002 0.4600751798904869 
0.9479370011865914 0.16371360617649178 0.9284802701156903 
4.038528754537751 0.0 0.0 
0.26256342157232054 1.9929731059584475 0.9145203955174126 
0.0 2.6684981136172787 0.0 
4.209616877105226 0.0 0.0 
4.16931906976195 0.0 0.059952394650115405 
0.3701362798363169 0.5674351383833884 0.9551961018802304 
1.2361581613245147 0.46786248677537307 0.6541750655688544 
0.5300081824732411 1.507340267230821 0.20440318987775 
0.0 2.2433003437282117 0.00782582776221312 
4.2017505558054165 0.0 0.0 
0.6328458239593715 0.18182621516672473 1.281304050549936 
0.0119170461143651 2.4484389699441413 0.0 
1.6023154023322252 0.5285359267677063 0.13998995056405011 
0.6191818480405357 1.116791077793497 0.7634282791903654 
1.3726628611979868 0.7059527078492 0.11548212731034578 
0.6172269157789534 0.46113438061597 1.0553143042841175 
0.45572465202680007 0.26066941117151293 1.3934290258595028 
0.0 0.0 2.222241151802084 
0.0 4.539428016283386 0.0 
0.0 0.0 2.4029309894464497 
0.0 0.0 2.1007545904635823 
0.27188194311392927 0.6856317574722527 1.5850936401481106 
0.6966057076848585 0.9722186918311954 0.6884849894378222 
1.228395097657374 0.0555203434742043 0.7616251227580686 
0.17514961789604547 1.6917997781932428 0.23866364214247965 
0.7968175600038431 1.5816038920521784 0.057883797467218744 
0.2854125112697514 0.38168198923741836 1.0850025534619 
4.377325818024513 0.0 0.0 
1.3296656510586098 0.6998988053820147 0.21179740658815407 
0.0 2.692752890092642 0.0 
1.0441637517880533 0.17541026347242372 0.8328456269073357 
0.0 0.0 2.3062333081116044 
4.2017505558054165 0.0 0.0 
0.0 2.728656100491095 0.03655865975205553 
0.0 0.0 2.680509582210677 
0.0034898482117425847 0.0020453971783265636 2.3099987152841734 
0.009646542163120003 2.1745450776960924 0.032863948424641465 
0.10599258682679864 2.0660172555741547 0.032789910483424736 
0.8934640417230636 0.6393215092527172 0.7898798149454136 
1.196580722512887 1.3143053048667859 0.03282892202402356 
1.3167167447182786 0.0 0.7601158415032208 
2.2405470398714713 0.2848098896513941 0.1106201738796767 
3.4236516911381663 0.0 0.8133966181512149 
0.3271346983809778 0.4844113389951698 0.9928350859564066 
0.5479020292505884 0.3481801162102074 0.7828077064239943 
3.4679054638623756 0.18614550632837015 0.29206952013294396 
0.11336703821863207 0.16983101436767664 1.3850892102350127 
0.4309362118486605 1.8708473048708747 0.0 
0.2881237687025511 0.052559552367333444 1.57059794443492 
0.22644594075120808 1.6493705456463057 0.39541003795888136 
1.052419874457863 0.7539319824341725 0.46444798023569905 
0.2916755763621008 1.0378736759053375 0.918999431291321 
0.23011614084302617 1.7164640283163226 0.24873517914936352 
0.2262791508858811 0.20380460841248874 1.7178199512872376 
0.5718363553441678 1.6305623544624324 0.3739156141681703 
0.44166799112613264 0.3927864003888826 0.8459872636823798 
1.5022105425559489 0.43156936000323365 0.2568996912158191 
0.0965584144896302 2.53779440444294 0.06743945342429178 
0.4311052338081829 1.0612786355099941 0.8645351980426523 
0.8827388903835044 1.3800237576964363 0.10440413733582271 
1.5004344717251163 0.7834515082131733 0.22870793869002395 
0.06874291283230459 0.09962707222284393 1.951670142411711 
0.5320107898611728 0.38275920150150794 1.1950908475105422 
0.7103480864803764 0.2018284116610982 1.135950653029778 
1.0303046712028208 0.767864009545607 0.5332354987764483 
0.6966057076848585 0.9722186918311954 0.6884849894378222 
2.2504498146794507 0.0 0.34252815760550887 
0.20016477981571518 0.011522345624563172 1.9614146227851135 
0.09956703392313411 1.8635423447816197 0.1510634745546006 
0.0 2.6360762664051474 0.005439305098912758 
0.59641306850939 1.741139679105726 0.1786830266472819 
1.4762810983461785 0.6584123457097246 0.0062102323898122124 
0.3739319789182667 1.3779019920720932 1.4451029216570015 
1.1704741990393506 0.11849800997691205 0.8495791130256077 
0.21502706683023354 0.24118000886931118 1.695158387151573 
0.5818923843453316 0.9591952708958211 1.0389820734300328 
0.8266397124244994 0.43355983145067645 0.874329299751761 
0.148330779918894 0.020464779742879132 1.7836877531762534 
0.4837557838591813 1.4243366191467737 0.35609154204302546 
0.6881418510420257 0.2362019499732592 1.1617192982286324 
1.0120315404339484 0.0 1.0873136979646711 
0.2707528075585048 0.010272519545346463 1.402875392740615 
0.46434277862977624 0.2764123344911871 1.2046167867900444 
0.21782148484686806 0.39937117544137024 1.2737571438675783 
0.47182561060858824 1.1728824905861024 0.5579684441283655 
0.15504531990959824 2.288688940911039 0.12166029306513167 
1.0303046712028208 0.767864009545607 0.5332354987764483 
2.0957778566299434 0.3848325205697206 0.047749191755576154 
0.21524998110825064 2.3220069360159044 0.7279252160701 
1.07370977227026 0.9403480724817551 0.3302408939512722 
2.0957778566299434 0.3848325205697206 0.047749191755576154 
0.08381535318903915 0.050019889896437686 2.1039375357511445 
0.3567924099471363 1.3883009996699547 0.5017276176030111 
1.5325556929095492 0.6389873087069136 0.0677064958601508 
0.09539171940242493 0.15840319837348577 1.9290780185593561 
3.6546341373921347 0.15643617354018027 0.2086097408285945 
1.1677303217519248 0.28637891634244605 0.750984750467297 
0.41267693802050154 0.015236221202537826 1.3399376176825932 
1.6947020708461422 0.5626332417060703 0.3115688232565454 
0.3519933072496139 0.44709449211253144 1.5656998841293082 
0.6164810723809686 1.2719341306127605 0.29619127560980496 
0.878153431658148 0.24653477792009607 0.9585872540322345 
0.0 2.363906719753398 0.12062456112396862 
3.425382925857097 0.15458216843818828 0.38637983049550173 
0.7018537519094012 0.8843866194304593 0.6654706464182902 
1.1904773373547821 1.2253586524664775 0.07492343525354647 
0.11336703821863207 0.16983101436767664 1.3850892102350127 
2.3105470240877866 0.40404804055873206 0.0 
0.1696302605925269 0.11605550295425622 1.9139039831187032 
0.0965584144896302 2.53779440444294 0.06743945342429178 
0.9401896531584306 0.028288166125669725 1.281025034194579 
1.228395097657374 0.0555203434742043 0.7616251227580686 
0.8562247964459199 1.205930907581523 0.24548728200584377 
0.9522880609725916 0.18827336018478733 0.942053608644125 
1.5325556929095492 0.6389873087069136 0.0677064958601508 
0.10661034540763638 1.8626242258579397 1.4151193894272887 
0.08381535318903915 0.050019889896437686 2.1039375357511445 
0.02286103047202617 2.5055659007870825 0.0 
4.2017505558054165 0.0 0.0 
4.398971581109123 0.0 0.0 
3.644004592664068 0.038715528829388446 0.24628889077884294 
0.0 2.6061495123011476 0.0 
1.0415798005856403 0.11681609103729099 0.880700210022556 
0.0 2.6061495123011476 0.0 
1.4409852856022094 0.6514739188788813 0.24896977915270663 
0.0 2.6684981136172787 0.0 
0.5300081824732411 1.507340267230821 0.20440318987775 
0.3525675792139954 1.354549889132172 0.5876756572070062 
0.23823765375429942 1.311906605445237 0.6690940112771276 
0.0 2.2902864237564042 0.0 
2.1484551617920133 0.4145145416086706 0.19163059770620655 
0.4106956648925904 0.41775837786095293 0.9715587192739259 
1.1616523548983912 0.12226308623318713 0.7616251227580686 
4.109413260943883 0.0 0.0 
0.4667516943323379 1.6715033673233675 0.35771347354932287 
0.6803469711182476 1.0292810966653139 0.38541043573780065 
0.5322898149116351 0.3818965933010051 0.9047119979276607 
1.1470903115434965 0.14909959975257284 0.78104025218339 
0.07531390513012007 0.13867909897764075 1.9133719256753432 
0.3005040032398167 1.2527031800487978 0.6573825968121099 
0.0 2.463108295131235 4.3045137601880403E-4 
0.6747065238908397 1.0258989739918658 0.6985136794322505 
1.2200395014050534 0.683063798059711 0.2138295842696034 
0.27863366470437284 1.6712365205348028 0.21658706926818308 
0.7679141584419232 1.5611869703471748 0.07211263016683482 
4.2017505558054165 0.0 0.0 
0.7549784557234774 0.715969889511653 0.7684628753352889 
0.0 0.0 2.3062333081116044 
0.3701362798363169 0.5674351383833884 0.9551961018802304 
2.1484551617920133 0.4145145416086706 0.19163059770620655 
0.8934640417230636 0.6393215092527172 0.7898798149454136 
0.13706712959605508 0.25549176522278816 1.7293733448421849 
0.3842564952675417 0.32626988308199867 1.4306659301912885 
0.32266119265638 1.9682588826199787 0.00836649606587018 
0.49408840883514465 0.09506779911271306 1.4656019563639735 
1.4409852856022094 0.6514739188788813 0.24896977915270663 
0.0 0.0 2.3408283341699416 
1.052419874457863 0.7539319824341725 0.46444798023569905 
0.6849903238883055 0.8225285516021223 0.7072867668418343 
0.7076570702936209 0.06254724488202473 1.2619522996871217 
0.5429668788964352 0.5825729210140527 1.1040454757042877 
0.20016955251514862 0.07645256756345753 1.7790924151653178 
3.6546341373921347 0.15643617354018027 0.2086097408285945 
0.41547448054067904 0.40836124789239103 1.2994360410345014 
0.44166799112613264 0.3927864003888826 0.8459872636823798 
0.8167779372048676 0.6879235147419367 0.6520236645320702 
0.13711826672473 0.2839149639046297 1.426519401067831 
0.39053541253792995 0.015869719585941095 1.4505822991439932 
3.4383044962380667 0.1861007921789484 0.15018246800824728 
0.09539171940242493 0.15840319837348577 1.9290780185593561 
0.6753781057937988 0.8362235477492458 0.8038766532452095 
0.27863366470437284 1.6712365205348028 0.21658706926818308 
0.3525675792139954 1.354549889132172 0.5876756572070062 
0.22644594075120808 1.6493705456463057 0.39541003795888136 
0.7711161700511112 1.5259866506958568 0.008381157454071182 
0.07531390513012007 0.13867909897764075 1.9133719256753432 
0.3567924099471363 1.3883009996699547 0.5017276176030111 
0.5819848319416941 0.09619114407110524 1.1744973422088427 
0.7549784557234774 0.715969889511653 0.7684628753352889 
0.3580268457078067 1.3502522781116686 0.34831365975357675 
0.29720711375398756 0.09570931335510797 1.6893190009124879 
0.0 0.0 2.222241151802084 
0.2854125112697514 0.38168198923741836 1.0850025534619 
0.4837557838591813 1.4243366191467737 0.35609154204302546 
3.595608236756597 0.0833500436260729 0.2831566267375366 
1.0873017523196642 0.7026312978133205 0.444786972036227 
0.15504531990959824 2.288688940911039 0.12166029306513167 
0.5322898149116351 0.3818965933010051 0.9047119979276607 
1.1904631042616958 0.03158484139389907 0.8006234513861246 
0.6020330354152501 0.7214462476919739 0.9024079832869754 
0.5479020292505884 0.3481801162102074 0.7828077064239943 
1.6626240876841087 0.5312703624709785 0.03322732668604681 
0.6020330354152501 0.7214462476919739 0.9024079832869754 
0.15437562847178993 0.39481222882263384 1.657399410070477 
0.7739098440482289 0.2518757221745323 1.1090688808164522 
4.164932307153812 0.0 0.0 
1.1116532654669842 0.395360138712456 0.8184567608059145 
0.5934958817799496 1.3962538715593487 0.20132010006191864 
0.4311052338081829 1.0612786355099941 0.8645351980426523 
0.5633432839829864 1.319436713062507 0.3385022314253173 
0.4106956648925904 0.41775837786095293 0.9715587192739259 
0.7062443832361004 0.3727491153579057 1.0046357576849227 
0.8217880272959976 0.26165603209157284 1.010089788385839 
0.12189340696729024 0.15574479417043216 1.568208097095655 
2.4633509925707537 0.4832609445175688 0.05645349060504046 
0.6505769709552518 0.0 0.9442694356224357 
1.5004344717251163 0.7834515082131733 0.22870793869002395 
2.2405470398714713 0.2848098896513941 0.1106201738796767 
0.17514961789604547 1.6917997781932428 0.23866364214247965 
0.0 2.998347139989443 0.0 
0.9579063847225138 0.48678709452718255 0.8737512778262801 
2.2504498146794507 0.0 0.34252815760550887 
0.46434277862977624 0.2764123344911871 1.2046167867900444 
4.296903802985341 0.0 0.0 
4.038528754537751 0.0 0.0 
1.5022105425559489 0.43156936000323365 0.2568996912158191 
0.5826865018816036 0.21420372120053427 1.0720854541910052 
1.1019754413961325 0.5492805672282002 0.4600751798904869 
1.612277946747266 0.6004930613587489 0.20074173062684367 
0.0 2.692752890092642 0.0 
1.838068223711643 0.4540849884711642 0.3340369669013904 
0.5050664147323088 0.494748406482789 1.1927340126564787 
0.20016477981571518 0.011522345624563172 1.9614146227851135 
1.9236110020429595 0.49535478851154857 0.24851428413801005 
0.19802237279571125 0.25952764902498465 1.7643318105453165 
0.0 0.0 2.2413565987377755 
0.5819848319416941 0.09619114407110524 1.1744973422088427 
0.09956703392313411 1.8635423447816197 0.1510634745546006 
3.644004592664068 0.038715528829388446 0.24628889077884294 
0.17514961789604547 1.6917997781932428 0.23866364214247965 
0.2881237687025511 0.052559552367333444 1.57059794443492 
0.3580268457078067 1.3502522781116686 0.34831365975357675 
0.0 0.0 2.5131586088157682 
0.41751241000187467 0.2866729757649952 1.4209747099842183 
0.21782148484686806 0.39937117544137024 1.2737571438675783 
0.23823765375429942 1.311906605445237 0.6690940112771276 
0.8392684852653182 1.404243786282045 0.0695790803374249 
1.1432192007702806 0.7108114054629799 0.2860288139350332 
0.4861156197648718 1.200900861658422 0.5524811175346347 
1.0441637517880533 0.17541026347242372 0.8328456269073357 
1.2200395014050534 0.683063798059711 0.2138295842696034 
4.109413260943883 0.0 0.0 
0.2916755763621008 1.0378736759053375 0.918999431291321 
1.9445985156929106 1.1017105243966663 0.011125195014173361 
0.2707528075585048 0.010272519545346463 1.402875392740615 
1.5438107896543294 0.6026251494751242 0.0 
0.06917183837116773 2.6544890717887326 0.32031339121781616 
0.0 2.463108295131235 4.3045137601880403E-4 
0.7266842021850416 0.8031539440643345 0.7923535042671819 
0.05977709139932794 0.08590114968279038 1.96317487268068 
0.24860672654787516 1.8508069958463351 0.189181185802795 
0.7961374952453758 0.24370621371505624 1.0019859901558386 
1.1432192007702806 0.7108114054629799 0.2860288139350332 
0.24860672654787516 1.8508069958463351 0.189181185802795 
0.5791247642157743 0.3604076410458766 1.1675356801383365 
1.2361581613245147 0.46786248677537307 0.6541750655688544 
0.3845083160278635 1.5552975196658105 1.2141362206888004 
0.10837078176114073 2.1123732500693047 0.0 
0.7018537519094012 0.8843866194304593 0.6654706464182902 
0.8167779372048676 0.6879235147419367 0.6520236645320702 
1.6023154023322252 0.5285359267677063 0.13998995056405011 
1.1616523548983912 0.12226308623318713 0.7616251227580686 
1.915647211672718 0.6026225533432417 0.21603822206679135 
0.004207799763608857 2.312403294051042 2.544593096917218E-5 
0.29757696573671444 0.4186606590428542 1.0085871181652393 
1.3466758450258507 0.8227208632318261 0.10288082873670557 
0.09879262254236837 1.8725811756308566 0.15159955858189486 
0.189262791227851 1.8873086810922455 1.1377581066324935 
1.1470903115434965 0.14909959975257284 0.78104025218339 
0.8343132813992705 1.2043528627504732 0.38704294466329964 
0.40000880090408214 1.4213173531869083 0.4215562614870384 
0.9164634576935755 0.810611373055018 0.6770261312163228 
0.1070947357165429 0.0531973793149035 2.2299568798387788 
0.6803469711182476 1.0292810966653139 0.38541043573780065 
0.10191241876071809 0.6825244057626542 1.258029121092606 
0.0 0.0 2.438281199419656 
0.29757696573671444 0.4186606590428542 1.0085871181652393 
0.14541860510786897 0.09312248164064449 2.0218751472784935 
0.33235238855400584 0.3872669315966581 1.0564639316646103 
0.8562247964459199 1.205930907581523 0.24548728200584377 
0.12189340696729024 0.15574479417043216 1.568208097095655 
