0.0 0.2881668857053591 0.2645027598231656 
0.23892860436853566 0.29118560819715494 0.0 
0.31009773084740505 0.0 0.22450553331397632 
0.1679803890061911 0.17018223719622835 0.17320672473166784 
0.5260698073914156 0.0 0.0 
0.0 0.0 0.5278715044471856 
0.0 0.0 0.5239115356614139 
0.0 0.9644442474803334 0.0 
0.0 0.5850287117928339 0.0 
0.5318841181891674 0.0021104235633792987 0.0 
0.24860960250935998 0.27494606079637157 0.034719069564257986 
0.03306244614388405 0.23846408407600597 0.2338267970019342 
0.08538530317280757 0.07914347279100481 0.34094429396833686 
0.08416943050645691 0.3462201796410134 0.09164626449668484 
0.08571807723584905 0.2124002851674023 0.20446555673575847 
0.2097791971625446 0.039867771484682096 0.27879756031188846 
0.3440691361781907 0.0831276943781878 0.0804595301846256 
0.22527726434336695 0.20367061904064318 0.07678988101124264 
0.22225722475703458 0.07634143645035708 0.21082668267171867 
0.5412696831653125 0.0 0.0 
0.0415209435288284 0.31681505573925056 0.16343876689492848 
0.0 1.1795278386920955 0.0 
0.5409664652435637 0.0 0.0 
0.5724811088657074 0.0 0.0 
0.11726698575372672 0.14993348432222664 0.2335149297541335 
0.23948073072299328 0.103879687216216 0.1587658283827336 
0.12501027252261063 0.32464805880024805 0.07044103253694589 
0.0 0.5286161518938677 0.0 
0.5562208516080354 0.0 0.0 
0.15992589144166072 0.03143272581909805 0.3256793050816412 
0.0 0.7248140644308894 0.0 
0.334027493244763 0.10276726479693907 0.06713941073673907 
0.10361935288777137 0.2389286822346018 0.16280020622808258 
0.2387507457974344 0.15381954489513175 0.12031476264204416 
0.15249486662664385 0.11944371813589733 0.23762319322360337 
0.11322392196320248 0.06398509772986118 0.3397371384586458 
3.141027798408163E-5 2.622319735155286E-5 0.5157624138587563 
0.0 0.5709376632444858 0.0 
0.0 0.0 0.5295451042707118 
0.0 0.0 0.5143676025102124 
0.04962561046404876 0.14265073691017996 0.30814905972229834 
0.15761054938240526 0.23299598716881695 0.11903990717720603 
0.3197539328195778 0.025809660809228835 0.1753421195097681 
0.06374557669723475 0.34089187802035226 0.11349096557666297 
0.14834752094179118 0.35076669926882803 0.04744208412481301 
0.06639941743655138 0.11335851091850575 0.3328333504217618 
0.5380310468935718 0.0 0.0 
0.3272345508979369 0.1555673694650523 0.03455408469340112 
0.0034088088442043984 0.5750425871195811 0.0 
0.35417524845666976 0.06924361084377145 0.1008532801586838 
0.0 0.0 0.5502131667792671 
0.512458204081156 0.0 0.0 
0.0 0.6583082780134415 0.0 
0.0 0.0 0.5705448076406601 
0.0 0.0 0.5173166753363763 
0.031226344686039596 0.4823258605572457 0.007610369193343148 
0.06660805139007075 0.4757024880207018 0.0 
0.180637608612668 0.13056522975269222 0.194325819480661 
0.31880346776820195 0.18839967808860897 0.009191320858452885 
0.30529982588811805 0.05556750869999267 0.16707639935514793 
0.4548918715095122 0.041604985334318056 0.01855603769674898 
0.4197248351955866 0.0157725318032504 0.10639074982218355 
0.11616888673756208 0.11860995132911303 0.2693107123492781 
0.13384493591524388 0.14899194689256617 0.21753076351712908 
0.4512485969158198 0.0 0.06221520992826306 
0.014593684122838874 0.03563028708309705 0.452606242295179 
0.06660805139007075 0.4757024880207018 0.0 
0.04251472896315928 0.018592220077042428 0.4618780218713975 
0.03624264740906209 0.3785730343035705 0.09896410713050535 
0.26543720648030045 0.1777561000421768 0.0780053949702978 
0.04740501049907688 0.22308386873581948 0.23432912458092442 
0.05203661795816327 0.4197172913468686 0.041200524457825474 
0.051352132618070784 0.06973668670356982 0.38478526260607415 
0.11348462086778661 0.3085051596193574 0.08867084756642746 
0.12771771778459973 0.18913216301772262 0.18798654272347792 
0.3039825377968163 0.11843279543334878 0.08507762726448329 
0.0 0.4598209150124982 0.07450360791061438 
0.09638159274165412 0.26852188800686877 0.15508041268042022 
0.17451403092028137 0.25483775306103895 0.08464577873191013 
0.285034682236682 0.1606621377879536 0.05996296194085905 
0.028842044802297153 0.03301353962628939 0.45773083318076535 
0.1116406292581443 0.08760534971502953 0.30553219336808385 
0.1432519518045957 0.09006256575076706 0.27016119066014294 
0.19472780739671716 0.15314630093964662 0.15871475879713082 
0.15280920193427297 0.2154289468257218 0.13699710020368056 
0.40952720410661303 0.040446808450782655 0.07478085339020032 
0.04182018772607268 0.019721197484145785 0.44969259075454543 
0.0876740788683261 0.3890134807010128 0.0452757948766585 
0.0015768473378228677 0.4744671984300445 0.042207226347543085 
0.1344549292425711 0.35099701600497124 0.032769492110492376 
0.2658389917296876 0.12142972519264841 0.1165553193513004 
0.06260907762188703 0.21429786361160977 0.22775858566021331 
0.3907669574637115 0.021106266925537614 0.11593100807453041 
0.07059612805567869 0.046956742005054716 0.3896767520887405 
0.10272363644743773 0.20200601959810013 0.19692165398393344 
0.2114517546230278 0.10735738331234738 0.19312113038440676 
0.0603004711686142 0.02463418784215539 0.43318517659851746 
0.12758923442207623 0.27013341503526106 0.12210853551838988 
0.1545832584866737 0.06018348338845563 0.303130847104569 
0.2987061367034475 0.008248850525369712 0.2454623889569144 
0.08977491618604881 0.04339589449098013 0.38643248821247445 
0.08179975951522683 0.15747735670838092 0.2622110139592062 
0.08370602800768998 0.1194477632628255 0.3025578738929393 
0.059242447574208 0.2781492239981419 0.16753199134391752 
0.05381121675544367 0.4137798607498977 0.07449403304869406 
0.18677165933466486 0.2103197232851885 0.11951819742322765 
0.3891908065669186 0.06501875523666513 0.048904206858349404 
0.03746309306566278 0.3719717553991769 0.11318878413428834 
0.23392819081660807 0.24147977008616 0.06663160774426623 
0.4117881310496962 0.09772394325055242 0.04217851099334696 
0.009500617104658679 0.2449605345690153 0.26909134197131096 
0.09347944354505687 0.305902888310887 0.11892561825540753 
0.44439728140192314 0.11221406229522078 0.0017890856660151386 
0.023082603160146875 0.04355505501161407 0.45096648639112735 
0.476654460929735 0.015333496340133828 0.013651846858285877 
0.26460977956405496 0.09708525324456431 0.14409660326797155 
0.14774397999754307 0.01987867916326144 0.36949949773297175 
0.2968290802001118 0.08726272315734213 0.1234270360874216 
0.06396677834942913 0.15723795957823863 0.2797324427561455 
0.15845305667343015 0.2919313447798554 0.06251236011393042 
0.2289052456179118 0.04563073698863978 0.24446657823591103 
0.04437539201857069 0.6150109514217154 0.03311658374238352 
0.45888408494605626 0.03050499750569811 0.0279346035656798 
0.17769398243418627 0.19933988354759352 0.14443255297372715 
0.20939243051137701 0.27448425403736054 0.02092462989097989 
0.03568234184934673 0.09480461166496744 0.3762879677794809 
0.45004205031650485 0.05833154319335307 0.016540459752534754 
0.027975638047539133 0.11958654012400448 0.3545877828368361 
0.011739765941891946 0.39939094503782113 0.09833943931997101 
0.2987061367034475 0.008248850525369712 0.2454623889569144 
0.40952720410661303 0.040446808450782655 0.07478085339020032 
0.24693771316280594 0.2276585719336276 0.04952593537186986 
0.25847314459653825 0.05144543065220465 0.24449405410540737 
0.33599791509021903 0.15211163055411928 0.030537182311501657 
0.02071098317926099 0.25380997552013884 0.24330532994945908 
0.0 0.09827551198773808 0.45170750713006713 
0.0 0.5850287117928339 0.0 
0.53508949029567 0.0 0.0 
0.5412696831653125 0.0 0.0 
0.4556290221930664 0.0 0.08219637051722258 
0.0 0.721977207083679 0.0 
0.22225722475703458 0.07634143645035708 0.21082668267171867 
0.0 0.5709376632444858 0.0 
0.33022532163636126 0.13285705861847985 0.04840895885893719 
0.0 0.5286161518938677 0.0 
0.14834752094179118 0.35076669926882803 0.04744208412481301 
0.042264606290863406 0.3419762839169329 0.13636289863756731 
0.06398370594194241 0.2596378708168349 0.18007040374906993 
0.0 0.9644442474803334 0.0 
0.39862857159837617 0.09387024227884957 0.04048324121760658 
0.1430661212074467 0.12076527148144037 0.24303619578998897 
0.3799456057493267 0.05767134839522597 0.10129548705029673 
0.5782659323748547 0.0 0.0 
0.0869061911660544 0.3779360030871924 0.07468547647585354 
0.19541982827845036 0.2354905782196667 0.10309836076346701 
0.1809985902097736 0.1243235051716015 0.2107959090456708 
0.25951293598662073 0.09100987688106837 0.19228957832326038 
0.028842044802297153 0.03301353962628939 0.45773083318076535 
0.047362401180789604 0.26855368923858514 0.19542345867016486 
0.0 0.8802222796267962 0.0 
0.15280920193427297 0.2154289468257218 0.13699710020368056 
0.27456031397332015 0.12273718033146913 0.10631219179417058 
0.05203661795816327 0.4197172913468686 0.041200524457825474 
0.15062048655135277 0.3788357000332116 0.0 
0.512458204081156 0.0 0.0 
0.16330700907471732 0.1546801752208646 0.19304682534026438 
0.0 0.0 0.5705448076406601 
0.09602699442961692 0.14633170107216856 0.26303732264758733 
0.3891908065669186 0.06501875523666513 0.048904206858349404 
0.2151716822894313 0.1322759524490924 0.16805570012176588 
0.05477713624383468 0.18964668498424408 0.258838381558224 
0.08538530317280757 0.07914347279100481 0.34094429396833686 
0.06418041054570346 0.4654979865237033 0.012400269636107193 
0.10770194664288608 0.03322427813818361 0.3731707938925614 
0.27469133201088 0.17858051784014017 0.06104753170742734 
0.0 0.0 0.5239115356614139 
0.23289201446009947 0.1419504804221046 0.13426939263142015 
0.12907733946935424 0.2383491673128269 0.14388594007312383 
0.15992589144166072 0.03143272581909805 0.3256793050816412 
0.0947045438154691 0.18989145863016843 0.22747661002980687 
0.03734792612993726 0.012594949309462608 0.4550855115672449 
0.45888408494605626 0.03050499750569811 0.0279346035656798 
0.1116406292581443 0.08760534971502953 0.30553219336808385 
0.1623957760226083 0.13011673351479863 0.21175991048196194 
0.19472780739671716 0.15314630093964662 0.15871475879713082 
0.0515978291149414 0.13054194012059747 0.3213987007389567 
0.10770194664288608 0.03322427813818361 0.3731707938925614 
0.47561322000422185 0.016658910186083415 0.015532640165074392 
0.023082603160146875 0.04355505501161407 0.45096648639112735 
0.15011215172584236 0.19313229512704905 0.16659168244043662 
0.06418041054570346 0.4654979865237033 0.012400269636107193 
0.07259077612022607 0.2929462097750138 0.14168923398088207 
0.04929507071731266 0.3169495408944144 0.14780275765793813 
0.1560480005585305 0.39812012187508716 0.0 
0.014593684122838874 0.03563028708309705 0.452606242295179 
0.09784611051593173 0.2709045633241948 0.14423719090142725 
0.1450808057014032 0.07410013663292214 0.29527643630606143 
0.18510341730627597 0.15426246381845346 0.16909457139414755 
0.12461058054347665 0.2750714313789464 0.1083580718229301 
0.07059612805567869 0.046956742005054716 0.3896767520887405 
3.141027798408163E-5 2.622319735155286E-5 0.5157624138587563 
0.07691332359906917 0.0894048236106685 0.34323744527038835 
0.1079450124370144 0.286863178710874 0.11488429933232921 
0.45888408494605626 0.03050499750569811 0.0279346035656798 
0.21943960000767643 0.15865749116774924 0.1387830059857392 
0.04686967682918593 0.40691788191623735 0.06590840255355895 
0.12299954103251706 0.11252193774887026 0.2743737325870396 
0.35417524845666976 0.06924361084377145 0.1008532801586838 
0.15080409690172303 0.1725069740961788 0.192379831964993 
0.12286097348268667 0.2045628537485113 0.18727255936612583 
0.334027493244763 0.10276726479693907 0.06713941073673907 
0.13272920000223604 0.16479380870426658 0.20484809740885934 
0.0456684821607859 0.1595913468999262 0.29519668322783704 
0.18403376928454337 0.06869774028621015 0.259879653687105 
0.53508949029567 0.0 0.0 
0.23948073072299328 0.103879687216216 0.1587658283827336 
0.11348462086778661 0.3085051596193574 0.08867084756642746 
0.10643544787120152 0.22501985115652948 0.17607270103252184 
0.1502382591726731 0.2887822113863863 0.0751747742377625 
0.11831959577057276 0.18323044305472913 0.21208799473929835 
0.17622861830983277 0.10188859794372407 0.2341114607520755 
0.21015039523129814 0.07428831673905617 0.25127002945084886 
0.0575675354095873 0.054931255912990806 0.39253893657395045 
0.43564928812610276 0.0849816256649226 0.006817132423325779 
0.20533709120453045 5.149901758127775E-4 0.4161266627247014 
0.289830837480481 0.14264428520022704 0.0767662562173314 
0.4548918715095122 0.041604985334318056 0.01855603769674898 
0.03981624704535568 0.39326507632187274 0.09346012907067197 
0.0 0.8320530182402415 0.0 
0.19998674509959327 0.12253171465746686 0.18042491570994149 
0.4512485969158198 0.0 0.06221520992826306 
0.08198981447091559 0.17711761371050308 0.2500989084257739 
0.5782659323748547 0.0 0.0 
0.5260698073914156 0.0 0.0 
0.39106538047888695 0.06230067078952105 0.06905821133003363 
0.11808277048125011 0.14291563356041212 0.24077905173636696 
0.31109269138232415 0.1056896341261649 0.09298071802677123 
0.3066383508169744 0.11333999859089972 0.08633547799178802 
0.0 2.0657890197940283 0.0 
0.3440691361781907 0.0831276943781878 0.0804595301846256 
0.10673109075586593 0.12913309697904593 0.26964725902726233 
0.03734792612993726 0.012594949309462608 0.4550855115672449 
0.35417524845666976 0.06924361084377145 0.1008532801586838 
0.03563447383856164 0.19810922933198236 0.27710615013032097 
0.0 0.0 0.5192210582018681 
0.1306327701765018 0.05841281912616381 0.32600902279361127 
0.031226344686039596 0.4823258605572457 0.007610369193343148 
0.4698050377915376 0.0066775301679765035 0.043367131799963626 
0.07718589267093048 0.3517101316102409 0.10693509804313213 
0.09511286514146355 0.020810939841575577 0.40093878542319117 
0.11168810754878347 0.32651703616938815 0.07830976666595284 
0.0 0.0 0.6149861714474731 
0.0967354553191505 0.06708012187537911 0.34003334966025855 
0.07148374053499318 0.09945206843133624 0.33831848876153814 
0.03624264740906209 0.3785730343035705 0.09896410713050535 
0.23892860436853566 0.29118560819715494 0.0 
0.22527726434336695 0.20367061904064318 0.07678988101124264 
0.11422339539436877 0.2794706675153655 0.13188970006092585 
0.3034655994456005 0.08144152147073058 0.14476275957316023 
0.26611296552584507 0.13256414386828191 0.11234999381606572 
0.5409664652435637 0.0 0.0 
0.04446696656138805 0.2507234086626824 0.21150810171883083 
0.3590398441931455 0.16325383679786754 0.009053455363829252 
0.1381112115969243 0.01543907152577916 0.4261088999194765 
0.2742694504427136 0.1145436987704435 0.124696128684426 
0.0024545237956971246 0.4915529006433487 0.05173800165130309 
0.0 0.7248140644308894 0.0 
0.1367861367192267 0.21918200493691511 0.1630840450199855 
0.04182018772607268 0.019721197484145785 0.44969259075454543 
0.0876740788683261 0.3890134807010128 0.0452757948766585 
0.1972324404018415 0.09370746183109813 0.21603738503243541 
0.2661123518418285 0.18669971708106278 0.05149796717566243 
0.10261541656747118 0.394578701240749 0.03194027287348635 
0.13031441019174514 0.08463916281086077 0.2979460460618267 
0.2410280473805287 0.13034505263762847 0.14447100912643443 
0.08207064392222975 0.2376715672740315 0.1844352039332858 
0.0012990996665044221 0.43955722711015516 0.09470693142080899 
0.16730346982358615 0.20902785592912962 0.12891164280658898 
0.16917323132949358 0.19610674730790495 0.14668461650332468 
0.3413060197276083 0.09548873831409371 0.06713941073673907 
0.3021333839370512 0.0466446501760658 0.17827642820003048 
0.39862857159837617 0.09387024227884957 0.04048324121760658 
0.0034088088442043984 0.5750425871195811 0.0 
0.07382094582366529 0.19390675595375592 0.24004840891260637 
0.33599791509021903 0.15211163055411928 0.030537182311501657 
0.052675030654315405 0.5438521807994087 0.019272455470774656 
0.024136999431987653 0.34251913161486786 0.16816187694400003 
0.26460977956405496 0.09708525324456431 0.14409660326797155 
0.17451403092028137 0.25483775306103895 0.08464577873191013 
0.08416943050645691 0.3462201796410134 0.09164626449668484 
0.230287738207023 0.1714863800200084 0.11087957877273344 
0.013880970611737516 0.07299789862452334 0.4596003880704588 
0.18108835015392685 0.21952661131568915 0.11798786464273008 
0.07531843049113064 0.23511823567116072 0.19202207512281375 
0.0 0.0 0.5143676025102124 
0.08075851960187823 0.13019639509885983 0.2913647232046633 
0.024966297218492455 0.1879863128768588 0.2998574706508549 
0.09724371379694645 0.1027745369403237 0.30226347356609556 
0.15845305667343015 0.2919313447798554 0.06251236011393042 
0.0575675354095873 0.054931255912990806 0.39253893657395045 
