0.4500770193427273 1.0 0.4992699759102893 0.49887862522885495 0.5002100210114253 0.5019183763089003 0.5007977221153467 0.6991021477871926 0.5012682120753655 0.4972384051554349 0.49981748011992577 0.499345951411725 
0.0 0.325265903714363 0.49992021910072637 0.4990440909335281 0.4997334844074589 0.500197713305162 0.499672903444315 0.7001299071973999 0.501403474269986 0.5004284668844338 0.500147583134848 0.5015157198359217 
0.06393752088474451 0.0 0.49822389223368463 0.4986401558141462 0.4984854253837622 0.5001454568515696 0.4977021136170017 0.5978998418836214 0.5015863034268404 0.5024552072881528 0.4997222053624616 0.5022366360546531 
0.1292113025565287 0.5029131138752075 0.49914122356987506 0.49944670850720796 0.4993656725185386 0.4997361468711562 0.5032855982489202 0.6012176009769623 0.5013176902732774 0.4999391790070198 0.4994653239571264 0.5000693595779145 
3.8640025017227294E-4 0.0 0.5038923202024812 0.49932151307616 0.49919225793474475 0.49835277327818384 0.4980609741380934 0.5981974050002906 0.5005268266393574 0.49992768446486013 0.49912954397678855 0.5992624248730937 
1.0 0.9873045507212583 0.49693502196174005 0.4989264547938054 0.4994829720093268 0.5050965540535319 0.5016729561927717 0.6990512312294062 0.5041235488760221 0.49984836401919563 0.49939348679977125 0.49644302645705046 
1.0 1.0 0.49229494150404796 0.5000106250781451 0.5025957692717752 0.5054696948050278 0.5011718576639158 0.6992170720383208 0.6974730787900301 0.5006475536840854 0.49540698855772713 0.49391003406426137 
0.0 1.0 0.49998078512245936 0.5009860981156284 0.4988230367354468 0.49875856812297603 0.4996173526031572 0.6988242613980769 0.5000378557599747 0.49850829272105296 0.4984294233990967 0.49934665277760726 
0.0 1.0 0.5000218123728577 0.5001842000585532 0.49977533207191666 0.49877650725398304 0.5001897982157277 0.7014605508173848 0.5001141025396572 0.4979044042009872 0.49859496490583843 0.49887373319988887 
0.004627165270884349 0.0 0.4966048424412072 0.5009616519405743 0.5008699525117535 0.49777607640663823 0.49816573047770973 0.5986621308008124 0.497639011747806 0.49828586850838685 0.4993270679893702 0.5034901246502742 
0.02943054896092031 0.5078108813683129 0.5002548664297306 0.4999600910708655 0.4993265330163288 0.4993862053682787 0.4992919304132113 0.6998231706149924 0.4998931969605915 0.49974248534808796 0.5004349249816876 0.5006181476162357 
0.2833580773544303 0.9190023284268691 0.5000551458132165 0.4994015985262087 0.5000296661715438 0.5006626813333384 0.5004358438413339 0.6995884213012015 0.5002238250417258 0.4983287745789554 0.4994421852288278 0.5004125664089454 
0.8263365899290784 0.7892349302092065 0.49873397745520137 0.49847134365408163 0.49956388406291236 0.5025007356392707 0.49927934047056166 0.6994370070629015 0.5024624924374038 0.49918208475026493 0.4994277891536383 0.4975284781314182 
0.09571918522477547 0.9511935083419698 0.5004380363039584 0.4996067200417715 0.500130571011268 0.5001681484769089 0.4998226670097007 0.5992547612736152 0.5010441271594342 0.4981913826562133 0.4998159838993842 0.5004438975620236 
0.44302375894829993 0.7560106315859111 0.4992458548900236 0.49910844411023486 0.5002503602816848 0.5016466690652537 0.5004806397009071 0.6988087882713482 0.5003165440849293 0.498603904472258 0.5001742352199554 0.500207494171253 
0.09019740865414927 0.08991411476536487 0.49980379667413455 0.5001482612198144 0.49802604188517946 0.500233949058064 0.4977769372233582 0.5976853346087891 0.4984140923903166 0.5017197285795059 0.49958361879099145 0.5016760698293923 
0.047517141976365924 0.015975380497112945 0.5008420907328983 0.4997782083875201 0.49933759025053004 0.4999622128026817 0.49820571753045884 0.5980834133171196 0.5004700037369334 0.500505395598809 0.49974496870824414 0.5006059064103403 
0.15179027503538184 0.9665562228237714 0.4997031538330262 0.49898792023772 0.49964839729118526 0.5004286551508218 0.5004777608328814 0.5982598383438269 0.5015074833901704 0.49882033188946806 0.49923893540715947 0.5000680340886654 
0.11868272644802363 0.323411028799782 0.4999908710418107 0.4991056387996855 0.49974352155224766 0.5005815267135527 0.49794942683422755 0.6004001761801877 0.5017256203259677 0.4998876494351083 0.5008190504255888 0.5008486041170142 
0.0 0.002329015295255643 0.5058846532571409 0.5002741766602756 0.4978154999270695 0.49769226269098954 0.49689110369910383 0.498060036398545 0.49931389020353245 0.5002369013341874 0.5000980024030528 0.5010725306313224 
0.26321691375372713 1.0 0.5000852450456472 0.4983958178798321 0.5001035917521134 0.5006645720360825 0.5001078229959115 0.6999764231414145 0.5008605885679513 0.5003152643641462 0.4995213310646828 0.49971255849983653 
0.0 1.0 0.5000272453087111 0.5010410896368053 0.4988593223526181 0.49887170181381746 0.49965403736275305 0.6989733902514775 0.5002298317050466 0.4984528141127676 0.49862343796591124 0.4992939251945519 
0.0 0.0 0.5008735297279887 0.4996664510380027 0.5002405187325575 0.4986133320241096 0.5001651635680314 0.8008920739476344 0.5001670396193888 0.4983686359087415 0.5004278397198643 0.5028026256030571 
1.3945130438427957E-4 0.0 0.4997738675510392 0.4996503904591987 0.5008014060887364 0.4993663137841698 0.5003758404852847 0.8005896266380297 0.5007403030901796 0.49899595330700186 0.49962199608873015 0.5009508214962936 
0.205443659435024 0.9620039258942326 0.4993076882858851 0.4990309964470285 0.49940581784606786 0.5006893396138019 0.5000701154973235 0.5981773376485717 0.5013760533596835 0.5010018760551036 0.49925256873176016 0.4995552786602453 
0.12496302173179821 0.28918856537298254 0.5011817004776324 0.4998175980718895 0.49907248164528295 0.5003935272177726 0.497844930271862 0.5992411882617863 0.5013207732331564 0.4998514399203819 0.49878531609826093 0.5002538891023769 
0.11066978885561862 0.8699889033245117 0.499351356780469 0.5000228638375737 0.49891825777363646 0.4996984085352685 0.4999622372473287 0.5981419278245359 0.5011515201945407 0.5001697164839388 0.49950308647044295 0.4998488501915118 
0.0 1.0 0.502155750865342 0.5015007039112614 0.4996081827191528 0.49940825741610717 0.4996614453522544 0.7001155104309958 0.4988467264422759 0.4966125683703938 0.4981508968013054 0.500319724644569 
0.0 0.0 0.4993709302307784 0.49995905412726094 0.4997399157922281 0.49880338927089424 0.4981921193529259 0.5971879106660196 0.49868318648123683 0.49916875920284465 0.499582037483876 0.5029278288537414 
0.022854659590843315 0.014001272845693857 0.500073522582762 0.49960313463514805 0.4990010466631722 0.4995589798108714 0.4980992665555334 0.5979581096823632 0.5002979679953186 0.4999493934942208 0.4997017068595208 0.5016775022029387 
0.0 1.0 0.49977369897352464 0.5012581637340914 0.498802404924392 0.49855991501010866 0.49948857761121945 0.6988288804908939 0.49985250431602823 0.4983747055996738 0.49854005675795376 0.49940592151452684 
0.047517141976365924 0.015975380497112945 0.5008420907328983 0.4997782083875201 0.49933759025053004 0.4999622128026817 0.49820571753045884 0.5980834133171196 0.5004700037369334 0.500505395598809 0.49974496870824414 0.5006059064103403 
0.12851155786638252 0.9203913144969644 0.4995109347066294 0.4991224735305616 0.5000465147467366 0.5006604505987282 0.5000105940209288 0.5991706525857431 0.5014856852214346 0.4993178623176374 0.4994131481556128 0.500257863117338 
0.0 0.07029327170403438 0.5002290560550671 0.4999450177501854 0.4995413628979885 0.49958240535622284 0.49874249470007004 0.5973111666192401 0.4999738675620766 0.5009189752311501 0.49998384293479003 0.5004137602235814 
0.24727360108409907 0.47105278184881405 0.5017602133028045 0.499283923525808 0.4994474910213901 0.501128504629234 0.4980226592056621 0.5985641465449147 0.500427427200453 0.49909981455288255 0.4993651694275155 0.4998129507589292 
0.035506303798444334 0.43513693077047727 0.5005971695530491 0.49953041406661214 0.49939813768477437 0.49972979300769993 0.49919704766097217 0.5991555188065483 0.5007812610581688 0.49947834574091976 0.4991262194069906 0.5018839031115401 
1.0 1.0 0.49629056295607304 0.49956605069494053 0.5027381292096844 0.5046068745950077 0.5028758040882368 0.6994048408334366 0.6957044827304163 0.4996163828738646 0.49922300308281065 0.4962325204463191 
0.0 1.0 0.5013001408657116 0.5000949729187781 0.49958086691074943 0.49911855412140815 0.5001352470702897 0.7002767273109479 0.5000520496685245 0.497836705800647 0.4983013616763747 0.5006788426559956 
1.0 1.0 0.4927158044158414 0.49872725190426725 0.5008927446737377 0.5054574034759377 0.4974958283989881 0.6989140165788189 0.6009424220696564 0.5025622772997235 0.5081345206622795 0.4944603795177699 
1.0 1.0 0.49659247645171767 0.499632989370412 0.502703667684132 0.5046967937975189 0.5028199049119741 0.6997204534617822 0.6956737286787523 0.49964711922952976 0.49921608894966424 0.49622022868789895 
0.0 1.0 0.502261278737064 0.5002438918201675 0.5002340464475914 0.49902082425714134 0.5003268899379719 0.6000334438049542 0.5005282426491 0.498867195470461 0.499139959372917 0.4989552091047661 
0.22498007895581296 1.0 0.4991500434793295 0.49854703994371125 0.4998380905938339 0.5010460132083354 0.5010108570196983 0.598418764495401 0.5012398965648539 0.5019663036161628 0.4995551311242542 0.4994975633693346 
0.17297374609656366 0.09477228728098405 0.49979135397948904 0.500160699726875 0.49865596411438357 0.5004757200152586 0.4989313263380388 0.6994400349534916 0.5001411325211519 0.5008814451807135 0.4992536440789805 0.5006358208673712 
0.10660128684689657 0.9123429605584938 0.4997774789446561 0.49964984463601303 0.4995078966146261 0.5000232146372746 0.49985347119903056 0.5985665618950922 0.5010162585108369 0.4991169403597432 0.4992905588907939 0.5001599659476269 
0.14851080865983377 0.8673758884539188 0.4990232256831554 0.49874584844381176 0.49977048722732714 0.5010164580775152 0.5000048988796031 0.5991459652599653 0.50140432221562 0.49971942252632584 0.499307509010496 0.4997036019235867 
0.7625346309549834 0.8176880618913112 0.5000570032975824 0.4977626244346508 0.49898485596963393 0.5027281441512064 0.5005744497014426 0.6994021681765132 0.5020831872530966 0.4980371152231967 0.4995203434689276 0.4985194877376583 
0.0 0.0 0.503874560684362 0.49906565666967134 0.49906756073197756 0.4980623498679929 0.4982964571647389 0.5981037738101941 0.5005353589895827 0.49940230321243795 0.4984404621715403 0.5993800598726184 
0.004724644795734714 0.0 0.5017214397007516 0.49999060762674313 0.4990151420947893 0.4994073972209949 0.49803405667670375 0.5991563237856075 0.5003635460998669 0.49982287236697737 0.49948146966517376 0.5025087693544916 
0.0 1.0 0.5000218123728577 0.5001842000585532 0.49977533207191666 0.49877650725398304 0.5001897982157277 0.7014605508173848 0.5001141025396572 0.4979044042009872 0.49859496490583843 0.49887373319988887 
0.003879950441479995 0.0 0.5003575828622671 0.4998843961809943 0.4988199076669868 0.49917538161919994 0.49769358006067166 0.5979188253593677 0.5014451137095535 0.5001297953963602 0.49939428029215394 0.5021435955812715 
1.0 0.872681431591541 0.4978154137789177 0.4985042418613753 0.4993689736113071 0.5050954208939284 0.5027040287119704 0.6963299128031762 0.503751469527137 0.49782901539774604 0.5013139120194091 0.4972251386664506 
0.0 0.005413495305933047 0.5022466836571113 0.49989062743930435 0.4987769146734595 0.4991162222014645 0.4981323990450287 0.598781201663303 0.5004003318189512 0.4999751198230426 0.4994287379250321 0.5024260992521581 
0.0 1.0 0.5019989576731778 0.501399713043814 0.4997472561392825 0.49909252073984883 0.4998502490815283 0.7000859519271141 0.49912729900726927 0.49667352863351566 0.4982551745918068 0.5008881009096883 
1.0 1.0 0.4954618365103812 0.4993361134322171 0.49952267156927677 0.5058489107265953 0.4989174519539444 0.6991888808081825 0.5049519913402779 0.4993265727677912 0.49941952361668074 0.49499054920173907 
1.0 0.872681431591541 0.4978154137789177 0.4985042418613753 0.4993689736113071 0.5050954208939284 0.5027040287119704 0.6963299128031762 0.503751469527137 0.49782901539774604 0.5013139120194091 0.4972251386664506 
0.02667536198721504 0.9700707916145804 0.5014105961869946 0.49931156069939 0.5000429372488501 0.5008857929476245 0.4991218457005665 0.5992032876659577 0.5002044675692787 0.4961913071487084 0.4990410214764008 0.5006145547386328 
0.005146547793954787 0.9827324058348565 0.5003949574203288 0.5004419668787026 0.49886430035755647 0.4991558743487108 0.4998749025870327 0.6988150232124428 0.5004085586478677 0.49877546696381136 0.49820815668138246 0.4992281153037681 
0.1029863044740669 0.375270681204238 0.49980625005200263 0.49954737511631053 0.49925237814353995 0.49982126963432655 0.49820289476266083 0.6005372513970152 0.5010759807865319 0.5000609211117086 0.4993919349149658 0.5002404185393642 
0.022057942948594596 0.16347609447914918 0.5015867596005166 0.5005387132608374 0.499263035068668 0.49900519357659906 0.4976507377403835 0.5997029673408304 0.4995833436081789 0.4999017388508869 0.49957109263240573 0.5011784251949253 
0.012901259986675361 0.0 0.4995239689730482 0.4999266275270703 0.4990027905661314 0.4992112982064964 0.497822781229476 0.5979225209599398 0.5007033052644771 0.5000974471124915 0.4997318915935101 0.5019602747429723 
0.0258714049437651 0.04875259111368387 0.502499857653909 0.4997136450194198 0.4986196069147187 0.498849789815579 0.49824478465126454 0.5993030048309151 0.5003826772045641 0.5004020980846232 0.49954164830938697 0.500304451807035 
0.06393752088474451 0.0 0.49822389223368463 0.4986401558141462 0.4984854253837622 0.5001454568515696 0.4977021136170017 0.5978998418836214 0.5015863034268404 0.5024552072881528 0.4997222053624616 0.5022366360546531 
0.5775481821907856 0.4478941241573933 0.4988963907419152 0.5000915343805427 0.49919959160239236 0.5023836809014107 0.4988365233452412 0.6000497751880258 0.5027787674303986 0.499906772471161 0.4991352368659313 0.500064597191614 
0.22824137531924213 0.49840120873085436 0.5009862835578204 0.5011474386865576 0.4988261004593227 0.5000801848127086 0.4991314285797197 0.5996238519479898 0.5018016302070932 0.4979309647165274 0.49959644419408344 0.5008272802057187 
0.007965505781982166 0.025012855172321047 0.4999236305000482 0.4997175654306124 0.49959918330061626 0.49920916176959745 0.49832388004693673 0.5963224533120545 0.49931387258006055 0.49922357115440247 0.499671774903112 0.5024263065560999 
0.9292352935817367 0.7181926860570894 0.4999777182789406 0.49810621053432047 0.4994164016125956 0.5044691586415606 0.49860373933255425 0.69937112413027 0.5027989703715028 0.5005980733156592 0.4992186319443443 0.49788301917459743 
0.0 0.9130257754721541 0.4995917631247346 0.5008818085693291 0.4996322180078455 0.4983684524955977 0.500086719651597 0.6999219150205409 0.5000840692600399 0.4977951365724804 0.4986579331655162 0.4997696329895092 
0.16534312469944096 0.03978288032781019 0.5013219134838169 0.5010999959956266 0.49865152029474785 0.5005676414284204 0.49751572335187283 0.6004006143210396 0.5014537521636183 0.4994767965533169 0.4990835754097155 0.5002697215244252 
0.11769960778348522 0.9679791402392272 0.5002977222373074 0.49911994924096564 0.49984122088014926 0.5000449041049044 0.4994417374111424 0.6998896244910513 0.4998862218266431 0.5007617147743411 0.4995365606682628 0.4997370133723106 
0.0 0.348583040159409 0.5001871311911168 0.5002313797292179 0.49930663036741574 0.49978435991101755 0.4991907574613461 0.7005649968293546 0.5002247151570455 0.5000751048538405 0.499636122905712 0.49983319934153264 
0.5049699211679886 0.86757470728468 0.4998133483043127 0.4990055967704346 0.5000148774220103 0.502008490573034 0.5005160620047515 0.6988680254243783 0.50110520033863 0.4981302336657788 0.4998508779151386 0.4993518928928785 
0.09441681152700215 0.9580259215753135 0.5002217312188648 0.4991416489386584 0.49991858356152036 0.5006433651024089 0.4995797781441636 0.5988704328280898 0.5006458339074312 0.4989748252584727 0.4995411460630571 0.5001797999641076 
0.7060713206710173 0.5119612983077252 0.5012577568733574 0.4977732448931259 0.49951387176071804 0.5004623803121008 0.49910526194285215 0.6996891886257384 0.501202081730028 0.5007012609123902 0.4992937271628226 0.49934041622457037 
0.10660128684689657 0.9123429605584938 0.4997774789446561 0.49964984463601303 0.4995078966146261 0.5000232146372746 0.49985347119903056 0.5985665618950922 0.5010162585108369 0.4991169403597432 0.4992905588907939 0.5001599659476269 
0.313210053137532 0.761834706292732 0.5003415429242384 0.5008977298767658 0.49882994053996943 0.5005599581157596 0.49956796249789537 0.5991347613690016 0.5020990263578506 0.49869272987361934 0.49965961885646826 0.49966296798007126 
0.10293111839877683 0.18129265892366794 0.5012973654146908 0.499516391784713 0.4992145361242616 0.5003629381638057 0.4976245571494813 0.5988106889515283 0.5010951338225451 0.500024806515134 0.4995022177624344 0.5008707306667439 
0.0 0.9893959217806078 0.500705025634683 0.4992809650136256 0.49959411330528214 0.49960295692389356 0.49954453879003646 0.6995635180152633 0.5007324823975021 0.49978788553965636 0.4987925625520925 0.4998184393562757 
0.1834117308755403 0.9403666625134611 0.49935484110944084 0.4991031555020466 0.5000184790899387 0.5009247927137288 0.5001677512938031 0.5989583116243451 0.501514801529243 0.4989833195633955 0.4995110732372041 0.500250275357316 
0.08399241558945368 0.7994643450504828 0.4989922279760565 0.49928319604287563 0.4997741224981148 0.49958973118638583 0.5003925993220875 0.5978826826692013 0.5008865402318355 0.49831429658438287 0.4991689613532989 0.5005627160768108 
0.07368207069663985 0.11700064271720023 0.5018371960934263 0.5000510672021228 0.4989243385301054 0.5003615272156535 0.49799576979381843 0.5985964857666166 0.5010421396751586 0.4998777045102448 0.5000268783610218 0.50108854029287 
0.9687012197919942 1.0 0.49699459518846667 0.4990951724587701 0.49948785561860054 0.5045797966451552 0.4990805961578771 0.6993261751445393 0.503876913009532 0.49851822111472655 0.4994968979803809 0.4959574860798499 
0.800843606442668 0.4936877702023076 0.5000781368082883 0.4992838401846681 0.49928778973002685 0.5038113883060211 0.49876551908184863 0.5976307750845191 0.5030172867140963 0.49914790739934245 0.49903375621547075 0.49967117268208067 
0.0 0.247361503408642 0.5020595500599428 0.5009267941334408 0.4986726374478866 0.4984616364242046 0.49848013893007687 0.5996018404751455 0.49965493771422553 0.49938654845948366 0.4980817140412075 0.49982466472488507 
0.10293111839877683 0.18129265892366794 0.5012973654146908 0.499516391784713 0.4992145361242616 0.5003629381638057 0.4976245571494813 0.5988106889515283 0.5010951338225451 0.500024806515134 0.4995022177624344 0.5008707306667439 
0.17587132794158988 1.0 0.4999577715350698 0.49901190926382416 0.500265170172566 0.5011841739386687 0.5001029695937895 0.5989004428105575 0.5016797762319641 0.49835467765491387 0.4993288320245145 0.5003247137246404 
0.018076060125412262 0.0587845660580779 0.5024128413403185 0.49987164767421544 0.4990402352892287 0.4995355698454346 0.4978945061354628 0.5983841075000986 0.5006179780446044 0.4995822559872122 0.49937322937677076 0.50122730862571 
0.9227853230808851 0.7628269945225108 0.5000469467720933 0.4987848284546623 0.4992103129683862 0.5039360797038572 0.4991284143650643 0.7000513235373769 0.5020233604769966 0.49878113062492296 0.6009232717757478 0.4973622446168485 
0.05980230430132574 0.8721019101500753 0.5011035322276705 0.5002157289617918 0.4992685808222562 0.4995067633904651 0.49998964057432255 0.6993317771178291 0.4997762545159632 0.49968829223366973 0.49948394303079957 0.500461416396996 
0.0 0.9893959217806078 0.500705025634683 0.4992809650136256 0.49959411330528214 0.49960295692389356 0.49954453879003646 0.6995635180152633 0.5007324823975021 0.49978788553965636 0.4987925625520925 0.4998184393562757 
0.06413685265790797 0.9204342393443796 0.5012893729726773 0.5004356950464991 0.49941372329094147 0.4999592981538307 0.5001363796127061 0.6999282925314319 0.5005441582962507 0.49946637780052827 0.5002600012980579 0.5002505060647746 
0.09503428395273185 0.13801104003794046 0.5014551254107296 0.49961139902485474 0.49913381760307163 0.5003420202491405 0.4976689403608477 0.5988556600149991 0.5009661399117901 0.500091815966468 0.4995060944816982 0.5007980525970993 
0.43814669805088163 0.8775657390956503 0.5014047817970798 0.4997911998343715 0.4997493227840334 0.5011085570558391 0.5013084435722406 0.5987957508527522 0.5020149325559138 0.4981415315575328 0.4996000845913966 0.49786672023201434 
0.032108211746756536 0.0 0.5008529051043276 0.4995700348916582 0.49931444129949387 0.49910649713018074 0.4991742516091716 0.6992492348760075 0.5015223820255148 0.5006395712370398 0.49994482466464385 0.5000722387640235 
0.8263365899290784 0.7892349302092065 0.49873397745520137 0.49847134365408163 0.49956388406291236 0.5025007356392707 0.49927934047056166 0.6994370070629015 0.5024624924374038 0.49918208475026493 0.4994277891536383 0.4975284781314182 
0.47920665215980707 0.6750129600127801 0.49874003895840546 0.4990294493357224 0.5003481580010123 0.5017852618901637 0.5004186488921558 0.6986350521312081 0.5001588179796348 0.4989665328846291 0.5005539456766706 0.5002461059894556 
0.3443608558041838 0.3348926525100041 0.5022700746295636 0.4997961073257671 0.4985601481605757 0.500032955710418 0.49845173465073245 0.5988460428445963 0.5000087124516859 0.4993881310012528 0.4976551363232107 0.49904466430668304 
0.022854659590843315 0.05774978013622657 0.5000041044179435 0.4995933792591123 0.499027641333866 0.49951351136317546 0.49815233127792446 0.5980540230269518 0.5003412902542849 0.500045634695099 0.499565112623244 0.5016604125384937 
0.19360848055776336 0.9487558926524764 0.49933235952468835 0.4990565316559249 0.500043708639926 0.5009662521386498 0.5001811635111466 0.5989263457298007 0.5015206345192529 0.4990152530123598 0.49951664435386967 0.5002531376282844 
0.0 0.15822658236418302 0.4991978696769183 0.5000815226784978 0.49887176318581294 0.499316395909876 0.4980673008315929 0.602339225189648 0.49995806366388185 0.500782297630106 0.49911551447301017 0.5017065858451107 
0.0 0.0 0.4991278287991944 0.4998841902608516 0.4992543873246568 0.49880602818856123 0.4980347284738665 0.5975092742581345 0.4996004355026897 0.49936081085745543 0.49918826348147 0.502313404232679 
0.8455706461617702 0.5694024963355544 0.5013920470665719 0.4972657885224053 0.4995970290996029 0.5042771092805368 0.49887252818801947 0.6991333738270513 0.501413008003969 0.500967300463418 0.49907027223645384 0.49932666018617705 
0.44650112104358897 0.6928952264790367 0.5002986600097297 0.4973421820622389 0.5003703119596825 0.5016481981791022 0.4990380949484401 0.5985472902903416 0.5018217774959929 0.4986102002399443 0.4990647691876207 0.5004601749885653 
0.33041679137182317 0.45155404593734577 0.5009733260364876 0.5004309067117294 0.4988199568949543 0.5009623402127799 0.498833569923962 0.5991468598470757 0.5015591228334287 0.4987433726525532 0.4989566955753921 0.5000872933115786 
0.32488821376953875 0.8380046568537382 0.49939075764853597 0.49896101194473325 0.500184704990837 0.5008481020007999 0.5002438491478581 0.6994861070610858 0.5002257780767416 0.49947444239051386 0.49997484778306633 0.5002307128635127 
0.16215826106678927 0.9459810515360466 0.4990328662507352 0.49897173717792687 0.49979422987419064 0.5004009372571934 0.5000377105877607 0.5985375779902221 0.5010872002455837 0.501758343368237 0.5000412706497135 0.4997450451895824 
0.16667310366284566 0.48540723458667223 0.5006613923877972 0.499753012966778 0.49955177955742475 0.5004543777179287 0.49916668153264365 0.7005108308719332 0.5004153763517054 0.500497552328757 0.49964322264019484 0.499880588427075 
0.007293858889813326 0.04765179295782337 0.5024546966718385 0.4998094373353176 0.4987318618616023 0.49910269863698875 0.49809349633091005 0.5987874497576657 0.500410378915406 0.5001191197823824 0.4994561677620808 0.5002223315540072 
0.14122040873232855 0.975926982287867 0.5009808896944216 0.4996167258135473 0.49961778730709605 0.5000404006351196 0.4995023232609601 0.6993221607121116 0.500383523181298 0.49935824120659056 0.49890354371955026 0.49925997574688175 
0.14851080865983377 0.8673758884539188 0.4990232256831554 0.49874584844381176 0.49977048722732714 0.5010164580775152 0.5000048988796031 0.5991459652599653 0.50140432221562 0.49971942252632584 0.499307509010496 0.4997036019235867 
0.006018498180602955 0.0 0.501863240511551 0.5001481551339787 0.4980575823823017 0.4999955150043715 0.497899846232042 0.5988202584524998 0.5004813478612088 0.4993634952831266 0.4990964048344737 0.501302462374309 
0.33705205511523795 0.9701048869033582 0.49995414880649625 0.49897657368544807 0.49920059548567486 0.501230707931452 0.4996597262314153 0.7002036506724576 0.5009599489826304 0.4990324832254179 0.49915540674862574 0.4988170913816008 
0.16540908288471637 0.9729905257680234 0.49932682911530146 0.4986386406049985 0.5000805064905394 0.5006254314062194 0.5001551283818478 0.5988781048331433 0.5012356450669296 0.5003679500296802 0.49973945635446615 0.4995731396093701 
0.003951844295390168 0.09826538371443022 0.501676597119056 0.49987989053294135 0.4986777651659762 0.5000467338539749 0.498262462776619 0.5989078626227811 0.5008815660637729 0.49888684098601055 0.4986912450037738 0.5013268584349388 
0.9410322040117545 0.8601739611790441 0.49827937231918584 0.4988009611621539 0.49995673391787365 0.5042272673146946 0.5019776645314356 0.6972147514717496 0.503047170708558 0.4985353428694506 0.5007416800986952 0.4980600042780726 
0.0 0.025982245053947955 0.5023281096734397 0.49989792854525983 0.4988105157409727 0.4992359148299315 0.49803730352779213 0.5985265481738596 0.5004192062225995 0.4999056306515921 0.49939971256990334 0.5012831552765687 
0.06915051757089728 0.17659921928059807 0.5001508562919939 0.49963924867379683 0.49927891156180193 0.5007719809191532 0.4989249210431509 0.7001852681698745 0.5000272089429367 0.5010433558091043 0.4997859582575024 0.5014278873099975 
0.022854659590843315 0.06151912082751054 0.500073522582762 0.49960313463514805 0.4990010466631722 0.4995589798108714 0.4980992665555334 0.5979581096823632 0.5002979679953186 0.4999493934942208 0.4997017068595208 0.5016775022029387 
0.018076060125412262 0.0587845660580779 0.5024128413403185 0.49987164767421544 0.4990402352892287 0.4995355698454346 0.4978945061354628 0.5983841075000986 0.5006179780446044 0.4995822559872122 0.49937322937677076 0.50122730862571 
0.205443659435024 0.9620039258942326 0.4993076882858851 0.4990309964470285 0.49940581784606786 0.5006893396138019 0.5000701154973235 0.5981773376485717 0.5013760533596835 0.5010018760551036 0.49925256873176016 0.4995552786602453 
0.12827370531581594 0.8408684786887594 0.49921622437031543 0.49893059017594427 0.4998563922731681 0.5004587636800863 0.5000663289569287 0.5988054009543793 0.5013432408228915 0.49916396825116655 0.49967332878565984 0.5002534957401197 
0.14780981045820302 0.16069314435609305 0.5003604153055503 0.4998149043337883 0.49922651601281726 0.5003119092363721 0.499148034411009 0.6999184912844911 0.5009844973835285 0.5004476940089928 0.49959186352338847 0.5008156069661907 
0.02667536198721504 0.9700707916145804 0.5014105961869946 0.49931156069939 0.5000429372488501 0.5008857929476245 0.4991218457005665 0.5992032876659577 0.5002044675692787 0.4961913071487084 0.4990410214764008 0.5006145547386328 
0.003646929444906663 0.03654181946692053 0.5023801129271215 0.49987763101926314 0.4987992525380084 0.49923253393881256 0.49802757784926244 0.5985281101974503 0.5004217179967132 0.49994163064142705 0.49940657002916555 0.5007322133520311 
0.056519166220239385 0.9465087888989507 0.49867540803007465 0.4989687009617796 0.49980549503419447 0.5004960071142528 0.500250666793935 0.5993168860960161 0.5015825183712124 0.4998242813908437 0.49964875355199756 0.5002834783099276 
0.0312931396939789 0.5078108813683129 0.5003229800230191 0.4999558508826447 0.4990068762719321 0.49953790238628704 0.49928123911007244 0.6996280422978969 0.4999620705996781 0.49957937649003603 0.5002994816625795 0.5002155372656716 
0.8222995194892462 0.7753657167640705 0.499840362987107 0.4982190459825766 0.4997076758980272 0.5030430623635318 0.501428411285771 0.6973902199453031 0.5020269898970953 0.49762971847145115 0.5008051084332734 0.49909823491837657 
0.01278315080006687 0.0 0.5018685596504207 0.50001658723117 0.4983103661373057 0.49985393321203847 0.49790818116000723 0.5987446389901665 0.5006518704063676 0.499533322337923 0.4989053830961319 0.5018480099602693 
0.8263365899290784 0.7892349302092065 0.49873397745520137 0.49847134365408163 0.49956388406291236 0.5025007356392707 0.49927934047056166 0.6994370070629015 0.5024624924374038 0.49918208475026493 0.4994277891536383 0.4975284781314182 
0.14789788027176382 1.0 0.5003982769345192 0.4999246445940486 0.49928525660532846 0.500165356758504 0.4996044780857144 0.7005698961848507 0.5004380594925307 0.49824361288778196 0.49879970898082304 0.49959380609071036 
0.04099736251262125 0.0 0.5023029085356279 0.49940098038146125 0.49946145240318673 0.5001664059395443 0.49874669724324716 0.6990503804114891 0.5001400309119346 0.49979144148176746 0.5001977364961903 0.5027200167827008 
0.0 0.037569685833123576 0.49827167692598695 0.5006727306402502 0.500279583643265 0.4983306982249735 0.49806472714693417 0.5990852000293374 0.49826686408114285 0.498890638715591 0.4993129347445925 0.5025947385751757 
0.11139115665706467 1.0 0.5003141664835089 0.5003471012324829 0.4990697090720471 0.49974030615822385 0.5002322671810978 0.5981800238152845 0.5010406395236944 0.49839401632618985 0.49859975678934015 0.5000570095523157 
0.17297374609656366 0.09477228728098405 0.49979135397948904 0.500160699726875 0.49865596411438357 0.5004757200152586 0.4989313263380388 0.6994400349534916 0.5001411325211519 0.5008814451807135 0.4992536440789805 0.5006358208673712 
0.004724644795734714 0.0 0.5017214397007516 0.49999060762674313 0.4990151420947893 0.4994073972209949 0.49803405667670375 0.5991563237856075 0.5003635460998669 0.49982287236697737 0.49948146966517376 0.5025087693544916 
0.33705205511523795 0.9701048869033582 0.49995414880649625 0.49897657368544807 0.49920059548567486 0.501230707931452 0.4996597262314153 0.7002036506724576 0.5009599489826304 0.4990324832254179 0.49915540674862574 0.4988170913816008 
0.8678985225241838 0.9813734142396292 0.49900350621690404 0.4986924616381361 0.49922193017859295 0.5038632321699703 0.5017805564200386 0.6975897942085467 0.5034604542222706 0.49762733795509184 0.5005396524659274 0.4974574838567351 
0.0 1.0 0.5010887806065744 0.5015060349204159 0.4992370828603995 0.49759734847834064 0.4991224283696639 0.7016243603453722 0.4996519220028978 0.49757360354957886 0.4978042422483163 0.4982944689523783 
0.0 3.644919460592533E-4 0.5019199670034178 0.4996327549945827 0.49961753215245763 0.499540840260147 0.4990978281136683 0.6989529365754055 0.5005844511579737 0.4988130863554563 0.49943049893449587 0.5024477738696287 
0.0 0.0 0.5044586732325442 0.5002265009744236 0.49845870468989545 0.49737175640651077 0.4978025152994239 0.5988831686621541 0.49981110478715124 0.500339230844933 0.499721886704569 0.5991240040769242 
0.007290024579164181 0.009183453616031158 0.4974635785545978 0.5004880040917545 0.49971987768175585 0.4985778507941284 0.49785973795335986 0.5984246072120197 0.49939101559294413 0.499666027196651 0.49897752882692 0.5026078073837101 
0.0 1.0 0.5013001408657116 0.5000949729187781 0.49958086691074943 0.49911855412140815 0.5001352470702897 0.7002767273109479 0.5000520496685245 0.497836705800647 0.4983013616763747 0.5006788426559956 
0.16774457914691698 0.1828762775059145 0.5011962564999204 0.49982402179160873 0.49935509424482893 0.5005486185679369 0.49914095732501373 0.7000339000353607 0.5006774567987549 0.5004398197473056 0.5002441248718908 0.5007592124223663 
0.0 1.0 0.4998153896709607 0.50013763677594 0.50008487618575 0.4997719138507296 0.4997131224094992 0.7014326069022165 0.5002356098359717 0.49816681357487946 0.49842019523396675 0.49840415564746476 
0.044722543978738434 0.2562123836203959 0.5003368264391701 0.5001667183978689 0.4990497214251874 0.4997615095001755 0.49939068462402747 0.6999577537143458 0.49954656526139984 0.49964068995136257 0.4999824836853156 0.49996667551741847 
0.0 1.0 0.49998078512245936 0.5009860981156284 0.4988230367354468 0.49875856812297603 0.4996173526031572 0.6988242613980769 0.5000378557599747 0.49850829272105296 0.4984294233990967 0.49934665277760726 
0.09620527898686196 0.8806513590165695 0.499889833584539 0.5002192822870197 0.4990986851690834 0.49968002714713067 0.4998834121005422 0.5984257205638661 0.5010991107460085 0.49842111288339896 0.4990752477647842 0.5001353751619355 
0.18473874424671832 0.9469542962538608 0.49871673722371623 0.49891740227438713 0.4997327907812016 0.5004182048220808 0.5001448007328816 0.598452665372174 0.5011640972305429 0.5027311311343118 0.5003089709661684 0.49952528941771446 
0.26321691375372713 1.0 0.5000852450456472 0.4983958178798321 0.5001035917521134 0.5006645720360825 0.5001078229959115 0.6999764231414145 0.5008605885679513 0.5003152643641462 0.4995213310646828 0.49971255849983653 
0.0 1.0 0.4993264911973504 0.5012612996501931 0.4985276934576995 0.49815820310754866 0.49935783909838277 0.6982722458313994 0.49978470449183676 0.4980292501813153 0.49751413444961606 0.4988947261340236 
0.01304781661220833 0.0 0.5018575396446521 0.49983332935705865 0.498661343595345 0.4994976384871651 0.4980732554536007 0.5987011617697082 0.5005965274090353 0.49964814786214506 0.49917216125402863 0.5021768655858708 
0.1584561436225455 0.4376646535213238 0.500404420405864 0.499850953083384 0.4994660747081691 0.5003965298450584 0.4992532377801595 0.700487289286847 0.49998636842721933 0.5004400079444784 0.49957924892985434 0.49980936480097327 
0.007965505781982166 0.025012855172321047 0.4999236305000482 0.4997175654306124 0.49959918330061626 0.49920916176959745 0.49832388004693673 0.5963224533120545 0.49931387258006055 0.49922357115440247 0.499671774903112 0.5024263065560999 
0.0 0.0 0.5030072575933386 0.5013141513964465 0.49876897619437405 0.4974589579836617 0.4981475085754109 0.5987622603366706 0.49915022859824276 0.49947971265435537 0.5000815327869902 0.5008079287294648 
0.09441681152700215 0.9580259215753135 0.5002217312188648 0.4991416489386584 0.49991858356152036 0.5006433651024089 0.4995797781441636 0.5988704328280898 0.5006458339074312 0.4989748252584727 0.4995411460630571 0.5001797999641076 
0.08399241558945368 0.7994643450504828 0.4989922279760565 0.49928319604287563 0.4997741224981148 0.49958973118638583 0.5003925993220875 0.5978826826692013 0.5008865402318355 0.49831429658438287 0.4991689613532989 0.5005627160768108 
0.20865411021221958 0.4644385649740563 0.5015178215821491 0.49942152609439583 0.4994321327150673 0.5009122425267006 0.4979201179813315 0.598692756877361 0.5004344247790531 0.49927142887585674 0.4991224797520861 0.4999398117805358 
0.16774457914691698 0.1828762775059145 0.5011962564999204 0.49982402179160873 0.49935509424482893 0.5005486185679369 0.49914095732501373 0.7000339000353607 0.5006774567987549 0.5004398197473056 0.5002441248718908 0.5007592124223663 
0.9908005803968487 0.9334914378893122 0.497778992339888 0.49902090250250286 0.4993618148720944 0.5046205023238698 0.49870777331748306 0.699467524789014 0.5040309228742843 0.4993735336413135 0.4994319448163078 0.49619843212143383 
0.2833580773544303 0.9190023284268691 0.5000551458132165 0.4994015985262087 0.5000296661715438 0.5006626813333384 0.5004358438413339 0.6995884213012015 0.5002238250417258 0.4983287745789554 0.4994421852288278 0.5004125664089454 
0.0 1.0 0.5000272453087111 0.5010410896368053 0.4988593223526181 0.49887170181381746 0.49965403736275305 0.6989733902514775 0.5002298317050466 0.4984528141127676 0.49862343796591124 0.4992939251945519 
0.2176977026624875 0.9744361596754417 0.4987822837492096 0.4985778223896409 0.49980555176986985 0.5008081445733701 0.49998863946785915 0.5984324506251557 0.5008212127749609 0.502028187609683 0.4994602542743475 0.4991545163617006 
0.0 0.07029327170403438 0.5002290560550671 0.4999450177501854 0.4995413628979885 0.49958240535622284 0.49874249470007004 0.5973111666192401 0.4999738675620766 0.5009189752311501 0.49998384293479003 0.5004137602235814 
0.09346546070808033 0.9369145773251741 0.4996806877594798 0.49854765964495257 0.5005010421152818 0.5008052616500434 0.4995803630848779 0.5994329713861648 0.5012777879008075 0.4972117718842428 0.49871538805912863 0.5002268334762245 
0.02300785892497424 0.7391949639785245 0.5002943240409828 0.4995356967908318 0.4995464473111449 0.500451801488762 0.499685599293315 0.6995533156536726 0.5008159870259707 0.49901302321402763 0.4991713606932533 0.4995940083365159 
0.0 0.0 0.5030072575933386 0.5013141513964465 0.49876897619437405 0.4974589579836617 0.4981475085754109 0.5987622603366706 0.49915022859824276 0.49947971265435537 0.5000815327869902 0.5008079287294648 
0.11868272644802363 0.323411028799782 0.4999908710418107 0.4991056387996855 0.49974352155224766 0.5005815267135527 0.49794942683422755 0.6004001761801877 0.5017256203259677 0.4998876494351083 0.5008190504255888 0.5008486041170142 
1.0 1.0 0.49625178873060616 0.5000901661350512 0.4992929798199854 0.5058931568298425 0.4989548637571226 0.8909169405933376 0.503365885822016 0.4989588334134677 0.49935023033094567 0.4947102660891087 
0.5775481821907856 0.4478941241573933 0.4988963907419152 0.5000915343805427 0.49919959160239236 0.5023836809014107 0.4988365233452412 0.6000497751880258 0.5027787674303986 0.499906772471161 0.4991352368659313 0.500064597191614 
0.007293858889813326 0.04765179295782337 0.5024546966718385 0.4998094373353176 0.4987318618616023 0.49910269863698875 0.49809349633091005 0.5987874497576657 0.500410378915406 0.5001191197823824 0.4994561677620808 0.5002223315540072 
0.12496302173179821 0.28918856537298254 0.5011817004776324 0.4998175980718895 0.49907248164528295 0.5003935272177726 0.497844930271862 0.5992411882617863 0.5013207732331564 0.4998514399203819 0.49878531609826093 0.5002538891023769 
0.32488821376953875 0.8380046568537382 0.49939075764853597 0.49896101194473325 0.500184704990837 0.5008481020007999 0.5002438491478581 0.6994861070610858 0.5002257780767416 0.49947444239051386 0.49997484778306633 0.5002307128635127 
0.5 0.41876928757496357 0.49970239212743617 0.5003911609201339 0.4992988631100815 0.5022848564860387 0.49873331079757965 0.5982175864923309 0.5021973442543203 0.4992688554081335 0.49920911863903683 0.5000525531106861 
0.005146547793954787 0.9827324058348565 0.5003949574203288 0.5004419668787026 0.49886430035755647 0.4991558743487108 0.4998749025870327 0.6988150232124428 0.5004085586478677 0.49877546696381136 0.49820815668138246 0.4992281153037681 
0.14780981045820302 0.16069314435609305 0.5003604153055503 0.4998149043337883 0.49922651601281726 0.5003119092363721 0.499148034411009 0.6999184912844911 0.5009844973835285 0.5004476940089928 0.49959186352338847 0.5008156069661907 
0.0074503629322343725 0.39442271443687127 0.5003160066891855 0.49991517745265146 0.49877938434107105 0.49990343514595864 0.49939691133730013 0.6997987047359833 0.49989790175483784 0.4995295330776223 0.49977255908172613 0.4996192322191834 
1.0 0.9781257463547336 0.4973910971301962 0.49920632670178494 0.49908109546897095 0.5043252666281541 0.49833755472206925 0.6998887393008417 0.5032169978782091 0.4990111028882952 0.6054069355375709 0.49577361803845704 
0.09503428395273185 0.13801104003794046 0.5014551254107296 0.49961139902485474 0.49913381760307163 0.5003420202491405 0.4976689403608477 0.5988556600149991 0.5009661399117901 0.500091815966468 0.4995060944816982 0.5007980525970993 
0.015331879462084197 0.9635745325095242 0.4985249723343251 0.4989848367303372 0.49991508245047434 0.5004244239864308 0.5002875984173486 0.5991936260807506 0.5017821527276302 0.4996831214428296 0.49955790579782955 0.5004144951486695 
0.022854659590843315 0.06151912082751054 0.500073522582762 0.49960313463514805 0.4990010466631722 0.4995589798108714 0.4980992665555334 0.5979581096823632 0.5002979679953186 0.4999493934942208 0.4997017068595208 0.5016775022029387 
0.38461697963268743 0.7794858743336399 0.49959212022795424 0.49782688694729416 0.5007550499392924 0.5011793737621442 0.4995733523775879 0.5981287223443446 0.5014474309661356 0.49772709428661355 0.49940712726448655 0.5008882959872664 
1.0 1.0 0.4960803477827777 0.49810878501665057 0.4993385941007724 0.5050554831291306 0.4972908089020295 0.698808205353981 0.5038002828063941 0.5014272449901624 0.5080375997600999 0.49614940702939414 
0.0 0.02380674172295344 0.5024979966291119 0.4998971151161331 0.49879234133846373 0.49907676017181934 0.4981438559542757 0.5986951885025371 0.5001593595670597 0.4997969488742179 0.49951869302827656 0.5019775820582066 
0.5 0.41876928757496357 0.49970239212743617 0.5003911609201339 0.4992988631100815 0.5022848564860387 0.49873331079757965 0.5982175864923309 0.5021973442543203 0.4992688554081335 0.49920911863903683 0.5000525531106861 
0.10152635902300224 0.45438397238632955 0.4997724658509105 0.4997919911820914 0.4992600213860664 0.49979962163999553 0.49819687601671614 0.6028153353441164 0.5007703310928335 0.5004965966877286 0.4993927683048705 0.5002184193493904 
0.1292113025565287 0.5029131138752075 0.49914122356987506 0.49944670850720796 0.4993656725185386 0.4997361468711562 0.5032855982489202 0.6012176009769623 0.5013176902732774 0.4999391790070198 0.4994653239571264 0.5000693595779145 
0.7342755755433925 0.7993543616980182 0.500682732519963 0.4975819551965568 0.4982755010537316 0.5019358690996026 0.500205825528945 0.7000526070286597 0.5022717485461206 0.49848531484716535 0.4992142802146683 0.49781825293677306 
0.9227853230808851 0.7628269945225108 0.5000469467720933 0.4987848284546623 0.4992103129683862 0.5039360797038572 0.4991284143650643 0.7000513235373769 0.5020233604769966 0.49878113062492296 0.6009232717757478 0.4973622446168485 
0.01278315080006687 0.0 0.5018685596504207 0.50001658723117 0.4983103661373057 0.49985393321203847 0.49790818116000723 0.5987446389901665 0.5006518704063676 0.499533322337923 0.4989053830961319 0.5018480099602693 
0.9705161020058772 0.9269131182698367 0.49794409986248905 0.4983678494300363 0.4996084085450384 0.5045805069670142 0.4989764579219018 0.6979330521374505 0.5033602622559392 0.49910377776359716 0.5001493810249302 0.4970654188622087 
0.1921779222628718 0.9691716781254813 0.5009022436211502 0.4995544427500599 0.5002750857723897 0.5003340497281612 0.4996762912326073 0.5990609321629488 0.5005824956589642 0.49755014352932103 0.49899943695867915 0.5002698951213099 
0.1192480778661875 0.957230064686222 0.5002153293856195 0.4989752216326337 0.4999414367715647 0.5006217281681248 0.5001848872312915 0.598696025772145 0.5010618211888358 0.4982943687828324 0.4994072648516221 0.5002030511238916 
0.10684127917009198 0.9624550339858601 0.500525231607284 0.4995563586919629 0.4998326814368739 0.4999202842208048 0.49948272074676453 0.7004466410281968 0.5003921587695135 0.49989460071297465 0.49921843353941076 0.49966953067323316 
0.25252242734652447 1.0 0.5004023895117722 0.49911900149375815 0.49998910955218195 0.5005709163509797 0.5003678307653605 0.6998335793413658 0.5005412302873307 0.4987491855657716 0.499215426869636 0.5001534892271073 
0.02300785892497424 0.7391949639785245 0.5002943240409828 0.4995356967908318 0.4995464473111449 0.500451801488762 0.499685599293315 0.6995533156536726 0.5008159870259707 0.49901302321402763 0.4991713606932533 0.4995940083365159 
0.9908005803968487 0.9334914378893122 0.497778992339888 0.49902090250250286 0.4993618148720944 0.5046205023238698 0.49870777331748306 0.699467524789014 0.5040309228742843 0.4993735336413135 0.4994319448163078 0.49619843212143383 
0.05628656176018111 0.7842527411221419 0.49934765084101923 0.4994841827018109 0.4998063071753288 0.500015427654404 0.5000430947525344 0.7000994451852502 0.5004204915343002 0.499716165142429 0.5000724437730522 0.49998328650418045 
0.22526995224833735 0.3884991149537536 0.5002910334933136 0.4992721699791349 0.4992830947561855 0.5002537938393932 0.49840797721132196 0.6002800307321227 0.5010619856293316 0.4997176924657603 0.4998773142658246 0.49998669649615085 
0.09870577551419747 0.059945898980470314 0.5015152307099155 0.4996949005949616 0.4989004985563656 0.5003566122394729 0.49788463284904266 0.5988747939128076 0.5006510135826555 0.5002366575975918 0.49980081283761213 0.5008606035837626 
0.2311878955406093 1.0 0.4991484430210182 0.4985054331172051 0.499843803896345 0.5010406039747644 0.5001078521675395 0.5983751627314148 0.501343893385205 0.5017961894972527 0.49952166082139543 0.4995033761592806 
0.9124660791800485 0.8894655660975483 0.49759591888377674 0.4978270137825004 0.49963193471916295 0.5054799708134418 0.5007894733908429 0.6984534927037512 0.5034623228195975 0.5005270250076923 0.4989283616748418 0.4971006334546966 
1.0 1.0 0.49629056295607304 0.49956605069494053 0.5027381292096844 0.5046068745950077 0.5028758040882368 0.6994048408334366 0.6957044827304163 0.4996163828738646 0.49922300308281065 0.4962325204463191 
0.8438362407323574 0.6894720870431748 0.5006769525213761 0.4982394682329573 0.49935741496781505 0.5019272371166226 0.49880167831193695 0.6997176786977919 0.5021559680691594 0.500060877713613 0.49936904658937875 0.4983733656328495 
0.13322924132927594 0.9673059629201622 0.5001098198588751 0.499364574076819 0.5001550846650845 0.5003641744809177 0.49988006029418774 0.5991051634688827 0.5009823813485195 0.4982611361671572 0.49918559323839595 0.5003180951304298 
0.003646929444906663 0.03654181946692053 0.5023801129271215 0.49987763101926314 0.4987992525380084 0.49923253393881256 0.49802757784926244 0.5985281101974503 0.5004217179967132 0.49994163064142705 0.49940657002916555 0.5007322133520311 
0.21488020768720673 0.0764277607138508 0.5016599830106258 0.4992473557377992 0.49912080751471755 0.5003556953513131 0.49794498401462794 0.5988377055726971 0.5006061980932293 0.5000085248305545 0.5006265424098131 0.5010753540803972 
0.10684127917009198 0.9624550339858601 0.500525231607284 0.4995563586919629 0.4998326814368739 0.4999202842208048 0.49948272074676453 0.7004466410281968 0.5003921587695135 0.49989460071297465 0.49921843353941076 0.49966953067323316 
0.24727360108409907 0.47105278184881405 0.5017602133028045 0.499283923525808 0.4994474910213901 0.501128504629234 0.4980226592056621 0.5985641465449147 0.500427427200453 0.49909981455288255 0.4993651694275155 0.4998129507589292 
0.0018234647224533314 0.01863540167951952 0.5026732586029842 0.4997383449852129 0.4988968990551831 0.49985044121749844 0.4980290352542838 0.5977709547003134 0.5007117903466358 0.4995995837217991 0.4989198640891465 0.5014125677441157 
0.035506303798444334 0.43513693077047727 0.5005971695530491 0.49953041406661214 0.49939813768477437 0.49972979300769993 0.49919704766097217 0.5991555188065483 0.5007812610581688 0.49947834574091976 0.4991262194069906 0.5018839031115401 
0.1834117308755403 0.9403666625134611 0.49935484110944084 0.4991031555020466 0.5000184790899387 0.5009247927137288 0.5001677512938031 0.5989583116243451 0.501514801529243 0.4989833195633955 0.4995110732372041 0.500250275357316 
0.10293111839877683 0.18129265892366794 0.5012973654146908 0.499516391784713 0.4992145361242616 0.5003629381638057 0.4976245571494813 0.5988106889515283 0.5010951338225451 0.500024806515134 0.4995022177624344 0.5008707306667439 
0.44650112104358897 0.6928952264790367 0.5002986600097297 0.4973421820622389 0.5003703119596825 0.5016481981791022 0.4990380949484401 0.5985472902903416 0.5018217774959929 0.4986102002399443 0.4990647691876207 0.5004601749885653 
0.43814669805088163 0.8775657390956503 0.5014047817970798 0.4997911998343715 0.4997493227840334 0.5011085570558391 0.5013084435722406 0.5987957508527522 0.5020149325559138 0.4981415315575328 0.4996000845913966 0.49786672023201434 
0.022854659590843315 0.05774978013622657 0.5000041044179435 0.4995933792591123 0.499027641333866 0.49951351136317546 0.49815233127792446 0.5980540230269518 0.5003412902542849 0.500045634695099 0.499565112623244 0.5016604125384937 
0.0 0.0 0.4980329144182438 0.5009371536866707 0.500768183497692 0.4977866942727963 0.49826812878760296 0.5989649254195677 0.49749821811392403 0.49820796027285463 0.49916440720719796 0.5028760939548036 
0.19741155102839494 0.0 0.5002519371682648 0.49976811703286855 0.49879162173917935 0.5010914605378181 0.49763223121267985 0.5993448510563024 0.501420378551965 0.5010903756121965 0.4998687295137391 0.5009569595839237 
0.1192480778661875 0.957230064686222 0.5002153293856195 0.4989752216326337 0.4999414367715647 0.5006217281681248 0.5001848872312915 0.598696025772145 0.5010618211888358 0.4982943687828324 0.4994072648516221 0.5002030511238916 
0.19360848055776336 0.9487558926524764 0.49933235952468835 0.4990565316559249 0.500043708639926 0.5009662521386498 0.5001811635111466 0.5989263457298007 0.5015206345192529 0.4990152530123598 0.49951664435386967 0.5002531376282844 
0.14197256726045426 0.8750307257742689 0.498896589637966 0.49877419206673823 0.4995037238372074 0.501164837848886 0.4999591415267097 0.5991128157044106 0.5012849390119922 0.49957416390467546 0.4992742044031606 0.4991124487013634 
0.3318901820004024 0.6313744637355456 0.5000984957606087 0.49868089374652064 0.49962611624751785 0.5013818153901881 0.4996295966916847 0.6991956485297537 0.5009519064089483 0.5002933992852329 0.49978467335157845 0.49952821610302023 
0.13169061122556552 0.3067326676084245 0.5004405924385519 0.49960008028693303 0.49919896931068897 0.5001299388934694 0.49830586600299065 0.600306301301835 0.5011915710637711 0.4999823506597583 0.49966062600454686 0.5003105785349109 
0.0029198909021293344 0.0 0.4992654380791025 0.4995922905469361 0.49885647670076 0.499359691898538 0.4980793383234823 0.5977830572954457 0.5005693630512785 0.4999109464780661 0.4991138476932008 0.5017505842250582 
0.8438362407323574 0.6894720870431748 0.5006769525213761 0.4982394682329573 0.49935741496781505 0.5019272371166226 0.49880167831193695 0.6997176786977919 0.5021559680691594 0.500060877713613 0.49936904658937875 0.4983733656328495 
0.0084498262618519 0.0 0.5018576668873285 0.49998212725030156 0.4983758286059959 0.49971079125701157 0.49801267407042604 0.5987660671514164 0.5005012933780402 0.49949665465087345 0.4992105830269576 0.5017035486533634 
0.04099736251262125 0.0 0.5023029085356279 0.49940098038146125 0.49946145240318673 0.5001664059395443 0.49874669724324716 0.6990503804114891 0.5001400309119346 0.49979144148176746 0.5001977364961903 0.5027200167827008 
0.044722543978738434 0.2562123836203959 0.5003368264391701 0.5001667183978689 0.4990497214251874 0.4997615095001755 0.49939068462402747 0.6999577537143458 0.49954656526139984 0.49964068995136257 0.4999824836853156 0.49996667551741847 
0.0 0.02380674172295344 0.5024979966291119 0.4998971151161331 0.49879234133846373 0.49907676017181934 0.4981438559542757 0.5986951885025371 0.5001593595670597 0.4997969488742179 0.49951869302827656 0.5019775820582066 
0.1576569794168191 0.9505424958466118 0.5000513824270203 0.4993267414032625 0.5002296260318801 0.5008977775431473 0.5000353810744562 0.5992845606726994 0.5014239435882313 0.4967483220798182 0.4989493843733179 0.5006466782136737 
0.0 1.0 0.5014286146271963 0.49974693594856945 0.4996533874810817 0.49850334971455484 0.4992469006132884 0.701492734910732 0.5005587980144113 0.49991200495505117 0.49808867619006014 0.49869727486350396 
0.22526995224833735 0.3884991149537536 0.5002910334933136 0.4992721699791349 0.4992830947561855 0.5002537938393932 0.49840797721132196 0.6002800307321227 0.5010619856293316 0.4997176924657603 0.4998773142658246 0.49998669649615085 
0.032108211746756536 0.0 0.4984851147706517 0.49924932451356 0.5000697450239393 0.49954236725083667 0.49913286089493325 0.6994107047223409 0.5010806997669648 0.5003450342676576 0.499560525643445 0.5009656436868789 
0.0 1.0 0.502261278737064 0.5002438918201675 0.5002340464475914 0.49902082425714134 0.5003268899379719 0.6000334438049542 0.5005282426491 0.498867195470461 0.499139959372917 0.4989552091047661 
1.3945130438427957E-4 0.0 0.4997738675510392 0.4996503904591987 0.5008014060887364 0.4993663137841698 0.5003758404852847 0.8005896266380297 0.5007403030901796 0.49899595330700186 0.49962199608873015 0.5009508214962936 
3.8640025017227294E-4 0.0 0.5038923202024812 0.49932151307616 0.49919225793474475 0.49835277327818384 0.4980609741380934 0.5981974050002906 0.5005268266393574 0.49992768446486013 0.49912954397678855 0.5992624248730937 
0.05481100086617925 0.08527294403279922 0.501766891568483 0.49965968489828627 0.49887808612764756 0.4996952133762384 0.49789785783819085 0.5990380188390012 0.5009248180118927 0.500390383388645 0.4994194036147338 0.5004282974082239 
0.16083358274364637 0.524376295556842 0.502244259945539 0.5004706525033249 0.49834105067982715 0.49963982393952094 0.49893382905034434 0.6000761332018204 0.5009209014125372 0.49821788989697285 0.4987042725117473 0.5001220335124712 
0.09503428395273185 0.13801104003794046 0.5014551254107296 0.49961139902485474 0.49913381760307163 0.5003420202491405 0.4976689403608477 0.5988556600149991 0.5009661399117901 0.500091815966468 0.4995060944816982 0.5007980525970993 
0.031077384770989352 0.15122347904009517 0.4992395406738578 0.5003435645770893 0.4998032299712839 0.49877652978905673 0.4989963585110556 0.699756519522682 0.49917349003503575 0.49948548171858664 0.4995032745324737 0.5008699524033657 
0.0 1.0 0.49977369897352464 0.5012581637340914 0.498802404924392 0.49855991501010866 0.49948857761121945 0.6988288804908939 0.49985250431602823 0.4983747055996738 0.49854005675795376 0.49940592151452684 
0.0018234647224533314 0.01863540167951952 0.5026732586029842 0.4997383449852129 0.4988968990551831 0.49985044121749844 0.4980290352542838 0.5977709547003134 0.5007117903466358 0.4995995837217991 0.4989198640891465 0.5014125677441157 
0.313210053137532 0.761834706292732 0.5003415429242384 0.5008977298767658 0.49882994053996943 0.5005599581157596 0.49956796249789537 0.5991347613690016 0.5020990263578506 0.49869272987361934 0.49965961885646826 0.49966296798007126 
1.0 0.9781257463547336 0.4973910971301962 0.49920632670178494 0.49908109546897095 0.5043252666281541 0.49833755472206925 0.6998887393008417 0.5032169978782091 0.4990111028882952 0.6054069355375709 0.49577361803845704 
0.05481100086617925 0.08527294403279922 0.501766891568483 0.49965968489828627 0.49887808612764756 0.4996952133762384 0.49789785783819085 0.5990380188390012 0.5009248180118927 0.500390383388645 0.4994194036147338 0.5004282974082239 
0.18951841719634951 1.0 0.4989299403750416 0.4989368051228751 0.4996992735626025 0.5013108665208833 0.5006339847554955 0.5990832451244339 0.5013257445170041 0.4995129834534808 0.4992192456544617 0.4986553061463703 
1.0 0.9383780192171733 0.4958571489360257 0.4993260340014206 0.4998836849634608 0.5058707512594016 0.5007117486146494 0.6980526274516929 0.5044413844691242 0.5005635836530131 0.49999201518552716 0.49620218927624277 
0.0 0.022287863586889098 0.49933965510233563 0.4994481908940356 0.4988833945473296 0.4994783772848571 0.49817144281889814 0.5983155164244607 0.5006715810256502 0.5007717335585606 0.4990921292190793 0.5021655207791249 
0.01333768099360752 1.0 0.5019097588536846 0.49996653615586384 0.4997531203229012 0.50066597071632 0.499702442917461 0.70015663670061 0.4999161809007678 0.49840672248547097 0.5000856763339121 0.4999056341583955 
0.001485724121044339 0.010356208955315322 0.5001070758995045 0.5005958511322943 0.4993758247632333 0.49848096801689906 0.49888116122286563 0.7005034260709517 0.5003792062865481 0.4998666670295243 0.4989117499237159 0.5008854544773838 
0.09346546070808033 0.9369145773251741 0.4996806877594798 0.49854765964495257 0.5005010421152818 0.5008052616500434 0.4995803630848779 0.5994329713861648 0.5012777879008075 0.4972117718842428 0.49871538805912863 0.5002268334762245 
1.0 1.0 0.4973563880477869 0.49920144901376706 0.49909439280431783 0.5043025324043062 0.4983640870832648 0.699936695973136 0.5032386590076923 0.4990592234887343 0.6053386384194325 0.49576507320623453 
0.09571918522477547 0.9511935083419698 0.5004380363039584 0.4996067200417715 0.500130571011268 0.5001681484769089 0.4998226670097007 0.5992547612736152 0.5010441271594342 0.4981913826562133 0.4998159838993842 0.5004438975620236 
1.0 0.9342948646644095 0.4971640697071593 0.4956809797650114 0.49638925162572933 0.5061565255599791 0.49875344021249846 0.6974552082557604 0.5038877766600014 0.5001498222684889 0.5005227924434004 0.4959885560141215 
0.8569979759571918 0.5871334546102231 0.5017242717243758 0.4973383827049437 0.49966915249287114 0.504294676319696 0.49886297241753264 0.6990026271282969 0.5012478626182864 0.5006042510316872 0.4993067639385362 0.49907410606586144 
0.8263365899290784 0.7892349302092065 0.49873397745520137 0.49847134365408163 0.49956388406291236 0.5025007356392707 0.49927934047056166 0.6994370070629015 0.5024624924374038 0.49918208475026493 0.4994277891536383 0.4975284781314182 
0.14122040873232855 0.975926982287867 0.5009808896944216 0.4996167258135473 0.49961778730709605 0.5000404006351196 0.4995023232609601 0.6993221607121116 0.500383523181298 0.49935824120659056 0.49890354371955026 0.49925997574688175 
0.02943054896092031 0.577754446764311 0.5002494200481845 0.49994286108043123 0.4993592642506739 0.4993146343907653 0.4993441768684207 0.6998338846956174 0.49981790844642776 0.4997241515045632 0.5005875249471005 0.5005459169627827 
0.1602690935196167 0.9302197605214249 0.49926669041451077 0.4987745134746996 0.49966648973633576 0.5010014038128829 0.5002106148175794 0.5988731839546891 0.5014864434992594 0.4995476043454766 0.4990903123212458 0.49961087109785957 
0.13322924132927594 0.9673059629201622 0.5001098198588751 0.499364574076819 0.5001550846650845 0.5003641744809177 0.49988006029418774 0.5991051634688827 0.5009823813485195 0.4982611361671572 0.49918559323839595 0.5003180951304298 
0.044484273150440845 0.16742250482139642 0.49990726809503383 0.4997068539277155 0.49934995657837733 0.5000869259363703 0.498921772414213 0.7000212506521262 0.5006120685371171 0.5008211846042898 0.4998522460498621 0.5015344788378163 
0.10293111839877683 0.18129265892366794 0.5012973654146908 0.499516391784713 0.4992145361242616 0.5003629381638057 0.4976245571494813 0.5988106889515283 0.5010951338225451 0.500024806515134 0.4995022177624344 0.5008707306667439 
0.0 0.0016059494971060184 0.5019199670034178 0.4996327549945827 0.49961753215245763 0.499540840260147 0.4990978281136683 0.6989529365754055 0.5005844511579737 0.4988130863554563 0.49943049893449587 0.5024477738696287 
0.3469045028226655 0.8685012527901851 0.50020037220735 0.49951419543738723 0.5000942175987089 0.501390390256945 0.5000777596037601 0.6996512863944826 0.5008183554506493 0.4982822395802333 0.499448199023808 0.49924095759366116 
0.0 0.14530062609792918 0.5022357908940192 0.49985616745843586 0.4988423771421497 0.4989730802464376 0.4982368919554475 0.5988026298245528 0.5002497547906237 0.4999384521359931 0.4997339378558578 0.5022816379452522 
0.022854659590843315 0.014001272845693857 0.500073522582762 0.49960313463514805 0.4990010466631722 0.4995589798108714 0.4980992665555334 0.5979581096823632 0.5002979679953186 0.4999493934942208 0.4997017068595208 0.5016775022029387 
0.1315662269790075 0.25968330934277073 0.501227611692842 0.5002512574141937 0.4991885030023914 0.5003504785051003 0.49950037245743034 0.7000578013474137 0.4997723431797369 0.5001623634853345 0.5001722932855412 0.4998174676848174 
0.021388972814405355 1.0 0.5006658519334617 0.49864860569092606 0.4998098313106123 0.4993058654916137 0.49961523153139165 0.7005624149110453 0.5006907662297658 0.5009688633973962 0.49891317006646835 0.4997969812014539 
0.0 1.0 0.49880789163186934 0.49862162920086733 0.5005080187657213 0.4999008554535452 0.4995860827220046 0.8002905307969757 0.4994169933645511 0.5004535440662414 0.4997325212475384 0.49924799696351335 
0.2176977026624875 0.9744361596754417 0.4987822837492096 0.4985778223896409 0.49980555176986985 0.5008081445733701 0.49998863946785915 0.5984324506251557 0.5008212127749609 0.502028187609683 0.4994602542743475 0.4991545163617006 
0.8569979759571918 0.5871334546102231 0.5017242717243758 0.4973383827049437 0.49966915249287114 0.504294676319696 0.49886297241753264 0.6990026271282969 0.5012478626182864 0.5006042510316872 0.4993067639385362 0.49907410606586144 
0.11066978885561862 0.8699889033245117 0.499351356780469 0.5000228638375737 0.49891825777363646 0.4996984085352685 0.4999622372473287 0.5981419278245359 0.5011515201945407 0.5001697164839388 0.49950308647044295 0.4998488501915118 
0.1029863044740669 0.375270681204238 0.49980625005200263 0.49954737511631053 0.49925237814353995 0.49982126963432655 0.49820289476266083 0.6005372513970152 0.5010759807865319 0.5000609211117086 0.4993919349149658 0.5002404185393642 
0.16641204428089745 0.9062461864242304 0.4993534555895426 0.49867624889185624 0.49980257589227856 0.501164599993335 0.4999753367046747 0.5993006515971232 0.5016431924566034 0.4997806221317134 0.4996340042696333 0.4997775732506441 
0.06413685265790797 0.9204342393443796 0.5012893729726773 0.5004356950464991 0.49941372329094147 0.4999592981538307 0.5001363796127061 0.6999282925314319 0.5005441582962507 0.49946637780052827 0.5002600012980579 0.5002505060647746 
0.650421803221334 0.4562285288886356 0.4998902644678622 0.499837500552401 0.4992933264200542 0.5030481223960299 0.49874941493971414 0.597924180788425 0.5026073154842083 0.49920838140373797 0.4991214374272538 0.49986186289638335 
0.09503428395273185 0.13801104003794046 0.5014551254107296 0.49961139902485474 0.49913381760307163 0.5003420202491405 0.4976689403608477 0.5988556600149991 0.5009661399117901 0.500091815966468 0.4995060944816982 0.5007980525970993 
0.1998688280323611 0.8772167382524936 0.4999401849074727 0.49901510056382714 0.4999778381369667 0.5006304400801932 0.4998677966747155 0.6996115561974705 0.5001476129416631 0.5001640672802844 0.49978279517462015 0.49989019948133023 
0.13488798735330315 1.0 0.5012206033257861 0.499684363448743 0.49966098905911305 0.5003884640815027 0.5000029657296055 0.7002003368446839 0.5002582412004852 0.49832904895939417 0.49861164517962253 0.49986218239151725 
0.015331879462084197 0.9635745325095242 0.4985249723343251 0.4989848367303372 0.49991508245047434 0.5004244239864308 0.5002875984173486 0.5991936260807506 0.5017821527276302 0.4996831214428296 0.49955790579782955 0.5004144951486695 
0.056519166220239385 0.9465087888989507 0.49867540803007465 0.4989687009617796 0.49980549503419447 0.5004960071142528 0.500250666793935 0.5993168860960161 0.5015825183712124 0.4998242813908437 0.49964875355199756 0.5002834783099276 
0.005703415163933327 0.0055549867454514155 0.5003948747346256 0.4998502993390215 0.49878621232878373 0.49911046396828807 0.49772653930149546 0.5980484951394753 0.5014394441688999 0.5002185399668378 0.4994190791586116 0.5018886546822596 
0.0029198909021293344 0.0 0.4992654380791025 0.4995922905469361 0.49885647670076 0.499359691898538 0.4980793383234823 0.5977830572954457 0.5005693630512785 0.4999109464780661 0.4991138476932008 0.5017505842250582 
0.006018498180602955 0.0 0.501863240511551 0.5001481551339787 0.4980575823823017 0.4999955150043715 0.497899846232042 0.5988202584524998 0.5004813478612088 0.4993634952831266 0.4990964048344737 0.501302462374309 
0.05849864735346559 0.9869818852429189 0.5010370229125739 0.499850959298672 0.49969020572856054 0.5004062753062171 0.5000532852159372 0.6999086944807904 0.5002806502539611 0.5002174528291605 0.5003181006041135 0.49969063515573825 
0.33511864222485627 0.7942306106038773 0.49972286726610016 0.4986083251853523 0.4997386626943903 0.501138154361267 0.5002887475424926 0.6995583365846831 0.5006584282764989 0.4994275079040774 0.4998936813098706 0.4997456422995413 
0.003951844295390168 0.09826538371443022 0.501676597119056 0.49987989053294135 0.4986777651659762 0.5000467338539749 0.498262462776619 0.5989078626227811 0.5008815660637729 0.49888684098601055 0.4986912450037738 0.5013268584349388 
0.004501566318512644 0.9683515333064929 0.5004199719345368 0.5004891615060494 0.49862008512622125 0.4989557390432081 0.49956205105258733 0.6978419245196731 0.499574739726432 0.49899457319370505 0.49877042095823576 0.5005763643885762 
0.041708248539488735 0.9452738212519826 0.5004871159621155 0.4993659256309829 0.5005114363282077 0.5004373423545551 0.49946092036718026 0.7004951493403615 0.5006411602692042 0.4995095426590326 0.4990117724666851 0.5002125693726992 
0.13118640420355637 0.20471648020206085 0.5016697497265579 0.4994630449668682 0.4994810017527001 0.500688421458737 0.4975346338965436 0.5990863337407264 0.501335981844958 0.4997280449399489 0.49953860864273913 0.5007684795484095 
0.1602690935196167 0.9302197605214249 0.49926669041451077 0.4987745134746996 0.49966648973633576 0.5010014038128829 0.5002106148175794 0.5988731839546891 0.5014864434992594 0.4995476043454766 0.4990903123212458 0.49961087109785957 
0.11699729470693118 0.944034562100418 0.4996651243047731 0.49908040698500633 0.49991710806016876 0.5003664021274186 0.4998235302975189 0.5987074032263183 0.5009334062756653 0.4998127678360874 0.4995058700168035 0.5001845567333183 
0.1406653773173208 0.40513978499668446 0.5011311455935155 0.5001129710659457 0.4995253768027548 0.5003880540129033 0.4991728395923644 0.6996733281176439 0.5005558571565762 0.5001834991773614 0.49943536917145415 0.5000342880831317 
0.9410322040117545 0.8601739611790441 0.49827937231918584 0.4988009611621539 0.49995673391787365 0.5042272673146946 0.5019776645314356 0.6972147514717496 0.503047170708558 0.4985353428694506 0.5007416800986952 0.4980600042780726 
0.16641204428089745 0.9062461864242304 0.4993534555895426 0.49867624889185624 0.49980257589227856 0.501164599993335 0.4999753367046747 0.5993006515971232 0.5016431924566034 0.4997806221317134 0.4996340042696333 0.4997775732506441 
0.1998688280323611 0.8772167382524936 0.4999401849074727 0.49901510056382714 0.4999778381369667 0.5006304400801932 0.4998677966747155 0.6996115561974705 0.5001476129416631 0.5001640672802844 0.49978279517462015 0.49989019948133023 
1.0 1.0 0.4954618365103812 0.4993361134322171 0.49952267156927677 0.5058489107265953 0.4989174519539444 0.6991888808081825 0.5049519913402779 0.4993265727677912 0.49941952361668074 0.49499054920173907 
0.7052877929376475 0.6488053105799714 0.5006288510216743 0.49824938990775036 0.4990424138992246 0.5032809536846878 0.4989336015356692 0.6997105667893057 0.5006240998009452 0.5022129113159071 0.49920105888339594 0.498762427693451 
0.6241095991878995 0.9546878357495714 0.49971114705663666 0.49850937570213216 0.49983601861756083 0.5024955480784515 0.5007640651338532 0.6987793090486916 0.5015833578982991 0.49808647146516505 0.49978041877445883 0.49850029981633776 
0.33041679137182317 0.45155404593734577 0.5009733260364876 0.5004309067117294 0.4988199568949543 0.5009623402127799 0.498833569923962 0.5991468598470757 0.5015591228334287 0.4987433726525532 0.4989566955753921 0.5000872933115786 
0.14197256726045426 0.8750307257742689 0.498896589637966 0.49877419206673823 0.4995037238372074 0.501164837848886 0.4999591415267097 0.5991128157044106 0.5012849390119922 0.49957416390467546 0.4992742044031606 0.4991124487013634 
0.8455706461617702 0.5694024963355544 0.5013920470665719 0.4972657885224053 0.4995970290996029 0.5042771092805368 0.49887252818801947 0.6991333738270513 0.501413008003969 0.500967300463418 0.49907027223645384 0.49932666018617705 
