4.5034918722098135E-17 0.735476036902284 0.6832712260382414 
0.7102849744856449 0.7045293762462601 7.880214270540557E-52 
0.7108141511983461 5.386724357918293E-56 0.707722250997294 
0.5687555366797464 0.593112028121858 0.5813244914080914 
1.0001415425220956 3.7169269896490512E-16 4.316911662005348E-15 
6.125704981513571E-17 3.052589017875439E-48 1.0004035426015934 
6.125480687067693E-17 2.4086455594500624E-81 1.000366912538781 
7.7506563061793E-4 1.0003231796359773 7.402072278744961E-44 
6.126897538993436E-17 1.0005983020180547 4.5577898076419895E-34 
1.0001122454605913 1.3386926890703512E-27 9.588158648656224E-6 
0.7094124554404994 0.7095865509455329 1.6126272645382444E-60 
0.08139625845438785 0.6989445679491444 0.7303500218937796 
0.15406957633552074 0.22326804996441244 0.9717286411606059 
0.24501493707094188 0.9711875681169501 6.66251301943038E-38 
0.2773244442970716 0.6878450590129884 0.7046714606297628 
0.7108141511983461 5.386724357918293E-56 0.707722250997294 
0.9720270202048268 0.2384605433303356 2.3134090004870838E-15 
0.7049762950285549 0.7169127388522809 9.873504576030223E-42 
0.6910503256846638 0.275791130658446 0.6998630703577368 
1.0000719474494535 8.013100921216707E-8 1.0965357840424848E-29 
0.1378497673587236 0.8887995313393071 0.4527053600114383 
6.126309366167507E-17 1.0005022461060418 1.6172164807714227E-45 
1.0001098896396212 6.017782013194555E-28 1.6330491527387537E-8 
1.0002605917717735 6.86104666807963E-57 0.002058287106939251 
0.38271652282081675 0.5039428373800512 0.7831569813767265 
0.7892303127702449 0.3779029303750925 0.5045627351450682 
0.3166692275841187 0.9500612851003459 2.861085571450501E-52 
6.126868696728405E-17 1.0005935917187176 1.4632574527566267E-54 
1.0001122454605913 1.3386926890703512E-27 9.588158648656224E-6 
0.4485557442259199 4.242181727050056E-80 0.8948064767475004 
0.001033316849008419 1.000303784983075 6.715952882277548E-48 
0.9473085452595804 0.3258039484358751 2.607961429700273E-10 
0.37774055387314065 0.7932092618990962 0.5231303870227093 
0.7977170405598202 0.5075210612981702 0.37172025104290785 
0.5106079683906952 0.37744566473297547 0.787963907629904 
0.31761582667212335 2.0015297899864394E-43 0.9488724849695488 
6.124189207670999E-17 1.8285965304856019E-53 1.0001559979473098 
0.001555505781832128 1.0004819131850522 2.5731632400223103E-35 
6.125071838095686E-17 5.111187286268998E-46 1.0003001424345697 
6.124189207670999E-17 1.8285965304856019E-53 1.0001559979473098 
0.05217411634173831 0.4381111298055227 0.903714072146264 
0.5160727155981696 0.7859312815364061 0.37329449232564776 
0.8940563022225013 8.370528853984313E-34 0.45099948759739766 
0.08781757884036327 0.9468799884893672 0.31434145996236057 
0.446751773996025 0.8949254144869221 8.56024797025522E-53 
0.19099941360565414 0.29004802460191925 0.9433095613667828 
1.0001226823553224 2.3015469348271586E-29 3.90085111122432E-11 
0.8980286861742925 0.450363673891502 2.4562509273591654E-45 
0.001555505781832128 1.0004819131850522 2.5731632400223103E-35 
0.9536013171905418 4.153202338562022E-18 0.31023012575589953 
6.126330681786417E-17 0.0 1.0005057272107853 
1.0000719474494535 8.013100921216707E-8 1.0965357840424848E-29 
6.1286137778008E-17 1.0008785850855577 1.8674186580597115E-49 
6.126050965481069E-17 3.716113465863767E-40 1.0004600460714492 
6.126330681786417E-17 0.0 1.0005057272107853 
0.09208295109558844 0.9963807622909809 2.860834782078239E-34 
0.14173579316661683 0.9914887622044716 1.301500425779809E-31 
0.6314478436755582 0.43418589148540837 0.6515794602347222 
0.7859945393788914 0.6237546682144949 1.5550412936212173E-64 
0.8675400275055888 2.90079623163083E-61 0.4994764184640797 
0.9959201651247037 0.09541115925571486 1.688430720065455E-57 
0.97110829624879 1.2840699525306963E-23 0.2445348637100377 
0.39134992849224326 0.37277329057225334 0.8699049157803135 
0.5016485628733716 0.5148162824421374 0.7226514220044422 
0.9896689039369442 6.301161805430485E-24 0.14808994556388766 
0.05451536534071958 1.6168088974500375E-49 0.998940530951513 
0.242275560545667 0.9715937809433811 1.3499987666552635E-36 
0.22250967426772847 9.99868291290695E-72 0.9763076808217542 
5.964161827537361E-17 0.9740215434670376 0.2610843157522059 
0.8454327979243019 0.5348688678400383 2.7378481980149493E-27 
0.13064143975604753 0.6880276662970701 0.7341539713174805 
0.17762679005053653 0.9856829947432107 9.101376346946458E-28 
0.13987048417568132 4.775316999494135E-53 0.9907526611006495 
0.353996098648105 0.915912602683929 0.2593751572387577 
0.4552443109407445 0.6399203710764559 0.6399763887875914 
0.9306585380045674 0.3736380497080825 1.1227345608680377E-9 
0.048717248060212215 0.9992517102712708 7.125457178677754E-47 
0.29375777097343364 0.8322015044635557 0.518054738180603 
0.5248526984496394 0.8546763082794872 1.7419220549527997E-56 
0.8665692929629412 0.5097177433746495 2.705607943422507E-30 
0.07170006359694663 3.155975424646631E-45 0.9976236195853413 
0.36860871985834953 9.564656077529537E-52 0.9307395964520456 
0.5299108561000799 6.589848212788603E-19 0.8514004506987178 
0.7289417049261386 0.5145775571168631 0.4811519779202822 
0.5182180637857897 0.7235232978780908 0.5053371158831178 
0.9856436514627173 8.245330065020164E-45 0.17668778240403749 
0.09796418668399125 1.9568020778171338E-102 0.9959784683008387 
0.23532637985574195 0.9732508097119724 1.3691957626178902E-56 
0.06587360167888892 0.9982933617742289 4.380398909534456E-34 
0.37986971311182116 0.9265454455677743 5.060717252308421E-54 
0.8787759377612726 0.3850303315386675 0.35890362978329915 
0.1620424180863466 0.6924329355837787 0.722377700565397 
0.9232197395095182 1.2963143177857427E-86 0.39062170448065214 
0.1777945767023383 2.9786055716581433E-56 0.9846573028801678 
0.35909015890779067 0.6714355352298914 0.67815723851284 
0.6836693492680145 0.3684174782832014 0.6582853077057031 
0.1465238522270634 2.028508024847728E-33 0.9893044528406794 
0.39455940123249933 0.8655103973816715 0.3409247230913004 
0.49709769874413756 4.284470385493996E-37 0.870534854784367 
0.7110314941793072 3.4536919148886086E-107 0.7135122596723282 
0.24770730108969058 1.780977325540856E-58 0.9698998484358466 
0.29827330659437506 0.5135683926085378 0.8151722253028356 
0.2546209643717117 0.3640431893847887 0.905050672044839 
0.20938436956613898 0.8504741247089526 0.5080195114337498 
0.13955824897491886 0.9907364132032502 1.8511924847237116E-40 
0.6288554969744647 0.6993730281090701 0.38023770000064644 
0.9857375079478289 0.1806852684249464 3.225034140188608E-44 
0.04955281749283993 0.9280071451906229 0.3826993035132624 
0.7087890126535351 0.7103618227451639 8.952013661939697E-42 
0.9739178622473591 0.23621331591661066 4.233246224556489E-33 
0.030094754978343706 0.6657479288978305 0.7548820159822301 
0.1857212274773231 0.9206913033179814 0.36734768921845584 
0.968113614468224 0.2585598188637405 1.7424144951450784E-67 
0.05229963076795945 1.676871386488472E-44 0.9989875516982525 
0.9987515911996927 4.090781821156456E-30 0.06751853131860781 
0.8293109768400442 0.2925021964573176 0.514390209397185 
0.37660559920322395 9.90518308720537E-46 0.9281275165680265 
0.9069470583747149 0.2702263378594068 0.3733802240803362 
0.21767107615545866 0.48419353633123846 0.8663236742694471 
0.504740352436807 0.8647629162943365 5.55917217051957E-35 
0.7047070319949574 1.346100821865179E-129 0.713587323135546 
0.07181442068444777 0.9978868819571496 2.232098795895554E-33 
0.9949743878624999 1.632804600603371E-29 0.10765248083218364 
0.637194142389928 0.6352655890638673 0.471695451454352 
0.7305568095592329 0.6898860107278715 2.3030767378488294E-35 
0.09074489055613867 0.23120014323164548 0.9805632031079683 
0.9922933883142101 0.14625263948829006 2.6777423330728803E-37 
6.22237788181279E-5 0.3569564920378219 0.9469257172337767 
5.947453203306159E-17 0.971292818051214 0.27547596492874904 
0.7371781512362093 2.6101731665601184E-57 0.677046675784962 
0.97110829624879 1.2840699525306963E-23 0.2445348637100377 
0.6937162245913472 0.725249371502179 2.6955453494115913E-39 
0.6885224715444772 4.101457760960115E-104 0.7271474831448885 
0.920301921144255 0.4024768076023483 2.4884680604981824E-52 
0.04196777690663352 0.7096882221827875 0.7153220760673318 
1.3892925437880236E-17 0.22688869064211872 0.98295395879037 
0.0020664909235372578 1.000559323078611 1.2983324768139366E-52 
1.000111842760787 1.1926378028324405E-28 8.353328415015716E-10 
1.0000719474494535 8.013100921216707E-8 1.0965357840424848E-29 
0.9821487726807124 1.609352281066607E-46 0.19579048743623176 
6.126996502768755E-17 1.000614464029075 1.1942599024706986E-43 
0.7497193654949162 0.23583400887315387 0.6421041741676288 
6.128188027012764E-17 1.0008090547053154 6.773799045106469E-61 
0.9224390407726601 0.39135352736290113 7.100437707358633E-18 
6.125544049195198E-17 1.0003772603594834 7.893665253875978E-41 
0.38636797178362087 0.9253081123131258 1.143625702413816E-50 
0.11364746793572707 0.931299248115058 0.35794016464060563 
0.11635164503622307 0.8247815312322113 0.5681537925343708 
7.7506563061793E-4 1.0003231796359773 7.402072278744961E-44 
0.9766891966213027 0.2269984033475336 8.149480682371813E-23 
0.4683953087292081 0.43156081087692094 0.7959879446676785 
0.9208671765135736 4.0768363475634664E-20 0.3944834158236553 
1.000111842760787 1.1926378028324405E-28 8.353328415015716E-10 
0.26948218264020035 0.9639788198575191 2.579854887173257E-33 
0.6572806908929839 0.75752747799091 4.139654634383796E-64 
0.6000573762676867 0.3987496113040787 0.7095123113876685 
0.790946860379192 0.2634023059430356 0.5730069818961386 
0.07170006359694663 3.155975424646631E-45 0.9976236195853413 
0.0825220768021273 0.850054502148178 0.5343559619644368 
0.001033316849008419 1.000303784983075 6.715952882277548E-48 
0.4450748879914342 0.7997042933849874 0.4367793458116555 
0.8633030795448418 0.4511526193702716 0.333490566423458 
0.16382817237275382 0.9868743936054738 5.978975159811435E-42 
0.42999946742874173 0.9061101189789126 1.2809854952331786E-13 
1.0001909418155348 3.0384642903143776E-25 1.2094634525572105E-5 
0.5729102806734299 0.5203434329288384 0.6535556857131833 
0.03166688578219773 2.630968222211167E-21 1.0005717319922205 
0.30055447690251796 0.4451140751659135 0.8562733094161488 
0.9891866616890925 0.1644400785149955 4.535968209057125E-40 
0.7206428566841525 0.43158850197796894 0.5535302233285022 
0.13181343627652617 0.6130761309898028 0.7931210666082472 
0.26150042464718587 2.154994028469317E-74 0.9666821814226081 
0.16676366096845244 0.9867667828429286 1.7112481124598097E-44 
0.32830547005586747 8.375742595029873E-54 0.9454553391820844 
0.8333806999440458 0.5621392466079025 4.046726869245159E-42 
6.126050965481069E-17 3.716113465863767E-40 1.0004600460714492 
0.78223727434103 0.47159589869958235 0.43354442551738703 
0.3993168781490042 0.8035883329306702 0.48317980822530593 
0.44520840402781575 2.967860818042452E-41 0.8964629157291685 
0.2985408151790897 0.6240369112033269 0.7430582239866027 
0.10613871217284229 5.4382050752620344E-37 0.9951851163655175 
0.997485329877301 3.6574242789234014E-31 0.08007992287202596 
0.2743828823750084 0.3026625327411222 0.92223269045226 
0.5659053138554317 0.46133215858447196 0.7067534748922231 
0.6667258590513669 0.5644344559155303 0.49887363744906954 
3.387210674889937E-5 0.3886146623253744 0.9309531992575529 
0.2768860643907479 6.083875722819838E-44 0.9613116249752539 
0.9984486663611309 4.2953649999463627E-29 0.06644041253139271 
0.05673320988116155 3.3978499939897035E-55 0.9989813039534332 
0.5296332196350939 0.6484266914507876 0.5748181568711499 
0.1940008840902226 0.9816404625904895 1.9019546414911408E-34 
0.2315779518403673 0.8791871579837808 0.4487257070981948 
0.15492230249381372 0.9147708451054315 0.3943413205320029 
0.49242368896496613 0.8723900066016039 5.16214581683042E-56 
0.06676120549400198 1.6010239073683727E-65 0.998650723860669 
0.30229309538673277 0.8514944448387717 0.46413057181250933 
0.4433061860253438 3.426340901335045E-38 0.897244290489936 
0.6592012544803926 0.5240488268008242 0.5622072025358261 
0.4416725844681856 0.8580126988527556 0.3285718089796106 
0.1959272291944237 2.819741850148744E-84 0.9817833865692384 
6.124189207670999E-17 1.8285965304856019E-53 1.0001559979473098 
0.21327386154979264 0.2520202987341063 0.9616712579478413 
0.29650638836564935 0.922812750851316 0.34180127793269044 
0.9965828353025886 5.796504686829071E-52 0.0898132870480087 
0.7174650169832308 0.5447142884246428 0.4656180146052562 
6.052384893708692E-17 0.9884294635682057 0.1961709188149064 
0.41289047785881094 0.3501170115458157 0.851939614481632 
0.9354189678675474 3.621758273571983E-36 0.3574234157284313 
0.5230065763161119 0.5752809574339848 0.6509176119569011 
0.39867856584969313 0.7128900971550514 0.6091126278888032 
0.9585687832390081 0.2912941456700606 1.2915281190839794E-18 
0.45116241646060934 0.5639244184734008 0.7028202699922189 
0.0862781821098844 0.4884061916263039 0.8781952845225125 
0.5743401685270418 0.2435059219349896 0.813573579104671 
1.0001098896396212 6.017782013194555E-28 1.6330491527387537E-8 
0.7743643248717705 0.31172611922736587 0.5730066206516018 
0.353996098648105 0.915912602683929 0.2593751572387577 
0.32362601667440816 0.7654704804492402 0.5745593592379362 
0.45512967967589135 0.8976752312452312 9.57528813364362E-53 
0.402121697540213 0.61089713721642 0.6892746823113566 
0.5781561652237447 0.29986571174744353 0.7759317992144531 
0.6426834006895379 2.3545598626437207E-42 0.7743575440713946 
0.15954108073255732 2.1641447960333044E-39 0.9882123660152201 
0.9804166641111017 0.2125305050391892 8.894081997991956E-84 
0.45472517338147844 3.5473551727257552E-56 0.891681339736907 
0.8898507677314446 0.46500351052354844 2.88830246189557E-25 
0.9959201651247037 0.09541115925571486 1.688430720065455E-57 
0.0442698178417576 0.9790418231639845 0.23319995447775346 
6.126594602433581E-17 1.0005488287233764 5.570664194300573E-37 
0.7028940119454641 0.3798374222587025 0.6158427111356228 
0.9870585071092768 1.8478043549166733E-34 0.17285663553966954 
0.24451686968042732 0.5626520901107738 0.8042579682329416 
1.0002605917717735 6.86104666807963E-57 0.002058287106939251 
1.0000719474494535 8.013100921216707E-8 1.0965357840424848E-29 
0.9897275146914457 3.12265321209045E-35 0.1498404841119854 
0.41218331831145333 0.4715671357610704 0.797822104658422 
0.9433651025089583 0.34048266874029404 9.356485412778549E-33 
0.9167526432539648 0.4112556060794326 5.461225148330853E-28 
6.125934314900889E-17 1.000440995585993 4.579990443516309E-41 
0.9651454568786764 4.663211742115076E-31 0.2645503972586101 
0.33897161711838714 0.42407082291065556 0.8559311446747916 
0.12724986568207547 2.9648644455636388E-30 0.9924202771757504 
0.9624432324091466 9.929267808371124E-40 0.27749748350055703 
3.566573783191882E-17 0.5824657012413815 0.8248711945775612 
6.124189207670999E-17 1.8285965304856019E-53 1.0001559979473098 
0.3913335458681334 8.944635017279454E-31 0.9218544613423697 
0.07531961001808452 0.9978899887588537 1.537963443136729E-50 
0.9926194073473752 5.4754497094710185E-36 0.12647774021171418 
0.060737143456807724 0.9634790678452394 0.27717575974130204 
0.2046802925751293 1.6960304130400456E-36 0.9790050134751922 
0.28732056748710405 0.959425503224334 1.2634843787511211E-34 
6.126982010584518E-17 5.531427611037536E-79 1.0006120972757797 
0.28531987605203724 9.443243092864714E-84 0.9595690285261727 
0.16543853058552055 0.2749688476867983 0.9543506381536687 
0.060737143456807724 0.9634790678452394 0.27717575974130204 
0.567909487498607 0.8250445456860547 6.170747540499601E-43 
0.7636155964930266 0.6500692451431022 2.5292244852277963E-51 
0.3668806071121981 0.8665721803120835 0.391444631519942 
0.890793702261293 0.2268558400001834 0.4425271136316777 
0.864816890840333 0.4198235250650517 0.36105992849669416 
1.0001161517488835 5.256940288819484E-29 1.8264403166780913E-10 
0.15476172657513668 0.7703841543513972 0.6358416885552777 
0.9082940286826123 0.4242914500362656 1.2751318458434048E-110 
0.2981739176763547 3.853821627373496E-25 0.9561948524145709 
0.8741597032735281 0.32991565341117934 0.4093055445115823 
0.05755076102224102 0.9989258601750352 2.774566505086052E-48 
6.126690899904648E-17 1.0005645552938673 1.0128882896223356E-42 
0.45483569530262025 0.727405388859971 0.5471107820437747 
0.09241832321742653 4.708708002209022E-64 0.9962676086116614 
0.20641311007263252 0.9791102122713111 2.5138483255255382E-43 
0.619716987996011 0.3088911158626359 0.7453790040106107 
0.7857360038920238 0.6248977060231715 4.042667842222343E-45 
0.26789488938248035 0.9644565705307359 1.2973051703110722E-42 
0.3875664150512856 0.23032683945107366 0.9125009342880359 
0.804320875897979 0.4152945326063847 0.48694019386716886 
0.22497039881474745 0.7870342947378524 0.5881588732179508 
6.044062629941484E-17 0.9870703347527787 0.19774527109414383 
0.5657343575558217 0.7143344207001882 0.46895359933274855 
0.5669208045584258 0.6602218518180613 0.5339851478167849 
0.9654542539700661 0.2645867162241579 6.261504494430601E-28 
0.8495931100954717 3.536045960997022E-24 0.5341571309787 
0.9643752900763524 0.2752242888502654 1.954359659562693E-173 
0.07181442068444777 0.9978868819571496 2.232098795895554E-33 
0.1967758167478897 0.6253834480556664 0.7748466854861624 
0.8938612230625468 0.4575125559977781 1.3571706356957064E-65 
0.09208295109558844 0.9963807622909809 2.860834782078239E-34 
0.05647102204554954 0.8913937686761132 0.47080236898858113 
0.8496788122768746 0.2888296633222798 0.47985679962227057 
0.5805471702957058 0.81502170203527 1.0113117979079783E-52 
0.21868549245925673 0.9677497056822233 0.27243171477660894 
0.7977170405598202 0.5075210612981702 0.37172025104290785 
8.955727909170655E-18 0.1462581360667579 0.9956292492447322 
0.5160727155981696 0.7859312815364061 0.37329449232564776 
0.22897905359562795 0.7588746319144665 0.6332554131250443 
6.124189207670999E-17 1.8285965304856019E-53 1.0001559979473098 
0.24806770279457868 0.3857155762322652 0.8937524558935038 
0.04644681465612989 0.5148138085521149 0.8600954307250485 
0.3051934637451341 0.33265924628684035 0.9206068979286229 
0.5596959829456296 0.8339732617069613 5.269622030963463E-40 
0.1496487587697113 2.011130941504153E-66 0.9892776518288717 
