0.9932452525541826 1.0 0.46308353632745747 0.4813149332628171 0.5405644391018543 0.5053463946985404 0.4972171484095549 0.5072808353597359 0.4908625995948652 0.5026359183419933 0.4889540283811141 0.4882095130562522 
0.6073110791442453 0.9931069660927389 0.479197544766704 0.5189945015260431 0.554348415645056 0.4938468736685072 0.5154582382622086 0.5323018389875636 0.49516221517220294 0.473561690030338 0.5037438709953527 0.43078933559214705 
0.9930853227066981 0.3900805642641107 0.48331931465610556 0.49957420258924695 0.49459443716135265 0.49895936176570166 0.5106441882187547 0.47798269676375427 0.4729335682579655 0.47195278639781896 0.46861789273320525 0.45477751259023746 
0.9903546290805736 0.9931223798872152 0.5156480217204504 0.5796681111130313 0.5458917289924967 0.469547569774863 0.5420799367847872 0.48003416785816505 0.5168122417483366 0.513540954855561 0.48056743971450977 0.46597108399801823 
0.6046413245919562 0.699963387777269 0.4982056899497477 0.49443388123412857 0.5001612034246528 0.49542603009784647 0.5006743225041731 0.5059241009122704 0.5017277682280851 0.49463134273348114 0.5023723700983675 0.5078719875917023 
1.0 0.475746094118962 0.4913944459540812 0.5030034450348193 0.5089085499306062 0.49421086255699836 0.48984700138853965 0.5000474083386223 0.4943248822173297 0.49059688734560175 0.5067024486334379 0.49757001786116933 
1.0 0.4565511506546356 0.4982023238480656 0.4980186469742007 0.5017592983972048 0.491423292483973 0.49092648566726443 0.5006915100376137 0.498771234452555 0.49841708426750486 0.5073227697984324 0.5025959227069221 
0.34528381488611126 1.0 0.49722545045502087 0.510913749522604 0.5006648585083402 0.5013473490371374 0.4970762293810781 0.4940939480653791 0.49716476627378836 0.5033214971340016 0.5068136470087001 0.4946426038649593 
0.1443487229441666 1.0 0.4910804442809454 0.5086797960445393 0.4977355117490191 0.5026422953145584 0.4825392291086812 0.4969055575808818 0.4963213685006041 0.4943382113689974 0.49876057529778534 0.4984635609289579 
0.5602173631973687 0.7325732434512315 0.4968242166454266 0.49868039799396613 0.5046853582171414 0.4913861350056842 0.49811330697308864 0.4968273996862004 0.5023223047418202 0.49883416769839883 0.5027561646052161 0.5056045530111268 
0.913796337674052 0.9930869623314662 0.4882306559147799 0.47184248131345413 0.5079525264584119 0.4996181162364948 0.49056784746987064 0.4820041995182376 0.49876094063779985 0.5122578829854879 0.5030841002818163 0.5509798526655005 
0.99338360267988 0.9995434382798992 0.43909954686960917 0.4864049814920987 0.544762290679587 0.5148843425901238 0.49000771140795857 0.5028140300575886 0.4996527275121976 0.49560881144132274 0.5185222654808542 0.4842291775468723 
0.9978673061166383 0.9944694832465186 0.45478478110340465 0.47213634987111663 0.4825572828819267 0.5085801736691431 0.5013027730493127 0.5166228011793866 0.5345196021680245 0.46807391666431153 0.4781825744961797 0.4904217546431231 
0.9810480018710114 0.9983752436559835 0.46371655843341586 0.4847954431800922 0.452025251891453 0.48091722242673696 0.518066691490869 0.4610069854570577 0.4561871425146301 0.5260089831304952 0.5072218185766666 0.4617394466112901 
0.9926032388883179 0.9973215991530263 0.5039056634245985 0.5114771633940847 0.5454112344701425 0.4856748123080382 0.4683127211193514 0.5288704131315789 0.4878411312779281 0.4814538633668198 0.4156010087722563 0.48979726471355217 
0.9930851308669928 0.41840083877274914 0.47821460614694594 0.4764376300528747 0.48145240850837234 0.4766491336250127 0.5074013357886853 0.48884029906122717 0.4782228729697973 0.4954314961257083 0.4776479590825111 0.46618967928016974 
0.981336793978133 0.716251796525726 0.4833765319656496 0.49838713551313213 0.4850546603295574 0.49082497282218535 0.4743941963476239 0.4811061311279976 0.5027175160296492 0.5150843303869765 0.4891450867325268 0.4645288630165001 
0.9818609853452985 0.9932088838240665 0.48413949272660495 0.5005899186433475 0.4862639206462933 0.502246087450011 0.4739696927973922 0.45027593044014186 0.4960023301580104 0.5237143212251549 0.46314283071596957 0.47101490057792916 
0.9931549654906259 0.4590381009167322 0.4875050269423573 0.5077025277854827 0.4864086433687087 0.5015089526979136 0.5246241345887614 0.4806759407486931 0.4906728371871053 0.5038337840474054 0.472667443656123 0.4655709664093274 
0.4611732552775688 0.8710686275348433 0.4988150409056973 0.5016207446238709 0.49758476029309606 0.494934918375175 0.4921286732667821 0.4920230053967709 0.4995103082314136 0.5048512178306486 0.5030833163037272 0.4970256596081418 
0.9878651297096824 0.9990005908958692 0.45454332180367957 0.5056916028770695 0.5120126413673064 0.4396620167922163 0.4887912586470279 0.48214299228187363 0.49889496678998113 0.4773275839805732 0.5356823265471781 0.48392100676386945 
0.34528381488611126 1.0 0.49722545045502087 0.510913749522604 0.5006648585083402 0.5013473490371374 0.4970762293810781 0.4940939480653791 0.49716476627378836 0.5033214971340016 0.5068136470087001 0.4946426038649593 
0.5551489145141617 0.6785483379559489 0.49679274912905225 0.4988529867077858 0.5046005731325369 0.4924509450906204 0.4979913776350206 0.4946677696559683 0.5022624444941877 0.4974706952388534 0.5020699816465699 0.5049565548788862 
0.6438425894792876 0.5749312022168774 0.49615862453576687 0.5000948513992717 0.5021769969709293 0.49769415202459677 0.4987709442078233 0.4931382504297545 0.4969758207170798 0.4933834159906671 0.49318925149746684 0.5002616640078686 
0.9943578988496268 0.9945531796135305 0.559132651789491 0.4907245496171771 0.5683716059681154 0.5015648751225434 0.45581218039080745 0.6071160453099805 0.5145950957054733 0.48991967240984247 0.5445809949793226 0.4796897598824057 
0.9893123609135366 0.9874320736232484 0.5272997231714067 0.5411387679160846 0.5107269478394003 0.5395809677802188 0.49100119983378354 0.47619480594413466 0.507080441606399 0.5150886301396012 0.4301370216782934 0.43172823996376697 
0.3196123743646868 0.9977361767794068 0.5032383144926957 0.49996691709315055 0.5263255665395433 0.4866472809215967 0.5080398578916512 0.5144112278596557 0.5084303838539781 0.506349323241869 0.513078953476655 0.49555589162554037 
0.36867599910129367 0.9998621434422503 0.49443305561113426 0.5068648616525955 0.507613454066787 0.49872766044980144 0.493536986230772 0.49445788234949795 0.5028579991297362 0.5036129081877471 0.5053339945477997 0.4950894535990415 
0.5659129837115977 0.7269036587386724 0.4966958008150766 0.4990663126926326 0.5047025092820838 0.49138199518698955 0.4979628316044439 0.4967054929774184 0.5019081339375242 0.4988900028067935 0.5021169814833113 0.505087984415943 
0.9965044707083002 0.5630166444447646 0.4848019996385539 0.49302908987254945 0.4900867958800306 0.48686449802097054 0.4995468248676818 0.5001594564720985 0.48379432568866454 0.49608992725552525 0.5042424243911448 0.4887221806530897 
0.4013699064631545 1.0 0.4970682793016701 0.5090142286277515 0.5010718662665782 0.5016731561202556 0.4960696795025583 0.4929936136559478 0.49624005943141025 0.5043460907902765 0.5059907777385151 0.4936526470470757 
0.0 0.984583539817869 0.4875376906178195 0.5399764788605225 0.519667979839545 0.47625358944692964 0.5134703361622186 0.48848654161166327 0.5020843400919321 0.49948738677877125 0.4649909266080678 0.5328145180834571 
0.9895365682450374 0.996510936342094 0.5307039366788163 0.5363855237009713 0.45890508431037225 0.5399247681911378 0.5485330635022914 0.48448407699151963 0.5464818511907208 0.49383941259217745 0.4724090290170524 0.5134727149119974 
0.9860062687979849 0.9903823203758508 0.5086672314166261 0.5065810004437783 0.5125430643104308 0.4566462473693408 0.5016762653096702 0.44380523502559854 0.5188987087204477 0.5087635373714333 0.4886254898208685 0.449466839312234 
0.9944870018386193 0.9910854660249344 0.45908113467219025 0.5087009851970105 0.5270071295704097 0.5471846535542468 0.48509318936343415 0.5501060020150577 0.5112884621382507 0.47206351253230655 0.5492559232283383 0.44514576134837597 
0.9977316470091513 0.5338347454607124 0.5001513708730987 0.48700088329065 0.4985402695531037 0.5008247271655564 0.49442913075531325 0.4930789656110828 0.48046265248735764 0.4984679217613435 0.4775289911773426 0.5113349194455188 
1.0 0.5291826626544488 0.5076540329319955 0.5012985531035066 0.5019997860753989 0.5020150660998204 0.5034307149007402 0.5042952079597941 0.5031423837389019 0.4959080866072578 0.49605534721136724 0.4909652372751369 
0.271671062908283 1.0 0.5013741621492647 0.5108669556944028 0.508121534265733 0.49361350284716915 0.4862027149326691 0.4990012750975695 0.4978691789726848 0.5013466107791278 0.49694864341977263 0.4998415884719315 
1.0 0.4565511506546356 0.4982023238480656 0.4980186469742007 0.5017592983972048 0.491423292483973 0.49092648566726443 0.5006915100376137 0.498771234452555 0.49841708426750486 0.5073227697984324 0.5025959227069221 
1.0 0.5774803613875668 0.5075069174098465 0.5039176556389835 0.4974488482022605 0.4986341648137012 0.5126416948402186 0.4975428871334955 0.49639191718994696 0.5056808375047933 0.5110921876466501 0.5084711050487254 
0.9964541300020962 0.997932581215437 0.47717083458902787 0.53346804951711 0.5142600861626712 0.536914445549081 0.5014938866042071 0.4626795687385357 0.4662140512698575 0.46517338116570633 0.5223060946020995 0.4708759169523904 
0.9863167298899143 0.9954492285607658 0.4812492263637527 0.49741808109529506 0.49391892952889604 0.5095516410318466 0.431615436585586 0.5190305475524244 0.4476331882549349 0.5222116983750248 0.5783098413378237 0.5153622356588718 
0.9880421118018896 0.5758818804897474 0.49471699897697596 0.4957715379741132 0.4911178468841716 0.4514580302134944 0.5151429368516678 0.48131059132621573 0.5006394584140421 0.49969860077721057 0.49630336770160177 0.4847128260205377 
0.9845258101495429 0.9988682962536999 0.46861519448030875 0.5084641734547092 0.5181776724610875 0.49802309681463613 0.5091892169137578 0.4545744409777286 0.48228007991254784 0.46878738172928897 0.4967269311180514 0.4855527542804432 
0.5184585471290029 0.9964801505450156 0.49426179932433323 0.4983795653813383 0.5031876888869825 0.4879588818977407 0.5278708672713018 0.46969597695910326 0.5002227876657429 0.49360051175009434 0.5091893019716756 0.49349403332803543 
0.9974777538441757 0.9957060080141509 0.4949431287661107 0.48634365555300285 0.5552370605848731 0.48542000872341856 0.523620416755934 0.49259102201461646 0.4702595191305499 0.4890719811165997 0.5266574158504127 0.5136920204621171 
0.5551489145141617 0.6785483379559489 0.49679274912905225 0.4988529867077858 0.5046005731325369 0.4924509450906204 0.4979913776350206 0.4946677696559683 0.5022624444941877 0.4974706952388534 0.5020699816465699 0.5049565548788862 
0.15519417365919244 0.9878851189633775 0.4980987939271001 0.5015105870967655 0.5039970687257747 0.5198441164965081 0.5190973320041602 0.5099525870213456 0.5197581008020566 0.5154826282199545 0.5138539742447769 0.5249142938861084 
0.2121584990443331 1.0 0.49882927081862916 0.5104652421657514 0.5055249976863919 0.4980109250682393 0.4833930059706987 0.4984807272108599 0.49902214188384064 0.49822309686229715 0.4957464316187019 0.5002474409605835 
0.9842320172579203 0.5529859814644856 0.4961207426542073 0.4864054069915915 0.508452079658082 0.5080318787562123 0.5121699641143908 0.5038111737229478 0.4859844614250658 0.48881191162931653 0.4763593694185438 0.5348197116818114 
1.0 0.5407417951804094 0.5000332104561269 0.4974808984793703 0.4991577725015926 0.5020310322765315 0.49563103866607516 0.5131588164690503 0.4829690588997249 0.503806076062989 0.514055073963616 0.5076322435905701 
0.551387778909852 0.7215270286158518 0.49809832855726754 0.4986828532190581 0.4977167734450736 0.49750623870458643 0.4950254186307706 0.5038435842484594 0.502062137780656 0.5023962786218653 0.4996061596836424 0.5003875545940609 
0.271671062908283 1.0 0.5013741621492647 0.5108669556944028 0.508121534265733 0.49361350284716915 0.4862027149326691 0.4990012750975695 0.4978691789726848 0.5013466107791278 0.49694864341977263 0.4998415884719315 
1.0 0.4565511506546356 0.4982023238480656 0.4980186469742007 0.5017592983972048 0.491423292483973 0.49092648566726443 0.5006915100376137 0.498771234452555 0.49841708426750486 0.5073227697984324 0.5025959227069221 
1.0 0.2786148422398904 0.4981414498828052 0.5060711788126975 0.4956247086699693 0.48851562537974336 0.49798218471312916 0.4895635490275088 0.48876209824361516 0.4997300981667686 0.5123707669500969 0.5013717045854864 
0.3469964913469773 0.9994014143360384 0.496047951341382 0.5048586972450482 0.4992381118657701 0.4965094552074619 0.5022666142256458 0.49220106730911917 0.49587376426499813 0.5035447102446349 0.5035067537025646 0.49248792811666275 
0.37598321607273527 0.999074139530404 0.49502632388500506 0.5019901559777886 0.5110200981626547 0.500856481428835 0.49491158772788046 0.49601013039887776 0.5113974824377733 0.5080194216843799 0.5054821631240344 0.4922979045386257 
0.9916266336920153 0.9908848371612179 0.5527469146581283 0.5882452065132968 0.5095185856064743 0.5248710311218506 0.46935796119439244 0.447890439140886 0.5202563962398742 0.48679536776870536 0.5085289953246184 0.3840955028174473 
0.3099779594797792 0.9915222541971034 0.4761544010517238 0.5043007886778521 0.5327972695827354 0.5017440355421068 0.5204566152386565 0.4999053979812911 0.518639513054302 0.49323655248445064 0.5129623136596517 0.5129055870447969 
0.989041040064282 0.7356026144101132 0.4710628411469798 0.49565830475186734 0.5291501614055784 0.505671253791599 0.5092117826191319 0.4997310439310109 0.4847056712774306 0.48753644062863855 0.47611903025385605 0.4961145756715717 
0.6696846734501068 0.9690493257869772 0.5077961050867451 0.5272987333379832 0.5178719552675793 0.4928253392393413 0.509473409304812 0.5028427366300519 0.4804754710496796 0.47869411280685054 0.5083636389062771 0.4954785374313261 
0.9816393166496693 0.8178166835210876 0.5149494274383645 0.47773896048523745 0.49411668863880376 0.5085200870983688 0.5347266177215704 0.473894968157763 0.5032071756228887 0.5094283135990318 0.49465770423539485 0.5003510202219124 
0.9955113579694103 0.9931958895875077 0.47171941843567955 0.5011984275875265 0.4728735816054548 0.5311363094680404 0.4997256817398767 0.527398348611625 0.5722178737010735 0.47823177053908683 0.4673253172203066 0.4601370635300444 
0.9932529710434727 0.9926972563900099 0.525594872951029 0.5526007483424512 0.5165768991919633 0.5277399069857986 0.515253795016849 0.5142372380631196 0.540945247211841 0.5124807300820391 0.5125157728426954 0.4506053899754351 
0.9769548012218868 0.9371039583452587 0.5087596518106835 0.49214576036383856 0.5262473797619422 0.5047321379857983 0.5109158606488012 0.5093710504310471 0.4995903742908916 0.49148506790509666 0.5250761105880764 0.49782749937687976 
0.9995885408673997 0.5806304359531544 0.49964728854571216 0.49886410585791663 0.4980874051972512 0.5056277530439258 0.5091548629743288 0.4951463455140381 0.5009930983561821 0.4975479904811889 0.49343015876261476 0.509649111595206 
0.2798960001623895 0.9983233061559915 0.49195500307394924 0.5066150155722922 0.5137480341087579 0.49545635769622903 0.4920108428375055 0.4970224854524794 0.5104006456704403 0.5018551319289428 0.5055000806272695 0.4975162169688909 
0.9984285905013858 0.44167076967386465 0.5205838086802607 0.48667052360321644 0.485215692501096 0.4936133246107166 0.5139328452253112 0.5048634054955727 0.5123304477819193 0.5153663642359632 0.5032811783437732 0.4930603443317534 
0.9814589476137269 0.9992734214996936 0.4652572370608857 0.5092206736598897 0.5106498619231825 0.49692102453041004 0.5195460936581506 0.4428921172015106 0.5119848217834885 0.4641592083226642 0.4954369509627021 0.4677776140728768 
0.9820239185809232 0.9899649563019625 0.48479961729763243 0.48642589997108543 0.5189393173522872 0.4480109967283493 0.5035438581962222 0.4213280636941163 0.5137563509047838 0.4904757248135312 0.48855657351499326 0.4662503157752958 
0.9934678865734501 0.9990053789725779 0.4549920525878327 0.4929636618484168 0.5355298570017857 0.4892073993176613 0.48001602112368913 0.5249547838712197 0.48885624855049814 0.48618318244732117 0.488545930835628 0.4766336322702854 
0.2926230762308 0.9988028286720768 0.49502762338109396 0.500703165862345 0.4974043574649619 0.49134575429466815 0.5084635489487332 0.4914085209622906 0.495507469098586 0.5027433296989932 0.501022729666614 0.49132320918624983 
0.9985514179729136 0.9955518357056178 0.4802397888592008 0.49525275253563705 0.5324778501394346 0.4609023771862598 0.5352664567477992 0.463534977537731 0.4661589724978251 0.4899296671085204 0.5256756417620475 0.5288900340528777 
0.9826840692794472 0.9973225097997158 0.4664406813472741 0.47384663663234705 0.5026849127055271 0.46537003690682344 0.4938667042060751 0.49527705205664474 0.4849801596855827 0.537661977550552 0.4988073794752813 0.4947726957847981 
0.9917195276306618 0.9950132115225379 0.5191826492499325 0.5305187897563023 0.5406219968738699 0.5231900697165419 0.5322919461756892 0.512176235390114 0.5552792990935603 0.46298025944694743 0.44604731550279986 0.5218158805863647 
0.9830747125908 0.9851908490142349 0.4107288361320228 0.5261303165124964 0.5456909528841238 0.5050855339308795 0.5136294068258745 0.4516183041797633 0.5285126615423088 0.48044393832645016 0.4897158727540467 0.4806493426107361 
0.9754199351763125 0.999876378848769 0.5199281002139031 0.49631916309188223 0.509207590838936 0.4865143834371318 0.5176548875548774 0.4875608369650398 0.52430060734726 0.4984366974205373 0.478721259252212 0.47937306368664223 
0.9891983438665723 0.9976344430760691 0.48070432293706755 0.49620031618168575 0.5036184987583632 0.4852992053939952 0.507908381481788 0.4894820991708174 0.4772462810893739 0.4966653646240273 0.49436228256439385 0.46248307997293714 
0.9835853553221329 0.9959760529253423 0.4981326172888296 0.49042952055353606 0.4942771342015382 0.5027516798108631 0.4635303383613736 0.5035884355369451 0.4723304630570685 0.5219136664319275 0.5661976873075437 0.4866953941001992 
0.0010069172373338708 0.9892589369043763 0.5173489038902552 0.5154559410383175 0.49988055171672424 0.5128101049280362 0.5088253960359709 0.5200029003594704 0.5278394407591055 0.5315522355733182 0.5041290941047887 0.5108307980141382 
0.9995185722574467 0.6956198646828893 0.49369746869903036 0.49901987542207094 0.4936959822007162 0.5151485889721794 0.5124281666901298 0.4972273737035936 0.4973756713047457 0.49425699891780345 0.47977317419915566 0.5094871092313935 
0.9967900756763843 0.990569986909323 0.5653466010393176 0.5047129991283301 0.5323866142451692 0.4715454261647717 0.48528887036232315 0.44222820312485656 0.4450043886484575 0.5252574682357948 0.5012920571425514 0.48735003600991766 
0.9949186888326682 0.9889549008469811 0.5097551931824358 0.47405250858478787 0.551793674351967 0.49847757764238654 0.45873465179195566 0.5612539813835423 0.49688765918454725 0.4491078133092377 0.5047707242997214 0.4976886207957155 
0.9892439716961888 0.990795658018085 0.5380931211678253 0.5764217363262447 0.5233024657626815 0.5761642532326159 0.47098636689614287 0.4865173434305552 0.5105775406887237 0.5202318485230562 0.4986783551806435 0.4219179709750832 
0.9891975790910612 0.9951361747405506 0.5159671152989947 0.5449686978267261 0.4796556914646791 0.5087109544299158 0.5350228534998356 0.4775294928258235 0.4929147637741417 0.5239445841182189 0.5006066709904315 0.47434941207616277 
0.9784045114531837 0.5944870799127683 0.5134801630139403 0.47725821445766736 0.5026480431540807 0.5027881726015937 0.5364001107121574 0.49947784094670344 0.5086772333807813 0.49959991168695966 0.5275614660961726 0.47874276426483786 
0.9993832673733666 0.6990847431394875 0.5101143603169536 0.48845138913333463 0.49571487882576193 0.4981449381077955 0.5043191939296092 0.5019468538919891 0.4888630654423439 0.5008188072478771 0.49683634647736225 0.5115427961815346 
0.4053265138408233 0.9983501305274396 0.49666962492203726 0.503245805496801 0.5147738169085448 0.49804668913944855 0.5048386582956728 0.4965176904217337 0.5057539087841627 0.5043781414501738 0.5080544006157648 0.49323438939934194 
0.2414767322384478 0.9996256489393407 0.4937165407401608 0.5099878624017503 0.49701945821527316 0.5090103184730408 0.5043927797591166 0.4969820003439457 0.4962585007369655 0.49800042980040093 0.4937413048094388 0.5068671785798473 
0.24179211977386328 0.9971848163606467 0.5074147226830695 0.4847227618088157 0.4803028079190698 0.49980973650022753 0.49826102253666016 0.5063604512272375 0.5154687223266863 0.4977323919830973 0.5088945385176079 0.49135389636923826 
0.9853227533147912 0.9866643825964837 0.47702200952875545 0.4763069836652628 0.4999945875999544 0.41593824952994596 0.5062368555635389 0.4222316045517156 0.5633864443479311 0.493734597091373 0.4542919928148607 0.48838102475576084 
0.9931918767980595 0.9979698094926743 0.4673082629298888 0.510253880393483 0.5371532109575288 0.5182481548703612 0.48793657357119624 0.48575221215626363 0.4697498030936036 0.46879817949373265 0.503996579191522 0.46855527781720735 
0.9864913513184519 0.6510340608905844 0.509943630812558 0.48115391612589015 0.4994619154724962 0.49973589325877604 0.5044107782618372 0.4835765126618858 0.489846889936853 0.5121470815504661 0.5041877743830365 0.5055365598258904 
0.9987992686963599 0.3645215139465807 0.4946420747271869 0.4937978114158936 0.49354176980020126 0.48845872366404586 0.4938114065560672 0.49304969918973585 0.5009303694941402 0.506481192335245 0.502879996823186 0.5068966222439177 
0.992487285409833 0.9964592737820303 0.4930341268818167 0.5390719821109753 0.5406824410507176 0.49094550603199993 0.47986064631390135 0.4896244868699081 0.505959263242464 0.4787751815988257 0.4254512370856768 0.43142798833762885 
0.9922365080348817 0.9880402757304295 0.4841811534854743 0.5575684606831184 0.4976079468028634 0.5325542548336132 0.4956210633549131 0.4795632208083136 0.5554730638340142 0.5059221774769822 0.4293794168192506 0.4988926444574592 
0.9990509089516708 0.46160698171816195 0.5000382899395215 0.4943376971983196 0.4950519688164189 0.49113465001847556 0.4987592919733762 0.49879018217743976 0.4985903281621307 0.5014576568061813 0.5270716555728908 0.4951432394644654 
0.9853972420569718 0.9968082284661645 0.4542385411286065 0.536542467592894 0.5531938608781157 0.472901677645143 0.5236575074007788 0.5057320995378 0.47426162969285596 0.5757161689083448 0.527380990355939 0.44410464798833815 
0.9960082078304453 0.4914301319299884 0.47420548384540845 0.5037413104086139 0.4791072701794698 0.48160667035043164 0.514368141702804 0.47537077500570285 0.4930662842463146 0.5102305367202296 0.48997513433262563 0.4722897690842781 
0.9931194709794815 0.3530004957233112 0.4823245006887128 0.47418088901464245 0.4831069715971066 0.47983444052739976 0.5101494104542031 0.46791026599090835 0.48347285211596436 0.4944542903180216 0.47269872081837455 0.4628614118382121 
0.9982791160537849 0.4912590187592224 0.5102421465555463 0.47256200320226976 0.48863382009659817 0.4840922584732266 0.4745942258452983 0.5205892270039126 0.4911032874472153 0.5019185888669546 0.48519115450441375 0.4970692659652207 
0.9950159195616861 0.9961130326455969 0.4951605798817318 0.5415186042878889 0.5296799306256712 0.500007920960106 0.4800508844376797 0.49999201323164333 0.5033401710694375 0.4791906752656687 0.4080593085963016 0.42680906012409214 
0.9966572272820056 0.9947490922363962 0.4634190549340548 0.48471917542705106 0.5547088490651153 0.527903822107687 0.4891643205477912 0.4940825574287695 0.5176733665689606 0.480395272538065 0.48403143719622604 0.4727878141656733 
0.9888705556839568 0.998326971403773 0.4677429273818845 0.5018826552840948 0.55952064750675 0.49527335837722136 0.4916780951215441 0.4682799349262032 0.5089336166640573 0.472094406454588 0.5191042521780461 0.47598048953902705 
0.9790311911356275 0.9992952338578333 0.44893710284936733 0.48843875797785385 0.5265548805418142 0.4710361031990854 0.47297799079562636 0.4710448010800833 0.4890516692881624 0.5010321685150235 0.48111154860768435 0.5073492111576425 
0.9856875855445301 0.9929815954909703 0.47428153536759127 0.5434403680755812 0.4959642614123759 0.5009008197610916 0.45925894077278395 0.4571134183766249 0.48422585360377257 0.4910542694608513 0.4359933109972714 0.48238601698583145 
0.4723782524354272 0.9789453021711363 0.4939010921429098 0.5186311500612643 0.471194063108619 0.5115405233716858 0.518251709649691 0.5094035067819884 0.4898885189535359 0.47560237467302136 0.5458749141550766 0.513355296242806 
0.9860705062811077 0.9997810125039595 0.5135459746482028 0.4597233458726898 0.5337868406323528 0.5111431286865185 0.49020834020207804 0.5219804731377644 0.5313740305237804 0.48598652145423127 0.4887446385031496 0.477588720950784 
0.30624915349415494 0.9932139437814625 0.4906193437469212 0.5062334253311576 0.5228554171102171 0.5007114062328339 0.513533245603536 0.5265295826062806 0.5123331914097666 0.4818815675125506 0.5094315449275137 0.46629193601385654 
0.10924187145948647 0.9813483580386836 0.48768697397903915 0.5187208415651994 0.5106466897445533 0.4729227664914018 0.522984460788888 0.48280914937191843 0.5092927237762833 0.5205084697614393 0.4786946208464872 0.5464850913898861 
0.9939962360650174 1.0 0.45824495442016816 0.48301127810042876 0.5302527171015455 0.5109898864804775 0.5014151746547924 0.5207915168210435 0.47074799960844416 0.5073469822300569 0.5171755819013403 0.5083070146326469 
0.9855286188105393 0.998024562935044 0.46975543088023053 0.4883294607123757 0.4792388786841508 0.4852246390964532 0.5151587695883533 0.47411531403741425 0.4825226286392287 0.5128970184825816 0.49978787921480583 0.46692917562436476 
0.13906295978537914 0.9820703208771145 0.4951289124028716 0.4897517374986261 0.4921746934823358 0.5500621765062264 0.5125796869481443 0.5070490690494956 0.5153773465685818 0.5269110090457252 0.526215076018872 0.5212102229949633 
0.9992810623968413 1.0 0.514129499665235 0.46187282014135367 0.5136462063877563 0.5275702353836947 0.4783527416230246 0.5228772314077537 0.4921903836968313 0.5172741900854292 0.5288378764145336 0.4970839286994607 
0.6696846734501068 0.9667193482540606 0.5066387098516155 0.5049003997086513 0.5014301466026307 0.489447759800291 0.5118126672825916 0.4867807333793477 0.49285066503729513 0.505596497134249 0.5092921798889174 0.5032442721351189 
0.988614710039039 0.9845293677935494 0.5328203929896342 0.5305516584243627 0.5117734363840267 0.5206486601641255 0.5134256346750403 0.4725476541150483 0.49416546272920725 0.5101329209903465 0.5147320268910269 0.4230921720897467 
0.9972094307267334 0.4499082391352757 0.4883646147196528 0.48378623186017344 0.4903826545544928 0.47161584586051264 0.5018433961559604 0.4868086773756133 0.49244726553835394 0.5175568739347415 0.4857227541092937 0.49023828470743613 
0.9848438015787236 0.9828042314410906 0.497930889214606 0.48889569430631347 0.527326721366109 0.4911613343416107 0.5202204750942261 0.4474575319927425 0.5119328711840083 0.48902198363552063 0.4890810974262666 0.45584353140196165 
0.9958052959943111 0.9973328585604788 0.4271714958447326 0.541412858763445 0.5356041608730427 0.512247248656831 0.514114530032893 0.5179865242612245 0.48033350167259775 0.49428477651958735 0.5118670906231881 0.4952883077166218 
0.9803552088149743 0.9959768855865615 0.5387892936970752 0.4796724883996144 0.49975435404212293 0.4836131250330221 0.5348047511022003 0.4657777724168519 0.5242459785315055 0.5197325760816042 0.5483015916549367 0.4742108851373265 
0.9931733044542126 0.6395784097173509 0.4832779863026712 0.4796207654743651 0.508190305904045 0.46743541592399585 0.5132061211786465 0.49132396898998487 0.49013039923857804 0.49470401650243057 0.47516141396801836 0.5041290757042147 
0.4989572343773575 0.999493736323172 0.5004192610396154 0.5004371511127845 0.5245515549922759 0.5150190603665971 0.5001643109575132 0.4912039042629761 0.4942574866748559 0.49568551851871234 0.5062610033616556 0.48326748016511667 
0.6979256840429131 0.9685519791726294 0.5009181952857302 0.501553151857322 0.5097277812564448 0.5069066666064521 0.5094328022391441 0.49927883573211795 0.49802536393289176 0.49839072569698606 0.5208773805928519 0.4936355593174334 
0.9874715673999782 0.9930655274153714 0.5393291762455996 0.4852480586371964 0.5505543784490377 0.522417824789544 0.5693950600170418 0.564658097738682 0.457474550726366 0.49106351972796575 0.536065404032888 0.5116486576924328 
0.44504847432605665 0.9926319377710169 0.499665445819926 0.4812009214961993 0.5044107244743491 0.4913235615774456 0.5045015510786066 0.5080886906801312 0.5063677152869127 0.486030677699784 0.5185611308463991 0.5153667415968682 
0.9983077921125809 1.0 0.49953769608290716 0.4841235567502218 0.5007707310702797 0.5146761392859733 0.4685485029711227 0.5146200894695517 0.49058472802747033 0.5112892480413889 0.5181315376117535 0.5247573292486185 
0.037634898227084546 0.9766279771948146 0.4924903003831524 0.5088066468017896 0.4986621639391604 0.5268955383264694 0.5263650398416131 0.4809933762162114 0.5089131873670246 0.5456695404763798 0.5047614415201273 0.5531267725491178 
0.9973907670091505 0.9999968961568463 0.4517014968783284 0.5047986380967269 0.5254158530293829 0.5032574643565495 0.4877313209146121 0.5349142397725246 0.46566630567348 0.5156717268754658 0.5557924717705385 0.5168714439048194 
0.9822383508224816 0.9999210779760355 0.48898291318143466 0.5243022021800163 0.537254543912477 0.47412496975766094 0.4858958531736634 0.47928542176895195 0.45203984575685513 0.4672038400998098 0.4747187523679373 0.5210688890231618 
0.9925182112558796 0.5352905038581522 0.484043861291783 0.48790590067606965 0.479025963429986 0.5064019245334419 0.49901909272448264 0.4765402110176591 0.46767375861901367 0.49000514534991324 0.5191126019132691 0.5356761781668131 
0.9816393166496693 0.8178166835210876 0.5149494274383645 0.47773896048523745 0.49411668863880376 0.5085200870983688 0.5347266177215704 0.473894968157763 0.5032071756228887 0.5094283135990318 0.49465770423539485 0.5003510202219124 
0.15473928806211126 0.9934035175101339 0.5050465977824348 0.4914972952292781 0.4942671838025502 0.4866962777034206 0.5046487013087546 0.5227686993032962 0.5259051102914254 0.4777358756941844 0.5139937448834522 0.4863053399495181 
0.9933691609364868 0.3502959356441624 0.5082648872780631 0.4640581744361134 0.46358479111758927 0.4866842209484403 0.522397915566345 0.4945513894541548 0.5031563902151184 0.5133145377785083 0.48322608942229417 0.4766130833686853 
0.6120242932766765 0.986676493102274 0.4848595940745377 0.4836151253412257 0.5208699982307801 0.4851188058774997 0.5154501647001319 0.503925019839818 0.5044786461331978 0.474481882265433 0.5213279064323195 0.5080193967859827 
0.9932452525541826 1.0 0.46308353632745747 0.4813149332628171 0.5405644391018543 0.5053463946985404 0.4972171484095549 0.5072808353597359 0.4908625995948652 0.5026359183419933 0.4889540283811141 0.4882095130562522 
0.998368857487123 0.998835065498292 0.4930408507506345 0.4866538610102419 0.530319254177977 0.5118637330166019 0.4905573691889888 0.5035850241066356 0.495945913267678 0.5224805434901565 0.4984948009374313 0.49487145305555114 
0.39868412369100514 1.0 0.5001679470741248 0.5020189871247083 0.49577930272720533 0.4939227600504725 0.49122562400588865 0.484500038094874 0.4966377888057232 0.5041819717989839 0.5067683878100064 0.49577437522651585 
0.5602173631973687 0.7325732434512315 0.4968242166454266 0.49868039799396613 0.5046853582171414 0.4913861350056842 0.49811330697308864 0.4968273996862004 0.5023223047418202 0.49883416769839883 0.5027561646052161 0.5056045530111268 
0.5236623868641325 0.7421372550696865 0.4974621347372697 0.5012225021230334 0.49939021785898685 0.4959470766998776 0.49303172252767563 0.49954597269866785 0.5023828276571041 0.5055204638623132 0.4993982447974478 0.49827694398976785 
0.9794729482298461 0.9255659519113522 0.510306263010377 0.49325403200784995 0.5273598128408491 0.5066543548622111 0.49729026408990884 0.49826235352180104 0.4884956523794181 0.5030614282449737 0.5249625435349581 0.5154788388201132 
0.2121584990443331 1.0 0.49882927081862916 0.5104652421657514 0.5055249976863919 0.4980109250682393 0.4833930059706987 0.4984807272108599 0.49902214188384064 0.49822309686229715 0.4957464316187019 0.5002474409605835 
0.9918948989460258 0.2797363026182724 0.5035336504687333 0.4854141342227123 0.48161405608625774 0.5250464649033538 0.5184760800813897 0.491309831461725 0.49133840132472834 0.5087625831504927 0.483701832708636 0.48017637881246533 
0.5183329273013397 1.0 0.492445291539537 0.5110678124587285 0.5094198025554036 0.49141479173663405 0.48760756941365435 0.49926154904092424 0.4972926975171068 0.502908367737543 0.49754974932030804 0.49963866222760556 
0.31292017284058316 0.9865113010223787 0.4788486839639449 0.4875652331552135 0.5150604677764359 0.5268781280649799 0.5293692679723495 0.4999022736832208 0.5116767608450078 0.4994130208665907 0.523578854384765 0.5389977897580787 
0.42502931953975026 1.0 0.5007533254962346 0.5020815008705539 0.496836369457279 0.49709976052834315 0.4949655988042221 0.49355619434265857 0.49565056265568286 0.5060906031206016 0.5067444284417278 0.493891679973946 
0.1491770026084473 0.9970841159320583 0.4785745138173304 0.500904702085939 0.49346191582545595 0.49605718763134343 0.5095990029885318 0.48998731636429604 0.4958341595633333 0.4826004197008409 0.4894857754030111 0.5020655389439913 
0.9853474428236357 0.9990333899332656 0.4728231519103787 0.4761277753905538 0.5152551975006383 0.5046631059458959 0.49343936166815927 0.49708166199383974 0.47040757783739395 0.5333972753071318 0.48296450579745326 0.48708983131146705 
0.9902860206863501 0.9990183963701547 0.4587520277432925 0.48520720155326075 0.4970515156421225 0.5142330010821599 0.49275084833051985 0.5189196422073024 0.4901374759498126 0.47817132941139995 0.5084952438975052 0.4857097964488221 
0.34528381488611126 1.0 0.49722545045502087 0.510913749522604 0.5006648585083402 0.5013473490371375 0.49707622938107804 0.4940939480653791 0.49716476627378836 0.5033214971340016 0.5068136470087001 0.4946426038649593 
0.0 0.9807396399988118 0.49374834698292336 0.5183136257086568 0.5067197782747421 0.4670722796070237 0.5205274488310854 0.47480005183799623 0.5158449257302445 0.5370471934737693 0.46915934901725576 0.5391757215882192 
0.9945215001625399 0.9926413464199206 0.48944040544710266 0.5478198631293232 0.5083797840878153 0.5279809234273436 0.4628864448763689 0.49020511059657346 0.5472850902968571 0.5232462560244157 0.47934696739070426 0.42546310679820887 
0.9864913513184519 0.6510340608905844 0.509943630812558 0.48115391612589015 0.4994619154724962 0.49973589325877604 0.5044107782618372 0.4835765126618858 0.489846889936853 0.5121470815504661 0.5041877743830365 0.5055365598258904 
0.5633787593699942 0.699891205991031 0.4966800670568894 0.4991526070495424 0.5046601167397815 0.49191440022945765 0.49790186693540983 0.4956256779623024 0.501878203813708 0.4982082665770208 0.5017738900039882 0.5047639853498227 
0.980495382592314 0.9984233810353067 0.4583942862634495 0.4733492041207791 0.4750496792437665 0.47632010681814585 0.49416531987909124 0.4649654755209318 0.47293396950900524 0.5391414181391082 0.49371698788331064 0.48163859495752315 
0.9844863686309834 0.9943626602309277 0.5039916254964468 0.47306102013777745 0.5037471044766515 0.5145428279052876 0.5289029433548461 0.517999299174125 0.45800861827553113 0.5100831344237795 0.5699739552308196 0.4599056107393742 
0.9929580734601466 0.9901503604774493 0.5325436176031644 0.5302276138916151 0.5321896186022049 0.516109968502168 0.46818152603018554 0.5085856112323852 0.5864850794324477 0.46732891498486984 0.5106716937037064 0.4386425501260211 
0.9908080062883378 0.3668108517288513 0.49538836127392594 0.4967592032032194 0.49344579221545504 0.5140261549310128 0.5182238204728373 0.46686515921342087 0.4891338622788485 0.516730775851259 0.4684562727999269 0.5063303068496374 
0.9995185722574467 0.6956198646828893 0.49369746869903036 0.49901987542207094 0.4936959822007162 0.5151485889721794 0.5124281666901298 0.4972273737035936 0.4973756713047457 0.49425699891780345 0.47977317419915566 0.5094871092313935 
0.9897527901341192 0.9991609815588939 0.4401185816097729 0.48680304298452076 0.5196481423493472 0.48899635564040833 0.4756319938196005 0.5407196669255605 0.4728024315540993 0.4641168257666626 0.4949735288509817 0.4943083635919723 
0.3733268606746329 1.0 0.4971468648783455 0.5099639890751777 0.5008683623874592 0.5015102525786965 0.49657295444181815 0.4935437808606634 0.4967024128525993 0.5038337939621391 0.5064022123736076 0.4941476254560175 
0.9873576599543314 0.9958045724324474 0.49229813581210286 0.5664072883027894 0.5672568661608212 0.44948627988864304 0.541361305106514 0.4844766961735872 0.4643743794653694 0.5418357410479065 0.5500207644469707 0.4222549418704813 
0.9836670927798208 0.9886855995990187 0.5357179130478343 0.5174870310404267 0.5479589995235876 0.5163708135971007 0.461434597500258 0.4650645346378795 0.4993543486471056 0.4829720132349956 0.5647395260965681 0.47264893297118504 
0.3220154517244602 0.9989080389179535 0.49138139178711837 0.48975112878310245 0.5008646195905904 0.486729360057661 0.5138610104436654 0.4869991816202817 0.49010283149776035 0.503851522269215 0.49760704811834394 0.4904856887208254 
0.35319702964144883 0.9967002610548791 0.49642814169575517 0.49937690326070294 0.5280687597922735 0.48733623523319736 0.514614186967307 0.5011421015969509 0.5161924649792933 0.5033855984537963 0.5109408927631995 0.4938060885694919 
0.6046413245919562 0.699963387777269 0.4982056899497477 0.49443388123412857 0.5001612034246528 0.49542603009784647 0.5006743225041731 0.5059241009122704 0.5017277682280851 0.49463134273348114 0.5023723700983675 0.5078719875917023 
0.9919601215107716 0.9920633418884227 0.5004058569076459 0.5097968957804297 0.5413381991664947 0.5646862935928996 0.5540014176519602 0.590191733362288 0.5523905599128711 0.4588072843735232 0.5985120642464756 0.47503035475234046 
1.0 0.4505397829493622 0.5040909995184223 0.4944490292584829 0.4984681074837115 0.4884187732360961 0.4957455022559909 0.49797964362419417 0.5058681316186678 0.5112490873192965 0.5051809169265405 0.5068680393745579 
0.9954399161857088 0.9948113148393836 0.5490667710908188 0.48852877193040745 0.5355583430983573 0.5075910584661955 0.46171183389374615 0.5699433484087684 0.49180964613580175 0.4787808559851191 0.47408915908896787 0.4820231411288327 
0.97666912880786 0.6401437440963328 0.4891411697790763 0.48991646549120194 0.4825165957588101 0.4779042471934818 0.5240257140375367 0.46782149472805623 0.525621500661607 0.5136531683504892 0.5344111545453312 0.48978625818793736 
0.9899709412517552 0.9899450078535637 0.5120136720292047 0.5384110039565073 0.5100126038751766 0.4806430728264175 0.538192380907965 0.5065264969332377 0.46939323856428794 0.5275908650910152 0.5191606788633337 0.4107924703487689 
0.9944238698069174 0.9983360243839873 0.4915684687957572 0.5079753219949829 0.545861988917555 0.4974328375895921 0.4900729552636819 0.498803500471355 0.48634482640723736 0.5179655444131552 0.43803519375642663 0.4570490413026397 
0.9980547444278809 0.9944506003116176 0.45333315463037677 0.5014989406523217 0.5217772997564647 0.4839267723738068 0.5176059378623326 0.4663012202872157 0.49774081103033985 0.4829488230566312 0.5021756434870148 0.495298659656783 
0.23567620161567415 0.9988273633668464 0.4926236617577117 0.5226490954009011 0.524790503332148 0.4943249791867792 0.48394028952806406 0.5111441729396399 0.5134222125414134 0.5053128637746835 0.5056846397822754 0.4898973629310299 
0.997613500216805 0.7255160853493255 0.4787182173566097 0.49414518547106856 0.5042563672392676 0.48745895921701293 0.5036968705588124 0.4966031315748628 0.5113220484292056 0.5026133566086062 0.48768390961106695 0.4841898632525387 
0.8412352664709049 0.9902818301732399 0.4741175061502903 0.4837145696287397 0.49265524086071555 0.504180954682167 0.4999840176290284 0.470220378931824 0.5131848164099171 0.5125637206834126 0.48928446679607474 0.4882594725884698 
1.0 0.5291826626544488 0.5076540329319955 0.5012985531035066 0.5019997860753989 0.5020150660998204 0.5034307149007402 0.5042952079597941 0.5031423837389019 0.4959080866072578 0.49605534721136724 0.4909652372751369 
0.9865608340815986 0.9893550596961035 0.5130559724665458 0.5243386507315277 0.5043371132555967 0.43437076276297504 0.49655998166272847 0.43358828737775806 0.556188534887047 0.5041246028140894 0.45751807205779793 0.45675376429566866 
0.988388095443991 0.9961704037856509 0.5162734094192186 0.5429811199499457 0.49092771166715765 0.5002558937728789 0.5228443142272079 0.5073894510522236 0.47506668255278217 0.5348029629453315 0.5314970931417803 0.44491795330723377 
0.9965044707083002 0.5630166444447646 0.4848019996385539 0.49302908987254945 0.4900867958800306 0.48686449802097054 0.4995468248676818 0.5001594564720985 0.48379432568866454 0.49608992725552525 0.5042424243911448 0.4887221806530897 
0.9934807872768797 0.9966274201823564 0.49145507273928846 0.5136101001949918 0.5564814533090662 0.49656863535272033 0.4917652973796101 0.48112639917775585 0.4971423204553105 0.4774585059630667 0.45291207763065083 0.4404955262483621 
0.9993025492069818 0.5586924494897432 0.5054345051518562 0.49487758298074563 0.4965621678326365 0.49381057637290526 0.5037071773906852 0.5045306651651437 0.4962502868301213 0.4964341212771175 0.49023889989130753 0.4833898566850131 
0.6979256840429131 0.9685519791726294 0.5009181952857302 0.501553151857322 0.5097277812564448 0.5069066666064521 0.5094328022391441 0.49927883573211795 0.49802536393289176 0.49839072569698606 0.5208773805928519 0.4936355593174334 
0.9966503351668201 0.9926961227727752 0.41300751045664086 0.4917521708857121 0.5166470387518836 0.5005138065171657 0.47814179533228474 0.493310041724338 0.5826187868647426 0.47760595855390553 0.49438428589459876 0.40970619928695695 
0.9933639778510663 0.9913203670846261 0.5548957637346774 0.5382192581350487 0.5150206200657328 0.490290643058211 0.463303713632383 0.4940311810108311 0.5338965412710108 0.48464489298070323 0.5102970710651686 0.4451312781629317 
0.9892824403454819 0.9923654462679949 0.5669984980721088 0.5553331425825998 0.525747054090951 0.5128537453506841 0.5178228342085676 0.5096134109744492 0.4747295736474575 0.526007955060252 0.5107728431515256 0.41185621431040076 
0.9971434237083059 1.0 0.4890602213448826 0.4797128826745517 0.5196384450106823 0.5036646042309973 0.5131606479043425 0.5086070898857392 0.49934532914097274 0.48893968709932134 0.493124393582058 0.4944985641071891 
0.9980396878344583 0.6359788021306203 0.49426175791829724 0.4972395768961967 0.5259177507259145 0.5131172123112899 0.47928944033165904 0.5047140423926706 0.47710594620665653 0.49734664885066504 0.49537708273751974 0.5001941606014302 
0.6696846734501068 0.9667193482540606 0.5066387098516155 0.5049003997086513 0.5014301466026307 0.489447759800291 0.5118126672825916 0.4867807333793477 0.49285066503729513 0.505596497134249 0.5092921798889174 0.5032442721351189 
0.9992810623968413 1.0 0.514129499665235 0.46187282014135367 0.5136462063877563 0.5275702353836947 0.4783527416230246 0.5228772314077537 0.4921903836968313 0.5172741900854292 0.5288378764145336 0.4970839286994607 
0.9906490276903461 0.9945823821210809 0.5090195580829477 0.5361394905164529 0.5145382886249601 0.48984648106837636 0.5875375904180833 0.49536853007255266 0.5100357155042308 0.5251641100652233 0.4915837497319899 0.4867877198265874 
0.18082623578872423 0.9987176780576218 0.49879358919227906 0.5090738310293212 0.5024806106275077 0.48411396639343635 0.5055610680005428 0.49518212103372283 0.49174655951713453 0.5069442585784547 0.5069365906223713 0.4964575845715507 
0.9880373342667019 0.9985061062909452 0.46526199560683423 0.4890629713175245 0.5190801086533237 0.48492578661561647 0.49987848958832004 0.46838225378724696 0.525544811962356 0.4776667852894315 0.5128479714672913 0.49009768177385205 
0.9862965190257659 0.9987843990501313 0.4560887594488713 0.5328020570926624 0.48362214635466255 0.49518620251360523 0.48038150701001936 0.46532515844669986 0.4759573829782423 0.4690939330126336 0.5390105343508307 0.4752972727179084 
0.30023612528834237 0.9961440816717222 0.49835842425818644 0.48972982217350114 0.4979909592771446 0.5002889495102039 0.5021973190624334 0.4957689732491499 0.5129211021152993 0.49161889240747864 0.5179692076350775 0.4937359629059205 
0.9995885408673997 0.5806304359531544 0.49964728854571216 0.49886410585791663 0.4980874051972512 0.5056277530439258 0.5091548629743288 0.4951463455140381 0.5009930983561821 0.4975479904811889 0.49343015876261476 0.509649111595206 
0.988272031390915 0.9974293694708259 0.49106208568706144 0.4931610202219065 0.437610842192658 0.5281429276802958 0.515601058141669 0.4601855326903421 0.5176946584535091 0.5112571901990689 0.4715310444286074 0.4785715495441948 
0.9960926950240389 0.9884987004400718 0.5532898154519738 0.47381410248612027 0.5843703096579024 0.4609827481940996 0.458631982348053 0.500718851210585 0.4717936491607998 0.4734007413420175 0.4727751302799713 0.514821729990284 
0.9905740638215983 0.9915007618882297 0.5609344090698197 0.5472950440263349 0.5318690699599975 0.5387739002484304 0.4994801103471669 0.5166221090656798 0.5203807102430895 0.49861329597950677 0.5493422540408467 0.4108278673088559 
0.9845205779343047 0.996198614890837 0.4840338607110799 0.4847401031281765 0.5289324877323303 0.4685282349989904 0.479745145117792 0.5109381759001328 0.4958556181372564 0.5406361987786656 0.5139394188686823 0.4999534805665602 
0.9986538935631326 0.5897706184361473 0.4950024850176967 0.5035862384485896 0.49903442013361626 0.500659917443288 0.4995714052444833 0.4869235660623128 0.49284295863404537 0.4961281416134158 0.4909984017375408 0.4899014164844129 
1.0 0.5670670318973878 0.5030267236373827 0.5073103724269568 0.502599139302041 0.5109118743708243 0.5098332631470884 0.4998171222446712 0.5043918397720943 0.49535391787628247 0.4887508614406362 0.49541463648453693 
0.9976356913911186 0.9936901672346923 0.4850297675426657 0.48230346075056074 0.5099187137885236 0.5242444613981387 0.4714340795819434 0.5313126121147419 0.4932405818665598 0.4755705438700609 0.5080284817023546 0.48515607774820846 
0.9843981710168548 0.9976798015947659 0.447512029688554 0.47738798041984376 0.5218208909923289 0.47661799505895897 0.5049641445912367 0.46976780221759185 0.48947515633957667 0.530857230414411 0.4850877393089387 0.494982242329028 
0.6979256840429131 0.9685519791726294 0.5009181952857302 0.501553151857322 0.5097277812564448 0.5069066666064521 0.5094328022391441 0.49927883573211795 0.49802536393289176 0.49839072569698606 0.5208773805928519 0.4936355593174334 
0.9869337523863448 0.9914211626308694 0.48887752237977733 0.5273605136529986 0.522864123722688 0.5003771148229242 0.47633757588652764 0.46585946061799877 0.5467701318405795 0.5040558339960863 0.5335071565481808 0.460578862930112 
0.9791224276186352 0.9992752159823807 0.44594242800517325 0.4948398381519082 0.5160968607106118 0.4575507574704332 0.4816615859985347 0.5208660151080146 0.4886650907996253 0.49390012063561844 0.48507188812216856 0.4945371003554505 
0.9955111375725538 0.991758000627436 0.487324436189557 0.49772758474087564 0.548763116739398 0.5316173148818069 0.49146004663530074 0.48879840207985337 0.5479478329885034 0.4813661125815684 0.5070946280533885 0.4593382695585865 
0.9854455618783122 0.48109227166092056 0.5230575527647525 0.48171768901216205 0.5156528174439775 0.5369090090048423 0.5173452531702224 0.5127697490204663 0.47152013959399247 0.4896776602248146 0.47096538903668494 0.503522301595708 
0.9921004762896312 0.9940285895016112 0.5020720008669008 0.5273102832061798 0.5494208857852412 0.470982007706837 0.5650278536960154 0.5132075673192819 0.52715666723432 0.5263836360122278 0.4825608284735483 0.4992260275770121 
0.991283490488456 0.9960053856547146 0.4955887171912195 0.555059576722636 0.5669751485899125 0.4764088600174707 0.5072357502208327 0.45397080484298935 0.5302419848278167 0.4710383798475495 0.5288780514069503 0.4039263312200475 
0.0 0.9834776451551163 0.49916846563573447 0.5522788663913877 0.5331292948222379 0.46923678356517134 0.5193774892099596 0.5000808134525709 0.49797483057416964 0.5020223281664713 0.4693864782565691 0.5268248539330147 
0.993122515413803 0.9941122783990703 0.4910172059545863 0.5726252877765796 0.5218022346611475 0.5358028445312477 0.5323640919267564 0.529021350388649 0.5585779544062522 0.4994292409983112 0.4889400128840124 0.48857661585351664 
0.9960961259026244 0.998562196612796 0.49103785714143533 0.5019728105193191 0.5158936797644642 0.5021370870903081 0.453351233733349 0.543591798544171 0.4716087508860226 0.5052504955174535 0.4840133107985007 0.5250872640930547 
0.9945553272051652 0.9872715632829743 0.5502899538133192 0.4634672677243761 0.5743544045093918 0.5119397694697578 0.4310374211310149 0.5256391700764 0.525048916975952 0.46480447862470564 0.4111613702922817 0.5465956068097861 
0.5659129837115977 0.7269036587386724 0.4966958008150766 0.4990663126926326 0.5047025092820838 0.49138199518698955 0.4979628316044439 0.4967054929774184 0.5019081339375242 0.4988900028067935 0.5021169814833113 0.505087984415943 
0.9905222138223166 0.9873760177076172 0.5255332263231652 0.5381255190030488 0.49880853769604316 0.47815544191747866 0.4977238537007588 0.4597106297664651 0.478921841257417 0.4565770981183085 0.4914869628212226 0.4447344880636554 
0.9781226061865701 0.9970297016544953 0.5318993991389834 0.47645239947001805 0.49499354354682246 0.4891517573688962 0.5273601419129488 0.47270421150598646 0.5217250126613356 0.5213176025457329 0.5419733792469837 0.4714263846203077 
0.9902641392543865 0.9967891845555277 0.5231942178623377 0.5307144537317317 0.5135593736639749 0.5255394714008327 0.5339995981756193 0.5021352040610008 0.5458340449345052 0.47078769587287667 0.44562344950440724 0.5238830326829877 
0.5184585471290029 0.9964801505450156 0.49426179932433323 0.4983795653813383 0.5031876888869825 0.4879588818977407 0.5278708672713018 0.46969597695910326 0.5002227876657429 0.49360051175009434 0.5091893019716756 0.49349403332803543 
0.9928206946690414 0.9952792826341226 0.5273606844903552 0.5228920631699066 0.5676733772790139 0.4889868675700071 0.4815239653058201 0.5305434250764849 0.522418540266645 0.480479026128696 0.5367295231931364 0.4418080455512266 
0.9939383811464074 0.9895526306622152 0.5211494053928001 0.5021400612382014 0.541991646477086 0.5072937730722773 0.4634580889110706 0.5349197963079637 0.5416863693084975 0.45821836414705375 0.5077212090017138 0.4681655854608683 
0.9942404392904416 0.3888169210669365 0.5000178798219138 0.4799724270345878 0.4824285943640355 0.5066711439828749 0.5098376807126874 0.49470133808960726 0.48805538744708804 0.5141638565563258 0.4895849875385713 0.48957750990846866 
0.998658940434616 0.9932254878875277 0.4738654671538279 0.47952869258628605 0.47406620066046684 0.5373846997445724 0.4703538279991021 0.5219641640252517 0.514028715245304 0.4704277853958037 0.4992138700335784 0.4920722431505114 
0.4427490186631904 0.9804164532804316 0.4870672900493178 0.5158295327510164 0.5277194721611513 0.4911779040715858 0.517616238291206 0.4996499811998423 0.4917299975335063 0.5243097421188727 0.4944489887821931 0.5510090136399175 
0.9964520014367546 0.756854412958551 0.47021937999415814 0.49053328124442147 0.5174660214245326 0.5016446604041194 0.49815528950377996 0.5073368825965532 0.4926827817653706 0.5002562913932409 0.47713696527916416 0.4685799486234834 
0.10839709170572945 0.9880700408477345 0.49737905618612027 0.5083193446904701 0.5195778708261012 0.49014734291865036 0.5117983237245105 0.49340892261363944 0.5049657973743921 0.5176336034588127 0.4980755700930773 0.476280144287585 
0.551387778909852 0.7215270286158518 0.49809832855726754 0.4986828532190581 0.4977167734450736 0.49750623870458643 0.4950254186307706 0.5038435842484594 0.502062137780656 0.5023962786218653 0.4996061596836424 0.5003875545940609 
0.9804188915313072 0.9992436774517691 0.47041231554027507 0.49658391961975673 0.5001378331779531 0.4726776339304973 0.48669623761274905 0.4909414760531246 0.495504894487057 0.5051739604262626 0.4990866417274185 0.4701412360273347 
0.33118362677223295 1.0 0.5039190534799003 0.511268669223054 0.5107180708450743 0.489216080626099 0.48901242389463956 0.49952182298427905 0.4967162160615289 0.5044701246959583 0.4981508552208434 0.49943573598327956 
0.9914249128592569 0.9891258067608519 0.515565874023725 0.5442768405329075 0.5226553244983622 0.5042780625685643 0.5473522620034658 0.5264505089111704 0.45898878699550916 0.514585707696094 0.5234066823155593 0.46077748491037895 
0.9782044649674855 0.648120112467825 0.5009228233276888 0.4788156619921263 0.5161366391827316 0.5091465936351348 0.5152645647592753 0.5061331703233829 0.4838443126690185 0.5091409258593091 0.49239456917490654 0.5098314497737788 
0.9945567641049349 0.996690475436097 0.5082625055939577 0.5178195733932267 0.5452093962861715 0.4914480416808087 0.47225630025801013 0.52319222594642 0.4986984199514561 0.4811494614876549 0.4032478721609922 0.467718499093111 
0.6438425894792876 0.5749312022168774 0.49615862453576687 0.5000948513992717 0.5021769969709293 0.49769415202459677 0.4987709442078233 0.4931382504297545 0.4969758207170798 0.4933834159906671 0.49318925149746684 0.5002616640078686 
0.5236623868641325 0.7421372550696865 0.4974621347372697 0.5012225021230334 0.49939021785898685 0.4959470766998776 0.49303172252767563 0.49954597269866785 0.5023828276571041 0.5055204638623132 0.4993982447974478 0.49827694398976785 
0.9775647378661005 0.5423939405432248 0.4944178049820836 0.4982138994350877 0.46239593739530077 0.49392820621567834 0.4858854652242828 0.48637029173835056 0.5019195825865645 0.5271898707147246 0.4804602007121948 0.4734468000858256 
0.9943723807720004 0.9936956564022403 0.5304313264147182 0.5106446842893408 0.5132838268957369 0.561758812418915 0.5213095681474686 0.5614866554989121 0.5618169605374043 0.4788575825242682 0.4402663485460145 0.5105679277731319 
0.983290575775589 0.9841594288355487 0.45243738445273407 0.458876601128861 0.5204434694426703 0.46723104645802194 0.5085221857471507 0.43961277279765465 0.5263756872275707 0.4845510799751326 0.4337481595673505 0.5079920864940481 
0.9815687244073986 0.9869497374412284 0.3921965362530551 0.5143038897720893 0.552288326538053 0.4696638551932732 0.49060911781382743 0.4116818449280889 0.5295139199471866 0.4870933327654111 0.4904856284273326 0.47096731573935885 
0.3733268606746329 1.0 0.4971468648783455 0.5099639890751777 0.5008683623874592 0.5015102525786965 0.49657295444181815 0.4935437808606634 0.4967024128525993 0.5038337939621391 0.5064022123736076 0.4941476254560175 
0.9825374081450682 0.6968321779621621 0.5051177083248324 0.47775835142549233 0.5181168173342032 0.5117156933897792 0.49396770064103357 0.5354602482677735 0.4832933032990713 0.4861120684644194 0.4808396902160686 0.4737392852564045 
0.995589193304124 0.9946195259290215 0.5073583683203413 0.4878529970791101 0.5816237400446371 0.49796398470527137 0.473594582747626 0.5500095082937222 0.5216948280977616 0.48585606081857535 0.5256577050399069 0.4713237469436026 
0.9991738643298826 0.6336527607274884 0.49801308894774565 0.504388411802625 0.49952912159835666 0.4906048478934376 0.4899083971803105 0.5103221635670263 0.48844581183242863 0.4960667312736222 0.504640260754532 0.4900093195162393 
0.9831754107546 0.5529859814644856 0.4961207426542073 0.4864054069915915 0.508452079658082 0.5080318787562123 0.5121699641143908 0.5038111737229478 0.4859844614250658 0.48881191162931653 0.4763593694185438 0.5348197116818114 
0.9949698535951197 0.9992879377070545 0.4453148887732541 0.49635635152364016 0.5149064130011682 0.5004943828815355 0.48841207361416417 0.5519761467938349 0.448627048577656 0.49560531022344834 0.5449890378760803 0.5168286354230748 
1.0 0.4699645992346704 0.5074825130114813 0.501557284790027 0.5032283440799954 0.5053826210218586 0.5113213382829109 0.5005762968826137 0.4985476522957919 0.5044671366596858 0.5074553871309868 0.5012838714827146 
0.9969818047660864 0.5534153566520308 0.4893781062872274 0.4899793141379577 0.49357832469855767 0.497790940613992 0.5079300671497652 0.48537502879825084 0.4842886310550635 0.5013066295395512 0.48671015819688024 0.5100923855640203 
0.4989572343773575 0.999493736323172 0.5004192610396154 0.5004371511127845 0.5245515549922759 0.5150190603665971 0.5001643109575132 0.4912039042629761 0.4942574866748559 0.49568551851871234 0.5062610033616556 0.48326748016511667 
0.9755409404001869 0.7609130848906175 0.49414887917714523 0.4946723437611262 0.5299031670660227 0.49153349826766185 0.5116370754019367 0.4995127712594134 0.5207416096877076 0.5023329573586602 0.5002163129039554 0.5138813210997051 
0.9828754735488141 0.9986462870480075 0.4594910192684666 0.5040449256534313 0.488656198149707 0.4762434709304545 0.4932871294226911 0.45706163364091545 0.4838267660459974 0.5038398727070057 0.5044235282729529 0.48264839416482064 
0.9986047153633667 0.6725919808490306 0.4824184730621669 0.49903070215749534 0.5052336074236599 0.486432492946159 0.4977227172189481 0.4958126774375309 0.48714231972373084 0.49733804593103575 0.500951807895841 0.48815974321293215 
0.5142036010706053 0.9979284497670841 0.4890681886727715 0.5109399591391195 0.5158778197534004 0.5181254831883819 0.5122700911736346 0.4948773186332168 0.4866862987528466 0.510951732489883 0.484616507453594 0.49322478082124516 
1.0 0.5632280184870299 0.48941885287626763 0.48894996833052223 0.49891563439648956 0.48358669835261164 0.49594612571910457 0.5004519069411867 0.4864175527944249 0.5053119446416021 0.5163325988612143 0.5028930978969672 
0.9979973334995454 0.5954895785613612 0.4944338203485639 0.4761553599766998 0.48508379969599036 0.49997869198125294 0.49005697788368685 0.5190228510540322 0.5019386824009459 0.5142516131585213 0.47839523946916007 0.4797504575856349 
0.9975226923891517 0.9953090863159437 0.47574690693805943 0.489854829424348 0.5481535595906519 0.5111734635568174 0.5111090563694685 0.47939856055890295 0.48635557257284834 0.4844638814786711 0.49350205052700413 0.5057539641897124 
0.9827259682589995 1.0 0.4654265713180412 0.5015502090100293 0.44635853424547656 0.47640145524955946 0.4806150651436415 0.5131051859137005 0.49310219117630166 0.4868354795505027 0.5018052302455658 0.489024266928637 
0.35868013080282146 0.9951033469827977 0.48930212583330335 0.4947368825381866 0.5156791106352194 0.5007681625201802 0.5061336155882067 0.48517749527106235 0.5103734819039124 0.48550539283185995 0.5270438767525472 0.4961180294426027 
0.9807718249954952 0.9917711659424243 0.45836204533589925 0.46968183057016955 0.5410470160506997 0.5268405753581711 0.4950723590431617 0.5031156621111033 0.543023114824902 0.484288989952318 0.5166788560211273 0.4682853797366088 
0.9873340094857173 0.9971199790858876 0.4876016814655019 0.4992943533310135 0.4262950111942494 0.515501138866319 0.5100234161674634 0.4628126561859535 0.4823109772626477 0.5432648237352963 0.5144678662472939 0.43908900985631777 
0.9876664492562268 0.39528610579263657 0.4874077076676215 0.49378759460929467 0.5057485205089415 0.503141467225023 0.4970656587616514 0.4960235923817882 0.5008003330727787 0.505952584894233 0.4824533087758045 0.5404561793875527 
0.984213241031925 0.9878594560613354 0.4670586237462083 0.4902629376472908 0.5278340416273234 0.47169778040649574 0.501043176284219 0.4572931735073503 0.5272173675477764 0.48944208769499314 0.5517809265859952 0.47195038404928635 
0.5633787593699942 0.699891205991031 0.4966800670568894 0.4991526070495424 0.5046601167397815 0.49191440022945765 0.49790186693540983 0.4956256779623024 0.501878203813708 0.4982082665770208 0.5017738900039882 0.5047639853498227 
0.9916633679377509 0.9997483243050971 0.44321470448519174 0.4809190099719992 0.5167967682589534 0.49232541330858154 0.4863231365129767 0.5294370795858039 0.501509093942785 0.48788330577275063 0.5115382138510531 0.48087460761098405 
0.2515339539653001 0.9872357292625934 0.4852106994766069 0.4992937283131666 0.5151091182246607 0.5012648225321304 0.5165203187128833 0.5104968759593786 0.521187133265689 0.4993500520600693 0.503887644542182 0.5105235205081147 
0.9978504236045542 0.3467678383114223 0.48458887016700336 0.4937386703732709 0.4873782299318848 0.49950377135728996 0.48316610820776396 0.49155332860931633 0.4978998381915634 0.47830757998573725 0.500590780891824 0.472927452827529 
0.9869286755395141 0.9857870121166528 0.4764443884140358 0.4874927709146001 0.5041690989407672 0.4919716333611467 0.5009343028232719 0.4532222036418916 0.5341862125848195 0.5020474375176531 0.40359505230529724 0.4769915404681009 
0.9745698189457439 0.999752757697538 0.5232940970855787 0.5075512072890864 0.5046745053841151 0.5017943434611467 0.5435840723746703 0.4882323520408311 0.5249107111001968 0.5162349511808199 0.49630509882514023 0.4799414137227891 
0.42502931953975026 1.0 0.5007533254962346 0.5020815008705539 0.496836369457279 0.49709976052834315 0.4949655988042221 0.49355619434265857 0.49565056265568286 0.5060906031206016 0.5067444284417278 0.493891679973946 
0.9904514778820188 0.996004952531867 0.5222364796167291 0.5417007461467775 0.47655651874340405 0.4875250103003678 0.5694677091695739 0.49886370721964723 0.4875429298312984 0.5217447307014197 0.53529575363776 0.48460776433027686 
0.9993832673733666 0.6990847431394875 0.5101143603169536 0.48845138913333463 0.49571487882576193 0.4981449381077955 0.5043191939296092 0.5019468538919891 0.4888630654423439 0.5008188072478771 0.49683634647736225 0.5115427961815346 
0.23383832524347958 0.9985924081803234 0.5023200865690451 0.49781825566570986 0.49048383321370503 0.5005785427686825 0.49766862595886907 0.5002271996463084 0.5063167443002373 0.5005269445585495 0.5078540927631541 0.49299825011709875 
0.9932154479966325 0.9877140083571305 0.4940309062986545 0.4896113968897087 0.5364849773333553 0.5489495272796203 0.47676772212882457 0.5313847076333882 0.5689840173149894 0.48040926623866603 0.3859891414501359 0.5303256475430693 
0.20285612311658915 0.9916243273634116 0.4990255710223617 0.4802038071023299 0.4937448373610928 0.5134055559665377 0.4929567430441478 0.5269114375045647 0.5287732441333588 0.49953013061246004 0.5120666180147453 0.5305374461042986 
0.550587770866148 0.9981033915299575 0.4834932540300789 0.4820635091035753 0.4783896169027032 0.4904838685740245 0.49361797878559177 0.4866094037522147 0.4948468469222409 0.5183252985057862 0.5029592098535272 0.48757358353752894 
0.9963229463543931 0.9898367979098651 0.532028728452583 0.5137108732277427 0.5144251196664539 0.479978663993893 0.4817044218396956 0.45968954163674514 0.4427707566656296 0.5159980685732352 0.506345382776313 0.47231572563240765 
0.9876468472832732 0.9883046952250236 0.4945178407789801 0.5073589938108851 0.5050035957375655 0.4482906611781817 0.5222146182357519 0.5489150931055552 0.5163898414561094 0.5106627310911941 0.4867263358390972 0.4495867475522649 
0.9906595352211749 0.9980580457617125 0.4753311093191549 0.5112639571664762 0.5332332935368975 0.5002272413830884 0.4884754634249722 0.47793908853016454 0.47660224444138044 0.4780437285425385 0.4993068914287499 0.521103034695576 
0.9795170982358867 0.9998463985579925 0.5146680593261356 0.47127113036166257 0.4936580129064907 0.4953832865002967 0.4881566955843546 0.5185764829277422 0.525975825225634 0.4794624964868491 0.46081095653854265 0.48140489417170373 
0.9878910839385658 0.9946399121167199 0.5216177331467575 0.5486127092470949 0.5187683868400841 0.49457719430229163 0.5249229320732554 0.4922877813048636 0.49072830485180663 0.5182908850439321 0.5102465811512158 0.49085541523541104 
0.9894761163174856 0.9938961412559668 0.5329751411396226 0.5696278757847668 0.5258923792875965 0.49824898214790203 0.5424726114527316 0.4922670553852786 0.4971234275687212 0.5114576147725368 0.4966269230450893 0.5002326147657093 
0.05648202118561261 0.9824829519264207 0.4854126460337047 0.5007877034300653 0.5168409467999688 0.4973994382993929 0.5192962750786239 0.4929530116567032 0.5330746163405939 0.5414155539467425 0.49441396162971896 0.5231388977052294 
0.9897781710595125 0.7708824309230582 0.4734284595516447 0.4849803248585679 0.5201355289212442 0.48649013181414236 0.5111727003616096 0.5013518229272258 0.49061466572262563 0.48981241794264635 0.47588115861068514 0.4943329279496817 
0.21188472858825558 0.9829790038220569 0.49970071424479534 0.4877963444386141 0.5155871652847314 0.49981569188925934 0.5261124466281708 0.5253203773355146 0.5175378895298232 0.4777278609675288 0.5316178444144416 0.5237812804445294 
0.2787544729873699 0.9995052493825138 0.49689202120410647 0.5123623588303184 0.5016948454304122 0.4780275038768464 0.5007285120416975 0.5051025688342905 0.48573368063921674 0.5025107147552259 0.5162678683219708 0.49181149365481414 
0.9938950579577486 0.9975325057051163 0.4823067239485744 0.5092965053060958 0.5345176931277871 0.5079969731003193 0.48013661755194476 0.5099550507781341 0.46483178516523893 0.4747710827605411 0.4625106778666549 0.4772278457674248 
0.64830482887825 0.9880790591813872 0.4919161689567825 0.47767908118358293 0.5285186410296283 0.4828373866546637 0.5107420796205531 0.5098169301330248 0.4972667082471392 0.47432896341647063 0.5282277231751903 0.5393795868244982 
0.3469964913469773 0.9994014143360384 0.496047951341382 0.5048586972450482 0.4992381118657701 0.4965094552074619 0.5022666142256458 0.49220106730911917 0.49587376426499813 0.5035447102446349 0.5035067537025646 0.49248792811666275 
0.9883144076074328 1.0 0.4884299508136737 0.49167721909201223 0.510714737802215 0.4771401221770359 0.48099423166756416 0.4829703812492442 0.518272801117907 0.4755533048560075 0.4737049192091339 0.4839918969301419 
0.9882351455236691 0.985114104821436 0.5043489716778138 0.5002414695707049 0.49593610667312826 0.47382086114177857 0.511272261860102 0.4542563489815136 0.5234912040416106 0.5072942248569144 0.4957244349638554 0.45517454899669235 
0.9802378835401028 0.9950944887829123 0.5413336478647849 0.4629118103826275 0.499367705307919 0.4972677296801305 0.5543444361224719 0.47861280543189755 0.5142812579602822 0.5087954305001327 0.5645456205886121 0.4681131824196064 
0.9822342867315796 0.9986699073341649 0.46084360428689597 0.4851835692580876 0.5081258895285837 0.4848730440120954 0.48972658259053564 0.46174920328126723 0.4859804382079641 0.5105306174385051 0.488469544154003 0.49354524879209966 
0.9854517035143714 0.9914095810555983 0.5042784903667064 0.4888233501560289 0.520749015365265 0.4789217319757065 0.506792548956612 0.45402218267343897 0.49772310019500987 0.5134024719287772 0.5197329075839391 0.4421799143287994 
0.9990215715373504 0.9999708086919661 0.5143048628502036 0.4726406226805141 0.5016362779096764 0.5228238957216078 0.5027312000082407 0.4762144712507662 0.4978657215197697 0.49282149107522033 0.48926123016829337 0.4852405440287698 
0.9844580226586228 0.9946254623134575 0.5361130258226984 0.5229770964504742 0.5276286945691512 0.5021905290575392 0.4719542466691552 0.49465014546351255 0.48312207146469166 0.5183753529091859 0.5256975479861077 0.4918992301203722 
0.991745333598704 0.9982264239072101 0.46792083023773967 0.5216026341362447 0.5095814573967866 0.5154323061589973 0.49307278774765184 0.4633954035122554 0.47777674577450635 0.4780201473636806 0.5209954320043207 0.5575530119019074 
1.0 0.4699645992346704 0.5074825130114813 0.501557284790027 0.5032283440799954 0.5053826210218586 0.5113213382829109 0.5005762968826137 0.4985476522957919 0.5044671366596858 0.5074553871309868 0.5012838714827146 
0.9964582223748755 0.9959228818697696 0.4956729530762607 0.4657006486667666 0.5592742130930441 0.5343697323974963 0.49580003268276845 0.5271839065095052 0.47963646883947997 0.4851772085578856 0.49918959904202387 0.4643166356973936 
0.9956576264453032 0.999692797115985 0.49797562245411686 0.49239049269433455 0.4838345283801688 0.49870214105321164 0.49493674204366456 0.5311202084405917 0.47534827301765736 0.49030811221021553 0.4776926596946033 0.5144724045082056 
0.9968204877586213 0.9944318475465226 0.4555840848511915 0.4849814445410432 0.5455884290883614 0.4943630942879993 0.4913769851044446 0.4929029712774641 0.5287945604900497 0.48179244922730824 0.5067344151004913 0.4629577340047994 
0.3470302681767299 0.9952522430489501 0.5073991784656502 0.49182178857403747 0.5262911881489795 0.46516006546203703 0.5342732664632587 0.5054830518349471 0.5055757378053736 0.4975428753334847 0.519238407693456 0.4981370377804323 
0.998658940434616 0.9932254878875277 0.4738654671538279 0.47952869258628605 0.47406620066046684 0.5373846997445724 0.4703538279991021 0.5219641640252517 0.514028715245304 0.4704277853958037 0.4992138700335784 0.4920722431505114 
