0.9934165805764227 1.0 0.5468469194255211 0.4960296416992853 0.5408752627355086 0.48440495941886214 0.45967628665215227 0.5232130606074576 0.5345353025755442 0.525412554365761 0.4875677894240248 0.4853922962870949 
0.23750876844643415 0.9931548066036244 0.4975492878865711 0.509577033796581 0.45640979105137447 0.45839449615345645 0.4677619384575398 0.5335679540166363 0.5025357319940106 0.4764414939126629 0.47948810018958765 0.5030948400945559 
0.9931397102972147 0.10204447930974994 0.47200348278339915 0.5004139735137169 0.47025816429206035 0.49605167686027235 0.48742074427794757 0.5046800721508292 0.49632999235673025 0.47223152386997913 0.505646448646738 0.5043998313077729 
0.9907443207176412 0.9931903069563739 0.5113191750195565 0.5079183082603669 0.5127638623859647 0.4913485398758377 0.41356360792916974 0.519117414166141 0.5047047356972983 0.5331862471981643 0.5500468055122749 0.5118780905175077 
0.21337837876950647 0.8381473856072333 0.5034702232293775 0.5058568423607667 0.49819634120745226 0.5027497713973494 0.49247543379171466 0.5056727660438198 0.5062136689184791 0.5103509507810696 0.5038067244035691 0.4996879963324588 
1.0 0.16930369539440737 0.48703512390732673 0.5022136527728546 0.5083112300362137 0.5023259585796432 0.495975262585313 0.5051410387582369 0.5037530233700541 0.4921394596791201 0.513573201202936 0.492017551208695 
1.0 0.20145739394517803 0.49553772196918755 0.5026948007120817 0.4988130316276384 0.4978698120124924 0.4883452271523246 0.5059615652002489 0.5011193871833237 0.4981437991060812 0.5024327560980502 0.5072257216849155 
0.190349922290236 1.0 0.4931175461340419 0.5006952613190939 0.49767291574601863 0.5054170475545997 0.4956831394093557 0.5032540119926574 0.5021004580681632 0.4897721800092161 0.5096207566065223 0.5063760230086226 
0.05535235143880296 1.0 0.4916909031659099 0.5050178634076099 0.4965550143087985 0.4898107347960287 0.49613133415167976 0.5071171559882355 0.5002264292169778 0.5069314262939225 0.4998646473738514 0.503985879034272 
0.4795634477404323 0.7393159470409147 0.49961290785722634 0.4921346343076081 0.4969448541429454 0.5020860974938017 0.4999607806242428 0.5014140755399565 0.5120664882872763 0.49901966017995925 0.5051685081975927 0.5005141508723117 
0.018880276797480906 0.9931252764664511 0.4992544077187431 0.4936704003554335 0.5160314594364583 0.5172134433455291 0.49919954300258584 0.4926786192605314 0.4859251201093753 0.5381510405436046 0.525414625651081 0.48929728384107946 
0.9934165805764227 1.0 0.5468469194255211 0.4960296416992853 0.5408752627355086 0.48440495941886214 0.45967628665215227 0.5232130606074576 0.5345353025755442 0.525412554365761 0.4875677894240248 0.4853922962870949 
0.9977311475664764 0.9934868709747193 0.5347895150253723 0.5150954536204495 0.4607836614773131 0.49317649107542927 0.4752748252037375 0.5148750348755873 0.49997914470290705 0.466817883915272 0.5049529187892428 0.4894238997214584 
0.06905572161562262 0.9982834603065078 0.4995116602771878 0.5059735264333607 0.5042994923742381 0.49818224955327095 0.4982309942220819 0.5220568845437707 0.517532138744561 0.4814405809140513 0.49926835876225434 0.5028098694858734 
0.9928097615833575 0.9971991263358251 0.4722228377770293 0.4567221806158379 0.42892355213427413 0.5120999584308649 0.5092228548900593 0.4747169715667539 0.4954127365520461 0.5445333573217505 0.5554628050941983 0.5002938832766273 
0.993064554959886 0.40917953924166234 0.4884399602204092 0.5172091925492057 0.48925738516049716 0.5085940708903323 0.4829263625739033 0.515950712146357 0.44746922510823905 0.5149664913012549 0.5076132160478076 0.4987300799780867 
0.1656041560155312 0.9815176713894249 0.49711712503178934 0.4998988705646732 0.49574750659311034 0.46459084167358516 0.5313005235490408 0.4783565852726227 0.4995390653628321 0.49958036850679466 0.5190308313593237 0.4736193287267638 
0.1292823756793855 0.9931404066299151 0.5436050527991725 0.4962026035689867 0.46133710156624225 0.4888285635033203 0.4961424859253055 0.5128660271994405 0.5057079461924932 0.5006359627171653 0.48711140559267196 0.5078550094002624 
0.9931727900881346 0.3361157495194929 0.47139100398281253 0.5074472803364899 0.4986790618617245 0.51195510978993 0.4809255939807443 0.5240791610772323 0.48877891218273944 0.5511388134959644 0.5075952508418239 0.5013765713220577 
0.33740433186721575 0.8989858459559428 0.5036985512995285 0.5031352338638821 0.4923866555432536 0.5096212706900844 0.49687690382257677 0.49807130821177215 0.508262476379475 0.4908260896100926 0.49735570860836675 0.4995203554750258 
0.9877919656701946 0.9989535515077395 0.5284600337315963 0.5279220177168875 0.44749977369770355 0.5033231449128459 0.48210452077252225 0.5057629545030615 0.4857987991161753 0.4877780132396573 0.5420551830365804 0.49543874541588306 
0.04307709789671772 1.0 0.5094451643385258 0.4977512605638892 0.49440920604205313 0.49926318000557457 0.5021443213408412 0.5120991893318684 0.4908591653051311 0.5019969438485572 0.5040696121242092 0.4998183197225796 
0.5336965871636983 0.630279971911738 0.4979131862899704 0.4920615321630084 0.49495991127478717 0.5033503304690374 0.5004866819941647 0.5001881088644707 0.5126541097365128 0.4992206748423705 0.5031377808996166 0.504040561031659 
0.7840669756450488 0.5630552708406227 0.5027883058671194 0.49891280340522287 0.5040243191111691 0.5015656467119805 0.49978846040583397 0.5019950089607994 0.5031321720912072 0.503907828412579 0.5054948746649204 0.496829747195179 
0.994277712333541 0.9949145263672996 0.5358252454111929 0.5102820398784815 0.46261332349749307 0.5100589626653387 0.3632978556031964 0.5184422219915358 0.5101831715249165 0.5173474405451581 0.5094613341688305 0.40429572026662486 
0.9889672938355205 0.9875312256137585 0.529075138818023 0.49878520866874937 0.591569503618053 0.5408835987661177 0.5245001502090275 0.49785632489769255 0.48069625571370755 0.4677367123595849 0.46515198273223823 0.503730540277663 
0.10772700175980578 0.9977070877706092 0.4897050822106552 0.5132785738851519 0.5047160015376351 0.5120251189648606 0.49205148498224766 0.5150586055024564 0.5144050471917415 0.48012698011272603 0.5099184366831047 0.5094034212920645 
0.14651237009623536 1.0 0.5053918320387851 0.506109695055923 0.48993931672958846 0.5072704279670159 0.4981742901318901 0.4989950801855868 0.5051733614970956 0.4860634592082542 0.5027523929602035 0.5048964624104381 
0.7840669756450488 0.5630552708406227 0.5027883058671194 0.49891280340522287 0.5040243191111691 0.5015656467119805 0.49978846040583397 0.5019950089607994 0.5031321720912072 0.503907828412579 0.5054948746649204 0.496829747195179 
0.9965350068512869 0.3417876985944824 0.5045770952777446 0.489562352326898 0.4925566081509465 0.5025411030305454 0.4847394896947418 0.5092982569430092 0.49954431455080356 0.5049852484232997 0.5028211283517589 0.5088208287586911 
0.08913075518704353 1.0 0.4939452205565222 0.5102233851165493 0.5002842771698246 0.5038352493197897 0.5017860573674948 0.4927100856130646 0.5112844485212126 0.49231045250933325 0.4933975556684552 0.49746072549792164 
0.22003321764144024 0.9844552194574674 0.5198459068206132 0.5002432451569997 0.4894929068296663 0.4826513667565222 0.5073057907444606 0.5060209161930529 0.513340874739507 0.5023940165173637 0.5080073815327408 0.4919189965511649 
0.9893475020767725 0.9967029140667678 0.4992657024383369 0.4900402627007513 0.49971642682045836 0.5126254501085254 0.4519687818773751 0.5409977924811523 0.4790575795526095 0.5133112963840237 0.5634947552312723 0.5016455823622326 
0.9869324369652802 0.9908351611856054 0.4731553030477345 0.4786186349758435 0.49926634282009374 0.555658144060208 0.4127750271533712 0.4224743473612595 0.4602162375487845 0.5035879126500813 0.48600530376335155 0.47446009558955543 
0.9944299901744764 0.9915372912509917 0.47469180674622635 0.4712139922533286 0.4701593941585699 0.4133194701656783 0.42629591857243476 0.49458254142308133 0.5361544244547771 0.5170689555957624 0.5485898650502705 0.560217283499837 
0.9977325715888621 0.3460075994641484 0.4825998659181434 0.48400144489085495 0.4906958305439323 0.4895935678450868 0.4886185788312918 0.5090149463889873 0.5043133626160128 0.5084679505834566 0.504803138907663 0.49640429156757393 
1.0 0.24819106713629685 0.4872820790804192 0.504941426844568 0.5022916223398732 0.49884909753278206 0.4885975767835155 0.49516886466130916 0.4923583257897707 0.496624562449555 0.50260354793554 0.5033555262396381 
0.043880953611883045 0.9999795590329306 0.49600366538712526 0.5092730092598071 0.4954511197838912 0.5111556704725952 0.49460067109267736 0.5032531294622287 0.5017404220284465 0.503583672255407 0.49553820822137407 0.49881658042415256 
1.0 0.3942822080535766 0.4984014230431706 0.4994251404299436 0.5139003911230458 0.49347289558741936 0.4960707420587278 0.5008294126057466 0.5108142162345766 0.5026986214475087 0.5025267868016516 0.49498601080596466 
1.0 0.15742325095681284 0.49845058040266466 0.49617530833079576 0.4977076562307021 0.5017240660229685 0.4875915285409646 0.5075485198071689 0.49242798758619616 0.49596487057193345 0.509008933385338 0.508444442706504 
0.9964034116629915 0.9978154615723904 0.4787553914853043 0.4844378127848814 0.4218403628127909 0.4728541793584434 0.48597557693732596 0.5000542461038482 0.48403870092889667 0.5179603141447044 0.540563204259582 0.5314406256752326 
0.9854162012707722 0.9953855074489274 0.47370262630857957 0.5390231787648614 0.4855267628339076 0.4678971302366993 0.37749795646021167 0.5248963651757124 0.44827627541354453 0.5424651861166587 0.5174748985013194 0.5375967367547918 
0.9881269250292426 0.0 0.4555840025694087 0.48347797748204796 0.4777329314658844 0.5150549136882222 0.5260839667022837 0.5280945779452422 0.5072040698280428 0.4437607307977084 0.5152957488039378 0.5051128622607777 
0.9840624953313624 0.9986021131480012 0.504826080274231 0.5181777225614603 0.5047046426006925 0.48934878569194146 0.43198564385305666 0.5255243431704371 0.49639892172678207 0.4713168323420839 0.5510688346976107 0.5176549565998451 
0.0 0.9964429229135876 0.4955810438809203 0.4970035371638491 0.4752399984609875 0.5097864964373997 0.5057968523849966 0.5145628803624999 0.4974587083004116 0.496216150587333 0.5090291005417105 0.5116229674143922 
0.9974189110908848 0.99565167130978 0.5421218199102265 0.5022640265597499 0.47606166170886166 0.46906512505772924 0.4650326749415162 0.550564224667867 0.49716195497041016 0.44400273201086327 0.5050009787277174 0.46995884088828627 
0.21337837876950647 0.8381473856072333 0.5034702232293775 0.5058568423607667 0.49819634120745226 0.5027497713973494 0.49247543379171466 0.5056727660438198 0.5062136689184791 0.5103509507810696 0.5038067244035691 0.4996879963324588 
0.28111590058967256 0.9878252504480595 0.5472013350699971 0.5093601608851743 0.5016296779586485 0.49114361789654337 0.5187451420404153 0.5132692842337645 0.5102786537898865 0.5035087955279935 0.4984825375611298 0.48700876620411215 
0.043880953611883045 0.9999795590329306 0.49600366538712526 0.5092730092598071 0.4954511197838912 0.5111556704725952 0.49460067109267736 0.5032531294622287 0.5017404220284465 0.503583672255407 0.49553820822137407 0.49881658042415256 
0.9840594361451632 0.314207083327122 0.48203525910502976 0.4954152108078659 0.4765172674027839 0.5156599764922084 0.5021651059731558 0.5026073292300326 0.4969830832260169 0.4962190502323814 0.5068133243537367 0.4900603569210488 
1.0 0.24652903916666064 0.4836989563984855 0.5027066121593721 0.5020454099802015 0.5023177052227996 0.4940922724212048 0.5037156683620938 0.5032784702983217 0.49824471388243124 0.5036807171647463 0.4871690816840054 
0.5485615102215617 0.7000688466891678 0.49801972139559436 0.4918807938993026 0.5044632782685013 0.4985975889865981 0.5046042315252313 0.5057461626273496 0.4979632060759718 0.5003820018422177 0.5076796450720689 0.497888214550111 
0.03962780562163555 1.0 0.5024034400242674 0.5096760795391617 0.4964149962690118 0.48022014608222546 0.49617742483347715 0.491364298586439 0.5029415481228534 0.5077410638954412 0.4979380618320849 0.49764455084674325 
1.0 0.20145739394517803 0.49553772196918755 0.5026948007120817 0.4988130316276384 0.4978698120124924 0.4883452271523246 0.5059615652002489 0.5011193871833237 0.4981437991060812 0.5024327560980502 0.5072257216849155 
1.0 0.24652903916666064 0.4836989563984855 0.5027066121593721 0.5020454099802015 0.5023177052227996 0.4940922724212048 0.5037156683620938 0.5032784702983217 0.49824471388243124 0.5036807171647463 0.4871690816840054 
0.0755271731122498 0.9993560343182428 0.49712926425575404 0.5118393452923559 0.49593677855912205 0.5076117611401727 0.49159351613525304 0.5135223946645147 0.5023022866035105 0.5024613273363403 0.5043544731682648 0.5064820787964126 
0.08110924134277683 0.9990334904671538 0.492832275641086 0.48678768712775755 0.48587731028764936 0.4998133985210818 0.49855707576821184 0.50148171629366 0.5027726308788952 0.4957598294820484 0.5058280553160994 0.486141650129852 
0.9918584641749315 0.9912137361609313 0.5603242423432013 0.49097625119666194 0.47083394847928534 0.500302527345039 0.4712365074297365 0.5206007828924822 0.46834581662575897 0.46623179044451846 0.48721168611007104 0.47904630910699075 
0.07172179608976705 0.9915842611583086 0.5177710949780504 0.5214967144804719 0.5137485358133212 0.5003369003860685 0.48942340207026064 0.508022214152724 0.5028669604771977 0.49475639059979193 0.4947926827316265 0.4934610547923639 
0.989022309894402 0.42309202369381677 0.48766784504971894 0.5215774511629611 0.4937336439941612 0.5099113178898288 0.47894694600555954 0.5262188153891055 0.4896287157037783 0.4813491678738581 0.4907949927681309 0.5071752389415838 
0.0 0.9735058078787977 0.5241679352691655 0.5065147757019752 0.50822786343101 0.49048433012487036 0.4950764623717338 0.5030129252259912 0.49859848062468276 0.5026544770573795 0.5165748377777348 0.4798093428298231 
0.9816556761169473 0.5326364314203431 0.4802147493425391 0.5236538967546138 0.504056550546736 0.5146735103058108 0.4751601792083347 0.5188855329060562 0.4978550499469117 0.5164386506154588 0.5258315391873041 0.5160997279313891 
0.9957166863485281 0.9927145675419826 0.4727906120202521 0.519252608621759 0.45760355424306004 0.4500099644635613 0.4762023298733039 0.4928164641777898 0.458702885526654 0.5299623633626172 0.5412477999373848 0.5542414551646428 
0.993336942580815 0.9928821872796874 0.49598162502412024 0.5337434862671027 0.48210905667460147 0.475242891545901 0.42166355474995054 0.49909655213672677 0.5212289085050616 0.5047106583730872 0.5357120616129896 0.5366506888319824 
0.9768485939891014 0.2774099456143412 0.4864412097217051 0.5077522897121369 0.4749354781711595 0.49240382464144083 0.4814567577904435 0.5116274733993673 0.49563984405692785 0.46930289068963627 0.5221388438035144 0.5147844771024408 
0.9996291221177454 0.3623903624493142 0.4888889073012206 0.5048946950332621 0.5002687859984636 0.4973304890313325 0.4875484066660841 0.49525025592576943 0.5002621890706382 0.502224215642312 0.49622155677510643 0.5029343587549373 
0.04456537759352176 0.9983393992224822 0.4968453792342479 0.5031300835963627 0.5012299826188356 0.5049250653396311 0.5013242051475453 0.49808978630420897 0.5132654771099612 0.5067683733561332 0.4923402239714515 0.49661545906475696 
0.9984477095816573 0.3870312452083581 0.4985193089754214 0.5008465730452881 0.5020715557968483 0.497853673233284 0.4880303178006046 0.5101034268339888 0.4931335986162305 0.502536710041751 0.5003967504096811 0.5019388497608732 
0.9819683187312632 0.9999963217309774 0.4885808450820517 0.5080046365543154 0.47501776021071396 0.46558804662303244 0.4478899923916965 0.5159452574865501 0.5036921655396835 0.5144808473155191 0.5464330996188054 0.5155195658012705 
0.3155167477812435 0.989843776429292 0.520544340790855 0.4786820406005516 0.47037196335662557 0.4891271886523662 0.4996962529478084 0.5172774747399873 0.5252793575646287 0.4970733595972307 0.46711413716946637 0.49505876447976455 
0.9933473511507009 0.9990272915899725 0.4711138035848773 0.5224687957792509 0.5062152895511599 0.4934999902573252 0.5117071435449836 0.531184556393655 0.5061774733823805 0.5568930498509723 0.5371365783582627 0.4533630909919474 
0.048486938606840696 0.9987799064851555 0.5028443983886797 0.5053784562310604 0.5041433876081106 0.49917958773472904 0.4996472557082761 0.5084471141800943 0.5159267485139413 0.49109360499265775 0.49933356210516805 0.49996112478001964 
0.999062277844595 0.4169820137263843 0.49505821371072245 0.504216511048665 0.49448857446609773 0.5004535489555224 0.4992694465807633 0.4952809594904083 0.494760479053077 0.488159745936798 0.5114536373812371 0.5004051092855821 
0.1333374324983963 0.9971781937564681 0.5214935610037604 0.5208064463464528 0.4990608420803915 0.48827717666065057 0.5084064214103633 0.5065874867185395 0.48994037877331775 0.45698605413325155 0.48907380349872853 0.5097579515590667 
0.9917441222087697 0.9949061955340571 0.49548089262130673 0.5123317695077427 0.5139536775053154 0.52624751261659 0.41878041046674014 0.5136671938673013 0.5132245121200171 0.5137776168156242 0.5320352631567993 0.5295633862964017 
0.1257852771077868 0.9859310290085491 0.5179108816698511 0.49856068025121686 0.48723128814507394 0.4798406623031549 0.5004478708054998 0.45440841422145584 0.5327619469956121 0.497989853206916 0.48773070276955816 0.4920973881893763 
0.029784519661299472 0.9996525810682905 0.48866887061537256 0.5102728763365357 0.49427554619572056 0.48890283852295363 0.49652906487186166 0.5149809829075058 0.5039374144834607 0.5034261734546559 0.4927948006353108 0.4957160428590233 
0.9891585898041558 0.9975147251892911 0.51946256094544 0.46987623852276367 0.4828997697696541 0.5513582032111991 0.4660909094725645 0.5252990065040011 0.5510349482181456 0.4805880526574551 0.5083798338333457 0.4884280598900676 
0.16789803226139582 0.9956602301373964 0.503148273115913 0.5066472700026863 0.4979414629948382 0.5039993963770394 0.4898531910245367 0.5061205141860702 0.5276499166238373 0.4638532622145578 0.5048323360921886 0.49972623854910764 
0.1159817522954521 0.9892290398439471 0.5501057504534308 0.5037263011438693 0.45650725709941875 0.48402135846250754 0.506067759145002 0.5214503913688529 0.5074249848461434 0.5024838006643779 0.4974324218716114 0.5016186351000026 
0.9995119110033388 0.2946850344322941 0.4977289889868298 0.497326163717118 0.49465543416689833 0.4995217832547984 0.4855091236317596 0.5040092751347014 0.49482558431628043 0.4925541467746717 0.5101946894199423 0.5042004838901367 
0.9966906359903892 0.9917707623517016 0.49148992106372485 0.4884532816429178 0.4887644853997164 0.4379241387275981 0.4524074394452343 0.5205905410576055 0.5203655211633358 0.498746156371354 0.531041703076701 0.5377711584440953 
0.995636772886771 0.4912621414264098 0.5039440445846577 0.4696724645216237 0.48074876217422036 0.45826900390166647 0.49365453715854823 0.5057230048714788 0.5126518001183844 0.5159521826622633 0.48120368700233196 0.5202719024765076 
0.9893083424613263 0.9898009092637629 0.5135569699602966 0.5089669813725715 0.5416206641343413 0.5302785568112756 0.46888997987631137 0.4977846047891705 0.5126987678642115 0.5036218080279474 0.5139729063698755 0.48848769407166087 
0.9888111414713305 0.9951070286916823 0.481902825283209 0.5057591892659647 0.5799646644988719 0.5721407784192342 0.4106695720570283 0.5332885671762022 0.5072788681350254 0.5439486389050892 0.5736179303485991 0.5491898255074426 
0.9775439760862031 0.40458904751123853 0.49110258633690357 0.5096318386736287 0.4745059695443322 0.5051842554928343 0.48649479006671614 0.5080222339839053 0.4919430874418761 0.49078287518592667 0.5197088652678902 0.49821682526570804 
0.999356566459135 0.4821626586806789 0.5007985556696027 0.5217986092335121 0.4929076848799057 0.4949646696338481 0.4850034059805066 0.49842342997370576 0.4996056755318034 0.5034679518918546 0.49922095505694464 0.4991038477737148 
0.1557044338893125 0.99837233120732 0.49800180433682883 0.5028003484984038 0.49396091339586556 0.5052600457512773 0.48676100121100907 0.5154749502075995 0.4985210061328912 0.512998426463706 0.5076462349783027 0.5112773566856339 
0.027864638726271422 0.999589049085513 0.5063265029215984 0.5001389045653487 0.4934698757667978 0.4940558777681187 0.4994196430790073 0.5006561237741278 0.5006311385599037 0.49068136694148534 0.5015950608082842 0.4995397058610822 
0.0 0.9971611568136335 0.4921074456737793 0.5101928833936064 0.5170928733219639 0.4943554166552042 0.5110425432702363 0.4941007912904122 0.512083469998735 0.5092778089832215 0.48428433954809785 0.49139163860310386 
0.9866215009746152 0.9840780720127792 0.5971826555567733 0.4882328365722739 0.5951710159223511 0.581978094045725 0.5106297269936843 0.5577332845181037 0.4046114655313689 0.4617516015158961 0.49168566119373996 0.45223672810953597 
0.9929046220999925 0.9979540274534708 0.45078059208481464 0.5011497078857154 0.4467107837372445 0.5047903649669971 0.5239874767832092 0.49136335129798975 0.4935318192283655 0.5306081223370657 0.5212659767063408 0.5127175294470045 
0.9863993052377937 0.5057016915038712 0.5037915372045965 0.49141401357055453 0.500274256211187 0.507891457534706 0.4869880915885634 0.511215216538125 0.5022849196390793 0.5389978336252182 0.5297250743200069 0.4951378239207088 
0.9987941984475659 0.4949659080774943 0.49591565791547537 0.5012047562760606 0.4911591119573189 0.49739362727837855 0.48832653921478036 0.49675450651156566 0.497498466163924 0.48706918218854955 0.5120007704443574 0.4980027647450155 
0.9921167936178812 0.996196623139822 0.48631442509991946 0.5297899987884607 0.4945938561022819 0.5240034650148232 0.3946854370232742 0.5228176740323595 0.4778039107147026 0.5203837562839642 0.5404991439595884 0.5056660684675773 
0.9922647949251329 0.9875262882245966 0.6057666010273807 0.4738135802631559 0.4847156661493135 0.4752925651239925 0.39650551842662185 0.4924140066119175 0.5203994491213544 0.5530064620091608 0.5487480979037257 0.5199979349374277 
0.999012440415848 0.3390480740294657 0.4908630633347878 0.5073966851718258 0.5039304389943229 0.4969391030767566 0.5009473104270049 0.4954351308047015 0.5031412116523674 0.4969721658446368 0.49967626532061704 0.5166201439018648 
0.9865769513262639 0.99709378510834 0.4893299384943828 0.4804795628137433 0.5570248104766716 0.5714436380939847 0.4845585658895 0.5660905179759272 0.5115735146262103 0.5119618330358529 0.5557042123660413 0.48414402217383645 
0.996014069961278 0.4710827755946404 0.4730039227782736 0.4637012400476457 0.49848547114865144 0.5292945720806821 0.47089929528824304 0.5067248573655982 0.5072323245307235 0.5094475465267502 0.5097239238728506 0.523424754072376 
0.9931161257908134 0.1971153553058523 0.5033766605561057 0.5429952805875289 0.4588003572829008 0.4825847714593422 0.4936524847356685 0.5217646313090984 0.5028079705184435 0.46889574388606975 0.5113329011743132 0.4957509671536612 
0.9982687779834545 0.20472260636994793 0.49938805481590137 0.48584312460487916 0.49519011358794884 0.4997868243323013 0.48863372356898727 0.49895957123648393 0.49171804303737265 0.5082417245038986 0.5191509436748785 0.4914084699289424 
0.9952823555716417 0.9971017500051476 0.47243155621165267 0.5057050053320187 0.46491423021901424 0.48562527420620427 0.4722579439780309 0.5056361934416448 0.4888809687549422 0.5456914277048766 0.4976217265287026 0.5001318177383931 
0.996619619108041 0.9943603256953351 0.5078832973159418 0.5030526667749841 0.4614878023638971 0.46087632761966724 0.48595681968940097 0.5153049592558563 0.44313454932858887 0.493304773777241 0.5214611949171122 0.5141085644180277 
0.9891899091623876 0.9982668502781585 0.4756669792104694 0.48807315102561877 0.4680763424334651 0.4830234177129921 0.5545041047775255 0.5425986655140258 0.5045790613015946 0.5267635918512308 0.5626581550955028 0.48588368219807454 
0.08027529834107758 0.9990665934587496 0.5086176398277973 0.5009684523208662 0.49317661980539157 0.4978092848624244 0.4974908675733111 0.5117817292383023 0.4958813930683965 0.49393048996196304 0.4997565950716398 0.4918779517149218 
0.985577150203418 0.9932335623425865 0.5188206147011704 0.5188016556161887 0.5020460307456605 0.5062116038234382 0.3798117815452352 0.46967479610415275 0.44569709448185135 0.5353810143829717 0.5426557527659663 0.5469177608909949 
0.16279412612162247 0.9786191301148892 0.5248445960237363 0.4955808465332518 0.508093955841741 0.49589150958323214 0.4899568997606129 0.514122549515151 0.5095129743280795 0.4963900100561612 0.5062880176633155 0.4936547028630778 
0.9861277256476985 0.9996910396660494 0.5059978467478685 0.5208883001605676 0.47265873037543027 0.5103527226917146 0.4263903003592153 0.5195721835227843 0.5206287933570058 0.5066385450272779 0.5549337015066198 0.5138941469333729 
0.23986028951799962 0.9931054828205079 0.5404314741870051 0.4927721901375325 0.4654798490659007 0.49162546516511896 0.49677552968891436 0.5265642909708736 0.5015419663679659 0.5133818940685211 0.502656887508708 0.5145818801005813 
0.24199413391490376 0.9809944655481144 0.5228752895423772 0.4951845505530504 0.4898201413478441 0.5002672781858272 0.4959411895160751 0.5092515144731713 0.48885876610729423 0.4837712030636559 0.4997776364445015 0.5023071064428548 
0.9940850066811073 1.0 0.5148742195330107 0.5292872028712037 0.46156773305513576 0.4776535028363087 0.42483866112448343 0.4557783176412067 0.4752349282833919 0.5531606363769229 0.48751472403933727 0.4886342950150393 
0.9851146875472436 0.9979964791964222 0.5053408526954034 0.5143783479717131 0.48974558741690355 0.4857495347864388 0.46130719850649937 0.5423890643294564 0.509959573198849 0.4981620906256332 0.555402558953936 0.5304058096176429 
0.33229338356204957 0.9820220662019216 0.5162481891429078 0.5144004169232967 0.5139117105529154 0.506681827228263 0.484395510654709 0.5138391030975866 0.4942239804606033 0.4782213032563394 0.504115200185348 0.5112924361837032 
0.999663148816009 0.2957019814889829 0.49467827702813816 0.48508182084688756 0.49123706428853586 0.4937306450765206 0.4907190845221038 0.5054177077794004 0.4963710311088266 0.5035313673465855 0.4909201759278939 0.5026879027093397 
0.10923811003913382 0.9697113255071803 0.514217686862689 0.4837939895992399 0.5212962305877332 0.49635178789918866 0.48469051405815233 0.5018401782225191 0.49321400193575765 0.49556987368752203 0.5026950181541228 0.48529887082268464 
0.9896475090153 0.45880230699779156 0.49231422581353135 0.517882929960883 0.49272647190026864 0.5127866259990006 0.4780803133616115 0.5425649207728105 0.486117347594645 0.5143073355165475 0.49028358576900377 0.4815211691888558 
0.9971596950164534 0.40134676246550466 0.5050865751692919 0.513536090471885 0.5015617666990537 0.5046021316772938 0.48171389335134857 0.5311434504904076 0.4908653519454735 0.5031586403077152 0.49320246630143205 0.5002285929635936 
0.9859202321638703 0.22425926014910905 0.4651933250683745 0.4872698375018496 0.4935186100758511 0.524490109472374 0.5096491003122684 0.5044266936449662 0.5068274385702014 0.5037431207454569 0.4981941096671023 0.4991291658275965 
0.9959819853350067 0.9983099655625765 0.5031967279090394 0.4790229320923596 0.42271825126670826 0.4758077573505645 0.5112574184249967 0.5144205169592179 0.5026992522742691 0.49383259396326995 0.5507767812136448 0.5173325495779084 
0.9777936654870911 0.9959359149828663 0.4521432171760089 0.5453177702457926 0.4807292086846493 0.47240599137951345 0.5017784596684354 0.5832195486025868 0.5043358499056974 0.48191660947658105 0.5197264375551465 0.4942212064309647 
0.9931846112222823 0.3097833445931395 0.4693115092427522 0.5107638309145108 0.4982316976826711 0.510299652577343 0.4781791752078044 0.5240739062238169 0.4909913006823897 0.5352349419146003 0.5082621171591957 0.5051765166471924 
0.03877142229741018 0.999486608894849 0.49938897259268245 0.5066125731203607 0.4979491822428981 0.4897458680560359 0.5030054070604337 0.5073425036347157 0.5037946326890462 0.4898055876500207 0.49534582436104574 0.495384957487311 
0.9728893120459501 0.40502318851734215 0.48332797953212214 0.5157030932333754 0.48949601435894774 0.5035386674736257 0.47830846849938913 0.5152565031527118 0.49674744700191975 0.49287077065254753 0.5239851914954092 0.5154421025169149 
0.9879344017072003 0.9931873622878089 0.4583735705266739 0.4832623260328027 0.5527209832814326 0.536865800741887 0.3745867625930743 0.49343972487331833 0.4835900961165842 0.5505989769897381 0.5358322678151333 0.5702446613413479 
0.1673917331007503 0.9927202668922093 0.5263471566821488 0.49565954360079933 0.49575748757417487 0.49047676881002433 0.4950839811558558 0.5106125112010086 0.5135395302692511 0.4874046901032767 0.494088879340071 0.4753162229877484 
0.9983142842017547 0.9979711027013926 0.5358866286013917 0.5220590810696987 0.45319011575756896 0.4934067470426363 0.5096891082702999 0.5104747723017297 0.47142694663744533 0.5316744099245461 0.48665953720268373 0.5123391758405951 
0.29912197632120757 0.9766538222261705 0.5010647615465584 0.4936232405574087 0.5162065147389134 0.5021536170407788 0.49917902085157334 0.4997312714472354 0.4884166434965517 0.476696818306611 0.5114830510797643 0.4930130133458738 
0.9975927168916486 0.9986344535390361 0.5080219141101655 0.5115254024023883 0.4573008890961985 0.49028381514355923 0.5157441237318819 0.4974344998961661 0.5094917233162157 0.5517130172563578 0.5083078595548746 0.49227325002323186 
0.9816727418978018 1.0 0.4877745350895114 0.5015181583599491 0.4685453673837923 0.4689960268769561 0.44683492772853384 0.48013693748792063 0.5014174394247768 0.512244756951397 0.5486363580422908 0.5192095771114122 
0.9925322729506609 0.4539557830152591 0.48495300326015023 0.4825598744968706 0.5251352420174434 0.5076920537054668 0.48403696467696833 0.5015631603261315 0.5190742305672076 0.5231224372264005 0.5057499714605718 0.48994199989508 
0.9816556761169473 0.5326364314203431 0.4802147493425391 0.5236538967546138 0.504056550546736 0.5146735103058108 0.4751601792083347 0.5188855329060562 0.4978550499469117 0.5164386506154588 0.5258315391873041 0.5160997279313891 
0.09840962048395051 0.9933575968899286 0.5176408683572137 0.4994082097766347 0.505538854074993 0.512178753943215 0.49207671666429614 0.5133427917705529 0.5098681283712125 0.5160554266680322 0.4857727421359362 0.5044676016389084 
0.9933903894778404 0.3898882999336911 0.5214729034356781 0.519121888288545 0.4768095674918442 0.4909931031860374 0.4603811370247932 0.5511940567188327 0.4779526228340001 0.5095229201973985 0.4940790610110946 0.5117998695581762 
0.06235635670740482 0.986749941641895 0.46656352166649373 0.5132653804772389 0.47837501345865013 0.5161020254275682 0.4977895696374711 0.4912274990547728 0.49120928524826585 0.4859331302150801 0.4758080726731211 0.498057791301196 
0.9931651316674011 0.9998645064384901 0.5046769116833242 0.5037895247065374 0.5004498530711023 0.4837565439202988 0.44636890334843926 0.5118582029788143 0.5079964940700497 0.5490632902325441 0.509586250677756 0.4887539781339311 
0.9984583850372348 0.9988315763842848 0.4585392407839131 0.44183342179216606 0.45588788110771195 0.4564867259466843 0.4833093589166763 0.5039649884256137 0.5118590624430078 0.49309193521848993 0.5480025738183463 0.5957784128667006 
0.0 1.0 0.5046262753789325 0.5178635003207631 0.5105004224275899 0.4981587668723646 0.49614447751640284 0.5012214960909112 0.5072652944085729 0.4999536582071734 0.49364316376116896 0.48968377084904796 
0.45249687802879934 0.7601210466510189 0.5004627686408543 0.492171185379908 0.4979373255770245 0.501453981006184 0.4996978299392819 0.5020270588776995 0.5117726775626581 0.4989191528487536 0.5061838718465808 0.498750945792638 
0.039677035533784974 0.9286774940257518 0.511645299335206 0.5064290139907859 0.4970217473499872 0.49333281967931897 0.5016042057436813 0.4935412750356239 0.5004224242972318 0.4920594888008216 0.5006069341286647 0.5021884181697172 
0.9788167964720744 0.37808139056153467 0.49593909372197287 0.49539037117933216 0.49348339789206486 0.5141644486066764 0.4893120885809876 0.5149787254834814 0.49628378292127673 0.5124877848856058 0.5236332077961099 0.4865158292503864 
0.029948634248747337 1.0 0.49762714932767793 0.5087867977774456 0.4963252322253998 0.4843756610101203 0.4959001776707378 0.4997690927548377 0.5016962702197321 0.5059893607484356 0.4981626099779463 0.49991539901765863 
0.9919223918463387 0.26469518291154326 0.45839063830060395 0.514836322740646 0.5006934060495096 0.5062044935715865 0.4826588592686404 0.5180341602180095 0.49580164840100616 0.4852224782105856 0.5086180648400781 0.5526847108275137 
0.05535235143880296 1.0 0.4916909031659099 0.5050178634076099 0.4965550143087985 0.4898107347960287 0.49613133415167976 0.5071171559882355 0.5002264292169778 0.5069314262939225 0.4998646473738514 0.503985879034272 
0.4288377560625938 0.9864599065289856 0.5348464279387704 0.4942866662699702 0.4624833091149412 0.4771971482378258 0.5108878428466582 0.5158314047811138 0.52227118459778 0.5013111664557555 0.477989654175984 0.5080282957793707 
0.02532902675269249 1.0 0.5023967890187624 0.4987643146440556 0.49846856181234467 0.5003724755367618 0.5067080650205001 0.5088094126623137 0.5134695701247897 0.5069632722722622 0.5001498170089717 0.49588175006877366 
0.0 0.9971076878951797 0.4940120782982534 0.5023380075054015 0.5027860794419765 0.5033565649761494 0.4926467674199606 0.542935686159791 0.5038745186092999 0.4967175233187533 0.5041699295232962 0.49084868595181536 
0.9854455456739541 0.9988338434339904 0.5006603954294419 0.5143941451061911 0.46372824584320504 0.49557025341997096 0.492212749748812 0.5242734706148949 0.4999058371284256 0.47590591909317115 0.5401688005247702 0.5093367215611315 
0.9903647936429447 0.998399319894206 0.502425707842545 0.5206890662507405 0.4415335001562295 0.5066824799934448 0.4694662943539228 0.47888203425852427 0.4886557515667772 0.517266628718239 0.5046195944995984 0.5227629230186659 
0.003000261815441052 1.0 0.4984254380525194 0.4973154288240357 0.49760773725109586 0.5005383913626933 0.506733498994961 0.5001334813278051 0.5102430894883541 0.511590492059449 0.49989352827227684 0.49666794802620645 
0.23023743710805974 0.9805477532000593 0.5064846944617932 0.5006036811525859 0.5092800038815575 0.4877940361724108 0.5125434218159985 0.502409905316981 0.5065407396246583 0.4883350311502881 0.520843251142137 0.4830304489060404 
0.9944111173080974 0.9926229580205653 0.5162132435732799 0.5040655342648994 0.4177069770093421 0.42911412701886187 0.39422171221494445 0.485540542527735 0.4863588640021733 0.5144869204448788 0.5468233587013251 0.5412116422537865 
0.9866374618121976 0.25336309119620026 0.46176634741972233 0.5080326633400875 0.47873249518264144 0.5041718875565191 0.48657301491160826 0.5114191443609111 0.48871292655888077 0.4910004586760925 0.5137050305818258 0.5092477153215393 
0.4795634477404323 0.7393159470409147 0.49961290785722634 0.4921346343076081 0.4969448541429454 0.5020860974938017 0.4999607806242428 0.5014140755399565 0.5120664882872763 0.49901966017995925 0.5051685081975927 0.5005141508723117 
0.26404911578133855 0.9980967501465347 0.48898037371603753 0.49695809191558404 0.48429455718236236 0.5014430174383475 0.4766526374958516 0.5212858170080772 0.4962033649780629 0.49553451785315705 0.5031503911911002 0.5266152282681236 
0.9814246304878045 0.9937589290477539 0.5673230866667502 0.5070859310179214 0.5107397773663735 0.5029062674425995 0.48649900917245575 0.5412435714903114 0.5157554051056842 0.4335427446944186 0.5618245795441682 0.5046295240825106 
0.9929943858398245 0.990486739480996 0.5677081311600412 0.4879898551191331 0.4928427690793459 0.4375466223377419 0.42235417305456624 0.5207697590849425 0.5364931632363209 0.5312217136451751 0.5279138448900129 0.5232106037385372 
0.9908157141705363 0.2922039422043124 0.470704179122095 0.5185738945938934 0.5096774536243078 0.5036822903540407 0.5225408898535917 0.5304501749449039 0.48049687762954413 0.5047583636131305 0.5046595869890594 0.5200105749977729 
0.9995215249628182 0.29094383338694635 0.4972416930217617 0.4987610367034242 0.49537677475764913 0.500305295372022 0.48946980559631176 0.502712007391745 0.4942099088179585 0.4923082275145187 0.5102129874016149 0.5043126299430899 
0.9894449381165807 0.9991036391366209 0.4529005340331864 0.529968224901306 0.46538658917858 0.4873076577664588 0.4721718578397308 0.5005594970056464 0.5040511108716688 0.5366257753359363 0.5219141107858034 0.48142432668495927 
0.003000261815441052 1.0 0.4984254380525194 0.4973154288240357 0.49760773725109586 0.5005383913626933 0.506733498994961 0.5001334813278051 0.5102430894883541 0.511590492059449 0.49989352827227684 0.49666794802620645 
0.98760535797986 0.995944124680561 0.4758535460668729 0.4918932185781269 0.5808896035022254 0.5759970575691048 0.45905369888056224 0.5552804866230547 0.4977954672445618 0.5242805997831455 0.5709930318491169 0.5139474186054505 
0.0 0.9887848459575689 0.5382746435599977 0.5197796643282492 0.49854721216322895 0.4777765356356508 0.5084013953286748 0.5279798210595015 0.5076644732092841 0.48590486490943574 0.49873427869762843 0.5108861452414032 
0.13301200731901097 0.9989151675370435 0.5097786555235994 0.50287017067008 0.496925255067032 0.4993492696610655 0.4949721548979435 0.4738136216288852 0.5063059123729172 0.4902540906969285 0.48029211394883076 0.5074015478539835 
0.0 0.9966787984449643 0.4997455379119736 0.49603678207617613 0.5021756880678466 0.5060148813594725 0.5008623529275956 0.5034694869953533 0.5152465056987099 0.5212262942029333 0.49128289227444777 0.4957701926315923 
0.5485615102215617 0.7000688466891678 0.49801972139559436 0.4918807938993026 0.5044632782685013 0.4985975889865981 0.5046042315252313 0.5057461626273496 0.4979632060759718 0.5003820018422177 0.5076796450720689 0.497888214550111 
0.992087465899816 0.9919537730028832 0.5182829627156227 0.500204740556481 0.5020103804152967 0.49811740318372166 0.42812694879509905 0.498540409215514 0.5629097141348675 0.4848581031821171 0.5243566288121674 0.5188925509207328 
1.0 0.22347446543936064 0.494081292752449 0.5059545469027247 0.4993657193261065 0.49594268500725436 0.4887220764580046 0.505168087896789 0.5054650869818875 0.4992332633731551 0.4991446674544062 0.5066163611741212 
0.9954951370284957 0.9957236309869373 0.48777638119046507 0.5255310142645391 0.4441116337763121 0.47147493499068527 0.4406188410351902 0.5092316039735624 0.5085021860445167 0.45378158106628685 0.5413088052828363 0.48427291192421523 
0.17060925136346394 0.9776423214849174 0.5239528328034868 0.49974793764140796 0.49162848587304464 0.4899128741128047 0.5068040589042924 0.4924192881040568 0.48706059998685225 0.5074003151383619 0.5172645762939929 0.48033298199995506 
0.98993040977783 0.9891482527703566 0.5669090483993039 0.46849908731934026 0.4771081356094245 0.5053808698715034 0.4273360186017948 0.4807866189469934 0.4723959497388823 0.5071106210529094 0.5102830658136576 0.48035197270895263 
0.9945247034145708 0.9985242879008639 0.47464527200624645 0.505918710945383 0.4574928779240274 0.49168978797831414 0.5227367413889035 0.5149265247163767 0.4958804081336301 0.5370013608771713 0.5428830727418921 0.4731789148511143 
0.9977095203549999 0.9917855731954346 0.5022112287964674 0.4990680802676306 0.5090158625396977 0.46850307608007535 0.4458951122043587 0.5364515645672678 0.4952855430724895 0.4930392900021982 0.5252117472340367 0.5365486692781452 
0.18884979138251548 0.9988535438853046 0.48995854994467186 0.5071339886038793 0.5074154837814526 0.5023255602008552 0.4978376615469934 0.5002376669739609 0.5030206483233537 0.48861583847110235 0.5018161622444328 0.5037378682970713 
0.9976371749278237 0.3388074454399962 0.508972808450635 0.5076375414987055 0.5046293220182803 0.4912076723954434 0.4908164466440856 0.5324939978028478 0.5042450054687635 0.5031266449732548 0.4976307887926237 0.5027972616536103 
0.4015711325447687 0.9902560854697289 0.5261982877271241 0.4986887699367095 0.5069720356692443 0.5050274988573347 0.5200321825295543 0.516193027681775 0.4927537687812241 0.4828061573132103 0.49746537061618284 0.493858890275202 
1.0 0.22347446543936064 0.494081292752449 0.5059545469027247 0.4993657193261065 0.49594268500725436 0.4887220764580046 0.505168087896789 0.5054650869818875 0.4992332633731551 0.4991446674544062 0.5066163611741212 
0.9871563880521266 0.9895009098205199 0.5633111452845196 0.5006167715597197 0.5581370433703781 0.5791595619738874 0.5445931295829751 0.5479161109689692 0.42812417388620544 0.45144855708785336 0.4777282248699341 0.45290950216168835 
0.9881968995482687 0.9960793556888251 0.4878585188256678 0.49844171162303236 0.49480323663382475 0.5097761249100783 0.43911107024620577 0.5289883535975679 0.46313666351122434 0.5496340497260971 0.5897273138396396 0.54328412017023 
0.9964725904133533 0.27656297716013617 0.48344258955865577 0.47953734559595174 0.4821316515394024 0.5047860882119585 0.49778345453715883 0.4993148632318985 0.4777875894518121 0.4910837988360074 0.5023570464623587 0.5452071159526736 
0.9935384025435755 0.9970919651666814 0.4976219714891591 0.4432742911893262 0.4115362388056146 0.50415894311699 0.5034831934081059 0.4744639676881745 0.4988221586223656 0.5229489738647998 0.5594096593300747 0.5223707006400243 
0.9992582442354908 0.43525504497672 0.4880658095002079 0.49405560459187065 0.49951378957541615 0.5044996740711247 0.4852441889571236 0.4877128558651297 0.48202219176369754 0.5019467751102473 0.5031627120267385 0.5010804378681363 
0.9705873471751534 0.4159763359795227 0.5052146986867128 0.504556178657897 0.4772929777238666 0.5052176783311791 0.48742772929288414 0.5137831672270081 0.4921545908159737 0.5101185370604695 0.5276615732690965 0.492239877454855 
0.9966606971569412 0.992557694558898 0.5215881972065937 0.5093116306763643 0.47950809077236434 0.45941717242418295 0.43051639132157016 0.5183205864401017 0.4988008297721937 0.4932479107217045 0.5286430852841056 0.5347188392999236 
0.9933180980165985 0.9917754424264638 0.5129842864976762 0.5120169334482771 0.4665842290108884 0.4740838748115521 0.429477766043138 0.4911523465674474 0.5536317472390856 0.4806990871441865 0.5228932340623038 0.5250856270368236 
0.9890238926420774 0.9922815074311073 0.4958879490090744 0.49470467043638444 0.5368941457491124 0.5105279038934848 0.4148369362783372 0.4773966869060833 0.4874598419466459 0.5316988396642902 0.5285797238346921 0.5328560746516835 
0.9971032962197777 0.998097131185417 0.4953512949054692 0.4972629808964937 0.4397472460614554 0.4859963032789992 0.46874107537547893 0.5009344338316063 0.4978098856854817 0.5473709557083459 0.5116626218282696 0.49985390030605353 
0.9980424422547405 0.36291934532417713 0.5037460587130282 0.5042420572719968 0.5033504389075643 0.4945306728143637 0.4894233822223451 0.5212987123184183 0.498689302042497 0.5028316775075029 0.4990137696011524 0.5023680557072417 
0.07450344461940758 0.9717976143737145 0.5107034761222335 0.4943591477711945 0.5214946149186557 0.49156411500634395 0.4870379083556411 0.4976543155373516 0.5036297681394566 0.4937505167282057 0.5105853718624493 0.48290309585618885 
0.9996291221177454 0.3623903624493142 0.4888889073012206 0.5048946950332621 0.5002687859984636 0.4973304890313325 0.4875484066660841 0.49525025592576943 0.5002621890706382 0.502224215642312 0.49622155677510643 0.5029343587549373 
0.9906220095673555 0.9945489175597292 0.4882529828850275 0.5034388091224075 0.5365567606495147 0.5264362810918009 0.3731918460399083 0.5093593397187445 0.47847421555857433 0.5404766729844706 0.5566301429576217 0.5576233738905274 
0.06658943574224194 0.9986999801279046 0.4963705584336389 0.5120884334805511 0.5044037920053802 0.5140197953277768 0.4948840079546361 0.4878390647751034 0.5111942667305021 0.49943302826993896 0.5100488433689321 0.503705931880357 
0.9878821583994324 0.9983051898515419 0.5083871728207096 0.49457642816018454 0.4704084521477946 0.483688389761855 0.5082408077646147 0.5362579725230833 0.5047110493751996 0.49379454736764283 0.5451502487596976 0.5303151661107866 
0.9867729752186045 0.998903528203783 0.5000737694269523 0.5155138461906188 0.47206927786814745 0.4806955587194833 0.4726393699402025 0.5265120608107718 0.5059568707447457 0.5026713942047272 0.5353416522344041 0.5127805039567338 
0.008734907858607442 0.9961429638377666 0.5313436593732974 0.49544299455574464 0.5074835326590574 0.52002749039115 0.4782391559195872 0.4861056856498873 0.4954735572159117 0.5395115568308255 0.4911278188520632 0.4810904081228532 
0.9995610486715628 0.27037513054886325 0.4968934799579388 0.49144337444002906 0.485764545511004 0.4937005709143387 0.49074224610670214 0.5172702086159764 0.5011621833956781 0.4976727006041252 0.4985226144500863 0.5006737452453709 
0.988248690373144 0.9974175196060007 0.5028374595760308 0.4707544524403763 0.4607177924528914 0.5343996030308903 0.49364506978121203 0.5351478945437761 0.4959028487217303 0.5268656225415747 0.5690020260520234 0.5014466810207858 
0.9965348666718216 0.4277317921367143 0.5119167772132804 0.4728253540260874 0.4872779931984936 0.4846327846059407 0.4890796716744624 0.5055453588737715 0.5196170269111646 0.5245311454962089 0.48960063560859185 0.49337257946464197 
0.9907318449672712 0.9911309960785273 0.5495179747099384 0.4857853514143825 0.4969416073884186 0.49937095025742506 0.4366536541800562 0.4959075661660712 0.48542856467933715 0.4901250957092791 0.5180485967740434 0.5046217880034156 
0.9839783783880192 0.9962779447194301 0.45406315816554477 0.5418584449483299 0.48291825573689434 0.4540238602475068 0.41228909064094404 0.5710627886306943 0.4724887725987199 0.5108804867983701 0.5154708893391711 0.5203936497732294 
0.9986727006628275 0.24229408587092782 0.4970686493166357 0.48599942328344486 0.4842229495546463 0.49677275694067347 0.4834566275384514 0.49712425284983186 0.49996508909535126 0.5087650936646795 0.49735266131004896 0.5176161445294292 
1.0 0.15742325095681284 0.49845058040266466 0.49617530833079576 0.4977076562307021 0.5017240660229685 0.4875915285409646 0.5075485198071689 0.49242798758619616 0.49596487057193345 0.509008933385338 0.508444442706504 
0.997672441512557 0.9940910744698259 0.5259573510132369 0.5188570189848801 0.46056371868476553 0.4942478284594067 0.46187875382694954 0.5157327518393782 0.4702692838545112 0.47968277235637774 0.5126554486381405 0.5006548744929297 
0.9843179228866588 0.9976773426033465 0.5517195347827499 0.4788840227796813 0.5091749129101453 0.5525348679815777 0.39183023728905925 0.5387150040069144 0.5117426256703757 0.4800884269972577 0.5405868178168423 0.4955802447884903 
0.9705873471751534 0.4159763359795227 0.5052146986867128 0.504556178657897 0.4772929777238666 0.5052176783311791 0.48742772929288414 0.5137831672270081 0.4921545908159737 0.5101185370604695 0.5276615732690965 0.492239877454855 
0.9877100857728055 0.9912413107231494 0.5307279527496416 0.49176199197766973 0.5732429995920981 0.533253958059662 0.4481249816573322 0.5128724294921493 0.45726647752999405 0.5138467722924507 0.5346669135523443 0.5168780790299721 
0.056030036230669336 0.9991312136243251 0.5139319538603273 0.49777454083514805 0.48918591758169194 0.47915554106343694 0.5014439368776932 0.5006345230024898 0.49856591371500103 0.4785921268347769 0.4965910610652916 0.4880764343290248 
0.9956717516257785 0.9917559515079685 0.4807686133309823 0.4778384830182049 0.46851310825973513 0.40734520137512087 0.45891976668611 0.504729517547943 0.5454454992541822 0.5044530227405098 0.5368716589193651 0.5389936476100454 
0.9855100765894889 0.34394879204069534 0.49107494606844015 0.5167202442483898 0.47082487676830936 0.5043364554317344 0.483310436371403 0.5178425866966481 0.49565234568622824 0.4817948293330231 0.4959567401104942 0.5048019484443584 
0.9918067836817204 0.9938652069544849 0.5528853989520843 0.48210275959103255 0.45223201974200433 0.4713199597224391 0.3770850439414063 0.497981272681626 0.49958849429473584 0.5060796128994458 0.5567886312250061 0.5193546559273239 
0.9911557546832346 0.9958765122720823 0.4730665968347082 0.5101016881239775 0.4370950844135194 0.45476223704828694 0.36536549324252676 0.48026571334175755 0.4620458029651008 0.5871506392341195 0.4896974441508596 0.5083596495866542 
0.18898162765904308 0.983469793058871 0.5007060977159872 0.5036839450186903 0.48429251689450625 0.465083829352924 0.5217356903233364 0.48145104889315543 0.5112855689623116 0.5057585296506107 0.5140240996012999 0.4794316832323631 
0.9930832738009207 0.9941922564068904 0.47765563044913467 0.5270631949059997 0.46570445784069825 0.47836922434746176 0.37589348053598615 0.4945832144226112 0.45991828176701066 0.5321586409086094 0.5537033534578946 0.5700095261227088 
0.9959819853350067 0.9983099655625765 0.5031967279090394 0.4790229320923596 0.42271825126670826 0.4758077573505645 0.5112574184249967 0.5144205169592179 0.5026992522742691 0.49383259396326995 0.5507767812136448 0.5173325495779084 
0.9950188022840933 0.792783710195478 0.5203464946482532 0.5125476084875494 0.49185111958209465 0.4752666149517938 0.49485609914377443 0.4770462987353627 0.5364385252064608 0.5002301573188563 0.4772263869344229 0.48620405254491245 
0.45249687802879934 0.7601210466510189 0.5004627686408543 0.492171185379908 0.4979373255770245 0.501453981006184 0.4996978299392819 0.5020270588776995 0.5117726775626581 0.4989191528487536 0.5061838718465808 0.498750945792638 
0.9905592086929191 0.9868732519637291 0.574725595423462 0.49960684786424897 0.5098851957470304 0.5381534980766416 0.46208748381997294 0.47229443277882543 0.4819129852749731 0.48671132594188327 0.5191125871932594 0.4969380224245521 
0.09758133831786549 0.9969307603341675 0.49925916387527564 0.5180540867465344 0.5003155339942759 0.5074562028387117 0.489250436382741 0.49016565996782585 0.5251973447997055 0.48538683566261576 0.5104144887194293 0.494917010368632 
0.990725591217106 0.9972252453940803 0.5182108643857536 0.44806429075709525 0.46838587228764805 0.5756832373334249 0.4822598451099208 0.5216784216111608 0.5440065859795862 0.4949398186154258 0.5151795673823895 0.47394849559163904 
0.9807234927783213 0.9965637280994026 0.508537916235583 0.5537702474408892 0.4619276527793648 0.43704409359786306 0.4682452139306348 0.5949647119391908 0.4885714270932699 0.4523523706507103 0.5284670452036886 0.4875860811438108 
0.9928496269880165 0.9952265179280237 0.500896032655348 0.5047528381826547 0.49634267835767243 0.5212569018596385 0.4324263271200269 0.5175853983504655 0.5080616929174087 0.5028798896136826 0.5229032891730034 0.5192366381543938 
0.9941656479771547 0.9902784986050501 0.545912553175343 0.4734944809675569 0.4769172759509825 0.39514765582872025 0.4214386579432341 0.5187908251887261 0.5231155183962757 0.5473271398519978 0.5400304630090644 0.5438729700280893 
0.9942155419923101 0.5476635291990494 0.47738741571287135 0.49299779506333685 0.4953657734045854 0.5229152923728946 0.44554990867751154 0.5220512269946045 0.4878537484260151 0.5086554408029712 0.5019345520044542 0.5180083744326711 
0.9989154491219234 0.37439907859261784 0.501215108892346 0.5084946282283703 0.48057247070088505 0.49058621149946025 0.48429306825953294 0.5161099965969621 0.5138353654218542 0.47949127059280233 0.5141700440678239 0.4962030420582622 
0.04911423247944571 0.9803405719913831 0.5143833159418869 0.5100380679896153 0.49071115548803473 0.4947766602823115 0.4938262134013293 0.5058101428266715 0.5139025032502467 0.5113569581186426 0.5039705926339051 0.49670338733298575 
0.9964165152900413 0.4613846661950919 0.5041909123362596 0.5268024801846567 0.49708908974697036 0.5382711307598422 0.489913020711384 0.5212671165158336 0.49721600290078966 0.4981832219594594 0.5031422595371537 0.5086744847140698 
0.0 0.9882601919345584 0.46398192591030407 0.5068183830157187 0.49832916199258465 0.4819408653486632 0.5163983563076535 0.5201034443632798 0.5010294200188978 0.5020183164348042 0.4991505771235347 0.5014008176617482 
0.15220393256897635 0.9721212412213169 0.5165382740118353 0.5017949582650257 0.5112158894387712 0.48707222501252945 0.4974865042225619 0.5002034319321217 0.5060215805005011 0.5020681599530683 0.5068534539299211 0.4830141731695072 
0.981087079936438 1.0 0.4615908772935697 0.49264926078124194 0.46777372255957245 0.4717233396696695 0.4509463571886553 0.5024994513424028 0.5045288180653583 0.5383889752597699 0.5706813519883658 0.5209502595942762 
0.0 1.0 0.5082180881499456 0.5038298719440946 0.4970239080972073 0.49114456894635256 0.5028379636026219 0.5007634928935718 0.49923275982895404 0.5091899219647056 0.5093957590131064 0.5053496325715392 
0.9911911661977066 0.9887841161603355 0.5821146522841006 0.5010460385674791 0.5093267289773699 0.5090495434617026 0.44267858599293564 0.49752156287999216 0.5158918966756696 0.5009138066901179 0.5174549069821104 0.4997431299367686 
0.978118022452517 0.30130018539747644 0.48981198018453065 0.5071419893466758 0.47022262679931853 0.5122797529067971 0.49311628241033567 0.5228261157862368 0.489115442124447 0.5120945436586292 0.5064832327612192 0.4912468630414917 
0.9946816976606129 0.9970547614981597 0.45560187499573945 0.4586975560530471 0.4298970009625225 0.5091454637836339 0.5616664759634835 0.49415377580826025 0.49628740103622687 0.5398030632202793 0.5515918802662876 0.5102503406530117 
0.686692065231536 0.6555422109801667 0.5062129119396928 0.5006740195181683 0.5092947797207212 0.49526624576463246 0.5050266463182571 0.4955031506994584 0.5065563666761724 0.4996178501760656 0.4964257080993256 0.5019867061675752 
0.4264846876797572 0.835402760626502 0.5034641670750497 0.49447796736368943 0.5093335968575168 0.4900701535801458 0.5022503887993106 0.5015700506328009 0.5057039432261455 0.5009319223454873 0.5024058575770881 0.4920536090296511 
0.9775439760862031 0.40458904751123853 0.49110258633690357 0.5096318386736287 0.4745059695443322 0.5051842554928343 0.48649479006671614 0.5080222339839053 0.4919430874418761 0.49078287518592667 0.5197088652678902 0.49821682526570804 
0.9943278196649497 0.9936911256279877 0.4929350603026107 0.5179879640292606 0.47230980111525545 0.4599840317574009 0.41156979560167384 0.5009173710058847 0.5698911712665129 0.48854625287810177 0.5426267752560012 0.5493223856931497 
0.280956051719609 0.9848705440664485 0.5291455615052811 0.49370886048259044 0.48394744911903004 0.49250003029008294 0.4932682533001495 0.5096533397165405 0.5046707784415175 0.5110874187375385 0.504837134626502 0.5053854247473712 
0.5040126288485504 0.9868921573271285 0.5244143910923791 0.48204717041211725 0.47489520072581026 0.4947485975591008 0.5134120928257301 0.4929352752712822 0.48643721305241855 0.505881686218126 0.5076674946958317 0.49470198120334163 
0.11476322981838363 1.0 0.5150006686383052 0.5019655032723538 0.4964029524414915 0.5012257739496566 0.5038190087990269 0.5066707804354565 0.499861295950501 0.4967838223810635 0.5029940141315943 0.5062631124281367 
0.9819098045732 0.2793785726466839 0.4768462303568695 0.4819561570886818 0.49219466065034145 0.5172248889459758 0.503598972998064 0.5031928300743446 0.5073435509330735 0.5100895882184147 0.5142210294171814 0.4999466443631222 
0.9956505900655347 0.9948685216788935 0.4827318376364449 0.5279850609885272 0.4933221297126593 0.4864979346345877 0.4605560013025144 0.5267286595392612 0.5005809910169674 0.4957306777345823 0.5188521895864633 0.5146699596873276 
0.9991894653461664 0.3460584082852147 0.5088549225183842 0.5062161088833611 0.5164581573444778 0.4868268947495787 0.49885687090220876 0.5232199835746056 0.5219256230871095 0.5032885563790124 0.49976082518459425 0.49584442269870166 
0.983295485369863 0.39425927062722577 0.48949285373423745 0.5113027709802347 0.47066741027050685 0.5021810814216753 0.48484098199820796 0.5093427434240885 0.4803935707195029 0.4832106634891257 0.5139934721566677 0.49218761712132736 
0.9950093049608392 0.9989029330046071 0.49778797829896454 0.5459543569783194 0.5009941759548777 0.4689967388128844 0.510497299901919 0.5259350723111273 0.5058287056868327 0.5222659997335788 0.5098093269008486 0.46652814246632623 
1.0 0.15742325095681284 0.49845058040266466 0.49617530833079576 0.4977076562307021 0.5017240660229685 0.4875915285409646 0.5075485198071689 0.49242798758619616 0.49596487057193345 0.509008933385338 0.508444442706504 
0.9969851291930929 0.3520189145941871 0.49279657340621164 0.470065730539746 0.4923127296098102 0.5094937560197828 0.4867029570035211 0.47682850185492853 0.5125242412511897 0.5070057632791022 0.5101415043028646 0.5078915569088633 
0.03877142229741018 0.999486608894849 0.49938897259268245 0.5066125731203607 0.4979491822428981 0.4897458680560359 0.5030054070604337 0.5073425036347157 0.5037946326890462 0.4898055876500207 0.49534582436104574 0.495384957487311 
0.9757527243082196 0.4194395650506376 0.4824154751898629 0.5102255856435288 0.5010291312207749 0.5074037857077025 0.4753614505030649 0.5236945391352203 0.5013650194940574 0.5048262376687667 0.5029015405484641 0.5229359134270432 
0.9833513977240332 0.9987916056932724 0.5172719883800444 0.48968870164806266 0.482884065002235 0.49501427267890435 0.44185835372585036 0.5331070823540871 0.5041130914887979 0.4709697335118518 0.541312129722167 0.5053933118052485 
0.9985798475082267 0.49422689231373995 0.5031758496432228 0.5048457853098453 0.5152747586587534 0.4968390554198201 0.4927550751582398 0.513420355250826 0.5056871986156515 0.5052060420483256 0.4979116419033426 0.4914874464453037 
0.5678498415138103 0.997932814500384 0.5073051426501605 0.5079822893813273 0.4909944229647275 0.48582724297959007 0.46955432757040383 0.4856305860021016 0.5105295526058664 0.4864035883154305 0.5208083614063881 0.5168530302334988 
1.0 0.15148302873801556 0.5041583086503336 0.4931561361097664 0.49240586932794633 0.501423119744631 0.48339966151879044 0.5087522603316348 0.48676546969426715 0.49787757601834015 0.506726799476539 0.49312306527149485 
0.9977095203549999 0.9917855731954346 0.5022112287964674 0.4990680802676306 0.5090158625396977 0.46850307608007535 0.4458951122043587 0.5364515645672678 0.4952855430724895 0.4930392900021982 0.5252117472340367 0.5365486692781452 
0.9977586961874939 0.9968726084908883 0.5433139473245248 0.5138260822321145 0.45839664356984455 0.48568285650037546 0.498234547282706 0.5157762958765304 0.48119897346829404 0.51113419995946 0.5103595428409786 0.5112167612439081 
0.9831738346495196 0.9995792547972535 0.48767883618137653 0.5704787556079612 0.4687440578776414 0.4789194685866205 0.4665606369093674 0.5032890177395233 0.5093332952583696 0.5327822593294209 0.5405939996890796 0.5131859571131562 
0.009440138398740453 0.9951699510992692 0.49472861038402416 0.5058590798186224 0.5237155633192048 0.501283855839894 0.514318931061549 0.46897225784078234 0.5031087707487727 0.5299945675956472 0.49490668761199025 0.46256693191762 
0.18118297366665587 0.9919909310087432 0.5169285078758123 0.4965253399100841 0.49463226956960854 0.4848973117534294 0.5020814928110002 0.5047463579956679 0.5121449685589847 0.4982351949049324 0.509873340499005 0.4918634578945057 
0.9872456939650007 0.9970551128558296 0.5191203467680616 0.4724076106878554 0.4979855643252853 0.5472120453947461 0.447545356604064 0.5407161102154616 0.5119827551277811 0.4958215682934484 0.5427892121740172 0.5048271973086269 
0.9877203681720147 0.25654436984611473 0.4723076829241598 0.5046518810817036 0.4828337181348351 0.5180458927152533 0.4995048319989379 0.5117515719561179 0.5009818359467788 0.4895957413027611 0.4890619650137587 0.5015568178682146 
0.26488641485429887 0.9879414653731495 0.5290917856834664 0.5029071142904473 0.47533130106709887 0.48641993813307594 0.49741817086777274 0.5086880286637254 0.49970731943319097 0.5076380457829764 0.5068348978440191 0.5136726363626517 
0.42543030831716633 0.7809261462611229 0.5013126294244823 0.49220773645220783 0.4989297970111036 0.5008218645185661 0.49943487925432095 0.5026400422154425 0.5114788668380399 0.49881864551754795 0.5071992354955688 0.4969877407129643 
0.9913648774964771 0.9987484528376318 0.47736344196013825 0.5072503523383824 0.4668859097748385 0.4819706204493106 0.4938543067554506 0.5241146337687907 0.4988754510775636 0.5128789950643373 0.5434922829421461 0.4807790677894652 
0.22046077288511912 0.9872586833035363 0.512084814315816 0.49466799796498495 0.4472849943328208 0.47468910879747145 0.49534408994468637 0.5150744026592231 0.5377227911354455 0.503390200116081 0.5037001767523039 0.48248824754982855 
0.9978244864938298 0.17128390379740466 0.48788191070096015 0.49945370956656 0.48794592559708627 0.5064509065293498 0.4789718152538598 0.49715360013484367 0.49908932708925763 0.5375342895570439 0.5148724406605046 0.5341628353656874 
0.9876450653961754 0.9863683964053649 0.5242328853627697 0.4953863581845878 0.5938472414923048 0.5670715421915403 0.5314752841253332 0.4845495627142107 0.4682313494004528 0.46932949862709317 0.457783982622011 0.4829149052137124 
0.027864638726271422 0.999589049085513 0.5063265029215984 0.5001389045653487 0.4934698757667978 0.4940558777681187 0.4994196430790073 0.5006561237741278 0.5006311385599037 0.49068136694148534 0.5015950608082842 0.4995397058610822 
0.190349922290236 1.0 0.4931175461340419 0.5006952613190939 0.49767291574601863 0.5054170475545997 0.4956831394093557 0.5032540119926574 0.5021004580681632 0.4897721800092161 0.5096207566065223 0.5063760230086226 
0.990132457272508 0.9958234589352033 0.5119828216920492 0.46919349992955717 0.5302734706723162 0.57609311695293 0.42371147747671717 0.5202936300285965 0.5376229544689964 0.4988330040292606 0.5155396371499233 0.5109110219656621 
0.9993825532323384 0.3491577787093333 0.4935315725594111 0.4952538917971824 0.48988148219265765 0.4974168002459397 0.4882098049161575 0.506401523774235 0.49574523367356016 0.4973966997610344 0.5015400628917318 0.48054965863216925 
0.13415700523240204 0.9985740397804934 0.4855755247544098 0.5074231594337204 0.5094195563219046 0.5037112136278344 0.4892784863536155 0.49466111184164785 0.5019831513604034 0.48266547419108785 0.49399072591788307 0.5074875194493328 
0.9940349967010921 0.43690239239161976 0.4644227216386909 0.512829014352395 0.5035620473287439 0.5215446380968709 0.47047972157087753 0.49678499406247745 0.4904938130512146 0.5158322156409589 0.498900844086382 0.5123029102476855 
0.20243833420638496 0.991591581056237 0.49045209682881874 0.49113663579869565 0.511870150474352 0.4975190131248242 0.49883670735395824 0.5151886440495976 0.4937154890926363 0.5042012639829871 0.516730741424232 0.5092222336245058 
0.1400791518498244 0.9981071683276153 0.5041652193960057 0.5112911761077175 0.5080603828479742 0.5047023177518026 0.49761335754063196 0.5292532122745383 0.5234902600785636 0.4873210151585001 0.5009799238446959 0.5020865295109289 
0.9969038017189338 0.2860617784268089 0.5388188873789437 0.4796761199201873 0.5025490255225088 0.4853214341324394 0.48266606020382763 0.5063430343126158 0.5131173898182546 0.5205472284092909 0.5118354468616965 0.4755669836828469 
0.988552888106808 0.9884575515823502 0.5280946290568876 0.46817308988922923 0.4731771030201943 0.5380404746754618 0.40360931822751356 0.4299830072141766 0.47668604113613877 0.5142417238225166 0.49608949079786835 0.46803102573242755 
0.9906963929111205 0.9978144129456112 0.48457672598337076 0.5076676800538489 0.4618767578744394 0.5019383638625712 0.5004451122856672 0.5236330579908464 0.5090582284754825 0.5147700690381859 0.5484984572195633 0.5154721359052029 
0.979914112295813 1.0 0.5308035653186367 0.5642401073006589 0.4583250001852725 0.5263724458017874 0.4333452928542994 0.4866112228943892 0.48750069163959353 0.4188253988559507 0.523263678546622 0.5152886873152175 
0.9877698798435302 0.994565743484185 0.46711355829677337 0.49545650397770374 0.42180441895409837 0.5564314291554959 0.4168202307368183 0.5243601057481866 0.490692781680573 0.5374397883864419 0.553412649832125 0.5420960399733992 
0.9891038915337772 0.993760729862362 0.4541228103396574 0.47659178888255493 0.5888467583198745 0.5369578315167289 0.4015719945146293 0.5065093693659597 0.4825120269292581 0.5518167452663605 0.5446656615376098 0.5505434495166914 
0.31131066221704123 0.9822102420572574 0.531710271496679 0.487666274288884 0.4938393004545927 0.49591268322430143 0.49960218088541586 0.5029602049716462 0.4954526372593312 0.5087229288213299 0.50516837789208 0.4998709896545163 
0.9897909802548437 0.34098658294360995 0.48466737930889425 0.5158436087619941 0.4795077839104823 0.5055301883799204 0.48712328242580527 0.5096233312149041 0.5000690310188244 0.492849249682001 0.5103346727591227 0.5007656793152602 
0.06851828302837498 0.9829340811837332 0.5141063738138862 0.4947423199017705 0.508886114507829 0.4938095593119916 0.49716095083548617 0.5006490813292583 0.5095427592909191 0.48314552125218446 0.5135378040605713 0.4914525549627615 
0.05226028022574292 0.999500986646587 0.5057607069726064 0.5039961178753395 0.49709561506314925 0.5038037988038822 0.4981878809357755 0.5118462141838434 0.49621481612537305 0.5092293875269274 0.5061589440455472 0.500514550836179 
0.9939354797107616 0.9974661903498753 0.44575475667169856 0.5236803247896635 0.45152743725869054 0.4942267377932481 0.47984055623176664 0.47940330099520445 0.4626456821661338 0.5991715661932643 0.5136960779257704 0.5257963502746804 
0.051697538521294426 0.987944047417015 0.5057638636812375 0.5019545146493999 0.5156746502138694 0.5084273267253474 0.4841377530147009 0.5018414574491065 0.5074874847270819 0.5141640422407043 0.49244313690753094 0.5093043849745211 
0.1373380692312621 0.999370357914146 0.5053707190686676 0.4903106338755033 0.4885880953536733 0.496178808154662 0.4946738820211405 0.5159809005036496 0.48780970449240724 0.4985335391069656 0.5034675711356269 0.5098848944584351 
0.988297022187938 1.0 0.5213489345114983 0.5193399935228881 0.5222393597390971 0.4805185654938265 0.4491832463523247 0.5140785046045497 0.5377468922997576 0.5494124380916373 0.4929286717818664 0.4734562481424814 
0.9880671471817453 0.9849595803389715 0.5850868925688546 0.5147875052174309 0.5447827929355795 0.5527886880757735 0.5234188461158389 0.5233965623652426 0.47374848716526696 0.45858923615271524 0.48748290619794055 0.43933433336808314 
0.9827015044379118 0.9950184368835919 0.47954167841510076 0.5244721879831257 0.4968290165516339 0.47846506384505316 0.4493940499066999 0.5620076430141165 0.49412208885220205 0.47221161574639436 0.5386477344416696 0.51251158692787 
0.009890755827418034 0.9984115816839156 0.5035530075084986 0.5135467624136529 0.5103177956260057 0.47999091299504115 0.4914050667223034 0.5029241278601931 0.5084568498107205 0.517713822465506 0.4898300705748546 0.5186453037928662 
0.32879849713860276 0.9911176214890753 0.5274115372975238 0.4761136535596738 0.4734053655759795 0.5001834405062512 0.5042991713939493 0.5304234432020277 0.5324052351488031 0.4866922790549995 0.4902436137605253 0.4914854741633378 
0.9996840548935501 0.11127956746587067 0.503896503861232 0.48334752125410047 0.502658395171403 0.4950804456165301 0.49315793843938593 0.5188286090114621 0.49762793142324196 0.4886260078841835 0.5111923460701202 0.5052964229741863 
0.9852663783267062 0.9947973895314549 0.48435506644090587 0.5052342928786224 0.5086380534253414 0.5758129960194208 0.40508323503745214 0.529141197637772 0.49995160561921403 0.5218450632299009 0.5533262444041638 0.5533498422547635 
0.9916633044782364 0.9979069624321387 0.46952734082070097 0.4880933888404375 0.45146986382945914 0.4932933198512023 0.5433747334885551 0.5200513204302692 0.5015594681325767 0.5188720816617676 0.5415313038363905 0.5164936509930649 
1.0 0.15742325095681284 0.49845058040266466 0.49617530833079576 0.4977076562307021 0.5017240660229685 0.4875915285409646 0.5075485198071689 0.49242798758619616 0.49596487057193345 0.509008933385338 0.4927545605838949 
0.9964193221854372 0.9959499971665966 0.48807709700689045 0.5158593204691413 0.44788852999646755 0.4961520037851481 0.4809367334800795 0.515722191726256 0.4619241161780203 0.5077784566749951 0.5127544444690102 0.5038827177960483 
0.9957208235258894 0.9994756651664001 0.47002957567787174 0.4827700510531372 0.4872621591067251 0.458250010414891 0.4929325712805278 0.508793562410302 0.4404189368748429 0.5288974881554298 0.5328010332902162 0.557738198489778 
0.9966489721350007 0.9940582239477818 0.5122993793220095 0.5277038150281009 0.46159777376017086 0.47979858892088806 0.49265485537779496 0.5148761007739608 0.45798947975278675 0.4868723295566882 0.5176099299926633 0.508493077032292 
0.1958692341154299 0.9952623190518171 0.5240156460662697 0.4985767375274248 0.4823877014735283 0.49156031596453037 0.4871969282198311 0.49564621203174214 0.5287920254677021 0.4699138915400039 0.49418227198643255 0.48712771331049887 
0.9990238220066775 0.4319468179077753 0.497007397570995 0.4984770191034402 0.49160321210309454 0.4973195004866283 0.4834267187225546 0.500470030462234 0.49722318104636476 0.4891434229774099 0.5113804454545464 0.49995652507376936 
