9.21147598321933E-16 15.04348190781655 12.403616505265916 
5.002358219486153 19.22267605239845 0.0 
1.5024492090035566E-15 6.223476789649264E-17 24.557898791184506 
8.046618957912331 11.839618854968368 11.158940917786126 
77.71694570402181 0.0 0.0 
7.016985384850627E-17 1.3403935063078825E-15 21.920262285273594 
0.06437361663256369 0.03992839793776762 24.74411611328801 
1.3902693176840585E-15 22.704820992501972 0.0 
1.2176443092020942E-15 19.88564066063563 0.03447959239459716 
77.3889066028172 0.0 0.0 
14.032012954885655 14.525667018285487 1.7787743749510825 
0.6584255735891349 12.075761344438519 13.244434275650542 
0.43064939403960784 4.820266417624514 18.871526262289613 
4.232687719988838 16.886251553944543 4.057644895075773 
2.749878302332419 12.527928789430698 12.702885919028438 
17.832258686394866 3.10382546374574 21.612730654752916 
25.602150120296056 11.885296251062334 1.0262112544517048 
14.068080841022587 14.077560470007137 3.0840205495173665 
6.569161440139882 6.420318866719856 15.66903782589903 
77.80601751383946 0.0 0.0 
0.41411147534294535 16.07578304902771 8.19912420108657 
1.6307836446145472E-15 26.632718033476465 0.0 
77.36451631354397 0.0 0.0 
74.14185795291851 0.0 0.0 
4.292863856197377 9.655650943514738 15.31670657550478 
5.124014584584664 10.788755466364107 14.320734763067573 
4.960495430143909 16.635631143687473 2.0849986678931067 
1.1885587721303445E-15 19.41063779300065 0.009344787429507827 
77.53939950689352 0.0 0.0 
0.18188856289982586 2.0174837789984386 20.901302964391636 
1.282404867651731E-15 20.94326084132325 0.0 
18.11918467861725 10.995660702696906 2.164219844613609 
6.663176123735519 14.370121059996434 8.476597533356314 
18.43324309576389 11.95576638562616 2.334821673858713 
4.6211414829648705 8.398041146425397 16.384119480958237 
0.38139987948391424 2.407435114357972 20.674369863809122 
9.242101222078537E-32 1.5093496718422401E-15 24.64955075852251 
1.4665931570886379E-15 23.951283882173 0.0 
1.4576606796189305E-15 3.1833737261101106E-16 24.366479146507757 
1.7881232041096033E-16 1.4187673021264437E-15 23.353526683980185 
1.1712882743483408 8.329704756932435 17.098900973940626 
10.401739750830233 15.346154829570253 4.054004574942157 
24.53266652888981 4.596307176706525 18.500558810362552 
3.0156063049901847 16.617505047792655 5.447677678825929 
4.960495430143909 16.635631143687473 2.0849986678931067 
0.43064939403960784 4.820266417624514 18.871526262289613 
77.47857073236733 0.0 0.0 
18.93135375321186 10.630778142224624 2.7981278466381028 
1.3172222829557955E-15 21.511872384313534 0.0 
4.020635586129569 9.377568946851877 15.537286178573254 
8.322534518132727E-17 1.395528501971509E-15 22.831202622198553 
77.71694570402181 0.0 0.0 
1.3971057865225186E-15 22.816469001433525 0.0 
1.1297437286923524E-15 1.018865248257167E-15 24.845002107716873 
8.322534518132727E-17 1.395528501971509E-15 22.831202622198553 
1.8287972996706359 18.383789183590572 0.0 
1.1744226014635788 18.900646464468554 0.9003228664194427 
4.72920556450611 10.488670949506957 14.160804079667814 
19.314110418581084 14.038280506171485 0.0 
1.9199655519767078 7.5893774064436945 17.43913913476081 
74.63828556940747 3.5878343501383654 0.4645655913968569 
73.58426566605844 0.0 1.5204851381161963 
1.9587611244341434 7.553549723939279 17.128992568227584 
4.223515223578397 10.207682590407618 14.862807629773492 
74.30530832808505 1.2122276921449455 1.161778060550819 
3.4510880131053716E-17 0.5636054437096726 21.784801014904307 
4.178002149206098 18.333168978102954 0.38837169679177336 
0.0990626073769587 0.7598003434220464 23.507516209286766 
1.6009208602541725 17.718713176268352 3.32544594076869 
18.43324309576389 11.95576638562616 2.334821673858713 
2.426077064259401 12.208709560846744 12.781151604124853 
2.482028896778296 17.56324159985256 0.4297927908685496 
0.17761345792067532 2.0627859895226472 20.156929242258453 
6.385274472933829 16.392373512138246 4.342346807650088 
8.046618957912331 11.839618854968368 11.158940917786126 
10.36750416467886 12.870128886677355 8.058381848124828 
0.4370762196295537 19.22656421018545 1.68820924198654 
3.9722150605516124 14.543964223242892 9.25812530041511 
8.132082384962267 15.745383458141399 3.7951783764090816 
18.61476637143615 12.554664133596855 0.0 
0.014741816706670352 0.44101896248666533 23.028017142436887 
3.4727818713265255E-16 5.671483196207121 19.348203341751024 
0.9820303276972328 3.7856619659285577 17.685098216256502 
8.326608200371275 11.642335376758783 12.43133528056386 
9.045436961905239 12.983595717157218 9.015361184425172 
76.34488913912585 6.331823307437759 12.854437980881798 
2.4048546612275374E-16 1.2975601699000778E-15 21.551640867035026 
2.1567190190092713 17.31810126709583 2.010174571592065 
0.3911091274306363 18.731247704513187 1.4509365458526278 
6.10590298136284 17.731065960363406 0.0 
14.35177331169469 12.140376172053864 5.862614841872477 
3.4398982545492487 11.874110205890007 12.962820448078128 
1.4868596123862345 4.433210039474327 20.740030369178015 
0.401310094454859 2.35235980963075 20.539267976456525 
4.8635495856460205 12.616386549026872 12.018161085781058 
4.6211414829648705 8.398041146425397 16.384119480958237 
1.5473744713475075 0.7190146471153146 24.303372418329335 
6.3615871902296215 15.572682643514495 6.2751824008414365 
1.3038124872280343 4.165962846246401 20.711074626982143 
4.11822377371296E-16 1.2302505541837403E-15 21.18731495885362 
2.6759609239281317 2.7433959949789664 23.71347318436879 
2.220996362719436 9.60498466302928 15.247827052644421 
0.8524144204835599 5.446871211994745 18.68785831587043 
3.043632997636795 15.211419428954107 8.865966725449042 
1.3634134647525329 17.870358051725425 3.1903389434606817 
12.92352448223125 13.021724249169107 6.677746422399223 
10.36750416467886 12.870128886677355 8.058381848124828 
1.5506456544893557 16.633410550572577 6.795487611278071 
13.198753371083157 14.6620695050543 2.6305946545764924 
30.973240895871154 10.957856858522872 0.0 
0.27695922699839237 12.467205054860536 14.72547324575197 
3.082067756836342 16.316991872911306 6.515548154621848 
17.98781313983067 14.166750188966157 2.757060540492553 
0.2514830689919056 2.4592639797913334 19.83388547429193 
73.58426566605844 0.0 1.5204851381161963 
4.020635586129569 9.377568946851877 15.537286178573254 
2.333283825355006E-16 1.2461265868173474E-15 20.70446677961064 
3.7777269576779884 11.178122870848457 14.164242827732325 
2.127989349245079 9.249162139095157 16.48163251332984 
8.316219138326186 16.101910071277224 0.14224756000674268 
2.8660842842731724 5.811127488747667 16.7177472019296 
1.0953393705112209 18.385608028746848 1.462111649686697 
77.19324572939558 3.195605893686282 5.665282092795952 
12.19455083135788 10.884686928912059 7.966603774909031 
16.332068908182862 14.425468511203766 1.0357213896993906 
0.2939256837455854 4.72025349567964 20.73297092377117 
18.11918467861725 10.995660702696906 2.164219844613609 
1.5279488705749995 5.915091592248971 18.5748618392985 
1.0862215433613892E-15 17.73934401523213 3.5237268970282694 
1.4394272224846733E-15 4.61804004791733E-16 24.687809091855883 
5.651776330679755 8.971767359012519 17.567346044367028 
13.198753371083157 14.6620695050543 2.6305946545764924 
1.2711147452775502 2.910453746120048 20.48690583383633 
20.673374069619857 11.824421186413208 2.8566671090688653 
0.7253021913553328 12.523548304097313 13.089942462843258 
0.2514830689919056 2.4592639797913334 19.83388547429193 
1.282404867651731E-15 20.94326084132325 0.0 
77.36451631354397 0.0 0.0 
77.80601751383946 0.0 0.0 
76.24759785398366 2.1412943309537398 15.521595239998774 
1.2766375998974225E-15 20.84907421121367 0.0 
2.4560534252615414 6.596913113279567 16.605215498187142 
1.5517763085764118E-15 25.342430317979336 0.0 
18.93135375321186 10.630778142224624 2.7981278466381028 
1.4390206975009556E-15 23.500991445090257 0.0 
5.971905363055525 17.154111969562095 2.1816180582273406 
2.8025523778398904 16.450507806567696 6.484367057267177 
2.9023721050523488 14.518711193199705 9.920269105539234 
1.3902693176840585E-15 22.704820992501972 0.0 
18.61476637143615 12.554664133596855 0.0 
4.5137676459013925 8.77145206646409 16.213742729967198 
1.0669647149893529 4.384592562892737 18.477788357726705 
77.36451631354397 0.0 0.0 
4.627347363407643 16.56818425051595 2.5191565852631452 
11.904283409748349 15.002911441650133 2.7060877872437694 
4.5137676459013925 8.77145206646409 16.213742729967198 
5.259001319929426 7.531087670048741 15.66903782589903 
3.4510880131053716E-17 0.5636054437096726 21.784801014904307 
0.6589603524016371 14.777190472657107 9.683501816893244 
1.1885587721303445E-15 19.41063779300065 0.009344787429507827 
8.434074296099691 14.220316564103802 7.520823712714365 
12.92352448223125 13.021724249169107 6.677746422399223 
2.7930360405673405 17.556917387085907 2.272322700603695 
5.23496293524146 17.39178728005373 1.152827263700728 
77.71694570402181 0.0 0.0 
6.954708434850898 11.053918601592581 13.533571640618387 
1.3663812435535041E-15 5.153829029861209E-16 23.849298085467673 
3.0408473202622313 8.830058532043884 16.321918764963392 
9.694138055067246 12.490468563235213 10.506103507749224 
11.290222649528928 9.855583778924265 11.912455423759639 
2.451498347318922 10.80213071498662 14.647340757852295 
0.023882250792381172 4.3371665424355195 20.996170553714347 
1.1717993789388359E-15 19.13693613137581 0.6092641132385815 
0.15176722674240004 1.1543344829484046 22.287579969826975 
17.341407319914108 11.445168607441031 2.3105022846224545 
2.013034065531811E-16 1.2240139200917757E-15 20.258197338624683 
14.35177331169469 12.140376172053864 5.862614841872477 
6.663176123735519 14.370121059996434 8.476597533356314 
0.18188856289982586 2.0174837789984386 20.901302964391636 
2.5862572313567296 11.712737192997542 13.31850680193253 
0.07826204210501177 0.7664584212457773 23.411514992119923 
77.24295060995507 0.8732137700066976 4.245005803172044 
1.029352332103145 5.099801799121416 18.572729036352424 
4.492362022381471 9.467332401124043 15.602409369043276 
5.530999661265461 12.972822383252302 11.683493400197348 
0.10116006147440658 7.727886469754577 18.21896073512134 
0.08345825954989644 0.6267610947317379 20.97413061256291 
76.72959711799865 4.796163122165942 1.542577828357328 
0.17761345792067532 2.0627859895226472 20.156929242258453 
5.9614926491985525 12.857850845059147 10.9820106113262 
2.7930360405673405 17.556917387085907 2.272322700603695 
4.262203616669653 15.464887588298694 7.537514061603907 
2.7782592629805714 16.16255271357773 6.957991808535471 
9.129104755135936 17.01424678137489 0.5218875541492388 
1.7881232041096033E-16 1.4187673021264437E-15 23.353526683980185 
3.68732209020038 15.289561127490021 8.416286460646022 
0.4899828249811981 1.8661733523232276 20.609256237076814 
7.11559437244064 11.455468237974504 12.873417812827647 
8.132082384962267 15.745383458141399 3.7951783764090816 
0.4899828249811981 1.8661733523232276 20.609256237076814 
9.242101222078537E-32 1.5093496718422401E-15 24.64955075852251 
0.43064939403960784 4.820266417624514 18.871526262289613 
4.816918866249564 16.285004343683728 5.931849000196816 
77.19324572939558 3.195605893686282 5.665282092795952 
15.130248003329099 13.190649634926935 3.9684148704515185 
1.3634134647525329 17.870358051725425 3.1903389434606817 
2.645951696249521 7.236829177759088 17.627940590323586 
17.8878521894373 8.319911324692765 17.273217472051762 
8.065185723028172 10.988723308583493 12.435217108551388 
6.253459617419402 12.860897400668033 11.153981148633099 
17.735753503708 10.82430283280032 7.6394253915536705 
4.660029531578367 10.628282397497822 14.019843614759186 
2.546649550435262 9.18953649937505 16.352993997653396 
0.9820303276972328 3.7856619659285577 17.685098216256502 
77.36451631354397 0.0 0.0 
4.0789113115299545 9.889474511166103 15.437671752364325 
5.826319014540858 16.321845175604373 2.595268633321431 
6.268958004081824 13.323591639889845 10.024007488574618 
4.681162142637538 16.3659526122503 3.662418501297385 
6.92355611061023 11.199218563767488 12.954955707979439 
6.569161440139882 6.420318866719856 15.66903782589903 
1.5231421131465364 5.346711557943052 17.8907972637427 
0.38139987948391424 2.407435114357972 20.674369863809122 
20.673374069619857 11.824421186413208 2.8566671090688653 
1.5024492090035566E-15 6.223476789649264E-17 24.557898791184506 
15.397298441883926 12.020197166235949 3.38106228045095 
73.2962564905918 0.27262917544009857 0.0 
1.6009208602541725 17.718713176268352 3.32544594076869 
1.2766375998974225E-15 20.84907421121367 0.0 
3.655659907153426 8.834065592983475 14.636602725118978 
74.30530832808505 1.2122276921449455 1.161778060550819 
3.722095220637307 9.777878798346373 14.713778512080415 
74.14185795291851 0.0 0.0 
73.2962564905918 0.27262917544009857 0.0 
76.26581981649164 11.275136696638612 9.507950543359026 
7.350462877928496 9.06037278448909 15.558587401849088 
30.973240895871154 10.957856858522872 0.0 
25.602150120296056 11.885296251062334 1.0262112544517048 
1.4390206975009556E-15 23.500991445090257 0.0 
5.810111456460261 12.125849923956652 13.75280110789432 
2.5927106671430007 8.035073942217748 17.13317807697981 
0.8333947675498867 0.28953897028712255 24.27918373759593 
3.831213438376763 10.828859474505924 15.111368248500359 
1.1027868550650686 10.499298447375278 14.99937517796865 
2.530750192458114E-16 1.4209831490858675E-15 23.57158599696094 
0.15176722674240004 1.1543344829484046 22.287579969826975 
0.01806699111184714 19.792868395132746 0.9718862219401159 
76.86968634365975 0.0 9.940938637294733 
2.632500871618079 16.887085737066823 5.246678177619028 
2.013034065531811E-16 1.2240139200917757E-15 20.258197338624683 
4.627347363407643 16.56818425051595 2.5191565852631452 
1.8883997587159975E-16 1.411617823955094E-15 23.258835140666022 
1.0960394943340588 4.04804189819535 18.828836629127995 
0.43064939403960784 4.820266417624514 18.871526262289613 
1.4753820274419676 17.831444344113248 3.5582999092104406 
10.784434678306159 16.351528669251238 0.43803649482439716 
15.397298441883926 12.020197166235949 3.38106228045095 
6.3615871902296215 15.572682643514495 6.2751824008414365 
3.655659907153426 8.834065592983475 14.636602725118978 
20.097083147682547 11.163660674631265 1.5475083250517847 
77.36185342896873 0.0 0.0 
2.044552543174946 13.870724598351666 11.419864815963226 
19.314110418581084 14.038280506171485 0.0 
2.013034065531811E-16 1.2240139200917757E-15 20.258197338624683 
7.583938021067844 11.906358919798619 12.036459394364766 
1.235608946516651 19.05989738699329 1.8175020013609813 
1.2943148043089847E-15 21.137764867554253 0.0 
7.666006668991424 13.070609593382928 10.504666628081715 
0.08345825954989644 0.6267610947317379 20.97413061256291 
2.1567190190092713 17.31810126709583 2.010174571592065 
5.259001319929426 7.531087670048741 15.66903782589903 
17.39257554952244 13.21844453069833 1.6788005648588766 
4.727441361739657 17.614972279248057 0.4138541285254835 
1.029352332103145 5.099801799121416 18.572729036352424 
8.326608200371275 11.642335376758783 12.43133528056386 
4.3446488001658965 13.8777874621173 10.513519317042126 
1.0862215433613892E-15 17.73934401523213 3.5237268970282694 
8.415364848436054 13.974319739968344 8.073690013690882 
7.258770222604775 12.968693056338141 10.659355130042009 
20.097083147682547 11.163660674631265 1.5475083250517847 
1.4868596123862345 4.433210039474327 20.740030369178015 
15.7193198805089 11.78432011795543 4.063795680794212 
0.3911091274306363 18.731247704513187 1.4509365458526278 
2.5862572313567296 11.712737192997542 13.31850680193253 
15.417554372408926 13.563135764776497 1.5149648075602717 
1.8287972996706359 18.383789183590572 0.0 
0.41411147534294535 16.07578304902771 8.19912420108657 
5.440515378187178 10.543008410377949 14.469308645477764 
10.974309121404884 15.001845645312416 3.7644519082589474 
0.6954680291237089 17.310897932788695 4.52250247668295 
15.130248003329099 13.190649634926935 3.9684148704515185 
0.6734970822126911 2.9900411808875593 20.24741668937435 
10.783190280612713 14.507351244470918 6.9413750445161115 
3.445360570386648 13.433258546465574 11.453672900301687 
2.530750192458114E-16 1.4209831490858675E-15 23.57158599696094 
1.9587611244341434 7.553549723939279 17.128992568227584 
0.7215102956156206 10.21450653119767 15.890598183286725 
2.8660842842731724 5.811127488747667 16.7177472019296 
8.316219138326186 16.101910071277224 0.14224756000674268 
0.401310094454859 2.35235980963075 20.539267976456525 
