9.912293681328043E-17 1.6188004064893433 5.039611140385256 
5.333803605343188 5.813463771570735 0.0 
4.465393077286277 0.0 3.816325838998225 
3.1393308911159727 2.9928631687351426 2.9502343228326207 
45.40908010265545 0.0 0.0 
2.3405484474602593E-16 2.0895007926263377E-16 5.123997747863761 
1.4352857653634563E-16 1.5602249225106125E-16 3.4622023430495688 
7.424023899628032E-16 12.124351126866827 0.0 
4.679388560047163E-16 7.642021460073444 0.0 
10.73210313170032 0.0 0.0 
4.420902421332718 4.4870299512143035 0.7313433403265129 
0.16910740793866982 3.706298694161225 4.120187344229906 
0.5304720343775288 0.6801252366469486 3.390605246776586 
0.19309196954392618 5.707556583281902 1.464417203928202 
1.4313491402432061 3.4716820995554625 3.6754239958673764 
3.0463741929300086 0.4642942687836031 4.408241930383724 
7.606790439168316 1.819813528760075 0.8649011288600038 
2.9053033044379384 4.210395227525093 1.5092735217181996 
0.5171238191306169 0.3824199343880015 3.4641755680304223 
108.30660182647523 0.0 0.0 
0.3130338332094146 5.309707057763837 2.5740242180096122 
8.083775782595627E-16 13.20180771831334 0.0 
105.60865106127457 0.0 0.0 
10.818605663475546 0.0 0.3001589969148795 
1.9784786417159217 2.5272208064143427 3.9663695997628534 
3.7395845205598808 2.2216554007258935 3.0542614596891102 
2.6397226008437626 6.8031447054785 0.27541058437238214 
2.070671768018625E-15 33.8166362654164 0.0 
38.7911751870613 0.0 0.0 
2.2431059554747153 0.3272729493360002 4.555935705176326 
0.5855197499421214 14.352298169502637 0.0 
6.337052417892862 2.214918674268551 1.1292230832060828 
1.9774699398052076 4.159332505279709 2.789295083696593 
4.690634175344471 2.9281954434011785 1.643155908784745 
2.5643029041878744 1.9400193549215072 3.9654202660496427 
1.5591341718673246 0.9592376443653272 4.725923656205693 
2.436248188166318E-16 1.985004958404147E-16 5.132155282509586 
6.927436842950052E-16 11.313362918636138 0.0 
1.6111247148450936E-16 2.717061298755625E-16 5.1587448480861156 
2.3062139136135027E-16 2.1152667774041787E-16 5.110654152842841 
0.48796324280597736 2.0339362013171467 4.71243450832263 
2.9427939638095313 4.359063685381315 2.010921402917048 
4.309831555500158 0.476948294497209 2.7689067950009294 
0.9652006759150996 6.175074962589686 1.1534193025764958 
3.0477134406561697 5.471892802075104 0.6230173391231285 
0.9621749536820227 1.6160963981520349 4.733717786187295 
106.29543741507119 0.0 0.0 
6.405001454614166 2.0557885075289044 0.18830798870452153 
6.254020549879238E-16 10.213590651988035 0.0 
4.735984204090703 1.1984517529969592 2.3540183441712217 
2.5673995965397505E-16 1.791773537192143E-16 5.113006444339717 
48.49297900858469 0.0 0.0 
6.150778346390916E-16 10.044983338336127 2.9658903125790825 
1.6311689737801244E-16 2.725105236218106E-16 5.186784847528635 
2.0135746919554104E-16 2.47705571915054E-16 5.2132958889951055 
9.313668648431953E-16 15.210375195389384 0.24647633700463148 
2.5457516707742807 12.51468379254379 0.0 
3.2517951429504826 2.3252971878666515 3.325981037336587 
5.333803605343188 5.813463771570735 0.0 
3.8707110323091967 1.2828493666721072 3.1658979728815315 
8.996627692547413 1.3749100072505462 0.37587593386607765 
7.286896425776379 0.0 2.268496693659556 
1.8820709357112886 1.8209158353189618 4.319891494001519 
2.58302535682076 2.471340815251196 3.696824719445186 
4.145156942821093 0.11173859255571736 3.115312754637628 
0.21838343719928716 0.22357603424769387 5.075939004349052 
0.8075449670993358 13.765931260912707 0.0 
1.0426993356337224 0.18901460726023245 5.100845561707673 
0.5547791216892352 5.964322945416834 1.163177768270028 
4.2926068279198315 3.004388224275765 1.7629688536445383 
0.23435975491499056 3.8077181807691978 4.0767751065044235 
1.76461615602528 10.531242827258083 1.567149532154327 
0.6560989436840862 0.7385284421891519 4.973555261245296 
2.099247065212144 4.901024373962383 1.7186002677991419 
2.1664323157763405 3.201190928128808 3.360343419854536 
5.753932131839908 2.5422887892275505 1.2659333660062873 
4.4751636828703665E-16 7.308496924968326 0.4013973246988351 
0.568708924974778 4.876165809421645 2.568902268422533 
2.9739504852805587 4.774507878148378 1.6811709139699325 
5.120815006442475 2.8496086223947485 1.3546190897052555 
0.016815261227264337 0.0357966314589531 4.203379183431798 
1.6706775665258893 1.3567231303767426 4.602552812728745 
2.635078914072717 1.3920276666641374 4.24616698138144 
3.7446827853036755 2.69328009350374 2.5135682295824573 
2.649190908267445 3.8139660332450633 2.6061817944368184 
5.7049822387312945 1.8590582075439588 2.0052723611716523 
0.48856520436577117 0.3177476811791654 5.097151067808006 
2.175004943885011 7.372875340515903 0.2342867411272692 
0.47413949606569084 7.460467568206451 0.0 
2.7082642897338314 8.461606574297898 0.6708419783916348 
5.0710892502909255 2.3053087849244527 1.48093461526856 
0.5688925087240878 3.558989361584646 3.8664488876612846 
5.239148971958285 0.0 2.9721095458654365 
0.2543153935144959 0.12873087437128933 3.4183011658722897 
1.849202695506939 3.5264817735982072 3.5445238161711936 
3.42971066500915 1.6043575764943523 3.4215049895483602 
0.29012511698951415 0.11492653327127142 5.106296819204654 
2.099247065212144 4.901024373962383 1.7186002677991419 
0.5304720343775288 0.6801252366469486 3.390605246776586 
4.3497603600569805 0.0 4.0268390223349195 
1.278065497028754 0.5542238163808729 4.909415413287178 
1.4581097766553708 2.5057468705052344 4.402224921352394 
1.3794313122285973 1.4237399369944708 4.686216449187755 
0.9919359786422208 5.149010044883368 2.8748970694487967 
4.71804805962764E-16 7.705157214165798 1.2143722857200596 
3.5487678910498683 3.7843893074057817 2.1338122753624758 
7.606790439168316 1.819813528760075 0.8649011288600038 
3.4071849029632053E-16 5.564355217088584 2.5925870763657626 
4.594552888659148 4.671692678302713 0.18071416085688188 
6.665474016599763 1.9292166622730729 0.28831984568544056 
9.912293681328043E-17 1.6188004064893433 5.039611140385256 
1.153999057052789 4.9599776255956645 1.6280607139582286 
6.022616640907748 2.876714621908484 0.348644156204416 
2.5673995965397505E-16 1.791773537192143E-16 5.113006444339717 
11.202183377537857 1.4450530223589246 0.15294599759621538 
5.271713622554728 1.4627302974562342 2.4130678551401727 
1.8836497049995793 0.4362500371815766 4.808323684581648 
6.003311764072158 1.974387916683421 1.5468905598161733 
0.9228024708484549 2.35432066707885 4.499785691670098 
3.1658746799640887 5.7480396859180285 0.7691063754939956 
0.5120028113689685 0.3095051331970645 3.330164278735439 
8.405871827116679E-16 13.727830478092416 0.09764880564643953 
4.471167807736757 1.646713871069311 3.175694272950814 
3.355674224023181 3.6856740689360685 2.351169705461898 
4.986103771438092 4.265062729479567 0.43087138626656096 
0.5946719072612825 0.9716387711479958 5.015556879583091 
7.039410239243777 1.08869621631458 0.0 
0.24157884815925454 0.2371767603851584 3.845666392718762 
4.4751636828703665E-16 7.308496924968326 0.4013973246988351 
4.3497603600569805 0.0 4.0268390223349195 
8.792321970512385 0.9144225503596122 0.0 
4.014964820845368 4.487853337536371 0.9710054718172093 
3.4723576918929964 0.5372266238045111 3.707448323807741 
6.565253540723315 3.087876062220594 0.04898936899397328 
1.4142629372103933E-16 1.536903045104135E-16 3.4109272730486353 
0.19321684790930155 0.49315649922794047 5.112733806637833 
0.5855197499421214 14.352298169502637 0.0 
87.34690232313318 0.0 0.0 
108.30660182647523 0.0 0.0 
7.286896425776379 0.0 2.268496693659556 
1.3500240716391585E-15 22.04756624651447 0.0 
0.5120028113689685 0.3095051331970645 3.330164278735439 
1.090611348327591E-15 17.811034970849015 0.0 
6.337052417892862 2.214918674268551 1.1292230832060828 
1.090611348327591E-15 17.811034970849015 0.0 
2.79602067946211 6.663877666196543 0.9899022045447179 
0.6673933690729172 5.387627877488114 2.026536884896189 
0.8498900763757626 4.272984444839143 3.153095757056742 
3.4537789509335085E-15 56.40449072072313 0.0 
9.788160343218614 2.240368232982881 1.3022537075594365 
2.3786856105780334 2.0981676396037465 3.9559485157190686 
4.309831555500158 0.476948294497209 2.7689067950009294 
87.34690232313318 0.0 0.0 
1.7432520611333395 6.339603339496485 0.0 
2.8249258898622633 4.184561337810817 1.77565337741544 
2.8881911471103803 2.090482973903506 3.625626316893227 
4.133728892231363 0.0 2.9836366212026255 
0.016815261227264337 0.0357966314589531 4.203379183431798 
0.16162883480479168 4.688039596697899 3.4302026731117747 
2.070671768018625E-15 33.8166362654164 0.0 
2.3473293538390214 4.525497941901807 2.4937764659518855 
5.120815006442475 2.8496086223947485 1.3546190897052555 
1.2703753126348352 7.557595334523341 1.230848902166106 
1.7432520611333395 6.339603339496485 0.0 
48.49297900858469 0.0 0.0 
2.9727419043219427 2.624522011744466 3.2753335408743 
2.904066794972342E-16 1.377735799154932E-16 5.249359256269969 
1.6591642784452585 2.3367202731056627 4.1871904419659725 
8.996627692547413 1.3749100072505462 0.37587593386607765 
3.7395845205598808 2.2216554007258935 3.0542614596891102 
0.30423778745123725 0.9320724517952879 3.5964205638612583 
1.2169125843752682 1.0906800148016493 4.816134475324283 
7.424023899628032E-16 12.124351126866827 0.0 
0.2543153935144959 0.12873087437128933 3.4183011658722897 
5.107437664756579 3.4138471257431244 1.234353975206241 
1.497996228613861E-17 3.1616965903811225E-16 5.169234622315443 
4.735984204090703 1.1984517529969592 2.3540183441712217 
1.922415091262462 4.250863418950375 2.6012528395673 
2.2431059554747153 0.3272729493360002 4.555935705176326 
1.2540494355261196 3.3481836590090692 3.8974444423556767 
1.4142629372103933E-16 1.536903045104135E-16 3.4109272730486353 
8.612887469945207 1.5076623377928589 0.9685505804538167 
1.6706775665258893 1.3567231303767426 4.602552812728745 
2.8704458050902444 2.295415822360118 3.6789696116778123 
3.2932397702710694 3.028286559149575 2.6863995510557936 
0.48796324280597736 2.0339362013171467 4.71243450832263 
1.278065497028754 0.5542238163808729 4.909415413287178 
11.202183377537857 1.4450530223589246 0.15294599759621538 
0.29012511698951415 0.11492653327127142 5.106296819204654 
2.7531092748240416 3.4246185240367626 3.066853898052617 
4.890539572035416E-16 7.986857231718403 1.1641604874548688 
1.059050854593891 5.035287874060891 2.741406463619265 
0.6673933690729172 5.387627877488114 2.026536884896189 
2.6405306149050554 7.383426530229264 0.2314541117406509 
0.21838343719928716 0.22357603424769387 5.075939004349052 
1.153999057052789 4.9599776255956645 1.6280607139582286 
2.1978371378463213 0.7208482328183371 4.54126626700888 
3.4543846112054144 2.562238630194456 3.0676287341712927 
2.49225688694467 4.735929457520448 1.8800451487235499 
0.7378997313721646 0.5817920204751791 5.027423150925707 
2.436248188166318E-16 1.985004958404147E-16 5.132155282509586 
0.9315061866725814 1.266268044009423 4.834222816758433 
0.43279232736306056 5.4799836988630215 1.718883595702505 
5.1398283386345724 1.5091244071955896 1.776807625612134 
3.8128111757491765 3.130656188503107 2.6174017719882365 
0.6572687778453479 5.595290841452588 1.3952636640533502 
2.0754822857971296 1.7754690066912957 4.29378138878763 
7.039410239243777 1.08869621631458 0.0 
6.144372098941724E-4 5.322875092819375E-4 3.1334703529999195 
2.040337052311174 3.6989139175128734 3.0003535520987756 
6.665474016599763 1.9292166622730729 0.28831984568544056 
2.2860915630478957 2.71192385483105 3.654003197516945 
0.30423778745123725 0.9320724517952879 3.5964205638612583 
2.803425506758663 1.326822413960516 4.087809487452867 
103.95193220432867 0.0 0.0 
3.830614824882853 1.8840527513434138 3.1141874371326574 
2.1586186491381274 5.671353900226247 1.6122041779734249 
1.9774699398052076 4.159332505279709 2.789295083696593 
2.9053033044379384 4.210395227525093 1.5092735217181996 
2.1664323157763405 3.201190928128808 3.360343419854536 
0.5171238191306169 0.3824199343880015 3.4641755680304223 
6.144372098941724E-4 5.322875092819375E-4 3.1334703529999195 
0.6384329644891482 0.729277694017547 4.982256357115524 
11.63310259524014 2.7400010534254333 0.0 
1.8150557711480384 0.0 4.882666555048881 
5.147131103675816 1.9274536125593742 1.4145209956416653 
8.792321970512385 0.9144225503596122 0.0 
0.8746060365724596 5.774930457217669 1.724893925002182 
6.927436842950052E-16 11.313362918636138 0.0 
3.6237611917523984 2.0084750807495224 3.14014698052154 
10.73210313170032 0.0 0.0 
0.5376822182523948 2.94255113002717 4.391250064558628 
10.818605663475546 0.0 0.3001589969148795 
45.40908010265545 0.0 0.0 
8.612887469945207 1.5076623377928589 0.9685505804538167 
2.192998811908967 2.23138893092223 4.03877372085202 
6.003311764072158 1.974387916683421 1.5468905598161733 
5.753932131839908 2.5422887892275505 1.2659333660062873 
2.3903300472248145E-15 39.037052134363236 0.0 
5.1398283386345724 1.5091244071955896 1.776807625612134 
1.5571928526542522 2.138596471817742 4.3677018447500595 
0.21361841951176605 0.2326983699478074 5.115395788300631 
6.605720390797453 1.600762431180295 0.3890664241514185 
0.49762365260228864 3.080408411906532 4.447490598748894 
2.234851047955902E-16 2.228917701964151E-16 5.154733500790542 
1.8503809389276311 0.7667707556307404 4.654533254818065 
6.634088775736177E-16 10.834289168689434 0.9042640448465655 
7.688126914183309 0.0 2.7340646039024437 
0.9652006759150996 6.175074962589686 1.1534193025764958 
1.0426993356337224 0.18901460726023245 5.100845561707673 
2.077808799931414 7.214817582813229 1.0530714935904555 
2.94628671828475E-16 1.3598463508925985E-16 5.299427412128765 
1.4388960695965691 0.8044123777145078 4.8061239820557535 
0.9315061866725814 1.266268044009423 4.834222816758433 
3.8376915925841546E-16 6.267425996223736 1.6477312864357545 
3.809473992898687 5.197070451576887 0.48167247010052977 
4.717303928650061 3.9014094861482955 0.968666982597386 
1.8060301836236616 5.019862879435799 2.2536223037732968 
4.468596619771227 0.0 2.4418941175880633 
5.494800625592791 2.8072774924751 1.6577953856982472 
106.08272864832904 0.0 0.0 
0.8498900763757626 4.272984444839143 3.153095757056742 
6.022616640907748 2.876714621908484 0.348644156204416 
1.5720632591059196 0.13286790509142168 5.061778929177061 
5.050545437977001 2.2384866521239375 2.0291962842894113 
4.051763892415397E-16 6.617032592967038 0.8970159842955914 
8.083775782595627E-16 13.20180771831334 0.0 
2.040337052311174 3.6989139175128734 3.0003535520987756 
0.48856520436577117 0.3177476811791654 5.097151067808006 
2.2996082976726306 12.283696401300714 0.0 
3.137689579550377 1.5043375732299349 3.7635673733838892 
4.717303928650061 3.9014094861482955 0.968666982597386 
3.0477134406561697 5.471892802075104 0.6230173391231285 
1.8656371823485853 1.1835562590600277 4.634578083276004 
4.7396121714878525 2.3820113096246622 2.3914183282748285 
1.1755250646740418 4.443004287360814 3.3431359750873844 
6.150778346390916E-16 10.044983338336127 2.9658903125790825 
2.612305741843137 3.8718753365783347 2.571638444883317 
3.017480788246999 3.331703735731623 2.8573517304542353 
5.6216712376176705 1.8293904487039159 0.38243240419415997 
4.145156942821093 0.11173859255571736 3.115312754637628 
8.44429279495281 2.553537477997281 0.12166199783161795 
0.07102037498436065 8.65065094198713 0.5440244408604878 
0.6934473764659677 3.29774472116563 3.9886984712700984 
5.806474936153765 3.899318208877882 0.7652449207733344 
0.5156826846431244 14.170609318817508 0.0 
4.051763892415397E-16 6.617032592967038 0.8970159842955914 
5.271713622554728 1.4627302974562342 2.4130678551401727 
3.1848722085928958 4.815024111726305 1.5039076949101549 
0.6572687778453479 5.595290841452588 1.3952636640533502 
4.2926068279198315 3.004388224275765 1.7629688536445383 
0.07511838198020371 0.08513799101087084 5.128319876279705 
2.8249258898622633 4.184561337810817 1.77565337741544 
0.908446728220118 4.187872688221245 3.377109592965713 
2.3405484474602593E-16 2.0895007926263377E-16 5.123997747863761 
0.9621749536820227 1.6160963981520349 4.733717786187295 
0.40360480088540596 0.8201462283966708 5.040706929894934 
1.3794313122285973 1.4237399369944708 4.686216449187755 
3.911347698013118 5.112873042368311 1.0205476093602799 
0.6560989436840862 0.7385284421891519 4.973555261245296 
