0.07103812768484793 1.0 0.49773989381789974 0.6001293481101526 0.5001200878346204 0.5045777955230677 0.49941834404572616 0.4993956827117142 0.5009879723177378 0.49907356173491646 0.3976302048314847 0.5010946730848995 
0.0 0.16238017785778097 0.5008573507327764 0.5987411021753479 0.49984319335546923 0.4997610243643812 0.49990477486088336 0.5001579321138101 0.4998561314888388 0.4992309557154819 0.3982150943849989 0.4999695735139432 
0.05560333456390158 0.0 0.5018772187563199 0.600490165338653 0.5000917859927222 0.49911022625457213 0.5016084690424533 0.4994257670363517 0.4992956714416353 0.5006891778898961 0.3988499569250378 0.5004800300698773 
0.20657831559167436 0.5045806350137045 0.5006417281444637 0.6010702355203541 0.5000427732101715 0.5005474662804533 0.49979495149397535 0.4994586684995852 0.5001305158125795 0.4991040042794739 0.39808839022928655 0.5000221313157993 
0.0 0.0 0.49974445638557563 0.5996385794725345 0.49995827916099744 0.4972359741718595 0.4996921457122307 0.49802596902570356 0.4998228891815008 0.5005568951471854 0.3982713860778597 0.5000510948695455 
1.0 0.3553746017084082 0.900136817410192 0.5990718386434495 0.8015822710025967 0.0 0.4044433519204321 0.7001664935239589 0.3993989186023485 0.20079652001655532 0.5006733807407169 0.49792946448673886 
1.0 0.17931284060260627 0.9001735719401581 0.5994886336073217 0.801262988237521 0.0032135082187403907 0.4047397419046549 0.7009769077042796 0.399086385441974 0.1986945568420629 0.5000500297536079 0.4978626840277742 
0.0 1.0 0.49815982427111527 0.6007342997705287 0.49987467633446464 0.5032342524984066 0.4971809731845617 0.49767636090285133 0.5010762682299243 0.5000078943227817 0.39706565631175117 0.4990921129686951 
0.0 0.9983832330367426 0.49762877457666377 0.601861135213281 0.5000799567288581 0.4019370241530795 0.4987581715497523 0.4977641235399375 0.5012073772365921 0.5008606708635778 0.3975132845166797 0.4994008036388655 
0.008189026673796423 0.0 0.4998914916354631 0.5986394262294108 0.5011699549705323 0.49623413093108915 0.5006968975923883 0.5000922393467873 0.49873240133148977 0.49883345931761197 0.39745831626909284 0.5006250388684214 
0.014186443755306291 0.4737638927128139 0.49980364604970084 0.6006779868182098 0.49980066841750637 0.5004013350583352 0.499669113097153 0.5013493540593208 0.5002463384998034 0.5000415638383253 0.3980963171991837 0.4998103775582291 
0.16247915691067538 0.9347058559429162 0.5000133608912019 0.6013389976129555 0.5004243302911999 0.5028526526410662 0.4989099424292271 0.49995913621398674 0.501149039705215 0.4994024338853062 0.3989788430551717 0.4990668142625224 
0.0 0.4813405051768287 0.49978820198985147 0.6009508497632368 0.5001995203159859 0.5003961100289223 0.500111022233715 0.4991399220150808 0.5001157247257673 0.5001412790170969 0.3985516448946146 0.49994069802549873 
0.17421435170103047 0.7958479612079004 0.49968695055856915 0.6008486160358015 0.5000536695594264 0.502024280240063 0.49829144552870774 0.49817286707485064 0.5005305266070645 0.5000534269704773 0.4001276637094694 0.4997706646855274 
0.48468334703018034 0.7136795292488116 0.5001619263976604 0.6004381716682927 0.4999902161261041 0.5008805826941258 0.4991959139083211 0.4980315530273496 0.5005254526190568 0.4983895159878484 0.3993849818263765 0.4994592538681024 
0.03520901563841357 0.09958568709088784 0.5008115096705019 0.6001843397568832 0.5000375786371836 0.4997726177099711 0.5005292753540374 0.4994032923615438 0.4996363962210149 0.4999117934558922 0.3982507805851829 0.5000832021768336 
0.028149104854719116 0.15371198278506307 0.5006481385834544 0.5993356573915456 0.4998304318914318 0.4994526182825534 0.4998844091435498 0.4995317736390352 0.4999546570550438 0.49993797854708427 0.39798987609047864 0.499977800020923 
0.0 0.4525673663389695 0.5003806443586791 0.6007057696577393 0.4999312281964692 0.49996613578722554 0.49944467517016156 0.4993483993766418 0.49997679102809117 0.4998313316738884 0.3980284659049447 0.49983150275679467 
0.044799869852145034 0.24465864781287147 0.5008422938834123 0.6001036222626923 0.4999978895768222 0.49982735081642954 0.5001372011828655 0.499355768603253 0.4995188712842247 0.49969158357788146 0.39812039945552524 0.500016605767989 
0.0012786785718458538 0.0 0.4999610727596021 0.5988688414451858 0.5000437621239935 0.499432663225388 0.49965869609026436 0.4975878631760032 0.5000054182992335 0.5005715711469765 0.3982409683519552 0.5004676262657592 
0.023962346101509505 0.9223998999439604 0.49865579351101375 0.6022429156699445 0.5001501306070908 0.500196466359014 0.5002982841768552 0.5002497922136763 0.49972478586013386 0.49846272060825714 0.3969005840835249 0.5001025260184147 
0.0 1.0 0.49803743524154886 0.6027049410931163 0.5000919664217292 0.5028848616099889 0.49758570359785137 0.4984735038431198 0.4989702363723557 0.5024292156637471 0.39782976721702645 0.4993630063705147 
0.0 0.0 0.500237753077615 0.599559618595535 0.49986124679009025 0.49705185526037143 0.5005990166335751 0.4997724389246007 0.4992044277437684 0.4990909048377586 0.39831160190647513 0.5004250505888229 
0.0 0.0 0.5019857540169406 0.5989144967562623 0.4999292181495765 0.4957316038380215 0.50181932595597 0.5013383335567142 0.498604511307836 0.49830531765876696 0.39841732684717995 0.4991730864282497 
0.5056846823217965 0.5419864310201783 0.4998937784788972 0.6019339711510434 0.49987578652777354 0.5011282042834244 0.4992470489469926 0.5003405889439497 0.4999948764072389 0.4996685548259222 0.39759323060756957 0.49987582956774435 
0.06470439820577749 0.2587207622141846 0.5006840044741796 0.6001530367874959 0.5000241602171851 0.4999279977416843 0.5001759336701553 0.49937246816334496 0.4993564736429258 0.49976748922975545 0.3981516622689001 0.5000545376731033 
0.06945488540297375 0.8588733048153157 0.5004570262342588 0.6028557133038899 0.5004175572401963 0.5010632696175741 0.49844169842278063 0.4993227699676721 0.5007054808964972 0.4996425284245957 0.3985505641001224 0.4998356038978834 
0.0011933972204544868 1.0 0.4975264712373906 0.60320101531862 0.5001003126717098 0.5032634687229666 0.4974545515727217 0.49920407245375514 0.4991770749312577 0.502627012872887 0.39778105017249504 0.499428641721175 
0.0 0.0 0.4997705117099698 0.6019874609638391 0.49995740723281057 0.4965976280360331 0.5002710274428435 0.49897162098941883 0.499554892103869 0.5008437714647886 0.39787593958298967 0.5002817565098101 
0.10535284026121439 0.17594150361246302 0.5008082728984382 0.5994456489523232 0.49991668071085676 0.4994642266040214 0.5002682355795146 0.49957049914331164 0.4996535033112687 0.49990462507215105 0.3980568993071951 0.5000516945185942 
0.0 0.9961462904219145 0.49981249039294356 0.6011389007169012 0.5000775098083958 0.5018177674049173 0.49732106705469437 0.4972527118315504 0.5006135288809879 0.49975557119108055 0.39654090603574305 0.500079667802299 
0.0014987351733769059 0.21337717207475637 0.5009009648474668 0.5994994023335074 0.4999140530999031 0.49991397493585094 0.5005458111467374 0.4989246409658674 0.49995523398075087 0.49899154317052974 0.3987226593223804 0.4999673091278074 
0.31782373418185295 0.690161512150978 0.5000100047049041 0.6005092842327062 0.49997387675579597 0.501373597999326 0.4983907287702864 0.49821630873127665 0.5005499868356613 0.4991585918097252 0.39828446217819335 0.49954265672522485 
0.10356218559233825 0.30629998908673106 0.4998824187672561 0.6005329318278063 0.5000900324249491 0.4998573975807087 0.5006859239318486 0.4995478754874457 0.49984628075755044 0.49970701883958535 0.39820400573125303 0.5003822682543917 
0.1301860737398306 0.3834383857798621 0.5004541997147759 0.6016325278292098 0.5001291437230033 0.5003974784913309 0.5000754802746967 0.49973244057755395 0.4997854599914632 0.49935168723088286 0.3986958610059732 0.4999999822563251 
0.20829044277253858 0.3302344536135865 0.5008270673403036 0.6017239491234936 0.50018480848068 0.5004622426663006 0.5002276072683356 0.50008671161279 0.4997440793341564 0.49933028737285245 0.39934808820369877 0.4999988014362756 
1.0 0.44221809943345514 0.9000986789925121 0.5994607107193104 0.8016419122307918 2.6253583017113447E-4 0.40420989925439377 0.7000757302384827 0.3994468281040753 0.20057753579467888 0.5005971838210312 0.4978911461400944 
0.0 1.0 0.497076460245741 0.598868842876249 0.5000559658743116 0.5041850352596742 0.49964180431168387 0.49883514548322233 0.5008448994267847 0.4985296096243931 0.39741625799287045 0.501248635887609 
1.0 0.27997098181661506 0.9003502927004781 0.5988698262234009 0.8013703479930013 0.0033391570371312795 0.4038303304192462 0.7013577174808032 0.39920353075560505 0.198274133693087 0.5001066247919377 0.4978671725219276 
1.0 0.19684384749526207 0.8998610301935945 0.5985636676897907 0.8010332525160333 2.9995932651460944E-4 0.4039858964041547 0.7001549575389223 0.39952703318429894 0.19859509110495846 0.49970663946460825 0.49754280721271904 
0.19708644261570443 0.7800766629481126 0.49989590416572505 0.6026557261681176 0.5003075821370057 0.5003561155847462 0.5002665648020108 0.4999007344655322 0.5000354015655412 0.49908688619274477 0.39768747821229494 0.5000211929185141 
0.05329600042793541 0.6288359760260008 0.49930868254155003 0.6008072718423718 0.4999816353472847 0.5006749370359944 0.49910224785560936 0.49817144672879693 0.5000928734823282 0.5003186291951215 0.3981128762119725 0.50052145600292 
0.021545323578132304 0.10523776493299522 0.5008081762922227 0.6003462615522313 0.49975945092869606 0.4989716928062531 0.5004978524963415 0.49906530894093876 0.49971353444243083 0.5001539427865925 0.39826752380148733 0.4999404238083718 
0.16992590750964442 0.8836239015039334 0.4997744130318718 0.600944951700926 0.4999645305142859 0.5014584460009348 0.4986594566793432 0.4983942121435263 0.5007861240698851 0.49823375727798785 0.39786042196839955 0.49949561379751173 
0.020561885657779895 0.6821263231746295 0.500149564026261 0.6013823910796617 0.49991895784555535 0.5009875562168874 0.4987040157339708 0.49901569976804083 0.5002753526844679 0.49963175265612025 0.39784153364160224 0.49958171036772275 
0.6443515008293781 0.5108986642947861 0.5001147866593924 0.600087033637152 0.5000615096040189 0.4999377567055163 0.5001139119786049 0.5020625501990417 0.5003379254215565 0.4978445289559369 0.3975972747764198 0.499716110811361 
0.0 0.0 0.5002166891500397 0.5994027502982013 0.4998421750401 0.4980972358523965 0.5012678506696849 0.49866064192040416 0.4993513722858155 0.5018075070604213 0.39752909543066517 0.500158986919705 
0.07744454746647536 0.29151887492781803 0.5005594388786788 0.600339018486893 0.5002057961704776 0.5000838814572862 0.4999355045003565 0.4982888850023562 0.5000294511919189 0.4989176399550665 0.3988519251167381 0.4999908585030166 
0.0 1.0 0.49803743524154886 0.6027049410931163 0.5000919664217292 0.5028848616099889 0.49758570359785137 0.4984735038431198 0.4989702363723557 0.5024292156637471 0.39782976721702645 0.4993630063705147 
0.0338602028164107 0.04536237591888733 0.500872013876147 0.6005349612914845 0.5001052368129035 0.49961323331100727 0.5009720042456514 0.49935915492361943 0.49965961870515 0.4998412521290774 0.3985203071650647 0.5001846135641332 
1.0 0.47273498306037887 0.899746534951301 0.5991952562872498 0.7992424414669672 0.0037527905421582686 0.4034955162914051 0.7008178675493488 0.3992680200867508 0.19823534800791126 0.4998650680994405 0.49762793001425476 
0.0 0.0043130882744138455 0.49980183216108826 0.600099365486339 0.5000766158027061 0.49777894978228243 0.499652334047321 0.4980114241957352 0.49992900213909575 0.5004340653201353 0.39851877821584414 0.5003756039611682 
0.0 1.0 0.497076460245741 0.598868842876249 0.5000559658743116 0.5041850352596742 0.49964180431168387 0.49883514548322233 0.5008448994267847 0.4985296096243931 0.39741625799287045 0.501248635887609 
1.0 0.47273498306037887 0.899746534951301 0.5991952562872498 0.7992424414669672 0.0037527905421582686 0.4034955162914051 0.7008178675493488 0.3992680200867508 0.19823534800791126 0.4998650680994405 0.49762793001425476 
1.0 0.44221809943345514 0.9000986789925121 0.5994607107193104 0.8016419122307918 2.6253583017113447E-4 0.40420989925439377 0.7000757302384827 0.3994468281040753 0.20057753579467888 0.5005971838210312 0.4978911461400944 
0.03472744270148687 0.9826050079067739 0.4994852227805642 0.6021019562935084 0.5001451411305401 0.5017557384949549 0.49795850012765036 0.4984002025411175 0.5009194305165222 0.5001867025009158 0.3981661957987309 0.4995095968540769 
0.0025901048631642703 0.9540688462494415 0.49986524129765275 0.6023477342321295 0.5003410698871962 0.5020982550865802 0.49872338355838153 0.498346937631023 0.500869942333599 0.5002803722200563 0.39736324624553576 0.5011870932684728 
0.08719326648105015 0.34428233500335664 0.4999527617352914 0.6003820338031377 0.500079519419593 0.49976905259691445 0.5007695774093723 0.4994358582048716 0.49983752076099236 0.4997086925080103 0.3983331480455605 0.5004048178430515 
0.013930028066025398 0.4896145943842218 0.5010454116455874 0.6004359222142102 0.500043440617498 0.5006198989415681 0.4992408882811935 0.49869731427912223 0.5002277381852879 0.4986309499666853 0.3986517572119143 0.5000573740056435 
0.10656910860134892 0.1578778150421011 0.5008085593506537 0.6000287576591014 0.5000999884104422 0.4995610120370706 0.5008078245831955 0.4998423119988224 0.4993273927931308 0.5001046628651079 0.398189053025651 0.5001698598709166 
0.020886602288974626 0.07008173891945195 0.5003562291291472 0.5998762622870035 0.500119176849548 0.49977133534100004 0.5003383729667896 0.4985117626197709 0.4999964580909575 0.5002954051470807 0.39816991288941045 0.5005087135179591 
0.03811867794716292 0.0 0.5010979546158315 0.6005047628668926 0.49994810402259715 0.49831996952344126 0.501030936171539 0.5007903238454369 0.4992996752274922 0.4991477059703451 0.3980610297060724 0.4995738270796115 
0.33038242458107997 0.49090263910487664 0.5000404097422402 0.6014308648040528 0.49995840249797446 0.5009722008645984 0.4994071749119805 0.49947593805135 0.5001464147971396 0.49984728152522756 0.39778843106161005 0.49986042393923225 
0.13587528051112782 0.4611426080337182 0.5003407645070566 0.6005050351699311 0.5000060461900786 0.5002599604648835 0.49957025789814735 0.4991053972381579 0.5002324520383186 0.4992430812556323 0.3979715024991512 0.4997828077485908 
0.10265433916953096 0.014042996997550891 0.5011067563059481 0.5998173364159854 0.5000418795296578 0.4994395601813202 0.5015306264307368 0.500193890206849 0.4994807523319472 0.5000455415044722 0.3983885179762138 0.5001770378899131 
0.35255792398298086 0.5910297634037316 0.5004000321724754 0.6010725431040435 0.4999762763529627 0.5005379315971574 0.49929772683725715 0.49944321053540097 0.5001538667174913 0.4992448973692002 0.39793821727144524 0.4998261343138075 
0.02170598948825101 0.8307008602164989 0.4992111351841193 0.6016757726910089 0.4999180388386988 0.5015566591590579 0.4980499380905768 0.5007452310287241 0.5007448412085832 0.49971335354440205 0.3978759992196593 0.49961042521672044 
0.03520901563841357 0.09958568709088784 0.5008115096705019 0.6001843397568832 0.5000375786371836 0.4997726177099711 0.5005292753540374 0.4994032923615438 0.4996363962210149 0.4999117934558922 0.3982507805851829 0.5000832021768336 
0.027842979304859683 0.9173090379952064 0.49855592354900835 0.6029027790731184 0.5001121390365352 0.5027142723435142 0.49913488241022763 0.4991785521464843 0.5009676411361941 0.501341645835899 0.3980433638599798 0.49960990786424736 
0.07203082204107068 0.3426663920355411 0.5007691739167583 0.5999621904017395 0.5001376424594509 0.5003539196329699 0.49995187424917253 0.4992137086856171 0.5002083626654794 0.49864598942512894 0.39857263619312266 0.5002636469528224 
0.4253772054863643 0.9389209273723638 0.5006234441027422 0.601456165688516 0.499974139114155 0.5006850273953236 0.49906888748446404 0.49876795269158514 0.5003602669493792 0.4980181326227273 0.397421874735413 0.49903531620232855 
0.053635153015795 0.9030027813182043 0.5000915582680859 0.6018765922741265 0.5002506507029325 0.5012859617971868 0.49728835131554894 0.5003323922980617 0.5009862182365574 0.5003373915054953 0.39881984462307074 0.49797310707883763 
0.24357688033671354 0.631814461001553 0.5004757012464056 0.6005770577962339 0.49999197719913924 0.500433208621265 0.4991051876930677 0.49868841172358735 0.5002977448088572 0.4988457858745542 0.39791697664870285 0.49971301000916135 
0.1477114589845799 0.7702263510616586 0.4996403958092056 0.6008562469012151 0.5001502939756233 0.5016071952397896 0.4983927995505207 0.49871957391796623 0.5005664980140176 0.4976971299801115 0.4985224192982478 0.4998070417543609 
0.39297862295251285 0.5898516687305615 0.5002698788303357 0.6009115836980219 0.5000544815699328 0.5007675630467316 0.49941241663733327 0.4986968310108323 0.5005192918313892 0.4986045365325193 0.39790157646139507 0.4998824049176246 
0.07650706816482686 0.24859129026562563 0.5005554256146173 0.6005733802688777 0.500045754462106 0.49970665292384664 0.500215652775972 0.49916351054194297 0.49978715244736455 0.49988895339588646 0.39824345096420916 0.5000714332022351 
0.0 0.9695019871593558 0.49984887164267294 0.60101135756166 0.5001013601783681 0.5030579285210428 0.4966878113675285 0.4987256651532851 0.5008907505203243 0.4985513009287876 0.39759855016618106 0.49959249351731416 
0.3619692408376306 0.7520753865484898 0.49996224128754363 0.600866390480683 0.5000927226847138 0.5015444740364006 0.4985147509351515 0.49736424695230574 0.5006481291140227 0.5000407033254879 0.39805615938919425 0.4995519084092888 
0.010280942828889948 0.6296949640187176 0.5003375198446938 0.6010002066861926 0.4999033200163674 0.5007971625361283 0.4989863043215864 0.499119212441843 0.5001787822056408 0.4991198490410083 0.39788009789217227 0.4995246139920415 
0.050577582214087466 0.338615729621541 0.5004125867201806 0.6002326053798641 0.5001849282403503 0.5002449846613712 0.4998249992953212 0.498306745310341 0.5001156040183103 0.4990411677310823 0.39872491000819793 0.5000684469917744 
0.07543231261625259 0.5085937566012528 0.4998561823434625 0.6011209882592207 0.5000658149923497 0.500388685797983 0.4999221335830417 0.49916758531813743 0.5003029964333136 0.4994191989415764 0.3977414056372488 0.5000326741771776 
0.1301860737398306 0.3834383857798621 0.5004541997147759 0.6016325278292098 0.5001291437230033 0.5003974784913309 0.5000754802746967 0.49973244057755395 0.4997854599914632 0.49935168723088286 0.3986958610059732 0.4999999822563251 
0.06308548824707824 0.2969251173032747 0.5002131037665545 0.6006086486890652 0.5000239459815854 0.49949776897852244 0.4999606072818481 0.5003919674827124 0.5002160023967027 0.4993283682195489 0.39838788534509806 0.49999799028738456 
0.16735956394483542 0.3952254500657306 0.49977210210421075 0.6008899583197755 0.5000221571316649 0.49991815898087744 0.5004166525094149 0.49934714953696024 0.4998678077565074 0.4998446721078527 0.39794643863788176 0.5001329873465099 
0.25903793516800455 0.5995438861248583 0.5005120248409389 0.6007782253104775 0.4999662933272725 0.500563159574487 0.49916440335590784 0.49841160639761706 0.5003233877094897 0.49905420381599336 0.39793505214197045 0.4996429847463808 
0.054703547457594606 0.08916761415722883 0.5008204762883599 0.6005539528547212 0.5000577417222432 0.49958684949235643 0.5008674860777023 0.4994944406441485 0.49966741028854395 0.49987978716415654 0.3983534768372515 0.5001395988849661 
0.08812412336698405 0.34024364800953233 0.5000659175345661 0.6011757003184336 0.50005219530357 0.49968045103869724 0.49976862890666524 0.5004543149936496 0.4999301700032295 0.4991156176049878 0.3985669169208511 0.49996982720534167 
0.005180209726328541 0.8926607210441144 0.500399911783773 0.603321877353924 0.5005491622004954 0.5017087801759393 0.4998709420451514 0.4994087157259776 0.5010675124456714 0.5007304645008637 0.39815995505637725 0.49935737589052964 
0.0024568992539038548 1.0 0.499354593922028 0.6013900822655456 0.5002060663047972 0.5010552765988996 0.4984329908036552 0.4987427826682104 0.5007659265018648 0.5001010574884435 0.39774202807358267 0.4995302254818447 
0.03982684513290982 0.7463313099196517 0.4997942741306608 0.6016151661830071 0.49965075450903473 0.5008142906915387 0.4994681648125966 0.5010109837077926 0.5001670097769717 0.4999881033101511 0.3970575649047261 0.49949929870097143 
0.0 0.2744281704070056 0.5007118507658176 0.5991389123885147 0.4998802088832055 0.5000283068571365 0.4996033074384606 0.49949853460256427 0.5000683127456108 0.4992845837883111 0.39821631824014087 0.49992782915861844 
0.4253772054863643 0.9389209273723638 0.5006234441027422 0.601456165688516 0.499974139114155 0.5006850273953236 0.49906888748446404 0.49876795269158514 0.5003602669493792 0.4980181326227273 0.397421874735413 0.49903531620232855 
0.06901572368034087 0.013582189479117684 0.5007377284984365 0.6002619698522678 0.49991684857454677 0.4992213092884057 0.5007938867020783 0.4993730740534358 0.4997998155088206 0.500366231129592 0.3982420495589935 0.5001136963841126 
0.17280290645746865 0.4045744275292226 0.5003261082162449 0.6017404785983601 0.5000992435289207 0.500545274195767 0.4999797740346319 0.49973444466772027 0.49988205434922045 0.4993912389226769 0.39863598548025414 0.4999697793636081 
0.3086992694472348 0.6202062608081013 0.4996953397214817 0.6014797316239281 0.5000330407352533 0.5003510549336486 0.4999194870936718 0.5001198498912756 0.5000028707075324 0.49807720209021833 0.5014221741843828 0.5000221240227984 
0.0 0.30967487021671586 0.5003640121114 0.6004046407839745 0.5000532442010274 0.4994398668257955 0.5003636088940797 0.4992113317318189 0.49984860220146515 0.4995276145773888 0.39834785551842133 0.5001031497196693 
0.0 0.19799486255959994 0.5003555991763459 0.6006176543438086 0.49990196271088394 0.49912001326602445 0.5001811414085863 0.49930945858202147 0.5000452658901082 0.49987012901408945 0.397954852434631 0.5000680506971781 
0.010140063633000095 0.7587421452995328 0.4995849808903585 0.6016436057168513 0.500114446335227 0.5003373714206729 0.49985176563044287 0.49959510573138355 0.5000402359485134 0.49888476699392437 0.39756747167509576 0.5001507993587587 
0.05994334767620571 0.24777177151181723 0.5006306050051423 0.6001492299723219 0.4999673904714196 0.4996657370980782 0.5002412209639152 0.4995401174474628 0.4995934691702019 0.49981615667497614 0.3980588436853366 0.5000562334296617 
0.04808733109687013 0.03768582439474098 0.49991342944089867 0.5991505754448305 0.49992279419578933 0.4983443028042619 0.5002226818481073 0.4985194021641698 0.4993728121044122 0.500017869207061 0.3983706709377045 0.5008909707496919 
0.0 0.2765046492660542 0.4999558445880956 0.6008351917217577 0.5000466798880676 0.49981989362535406 0.5004533896734742 0.4993436010377429 0.4997691042868554 0.4998315338615577 0.39825551602203413 0.5001441977993099 
0.5704328307649049 0.6817604420733319 0.5003857387544285 0.6005113127601142 0.500035500197594 0.5005461531731228 0.4995079774828588 0.5007610194413632 0.500422454569079 0.49804201913348267 0.39760916905317123 0.49951153703395496 
0.5704328307649049 0.6817604420733319 0.5003857387544285 0.6005113127601142 0.500035500197594 0.5005461531731228 0.4995079774828588 0.5007610194413632 0.500422454569079 0.49804201913348267 0.39760916905317123 0.49951153703395496 
0.009115583485305086 0.9233394213659694 0.49901355502284517 0.6020646984687341 0.5000463659882014 0.5013150592594475 0.499235669177466 0.5007425508092852 0.5004385695336981 0.4991051876369468 0.3976791824951169 0.49968186900355804 
0.0 0.9989503241341635 0.4995545910283634 0.6015280027157129 0.5001849279177141 0.5018845168578981 0.49770081090376617 0.4983992697552243 0.5009843705058472 0.5006935462392758 0.39796183997068757 0.49962840626899413 
0.20657831559167436 0.5045806350137045 0.5006417281444637 0.6010702355203541 0.5000427732101715 0.5005474662804533 0.49979495149397535 0.4994586684995852 0.5001305158125795 0.4991040042794739 0.39808839022928655 0.5000221313157993 
0.018689258803830218 0.1077104260567644 0.5006792687100046 0.6000738992734809 0.49983613145021777 0.49929051037186206 0.4997304126292034 0.49978805729356 0.4997958905893187 0.4999388228719469 0.39796195851622973 0.4998859958198546 
0.0 0.9565194488305662 0.4984749202880411 0.6017523191445687 0.5001142516910417 0.5020547987483918 0.4983996793422616 0.5008699647060364 0.5005874196583031 0.49914372901703663 0.39765462010433017 0.49990629186681 
0.03829576721369243 0.4824363242707551 0.5006762869139431 0.6005187077435752 0.4999525691098542 0.5003825760312619 0.4996636426782217 0.4993608346672661 0.49998930894778526 0.4986656205326256 0.3978904979229889 0.49958304310661317 
0.05063772676435552 0.15757724436759263 0.501688276407908 0.6007330752062168 0.5001685537317617 0.49997245623919584 0.49991819519454217 0.4998516812535061 0.5000027574806285 0.5000284841707269 0.3987865172562477 0.5002047023716307 
0.10287261144741555 1.0 0.5001643034815807 0.6026775105271629 0.5004502683085627 0.5021281242727895 0.4982493890212708 0.5009582252820195 0.5012206726814443 0.50078014296843 0.3994630269457442 0.49773468427478196 
0.12517256354015324 0.8312371684126882 0.4995353132580357 0.6012669747760159 0.5000607800103103 0.5013131213726383 0.49889481839014543 0.49884226483167554 0.500446578501429 0.49665744757986086 0.49838754705645394 0.4998017649692585 
0.025485257007416003 0.08520375806725394 0.5002978351691554 0.5993110333522552 0.49994825495693296 0.49923162571104585 0.4999046226251405 0.49833583497027784 0.4999033781031205 0.4992868273851824 0.39823012573222916 0.4994194288085289 
0.007318182731291173 0.8521441902326756 0.5004467639049748 0.601797907784507 0.49860974327171237 0.5007460714066492 0.49824145750334214 0.4992902702097524 0.5007654341511736 0.49948561704754846 0.3987138131117103 0.4987639225237879 
0.0 0.0 0.5001229400856623 0.6003719609754974 0.5011995036809385 0.4985531574010358 0.5013772793586169 0.5002482209507062 0.4992362330198489 0.5005713969347471 0.39807468579635874 0.5003943507176736 
0.05392248676780004 0.2058111526596732 0.5007063972031636 0.600313821887711 0.499984009296532 0.49967064846468845 0.5005549374641628 0.4997035128291788 0.4994789605523389 0.49998816340192426 0.39812226005906604 0.5001021955967062 
0.057731405303091426 0.11409230438943618 0.500825248323162 0.6005938557648652 0.4999195183034322 0.4999032626127002 0.5006074041635824 0.49954044701692696 0.499736945739724 0.5002965040911371 0.3979315579415482 0.5000983336559494 
0.022946386433193813 0.09903511502867715 0.5006191463370295 0.6001351993026567 0.4999573181829171 0.4995869512367117 0.5003937528487054 0.4997759489368018 0.4997895451625035 0.500150544718937 0.39808605935561453 0.5001050191646441 
0.0 0.7676244255793179 0.4995409287286149 0.600943452711546 0.5000466787663078 0.5016036812704048 0.4979795001130213 0.4981504991410661 0.500459176832135 0.4981867694322317 0.4985048463296503 0.4998489526930283 
0.11734493517406606 0.682039997378325 0.5003696474400019 0.6020674236330718 0.4998757324262637 0.5007232791953783 0.4996875136456265 0.4999054526363471 0.5000963196157541 0.4995844335681714 0.39758862485971 0.499721455235484 
0.10535284026121439 0.17594150361246302 0.5008082728984382 0.5994456489523232 0.49991668071085676 0.4994642266040214 0.5002682355795146 0.49957049914331164 0.4996535033112687 0.49990462507215105 0.3980568993071951 0.5000516945185942 
0.03472744270148687 0.9826050079067739 0.4994852227805642 0.6021019562935084 0.5001451411305401 0.5017557384949549 0.49795850012765036 0.4984002025411175 0.5009194305165222 0.5001867025009158 0.3981661957987309 0.4995095968540769 
0.04348626349498177 0.0 0.5006209810031386 0.601405993666262 0.500151138558906 0.49980033045057287 0.5012734487399823 0.5002037568998918 0.4995687502485644 0.5005276291575196 0.39825408272022544 0.5002954304297802 
0.2716564007871357 0.49579127639788795 0.5002611527249377 0.6006241154697052 0.5000452178739366 0.5004227471533167 0.49987793179899215 0.4989991753034201 0.5002985791994029 0.49880763554040386 0.39799819236162953 0.5000565830155214 
0.014186443755306291 0.4737638927128139 0.49980364604970084 0.6006779868182098 0.49980066841750637 0.5004013350583352 0.499669113097153 0.5013493540593208 0.5002463384998034 0.5000415638383253 0.3980963171991837 0.4998103775582291 
0.12128829581084982 0.6983299047031875 0.49919776673966737 0.6014616626837366 0.500303476069005 0.3999574256426782 0.500469125312601 0.4993530646443749 0.5003533436155758 0.5010357413327073 0.39910571909985776 0.5001966577902963 
0.012742628503708001 0.044758423170833894 0.5000498336651218 0.5997051994192971 0.5000124353798195 0.4984689916114039 0.4997784783362308 0.4981736295830065 0.4999161901211081 0.49986044635265886 0.39837445197403665 0.4998975163848486 
0.0 0.9048372069007694 0.49861057124279273 0.6014955855719252 0.5001780401992687 0.5008063445634432 0.5000005191463784 0.5000705326744272 0.5002966447755939 0.49883177763588227 0.3975947832002793 0.4997045974182921 
0.036253610613089966 1.0 0.49972608043822053 0.6018950428453711 0.5001591692962785 0.5010678390604835 0.49703870697666236 0.49976095831835976 0.501282357373933 0.5003308132636521 0.39872724104240986 0.4977731433158117 
0.03649784057395032 0.0 0.4996736816439596 0.6018565568888726 0.4998683259442187 0.49887865234636225 0.4996719675470292 0.4983198633906045 0.4998036566456937 0.5007369914259326 0.3977743169400293 0.5000797677420431 
0.09801149224859368 0.05550201226669419 0.5008236623766802 0.5998652972279939 0.49996364336424287 0.49921775895912934 0.5010878201371103 0.49993251478362866 0.4995560570914596 0.5001433244907092 0.39818869150819614 0.5001270616744677 
0.020100374241477256 0.5032062607410515 0.5000786226023148 0.6008893452002221 0.4999707965970144 0.5003997223417735 0.499651944675094 0.4984647930314205 0.5000300423960369 0.4998556887519515 0.39794490269825805 0.4998422890090568 
0.09423628857127946 0.10549199545376865 0.5004530560326115 0.6000563476592669 0.4999930112188669 0.499284230752013 0.5007926057207348 0.500416545156164 0.4996999741616741 0.5004204403933971 0.397924480659283 0.5002377388540029 
0.04847326175208984 0.1807263518346004 0.500783148751409 0.5996915698718582 0.4999046389711192 0.49943322666526024 0.5007061001066855 0.499564412917287 0.4996910451650037 0.49993797447305083 0.39836751351663935 0.49986866370067656 
0.036253610613089966 1.0 0.49972608043822053 0.6018950428453711 0.5001591692962785 0.5010678390604835 0.49703870697666236 0.49976095831835976 0.501282357373933 0.5003308132636521 0.39872724104240986 0.4977731433158117 
0.16992590750964442 0.8836239015039334 0.4997744130318718 0.600944951700926 0.4999645305142859 0.5014584460009348 0.4986594566793432 0.4983942121435263 0.5007861240698851 0.49823375727798785 0.39786042196839955 0.49949561379751173 
0.0 1.0 0.4989696991186515 0.6018361210629901 0.5001937671891612 0.5032264964782283 0.4970159996005522 0.49704273453772463 0.5008229008723466 0.5007783766800452 0.3961585589958784 0.5020316511930207 
0.0 0.0 0.500237753077615 0.599559618595535 0.49986124679009025 0.49705185526037143 0.5005990166335751 0.4997724389246007 0.4992044277437684 0.4990909048377586 0.39831160190647513 0.5004250505888229 
0.0 0.0 0.4997918513681 0.5994259735442524 0.4998228233637005 0.4961080174008527 0.4995208336098911 0.49851261676330055 0.4993872482325706 0.4998674477245567 0.39803045681688537 0.5002678761792119 
0.05560333456390158 0.0 0.5018772187563199 0.600490165338653 0.5000917859927222 0.49911022625457213 0.5016084690424533 0.4994257670363517 0.4992956714416353 0.5006891778898961 0.3988499569250378 0.5004800300698773 
0.0 1.0 0.4973841574742079 0.602101950781367 0.500363027254879 0.40311684311806023 0.4983985695155307 0.49768946973600614 0.49906269719633545 0.5018309725175829 0.39803666605584187 0.4996101948126609 
0.10656910860134892 0.1578778150421011 0.5008085593506537 0.6000287576591014 0.5000999884104422 0.4995610120370706 0.5008078245831955 0.4998423119988224 0.4993273927931308 0.5001046628651079 0.398189053025651 0.5001698598709166 
0.0 1.0 0.4968937690511298 0.5982385902592972 0.5000239048941572 0.5039886551279774 0.49975353444466275 0.49855487686897637 0.500773362981308 0.4982576335691314 0.3973092845735633 0.5013256172889637 
0.030370693194596537 0.2516676778943775 0.5009403294858654 0.6004926448709438 0.5000907515350225 0.5000920243060845 0.49989411961618013 0.49917580313914767 0.49997053739955677 0.49981050512360303 0.39837782213089806 0.5000606089471749 
0.0 1.0 0.49724356837071226 0.6007666449303063 0.4997510711503661 0.5026168761597396 0.4971625398935077 0.49708176923108455 0.5007666321557911 0.5007815327643488 0.3973899004108632 0.5022156480849601 
0.03982684513290982 0.7463313099196517 0.4997942741306608 0.6016151661830071 0.49965075450903473 0.5008142906915387 0.4994681648125966 0.5010109837077926 0.5001670097769717 0.4999881033101511 0.3970575649047261 0.49949929870097143 
0.006658703248994979 0.9997144964413622 0.49871452187375215 0.6015845513923634 0.5002085046841879 0.501444734887174 0.4996199729904633 0.5002789930879036 0.5002816049299708 0.4986204944545378 0.3975462665049633 0.49962533669041886 
0.42204785386186683 0.9031419322301621 0.5009261411122812 0.6016361162099908 0.4999655887726874 0.5015784495431543 0.49835979103793726 0.4984708373597828 0.5005930502711142 0.49847421816860793 0.3976476749477546 0.4991436477908103 
0.0 1.0 0.4996962834184965 0.6011498215801147 0.5001049018908867 0.5024714396796667 0.4971926103585539 0.4972186535876124 0.5006215409979334 0.49932522814682717 0.3965429298339947 0.5013685312418825 
0.0 0.14376170316769013 0.5007555014680094 0.6003899887703636 0.5002221008245541 0.5000957247878054 0.4998997310679033 0.4982559207136528 0.5000514547292274 0.5000050567066116 0.39879424713907674 0.5002276638688948 
0.33038242458107997 0.49090263910487664 0.5000404097422402 0.6014308648040528 0.49995840249797446 0.5009722008645984 0.4994071749119805 0.49947593805135 0.5001464147971396 0.49984728152522756 0.39778843106161005 0.49986042393923225 
0.0652911007520009 0.046430043282845807 0.5007748372439617 0.6000686959030774 0.49993179955719924 0.4993339883847753 0.500739927272545 0.4994410953978997 0.4997247101337632 0.5002191628747352 0.3982238271783195 0.5000984887863655 
0.0 0.0 0.49985957284350097 0.5985450763597842 0.5009970620284285 0.49591336067871206 0.5004598217177334 0.49994531635544687 0.49875935920013015 0.49898980464636955 0.39733192458730415 0.5005029439905406 
0.0 0.8344609331654156 0.49939747231252796 0.601333034429812 0.500094758113425 0.5018056157221038 0.49833634977246954 0.49869302111177843 0.5004941986930642 0.5002434083753334 0.3976885665163126 0.4998853968793158 
0.04686563643772464 0.5502924576156597 0.5001239737367451 0.6015720686290781 0.5000339675047707 0.4999257420739187 0.499762587090708 0.49850983117106507 0.5000061720341413 0.5001215535373216 0.3982228624090061 0.4999415182334771 
0.029121459826970442 0.36627124997221133 0.500261924973181 0.6006147306577487 0.5000119921648744 0.4999858545771813 0.49978008267324525 0.49941698161514547 0.49987476512562684 0.4994926601919014 0.39790051814170957 0.5000014376213311 
0.05392248676780004 0.2058111526596732 0.5007063972031636 0.600313821887711 0.499984009296532 0.49967064846468845 0.5005549374641628 0.4997035128291788 0.4994789605523389 0.49998816340192426 0.39812226005906604 0.5001021955967062 
0.141500230396213 0.5133699936295211 0.5010223035639897 0.601516355571003 0.5000403285464063 0.50067218540759 0.4997119711889585 0.4999181616957503 0.4999624524257562 0.4994003730185439 0.3981785880969436 0.4999876796160774 
0.0171781415342719 1.0 0.49870920786931416 0.601541946183036 0.5003142800304914 0.502429058834092 0.49882795331472585 0.5008645555126481 0.5011342048895135 0.5003191732193731 0.39900464528056007 0.4988355682569405 
0.0 0.9961462904219145 0.499571530602238 0.6012562459136181 0.5001052436911464 0.5021527487010693 0.49744844606315297 0.49726893568380937 0.5006429505512573 0.49979292556516475 0.39655372173521863 0.5015482392243574 
0.27248731385304753 0.706443753511511 0.49969125442555473 0.6003686703749068 0.4999407909388297 0.5002636564208818 0.49953219344212296 0.49869618493646006 0.4999627428089666 0.49867332842012224 0.39735105040571134 0.4996918191767615 
0.029513353285211864 0.29833852149218476 0.5007348640306963 0.5991474854010983 0.499838994980919 0.49994826227845224 0.499866204104385 0.49972032490379104 0.5000509039003046 0.4993793572389599 0.39817477206117974 0.49992564716764154 
0.011885064369988929 0.9285460359466903 0.4998776226991413 0.6030714431433957 0.5004310311878493 0.5018730420001432 0.49912886984305693 0.499609567126008 0.5011111288577923 0.5007298434015643 0.39831302939681457 0.4998258027291435 
0.013930028066025398 0.784172300632832 0.5011992398235913 0.6004377673580076 0.49998879909425864 0.5007807531655719 0.4987178490839774 0.49891749275130143 0.5003697418977124 0.49819679252273025 0.3984486982296257 0.4998625296906261 
0.0 0.0 0.5001898273517271 0.5990255665873357 0.4998157847704089 0.4976541641409055 0.5000515043199144 0.49901142668881016 0.49929373931998006 0.49916730486530203 0.39770240536982593 0.500232084359647 
0.13587528051112782 0.4611426080337182 0.5003407645070566 0.6005050351699311 0.5000060461900786 0.5002599604648835 0.49957025789814735 0.4991053972381579 0.5002324520383186 0.4992430812556323 0.3979715024991512 0.4997828077485908 
1.0 0.19684384749526207 0.8998610301935945 0.5985636676897907 0.8010332525160333 2.9995932651460944E-4 0.4039858964041547 0.7001549575389223 0.39952703318429894 0.19859509110495846 0.49970663946460825 0.49754280721271904 
0.6443515008293781 0.5108986642947861 0.5001147866593924 0.600087033637152 0.5000615096040189 0.4999377567055163 0.5001139119786049 0.5020625501990417 0.5003379254215565 0.4978445289559369 0.3975972747764198 0.499716110811361 
0.0 0.0541358082790688 0.5005302413946362 0.6002354869824301 0.499959066445771 0.49981905267886007 0.5007844898855305 0.5000561272414595 0.4997371283453013 0.500264938942912 0.3982986725717947 0.5001568758944741 
0.145710922813642 0.3263955328185619 0.500245701808542 0.6004813509088376 0.49998440463206884 0.49986297762171555 0.5005041652141766 0.49953557465052295 0.49975512635846614 0.499593475582703 0.39803923200260016 0.5001883346662308 
0.06789593997183387 0.8521441902326756 0.500346801719574 0.6014828801320677 0.5004409288226874 0.5017557214826331 0.4992142636086084 0.49950821589332683 0.5007628775235846 0.49900818001886493 0.39884644199938707 0.4992992075120266 
0.03092754561325941 0.4338201552326443 0.5000595369998024 0.6011617879979692 0.5000320160415724 0.4999115953345046 0.5000502515256439 0.4996910021927714 0.4999544080075679 0.4994329811339188 0.39821236509676106 0.5000718421060761 
0.0025901048631642703 0.9540688462494415 0.49986524129765275 0.6023477342321295 0.5003410698871962 0.5020982550865802 0.49872338355838153 0.498346937631023 0.500869942333599 0.5002803722200563 0.39736324624553576 0.5011870932684728 
0.06459870665932843 0.19075686154279198 0.500770771395805 0.5995046240745823 0.4999523026510715 0.4993159142247163 0.5004761890202941 0.4998120886722487 0.49956273526146827 0.5000537981491578 0.39807365370217074 0.5001290079838151 
0.0 0.375447901026409 0.5008030247748565 0.599982604884144 0.49989226227179995 0.5000285945889764 0.4997673382007533 0.4997304014201086 0.4998990251959456 0.498946947670335 0.39793260443168654 0.49972647345703036 
1.0 0.27997098181661506 0.9003502927004781 0.5988698262234009 0.8013703479930013 0.0033391570371312795 0.4038303304192462 0.7013577174808032 0.39920353075560505 0.198274133693087 0.5001066247919377 0.4978671725219276 
0.145710922813642 0.3263955328185619 0.500245701808542 0.6004813509088376 0.49998440463206884 0.49986297762171555 0.5005041652141766 0.49953557465052295 0.49975512635846614 0.499593475582703 0.39803923200260016 0.5001883346662308 
0.19666959280718804 0.67761273204769 0.5008127368519448 0.6006964273535322 0.5001491989028145 0.5009693528090742 0.49829817671597987 0.49935637029189 0.5003190307672127 0.4971214999593932 0.49865869450201994 0.49997202123889606 
0.001214005595393343 0.09323076352256046 0.5012116122910528 0.5993303167142852 0.5001163235954149 0.49956118436601116 0.5005468120505581 0.49874305679678693 0.499629145442789 0.4997208430170713 0.3986080914036695 0.5000788710070228 
0.4165896174614484 0.707725573396286 0.5002975143970412 0.6006642836650027 0.49999848920370427 0.5006648789897583 0.49927437999536267 0.49836790132960757 0.5004224728833235 0.4982878135310087 0.3988736365240927 0.4995479046135494 
0.06194568612879578 0.28382321152642587 0.5003988394467567 0.6004317880268528 0.5000058538264794 0.499554070135653 0.5000128113276499 0.5000819529563145 0.4999432566139296 0.4994914499842574 0.3983015484660989 0.500018111343489 
0.01774366801166851 0.044358247272291235 0.5005901540906046 0.6009347412137678 0.5000842044744025 0.4997212841908701 0.5009030965538609 0.5000201242345683 0.49962443326996314 0.5003631108907899 0.3981822426207504 0.5002322383083652 
0.3014756452482167 0.4789353782357841 0.5000794666027668 0.6014530973656237 0.49992193201365054 0.5004783834892854 0.49973845352120183 0.5000980994028488 0.4999159058313294 0.49938802901656587 0.39783765785199376 0.4999429393491597 
0.03092754561325941 0.4338201552326443 0.5000595369998024 0.6011617879979692 0.5000320160415724 0.4999115953345046 0.5000502515256439 0.4996910021927714 0.4999544080075679 0.4994329811339188 0.39821236509676106 0.5000718421060761 
0.16735956394483542 0.3952254500657306 0.49977210210421075 0.6008899583197755 0.5000221571316649 0.49991815898087744 0.5004166525094149 0.49934714953696024 0.4998678077565074 0.4998446721078527 0.39794643863788176 0.5001329873465099 
0.0 0.7676244255793179 0.4995409287286149 0.600943452711546 0.5000466787663078 0.5016036812704048 0.4979795001130213 0.4981504991410661 0.500459176832135 0.4981867694322317 0.4985048463296503 0.4998489526930283 
0.04067499792120617 0.22810063612374049 0.500803670062966 0.5996936646098898 0.49995650976047845 0.49969160762420006 0.5000404881288771 0.49959085997184705 0.4999008779298234 0.4996754449229357 0.3980151327809278 0.500009588767859 
0.012742628503708001 0.044758423170833894 0.5000498336651218 0.5997051994192971 0.5000124353798195 0.4984689916114039 0.4997784783362308 0.4981736295830065 0.4999161901211081 0.49986044635265886 0.39837445197403665 0.4998975163848486 
0.1477114589845799 0.7702263510616586 0.4996403958092056 0.6008562469012151 0.5001502939756233 0.5016071952397896 0.4983927995505207 0.49871957391796623 0.5005664980140176 0.4976971299801115 0.4985224192982478 0.4998070417543609 
0.2661674383280867 0.5715589421143225 0.5003792001933941 0.6008968850749999 0.4999710836777109 0.5004983849400897 0.4993886839209115 0.4987407456572471 0.5002814888413678 0.4989751780000887 0.39786602072921573 0.4996960638246251 
0.06945488540297375 0.8588733048153157 0.5004570262342588 0.6028557133038899 0.5004175572401963 0.5010632696175741 0.49844169842278063 0.4993227699676721 0.5007054808964972 0.4996425284245957 0.3985505641001224 0.4998356038978834 
0.12517256354015324 0.8312371684126882 0.4995353132580357 0.6012669747760159 0.5000607800103103 0.5013131213726383 0.49889481839014543 0.49884226483167554 0.500446578501429 0.49665744757986086 0.49838754705645394 0.4998017649692585 
0.009115583485305086 0.9233394213659694 0.49901355502284517 0.6020646984687341 0.5000463659882014 0.5013150592594475 0.499235669177466 0.5007425508092852 0.5004385695336981 0.4991051876369468 0.3976791824951169 0.49968186900355804 
0.0 0.6716284889326177 0.5012553520330949 0.6009930109994734 0.4998703988005228 0.5011183854216078 0.4993747587992908 0.5001950596640777 0.5000144000711347 0.4990722993683383 0.3975199844167844 0.4996700892122232 
0.3116144354209891 0.6249258758381739 0.500047673615685 0.6008852147479928 0.49987267281684156 0.5009202983682896 0.4988135080216152 0.49885646216765317 0.5003668462252614 0.49943237583774835 0.3976043274081655 0.49964335050662345 
0.16935727838631762 0.7901744811494957 0.49966890012276294 0.6007129329545934 0.5000761681182906 0.5013133904407284 0.49825872730890797 0.4984079617515573 0.5004554850210806 0.49754266516554946 0.4983141397522296 0.4997409158960288 
0.06194568612879578 0.28382321152642587 0.5003988394467567 0.6004317880268528 0.5000058538264794 0.499554070135653 0.5000128113276499 0.5000819529563145 0.4999432566139296 0.4994914499842574 0.3983015484660989 0.500018111343489 
0.016393490837250328 0.41142310145951133 0.5004945726301429 0.6002032888538442 0.49994776593528023 0.49987352778765726 0.5000954336792256 0.4990162949827927 0.49988196244551714 0.4994604018317625 0.3981282839424394 0.49999134094217434 
0.19666959280718804 0.67761273204769 0.5008127368519448 0.6006964273535322 0.5001491989028145 0.5009693528090742 0.49829817671597987 0.49935637029189 0.5003190307672127 0.4971214999593932 0.49865869450201994 0.49997202123889606 
0.20829044277253858 0.3302344536135865 0.5008270673403036 0.6017239491234936 0.50018480848068 0.5004622426663006 0.5002276072683356 0.50008671161279 0.4997440793341564 0.49933028737285245 0.39934808820369877 0.4999988014362756 
1.0 0.26090753926052296 0.899636760334632 0.5990785705810072 0.8011072158503125 0.0 0.40449288724847626 0.7007279436811814 0.39932664162471965 0.19853497113989854 0.4996504863086729 0.4978188826719952 
0.3177823270255876 0.5601132945779583 0.4999219596783885 0.6007227702656213 0.500334344968535 0.3996070336476188 0.5007285786420941 0.4979384684882455 0.5002227728866993 0.5010508627557577 0.3992364672228672 0.5002188382108028 
0.17421435170103047 0.7958479612079004 0.49968695055856915 0.6008486160358015 0.5000536695594264 0.502024280240063 0.49829144552870774 0.49817286707485064 0.5005305266070645 0.5000534269704773 0.4001276637094694 0.4997706646855274 
0.0338602028164107 0.04536237591888733 0.500872013876147 0.6005349612914845 0.5001052368129035 0.49961323331100727 0.5009720042456514 0.49935915492361943 0.49965961870515 0.4998412521290774 0.3985203071650647 0.5001846135641332 
0.038189494861468255 0.42431548955392223 0.5004294188837207 0.6003597770150881 0.49993648124284484 0.4999370021761855 0.4998143955975465 0.49911507803742805 0.5000285379672229 0.4997504553881407 0.39819881723509293 0.4999335827005593 
0.0 0.9363125663215222 0.49911451608642293 0.601860392292698 0.5001662279100215 0.5031032154051711 0.4981556131906852 0.49959196726193134 0.5007184929379356 0.4998054719562024 0.3979858902991731 0.4998216982647177 
0.2527004442685735 0.4310269374423092 0.49994400453231924 0.6012600468959796 0.499935039282539 0.5006936486153621 0.49967390614504104 0.49957540257840477 0.49997941136104146 0.49980246064037903 0.3978416724906013 0.49992887621424936 
0.054703547457594606 0.08916761415722883 0.5008204762883599 0.6005539528547212 0.5000577417222432 0.49958684949235643 0.5008674860777023 0.4994944406441485 0.49966741028854395 0.49987978716415654 0.3983534768372515 0.5001395988849661 
0.3086992694472348 0.6202062608081013 0.4996953397214817 0.6014797316239281 0.5000330407352533 0.5003510549336486 0.4999194870936718 0.5001198498912756 0.5000028707075324 0.49807720209021833 0.5014221741843828 0.5000221240227984 
0.48468334703018034 0.7136795292488116 0.5001619263976604 0.6004381716682927 0.4999902161261041 0.5008805826941258 0.4991959139083211 0.4980315530273496 0.5005254526190568 0.4983895159878484 0.3993849818263765 0.4994592538681024 
0.012856900327386248 0.15269482580864202 0.5006035812737544 0.599766078361689 0.49995446840352414 0.4996680051920574 0.5004707511058786 0.4996478071095394 0.499868928395366 0.5001501225565057 0.398100018142739 0.5001509212651782 
0.42530840182173 0.5558062526017079 0.49997727898318545 0.601613942889158 0.49997218631812956 0.5013723886504923 0.4992640572681752 0.49922065337902777 0.5002726626914553 0.49994283623443203 0.3977334127150681 0.4997781281158319 
0.012667737269798921 0.8324318845524944 0.4993155918363772 0.6019923551372 0.49992001251632884 0.5015543767620836 0.49872400027132713 0.5005803496631137 0.5005924593234448 0.4995154434592882 0.39778266380310945 0.4996558846933622 
0.06470439820577749 0.2587207622141846 0.5006840044741796 0.6001530367874959 0.5000241602171851 0.4999279977416843 0.5001759336701553 0.49937246816334496 0.4993564736429258 0.49976748922975545 0.3981516622689001 0.5000545376731033 
0.0 0.0 0.5002060258148684 0.5993065167793434 0.4998586225888596 0.4970257446234031 0.5005169268023472 0.5000140174622022 0.4990383147877588 0.49922261020577385 0.3981459748367683 0.5004176737422146 
0.059666081892230854 0.2576193999727282 0.5007703108071611 0.6000780667024282 0.4999696695162676 0.49966667244991414 0.5001172194192534 0.49946192390351885 0.49939776504838335 0.4998176135136743 0.3981288747081005 0.5000583534556977 
0.05668075871697059 0.805372231132725 0.4993914370501915 0.6009497187015467 0.5001354213228437 0.5013033586351917 0.49773158899486664 0.49872607073552194 0.5005494737878173 0.5002521477141607 0.3981199593163537 0.49971706367424285 
0.4273739057173699 0.7145688728118909 0.4994495931963443 0.6001156705226666 0.4998549322194358 0.5007598468120078 0.49884550448072307 0.49747753714171616 0.4998198896129459 0.4984514783926854 0.39855353787677794 0.4994298180791486 
0.09471781434871446 0.7628570525547309 0.5003830011845314 0.6005466233956175 0.5002355041055491 0.5015343672844061 0.49734244073311884 0.4996356172588249 0.5005136690891783 0.4979181301710303 0.4987462162148252 0.499934450640568 
0.4165896174614484 0.707725573396286 0.5002975143970412 0.6006642836650027 0.49999848920370427 0.5006648789897583 0.49927437999536267 0.49836790132960757 0.5004224728833235 0.4982878135310087 0.3988736365240927 0.4995479046135494 
0.06308548824707824 0.2969251173032747 0.5002131037665545 0.6006086486890652 0.5000239459815854 0.49949776897852244 0.4999606072818481 0.5003919674827124 0.5002160023967027 0.4993283682195489 0.39838788534509806 0.49999799028738456 
0.15186066338190712 0.2518331256048838 0.5009793157347523 0.6009283248104744 0.5001188819519296 0.5000224741174562 0.5003583307329773 0.4999895480026612 0.4995997867446471 0.4995427462490021 0.39905951730624 0.5000420284693023 
0.17280290645746865 0.4045744275292226 0.5003261082162449 0.6017404785983601 0.5000992435289207 0.500545274195767 0.4999797740346319 0.49973444466772027 0.49988205434922045 0.4993912389226769 0.39863598548025414 0.4999697793636081 
0.025485257007416003 0.08520375806725394 0.5002978351691554 0.5993110333522552 0.49994825495693296 0.49923162571104585 0.4999046226251405 0.49833583497027784 0.4999033781031205 0.4992868273851824 0.39823012573222916 0.4994194288085289 
0.04155232862528142 0.038092724526644556 0.5001808520511168 0.6001561570332916 0.4999291984160584 0.49867336572214016 0.5003141290230835 0.5002639866258417 0.49942947172832575 0.4994849992728589 0.39799640158117777 0.5002114579005268 
0.0 0.2718885805560675 0.5008818557823624 0.6006972801860434 0.500111943590688 0.5002291346621915 0.4999396112977263 0.4993551791372667 0.49997288139778445 0.5002625715585478 0.39832787806665215 0.5001090953428993 
0.017786425718078206 0.0 0.5013647497332946 0.6002919530890116 0.5000317295794923 0.4986413327229835 0.5006335356660402 0.49858376545325755 0.49966331192570834 0.4991750206859219 0.39861676813424995 0.4995686585399533 
0.0024568992539038548 1.0 0.499354593922028 0.6013900822655456 0.5002060663047972 0.5010552765988996 0.4984329908036552 0.4987427826682104 0.5007659265018648 0.5001010574884435 0.39774202807358267 0.4995302254818447 
0.0 1.0 0.49915211800424314 0.6019568098216941 0.5003814447095044 0.5033317524700542 0.49788651009458545 0.4997182195538983 0.5007885143072035 0.5007509622411919 0.3984467624823008 0.5000167432970821 
0.07260267298306264 0.3098365729001574 0.5004032650638047 0.6000863853100697 0.4999016724033091 0.49957807175650437 0.5002237618777103 0.49954600584644615 0.4998730025997451 0.4996837513144088 0.39798274083246876 0.5001050315257781 
0.10265433916953096 0.014042996997550891 0.5011067563059481 0.5998173364159854 0.5000418795296578 0.4994395601813202 0.5015306264307368 0.500193890206849 0.4994807523319472 0.5000455415044722 0.3983885179762138 0.5001770378899131 
0.47234883345993695 0.6919209356233846 0.5000838969738995 0.6005450260058759 0.4999961601753745 0.5009753969850657 0.4991764083250817 0.49774797788372216 0.5005330512296366 0.49861978332502793 0.39765868783004377 0.4994614098518315 
0.005152534529877656 0.0 0.5009730242215955 0.599912053472861 0.4999560651072347 0.4988987936230491 0.5004229996298329 0.4989004206494616 0.49953187238851726 0.4995985092778443 0.3984161222905084 0.5000202363340837 
0.0 0.0043130882744138455 0.49980183216108826 0.600099365486339 0.5000766158027061 0.49777894978228243 0.499652334047321 0.4980114241957352 0.49992900213909575 0.5004340653201353 0.39851877821584414 0.5003756039611682 
0.0 0.0541358082790688 0.5005302413946362 0.6002354869824301 0.499959066445771 0.49981905267886007 0.5007844898855305 0.5000561272414595 0.4997371283453013 0.500264938942912 0.3982986725717947 0.5001568758944741 
0.3786582192012389 0.5589492390130717 0.5000251978424275 0.600763664636844 0.49987929141816984 0.5007057133279182 0.49914974241611876 0.499048953099699 0.500338673348754 0.499219789966086 0.3979323371672117 0.4997166809412448 
0.0 0.22112644971266399 0.5006854133041952 0.6001224834726294 0.499902673351456 0.4994310713389828 0.5000480180918715 0.49969620443698703 0.49990817901332696 0.49994344367508176 0.39792903650118755 0.5000093315700461 
0.0 0.2718885805560675 0.5008818557823624 0.6006972801860434 0.500111943590688 0.5002291346621915 0.4999396112977263 0.4993551791372667 0.49997288139778445 0.5002625715585478 0.39832787806665215 0.5001090953428993 
0.0 1.0 0.49954533472962837 0.600966911009318 0.49989580030125 0.5018487903660594 0.4963744687777374 0.4961249598006622 0.5005388545596895 0.5001292667771884 0.39538813805392103 0.5004698979474351 
0.018689258803830218 0.1077104260567644 0.5006792687100046 0.6000738992734809 0.49983613145021777 0.49929051037186206 0.4997304126292034 0.49978805729356 0.4997958905893187 0.4999388228719469 0.39796195851622973 0.4998859958198546 
0.2587231228255883 0.557160210242104 0.50080759997408 0.6012685277985204 0.5001628836718857 0.4997629981489464 0.500018580980199 0.5000622878630014 0.4998441718976938 0.49831063514630375 0.39840387539172417 0.5000866315187336 
0.06702671785011512 0.16915339366708682 0.5009288839064301 0.5990275515277248 0.49995392783985626 0.49957206155043155 0.5001714471126633 0.4997394356260556 0.49983301567160343 0.4998922027908126 0.3980651004359137 0.500057517005315 
0.023695877783946752 0.12804161533768965 0.50058998785049 0.6003676429926385 0.4999868108928919 0.4996405351245608 0.5004627995363139 0.4997801327660423 0.4997545859090584 0.500115802635398 0.39808147992934995 0.5001257077074562 
0.06789593997183387 0.8521441902326756 0.500346801719574 0.6014828801320677 0.5004409288226874 0.5017557214826331 0.4992142636086084 0.49950821589332683 0.5007628775235846 0.49900818001886493 0.39884644199938707 0.4992992075120266 
1.0 0.17366122694531305 0.9003375077212634 0.5992021848784759 0.8015466182920761 0.0 0.4044193274176032 0.700585407173124 0.3991796958542887 0.1991623040314135 0.5007133763134586 0.49814318329975577 
0.08316083038808342 0.24840367380658623 0.500706478160666 0.6000102985864959 0.5000669255103264 0.4995806646667193 0.500353310600604 0.4995579449974767 0.4993800475640748 0.49998908144252324 0.398100959262363 0.5001191211626722 
0.0 0.9703988220818238 0.49895544581969875 0.6013406168564694 0.4999837415671544 0.5021269115472198 0.4979058258024948 0.49808532811317063 0.5008137894148057 0.5004871424762847 0.397735197006826 0.49953449334479316 
0.074685207840115 0.0343632072767555 0.500682056719957 0.6011653501621116 0.50009935532007 0.49954145304514264 0.5013461500086684 0.5001438348049763 0.49952184738404815 0.5004719658817105 0.39824278965011967 0.5002454827251818 
0.059979844132842776 0.871443031842011 0.498679332281812 0.6026966714249087 0.50002865848673 0.5023578313787864 0.49953889964051423 0.49898168384190067 0.5007699666757093 0.5003170358755822 0.3978597434690914 0.4996379768807416 
0.0 0.10403249746041304 0.5011325560357403 0.5995688529877139 0.5001155110010225 0.49943311070315355 0.5006991830043735 0.4987793833198835 0.4994940052377215 0.49980164069624394 0.398612368036798 0.5001146164962728 
0.09471781434871446 0.7628570525547309 0.5003830011845314 0.6005466233956175 0.5002355041055491 0.5015343672844061 0.49734244073311884 0.4996356172588249 0.5005136690891783 0.4979181301710303 0.4987462162148252 0.499934450640568 
1.0 0.47273498306037887 0.899746534951301 0.5991952562872498 0.7992424414669672 0.0037527905421582686 0.4034955162914051 0.7008178675493488 0.3992680200867508 0.19823534800791126 0.4998650680994405 0.49762793001425476 
0.0 0.35650606224676545 0.5001838584081737 0.6007414398257896 0.5000672984232795 0.4997420351162517 0.5002653000195822 0.49927750501624096 0.4998563319650803 0.4995527522259683 0.39830378841245606 0.500092826849089 
0.2448255607289159 0.5872840937316572 0.5007884244588577 0.6008462923531105 0.5000776165103084 0.5000849315921782 0.4994571603136212 0.4992980291228507 0.5000827818740825 0.4986545885555941 0.3982719996432381 0.49988902087790776 
0.0 0.9565194488305662 0.4984749202880411 0.6017523191445687 0.5001142516910417 0.5020547987483918 0.4983996793422616 0.5008699647060364 0.5005874196583031 0.49914372901703663 0.39765462010433017 0.49990629186681 
0.0 0.6350038471660394 0.4994513829751538 0.6012768744823918 0.499833747230454 0.5008845828965918 0.49914203538135726 0.5007995441163875 0.50041583711532 0.5000004209777756 0.397885011789993 0.49979719021241925 
0.0019575844387626287 0.45754104940556223 0.5006004432029434 0.6009426701920034 0.49985061386200075 0.49988809613973473 0.5001337228201739 0.49919604459932865 0.49983784293142985 0.4995398488670669 0.39802809031788 0.49976099359995046 
0.27248731385304753 0.706443753511511 0.49969125442555473 0.6003686703749068 0.4999407909388297 0.5002636564208818 0.49953219344212296 0.49869618493646006 0.4999627428089666 0.49867332842012224 0.39735105040571134 0.4996918191767615 
0.023695877783946752 0.12804161533768965 0.50058998785049 0.6003676429926385 0.4999868108928919 0.4996405351245608 0.5004627995363139 0.4997801327660423 0.4997545859090584 0.500115802635398 0.39808147992934995 0.5001257077074562 
0.030370693194596537 0.2516676778943775 0.5009403294858654 0.6004926448709438 0.5000907515350225 0.5000920243060845 0.49989411961618013 0.49917580313914767 0.49997053739955677 0.49981050512360303 0.39837782213089806 0.5000606089471749 
0.0 0.0 0.5001229400856623 0.6003719609754974 0.5011995036809385 0.4985531574010358 0.5013772793586169 0.5002482209507062 0.4992362330198489 0.5005713969347471 0.39807468579635874 0.5003943507176736 
0.4225954906359587 0.8958757013611212 0.5009276429445008 0.6013598710060385 0.4999834813847443 0.5017629461083357 0.4982961084913665 0.49815795792600626 0.5005915128641238 0.49843699948857423 0.39763295760667405 0.49910238947914276 
0.0 0.16238017785778097 0.5008573507327764 0.5987411021753479 0.49984319335546923 0.4997610243643812 0.49990477486088336 0.5001579321138101 0.4998561314888388 0.4992309557154819 0.3982150943849989 0.4999695735139432 
0.005152534529877656 0.0 0.5009730242215955 0.599912053472861 0.4999560651072347 0.4988987936230491 0.5004229996298329 0.4989004206494616 0.49953187238851726 0.4995985092778443 0.3984161222905084 0.5000202363340837 
0.07650706816482686 0.24859129026562563 0.5005554256146173 0.6005733802688777 0.500045754462106 0.49970665292384664 0.500215652775972 0.49916351054194297 0.49978715244736455 0.49988895339588646 0.39824345096420916 0.5000714332022351 
0.0 0.9830481204301866 0.4977943454430044 0.6020659360506373 0.5001875656034276 0.402363932451098 0.4997172005185243 0.49809717228856054 0.501058634018855 0.5004121391485273 0.3977390118563653 0.49961876749358236 
0.0 0.9961462904219145 0.49981249039294356 0.6011389007169012 0.5000775098083958 0.5018177674049173 0.49732106705469437 0.4972527118315504 0.5006135288809879 0.49975557119108055 0.39654090603574305 0.500079667802299 
0.39297862295251285 0.5898516687305615 0.5002698788303357 0.6009115836980219 0.5000544815699328 0.5007675630467316 0.49941241663733327 0.4986968310108323 0.5005192918313892 0.4986045365325193 0.39790157646139507 0.4998824049176246 
0.15186066338190712 0.2518331256048838 0.5009793157347523 0.6009283248104744 0.5001188819519296 0.5000224741174562 0.5003583307329773 0.4999895480026612 0.4995997867446471 0.4995427462490021 0.39905951730624 0.5000420284693023 
0.053635153015795 0.9030027813182043 0.5000915582680859 0.6018765922741265 0.5002506507029325 0.5012859617971868 0.49728835131554894 0.5003323922980617 0.5009862182365574 0.5003373915054953 0.39881984462307074 0.49797310707883763 
0.052492551664861276 0.29509246988348903 0.500560494935834 0.6003705472740489 0.49996673122620017 0.4997937206255775 0.5000619363741658 0.4994390478292281 0.4997707631182966 0.4996730819596321 0.39804955775396994 0.5000099277408442 
0.0 0.42391243707326576 0.5008023574742031 0.600416923746948 0.4999594865513313 0.5001196541151862 0.49979805440226055 0.4990810298915419 0.4999213220058646 0.4987121885667608 0.3981340322978796 0.4996654734834533 
0.017607047089158768 0.8312861775851257 0.5005037792761443 0.6031674923838213 0.500518094277995 0.5012824051875868 0.49978765055255914 0.4998036067744109 0.5010007991734291 0.5009206924001658 0.3981720918824472 0.4995007807881579 
0.08223311339802133 0.3464827704448672 0.5004563705264433 0.6008282438193786 0.5000546400588695 0.5001024657976176 0.5000567311053005 0.49956738621773955 0.49959303393001236 0.49964425387320305 0.39808117459347747 0.5000496877851173 
0.10356218559233825 0.30629998908673106 0.4998824187672561 0.6005329318278063 0.5000900324249491 0.4998573975807087 0.5006859239318486 0.4995478754874457 0.49984628075755044 0.49970701883958535 0.39820400573125303 0.5003822682543917 
0.3622831127358931 0.8026899809417827 0.4999002454694548 0.6006895761898945 0.499855701387556 0.5010931766669289 0.4984348348157666 0.4977089137421735 0.50070189842523 0.49842436891462844 0.3974218531157848 0.49929571125739225 
0.0171781415342719 1.0 0.49870920786931416 0.601541946183036 0.5003142800304914 0.502429058834092 0.49882795331472585 0.5008645555126481 0.5011342048895135 0.5003191732193731 0.39900464528056007 0.4988355682569405 
0.2661674383280867 0.5715589421143225 0.5003792001933941 0.6008968850749999 0.4999710836777109 0.5004983849400897 0.4993886839209115 0.4987407456572471 0.5002814888413678 0.4989751780000887 0.39786602072921573 0.4996960638246251 
0.2716564007871357 0.49579127639788795 0.5002611527249377 0.6006241154697052 0.5000452178739366 0.5004227471533167 0.49987793179899215 0.4989991753034201 0.5002985791994029 0.49880763554040386 0.39799819236162953 0.5000565830155214 
0.012856900327386248 0.15269482580864202 0.5006035812737544 0.599766078361689 0.49995446840352414 0.4996680051920574 0.5004707511058786 0.4996478071095394 0.499868928395366 0.5001501225565057 0.398100018142739 0.5001509212651782 
0.09617466219374025 0.06647802805043157 0.5007584685385245 0.5998335876255753 0.49990169663575823 0.49904773421337423 0.5008910207468178 0.49959692104397 0.4995582879077297 0.500116141180638 0.3981435441458221 0.5000568518043258 
0.0 0.15297206396762514 0.5013773514279418 0.6006187130609324 0.5001864027626926 0.500013545755399 0.49991204048566257 0.49858339668286467 0.5000189898968281 0.5000206750160218 0.39878909388385736 0.5002123562040521 
0.008304843934775472 0.955076679462104 0.4985702420488287 0.6023545878499825 0.5000552322802925 0.5024776262785371 0.498689482029751 0.4986723977525634 0.5009188044974192 0.5016665485134821 0.39791869869073304 0.49952049707917723 
0.194042292405756 0.7504353222203137 0.4997512946884568 0.6006071420166301 0.500096251207872 0.5013307782545118 0.4983494019275049 0.49871819736388756 0.5004515507501882 0.4975878104987632 0.4983344391196009 0.4997922453399075 
0.04847326175208984 0.1807263518346004 0.500783148751409 0.5996915698718582 0.4999046389711192 0.49943322666526024 0.5007061001066855 0.499564412917287 0.4996910451650037 0.49993797447305083 0.39836751351663935 0.49986866370067656 
0.011885064369988929 0.9285460359466903 0.4998776226991413 0.6030714431433957 0.5004310311878493 0.5018730420001432 0.49912886984305693 0.499609567126008 0.5011111288577923 0.5007298434015643 0.39831302939681457 0.4998258027291435 
0.0 0.9048372069007694 0.49861057124279273 0.6014955855719252 0.5001780401992687 0.5008063445634432 0.5000005191463784 0.5000705326744272 0.5002966447755939 0.49883177763588227 0.3975947832002793 0.4997045974182921 
0.026515882938458052 0.22917246420166368 0.5005535191423396 0.600195453551151 0.4998929458723193 0.49939121263178166 0.5002790096099514 0.4998309656125025 0.49994184430259325 0.49988234250701014 0.3979541882341344 0.5000858894219803 
0.04853054817373523 0.6009035793862518 0.49980772554380415 0.6009284475820179 0.49988690276981623 0.4997467270491733 0.4995647314437951 0.49832723563703896 0.49999940955799876 0.4996048421370117 0.39793748098357373 0.4996446457514715 
0.08584492200870168 0.8893208342127217 0.4994574511402351 0.6018145742757575 0.5000011731228171 0.5021182552629726 0.49908149411625263 0.49859775404530515 0.5007317773330962 0.49834446293550094 0.39796008155924706 0.49965785040620697 
0.038189494861468255 0.42431548955392223 0.5004294188837207 0.6003597770150881 0.49993648124284484 0.4999370021761855 0.4998143955975465 0.49911507803742805 0.5000285379672229 0.4997504553881407 0.39819881723509293 0.4999335827005593 
0.007318182731291173 0.8521441902326756 0.5004467639049748 0.601797907784507 0.49860974327171237 0.5007460714066492 0.49824145750334214 0.4992902702097524 0.5007654341511736 0.49948561704754846 0.3987138131117103 0.4987639225237879 
0.0 0.4813405051768287 0.49978820198985147 0.6009508497632368 0.5001995203159859 0.5003961100289223 0.500111022233715 0.4991399220150808 0.5001157247257673 0.5001412790170969 0.3985516448946146 0.49994069802549873 
0.4225954906359587 0.8958757013611212 0.5009276429445008 0.6013598710060385 0.4999834813847443 0.5017629461083357 0.4982961084913665 0.49815795792600626 0.5005915128641238 0.49843699948857423 0.39763295760667405 0.49910238947914276 
1.0 0.3553746017084082 0.900136817410192 0.5990718386434495 0.8015822710025967 0.0 0.4044433519204321 0.7001664935239589 0.3993989186023485 0.20079652001655532 0.5006733807407169 0.49792946448673886 
0.5056846823217965 0.5419864310201783 0.4998937784788972 0.6019339711510434 0.49987578652777354 0.5011282042834244 0.4992470489469926 0.5003405889439497 0.4999948764072389 0.4996685548259222 0.39759323060756957 0.49987582956774435 
0.16247915691067538 0.9347058559429162 0.5000133608912019 0.6013389976129555 0.5004243302911999 0.5028526526410662 0.4989099424292271 0.49995913621398674 0.501149039705215 0.4994024338853062 0.3989788430551717 0.4990668142625224 
0.3786582192012389 0.5589492390130717 0.5000251978424275 0.600763664636844 0.49987929141816984 0.5007057133279182 0.49914974241611876 0.499048953099699 0.500338673348754 0.499219789966086 0.3979323371672117 0.4997166809412448 
0.0785491188661475 0.574588823800541 0.5003483020824233 0.6011462381852577 0.49983677897904655 0.500413939971886 0.4998648993720962 0.499755654150777 0.49997381681527114 0.4994467127987965 0.3975410215680987 0.49959613284627014 
0.35255792398298086 0.5910297634037316 0.5004000321724754 0.6010725431040435 0.4999762763529627 0.5005379315971574 0.49929772683725715 0.49944321053540097 0.5001538667174913 0.4992448973692002 0.39793821727144524 0.4998261343138075 
