1.0 0.0 0.500690938126589 0.4946140831082695 0.5001806053041249 0.5013870667106088 0.49824075057708084 0.4988488935988923 1.0 0.4992465567755679 0.4026577538511084 0.4967074406175135 
0.0 0.07285455036203298 0.4994366338638712 0.5013449816875335 0.500463129015885 0.49995289281854566 0.5003754590871885 0.5004953002820862 0.895831321958485 0.49578418613078157 0.39989116094791854 0.5022249105496284 
0.48142806841562935 0.0 0.5001866610480838 0.49718901948555255 0.49921827997514623 0.5008497155459709 0.5009531910879241 0.4994012789049108 0.9999765666254905 0.49870224749090597 0.3990554855552343 0.5000323030828091 
0.2383483347763555 0.019019965244338577 0.4992408148153048 0.49953680461262956 0.49904558549116806 0.49850016629802885 0.499630398235681 0.5000766786395949 0.8003476777501937 0.4979481749396768 0.4007908422219935 0.5016044886137583 
0.0 0.0 0.4995612625249639 0.49940907701252596 0.4973043078338617 0.49828015647321533 0.4982085014224042 0.5011972002157605 0.8001175174109141 0.4960948765545313 0.3997268892801398 0.5014807792687765 
1.0 0.15068970220522593 0.5013573253851799 0.4957803726252572 0.5011838962866845 0.5000883487145626 0.4968552593829276 0.4993061930924663 1.0 0.5012768975016213 0.40305849807830463 0.49818454382282357 
1.0 0.05894232171586115 0.5019139213268606 0.4962806590790687 0.5025685456281432 0.5003077096342465 0.4976058633644956 0.4991215320727125 0.9997090294765556 0.49908405787794874 0.401801435476729 0.49918690151508627 
0.0 1.0 0.5003258327292793 0.4927581977308385 0.5000315499002419 0.6049106925376728 0.20346123970405472 0.4953707812537207 0.4081741621327881 0.2988343953198317 0.5016581571330464 0.5013846833113109 
0.0 1.0 0.3956723582915518 0.5023373842440331 0.2001173636761984 0.7037818801399625 0.2016416750254491 0.5015729063789149 0.301955301642082 0.30079422124288624 0.4999308691856016 0.5057104105768514 
0.0 0.0 0.5014920728088573 0.5000057512787256 0.4993478914484844 0.5011588192101258 0.5007657945190611 0.49913774778270203 0.8005679510236008 0.49685732958992296 0.3992657856638434 0.5037426616760763 
0.06111184107802009 0.0907764845038852 0.49973901861041115 0.49938937546746043 0.4997176236157007 0.49923023127391475 0.4985518210602647 0.5004483384852796 0.8014421935407529 0.4991294223456002 0.39982405131691057 0.5018173207940537 
0.028275647242324717 1.0 0.4973097967658832 0.5013263625294797 0.4992096563162449 0.6040612153923941 0.19358223632564386 0.49622098122982855 0.39542794821649735 0.3008456496889502 0.49959204589285755 0.5004350630823012 
1.0 0.0 0.5027474762370385 0.4961741580180155 0.5021721296486146 0.5009417369378506 0.49831610041837543 0.4988718637234069 0.9019644069202885 0.4985559738742444 0.400832641636764 0.4983668274242715 
0.0 0.8353445632480816 0.5020847969806992 0.4995018418249315 0.5020346530057012 0.5008123835540101 0.4992958326532558 0.4994631816289992 0.8965294545697422 0.5046527463855934 0.400766976523426 0.5001717212678252 
0.3832555581357888 0.8141654618980751 0.5000840186853674 0.4999181367926061 0.5033395472332205 0.4989570430428318 0.498323574300271 0.4995109080533575 0.8970861365267041 0.5030491854965745 0.3995435068909149 0.49797697761677795 
0.272256194231174 0.09693246216747316 0.5028140218748941 0.4996692599408611 0.5005661529662575 0.49854435203159175 0.49959077675354524 0.5006182961648328 0.6968718780331307 0.5006552328676164 0.39998447457734126 0.5029296705581766 
0.14679715934923124 0.150022463540217 0.4984774663785798 0.4988368464384284 0.4992579484047882 0.49804406124998324 0.4981588913513437 0.5012644953270757 0.8016613720949695 0.5003750261085689 0.3996885418460636 0.5009369556896833 
0.0267418217637254 0.07147534644740747 0.5000292435204182 0.4998483613842916 0.5001362650802235 0.5004518195549965 0.4993621799669957 0.49975565143442474 0.799894404598176 0.5000171413330435 0.40007289200687113 0.5029432351296843 
0.5439420860694546 0.053036088888555113 0.4986347211869455 0.49821028509017945 0.49940088838570285 0.49950502371013245 0.49858007446588704 0.4997430510363968 0.8007200318082881 0.49964067214117436 0.4018681487781063 0.4994441993137488 
0.0 0.0 0.49985611713492273 0.49977945780720434 0.4997751038461995 0.4998630094344748 0.4993804679170254 0.4999505644781782 0.8980067806054526 0.4964868661031144 0.4001263869689714 0.5012323345003937 
0.01983789078102211 0.9866342882126783 0.49830119419867164 0.5023594426913093 0.29913161102738195 0.7050881368405466 0.19979493227657136 0.49575544252050774 0.40211213594008366 0.2995069590724273 0.5003081232878577 0.4996684160719059 
0.0 1.0 0.5003258327292793 0.4927581977308385 0.5000315499002419 0.6049106925376728 0.20346123970405472 0.4953707812537207 0.4081741621327881 0.2988343953198317 0.5016581571330464 0.5013846833113109 
0.0 0.0 0.5014920728088573 0.5000057512787256 0.4993478914484844 0.5011588192101258 0.5007657945190611 0.49913774778270203 0.8005679510236008 0.49685732958992296 0.3992657856638434 0.5037426616760763 
0.0 0.0 0.49806344935132096 0.49946989829656285 0.49822291727141377 0.49843985446114514 0.4986019043129501 0.5015136102791466 0.803647735068171 0.4961319785261876 0.3988594474416196 0.5023418939043665 
0.37630899088292646 0.571529118083882 0.5012553228315049 0.4985000385793622 0.5027556123685206 0.49922458139936854 0.4987234866187268 0.4991828281071625 0.8961662539978706 0.498219559417917 0.4010369771388045 0.49942642905483187 
0.2860912271595871 0.0 0.5030599106107383 0.4991341579964502 0.5009001632041319 0.5009985653263143 0.5006143503543976 0.49935004316669085 0.7979580399022902 0.5009422774531742 0.4011469337807709 0.49974241360674604 
0.07911822764534872 0.9656342309582019 0.4975101362907775 0.5006734088697473 0.20405684299975257 0.7049824725573584 0.199840226039595 0.49837313095665414 0.39893872585125545 0.2982542819149244 0.5001792969319828 0.4988834337430581 
0.0 1.0 0.39862317350284227 0.503545958710807 0.20222320356588588 0.7050962774854257 0.20178386096502274 0.4952338550458572 0.4105880368334857 0.2986516470515266 0.499514540975596 0.5011869309167909 
0.0 0.0 0.49759864434054446 0.5007353034811294 0.5001808919782216 0.4989069138950931 0.49884693526499596 0.501076345618308 0.9007897217469518 0.49907422148141223 0.5991860775830132 0.5008889448104231 
0.5734124543481288 0.18079142015784708 0.5018237151513227 0.49873000251195576 0.5001807685325154 0.49978346339471447 0.4989158258071198 0.4998998996184534 0.7971809067407531 0.5012302005816411 0.40044715318689594 0.5013373673442105 
0.0 1.0 0.5010965522590627 0.49381387005909977 0.5002372887048707 0.6049808173818916 0.19416265856594428 0.4942210297967574 0.4050157933379651 0.2986470916084768 0.5013156960516686 0.5013534862876539 
0.07734551098810016 0.13254838061568563 0.5982615844516683 0.499270779484608 0.5000528796205359 0.4995249800871627 0.49915262931071247 0.5001880815754566 0.8008499683136093 0.5001234713661269 0.3993486294545474 0.5021442352535603 
0.3497395827357547 0.5775115273516289 0.5006679306972197 0.4988079087168973 0.5012723036930733 0.4992308068615713 0.4987623901227569 0.49903329688029696 0.897152115665027 0.5013448702084533 0.4003948083106479 0.5000480379861182 
0.16505035776831417 0.07956512563585096 0.49845996988364616 0.49879134801802005 0.4985934142012396 0.49805278374662565 0.49855366101644166 0.5013338466480575 0.80161683958231 0.49947471410160005 0.40004238598167813 0.5009806761447233 
0.549192191778757 0.14271406333404585 0.5006957762807356 0.4981778875563019 0.500369626178646 0.4995525278715528 0.4990349639356798 0.4998225741652561 0.7974872157440533 0.5005043200399091 0.40097299041833284 0.5014515432255855 
0.8816458279810028 0.080304079155279 0.5026410840172298 0.49716449670756674 0.5018994722118031 0.5007712275855828 0.49862804995975435 0.49848769577435437 0.8964135449185493 0.49927640311249877 0.3996930700367573 0.4984922360915045 
1.0 0.14543233866792507 0.5000899428086653 0.49659401825588484 0.5001137402576941 0.49980921068914 0.49795455467057914 0.49997516030631595 1.0 0.5009536248267059 0.40126626530760245 0.5003768273545273 
0.003120115643284724 0.9957677786431809 0.4979460140046519 0.5034881390306367 0.20203206503037963 0.7050395400280884 0.20060181184552806 0.49673033043480647 0.4019855142282771 0.29946385337933956 0.5000278369558189 0.4999250870981725 
1.0 0.05894232171586115 0.5019139213268606 0.4962806590790687 0.5025685456281432 0.5003077096342465 0.4976058633644956 0.4991215320727125 0.9997090294765556 0.49908405787794874 0.401801435476729 0.49918690151508627 
1.0 0.14543233866792507 0.5000899428086653 0.49659401825588484 0.5001137402576941 0.49980921068914 0.49795455467057914 0.49997516030631595 1.0 0.5009536248267059 0.40126626530760245 0.5003768273545273 
0.884123196772806 0.07085222282163348 0.5005143573631687 0.4969359393950604 0.4999932150761997 0.500935594016241 0.4986508411392248 0.4983376096353392 1.0 0.4994884066394075 0.40124378017807166 0.4961485016267438 
0.32486496681031024 0.4724678439236788 0.5006618191919653 0.4990411064683683 0.5018601613556752 0.49901029281716225 0.49870023320814144 0.49944834661062554 0.8974211939249135 0.4986586120560032 0.40018622858081565 0.49965805425761634 
0.0 0.11097367422655513 0.5015311821720385 0.5004363101434244 0.5002216014906504 0.5012454259848766 0.501149272920452 0.4992573358970257 0.7989815690595891 0.5000789210417885 0.3990786312595506 0.4965763574347194 
0.009759265729053605 0.9641876070679529 0.4985154536728695 0.5042733071304347 0.20115145403789858 0.7044910061581746 0.2012089880378158 0.4978413784182539 0.3995085796788892 0.2995673947017529 0.501571632523143 0.4994234650168371 
0.0267418217637254 0.07147534644740747 0.5000292435204182 0.4998483613842916 0.5001362650802235 0.5004518195549965 0.4993621799669957 0.49975565143442474 0.799894404598176 0.5000171413330435 0.40007289200687113 0.5029432351296843 
0.8822250143567367 0.06392648083752937 0.5015911301599092 0.4972111270776346 0.5013086689562982 0.5003785976966787 0.4982062399607857 0.4995230499619395 1.0 0.4986381924617722 0.40285322901204684 0.4990471203522496 
0.0 0.0 0.4972166458192103 0.4988248384228058 0.4981576887871897 0.4978317509455461 0.49814471723367326 0.5013953604641348 0.8003513869235381 0.49722655543291416 0.4000004303988698 0.501553005678135 
0.038595346881189145 0.09668541741948072 0.5035268342743907 0.5000449920154522 0.5007637787683981 0.5011134232310016 0.5005579660526869 0.49917536619800756 0.7995829392748963 0.5006600324558873 0.3991284673005765 0.49988798275618607 
0.003946054419568048 0.9963775920060058 0.39465918245144327 0.49840501423489814 0.20169983999353885 0.7052467004191459 0.20104938176155265 0.5012066700542102 0.40244980477478537 0.29826511348511137 0.5003489226656757 0.5035254656199084 
0.031114543367158937 0.093831899197441 0.5001902920723355 0.4992533390716863 0.4996800963868902 0.4995406333267669 0.4993472009735198 0.5002179088758147 0.8008814151277699 0.49957529996250905 0.39953294864843514 0.5021952969024517 
1.0 0.07534485110261296 0.5019702163498505 0.4964904982448747 0.5017543331112146 0.49989477889898154 0.49689496941617745 0.49905343215692355 0.9990987328616607 0.5981257597047728 0.401419914672608 0.4973658304117057 
0.0 0.0 0.4993207244126208 0.5006558104457344 0.5000721351917534 0.4994475577995467 0.5003037127277215 0.5002998724871633 0.8961821650523976 0.4969195564044948 0.39977128185157484 0.49901001388275723 
0.013045238278770712 0.9994204593090883 0.4976506762620288 0.5024307136004965 0.20327491396697256 0.7052515876819877 0.2002095351802368 0.49625126360127825 0.39946163283563985 0.2993452912251772 0.4975628892257228 0.499041685665053 
1.0 0.0914169954775923 0.5006197858491941 0.4952975126992417 0.5028757297916102 0.5007924788500099 0.4970327723872786 0.49831045172148886 1.0 0.4990703163858036 0.4020687276657984 0.4977162148073106 
1.0 0.4724489591216629 0.49864764098761405 0.49792105487069294 0.5011172196985871 0.5013542127503667 0.4977635300553571 0.49904232187615105 1.0 0.5023014763062573 0.400491416595121 0.49961426962011124 
0.004184260351051967 0.9948137058849583 0.39729298898421117 0.5009323498501589 0.19994458212528068 0.7051347194553237 0.20136176489166885 0.5002434787410376 0.40109446267225835 0.29942594910299825 0.5010660311502451 0.503446322469808 
0.018996719856605837 1.0 0.49884580017988517 0.4962790101547565 0.49955254960518647 0.6047715852274012 0.19482308999567488 0.4983351346484838 0.40797224756595046 0.3004323077378186 0.5026061382156726 0.5015555053482212 
0.549192191778757 0.14271406333404585 0.5006957762807356 0.4981778875563019 0.500369626178646 0.4995525278715528 0.4990349639356798 0.4998225741652561 0.7974872157440533 0.5005043200399091 0.40097299041833284 0.5014515432255855 
0.0010973594576330035 0.01464181509493509 0.5005216529779385 0.5014883116294571 0.499070367150897 0.4997022908536052 0.4998244612740394 0.5018487121440045 0.7979372913004243 0.4950817545004244 0.39867582248592215 0.5031838697905557 
0.3035278303446618 0.08285153355522377 0.5011311721898051 0.4982966050522414 0.5002591413877796 0.49994804200832743 0.49938347059796884 0.499378518306343 0.8003319697892775 0.49972707189644583 0.4008568412463532 0.5014593566855164 
0.025368857964011598 0.047257582582709505 0.503166699790087 0.5000053236178688 0.4975511864981323 0.49894087230532164 0.4982864597288056 0.5008681748303272 0.8011936330697214 0.4981116683518032 0.39914145960860364 0.5007925028709664 
0.07669659373790652 0.020406051307522807 0.4976654728516729 0.5003435108471603 0.4993129247816292 0.49887826417351455 0.4990166851413744 0.501024533471391 0.8985908959497921 0.49960101842694715 0.40047311602825797 0.5008173877865467 
0.7570382979022038 0.0740628017114712 0.5021874390828696 0.49717604986196096 0.5001036339608971 0.49972968829248776 0.4994846138926964 0.5012353954347343 0.8985904533703766 0.49856942547531313 0.4024421626339205 0.5032748558697209 
0.5836248230029036 0.11288932463317596 0.49979473144297565 0.4983996869208874 0.4999937985454324 0.4994308063056112 0.4981357713807633 0.4993972930769467 0.898985838526839 0.49913965418943285 0.40149024565891045 0.4986789845777445 
0.0 0.0 0.5011867728491843 0.5005694553892248 0.5001236492547492 0.5016551574058484 0.5011880864280023 0.4991641888641677 0.7999255891378023 0.49683410275998446 0.3993005054886377 0.5043397295380927 
0.9730316155454967 0.14906107238784205 0.4995693485243941 0.49621441522190346 0.4997822157170395 0.5000969865730012 0.49827413241277435 0.5008846946795557 1.0 0.49982322877788454 0.4023809051869902 0.5030124770486942 
0.004184260351051967 0.9948137058849583 0.3954586728791216 0.5013254446968942 0.19940001143363537 0.7036665521301102 0.20020704431384628 0.5055248043489969 0.4018609917293521 0.2995024647045065 0.5013903156992675 0.5021735910327392 
0.856076112420596 0.09448144225761795 0.49783871343847763 0.4976003163602951 0.4997383994725449 0.4993762921370658 0.4977949121715095 0.4996557108270157 0.900101077000384 0.5003361208948494 0.402054010240446 0.4975963922949278 
0.014562004831991594 0.9886601362857322 0.49733714560943143 0.5036460949455857 0.2974345240308553 0.7044499946125085 0.20036649048866367 0.4952984594070021 0.40142550006712135 0.2995601414181377 0.5009459138672332 0.5006392405768398 
0.1534293667315319 0.13853508473064136 0.5001701046955773 0.49847432894880384 0.4998916100419192 0.4986514140742762 0.4992141061923272 0.500610574000702 0.8008223292560601 0.5000997179683001 0.39976128895622787 0.5018125057072744 
1.0 0.15068970220522593 0.5013573253851799 0.4957803726252572 0.5011838962866845 0.5000883487145626 0.4968552593829276 0.4993061930924663 1.0 0.5012768975016213 0.40305849807830463 0.49818454382282357 
0.0 0.9769988517081742 0.4958539593480364 0.5017325304683 0.2989538369316236 0.7045031002024269 0.19960275020355334 0.4946486196333689 0.40035382631485616 0.29922243277231686 0.5003951982708283 0.5009795474711547 
0.9244573907219439 0.09430019066892664 0.5002808427849702 0.4967933069619008 0.5000994451377263 0.5006083300370249 0.49878838291620714 0.4986650696881166 1.0 0.5003794983916035 0.40121351249404597 0.49647051257795316 
0.1125601970800903 0.7718660104584458 0.5018686642284538 0.4995209681619215 0.5024348466342512 0.5002820140289752 0.4990312791525616 0.4994182958615235 0.8964922952025902 0.5042149025963585 0.4004735336045686 0.49973094466666584 
0.4607692263738148 0.5899783440007955 0.4981018697986377 0.4994533444026269 0.502835455977875 0.4986658061211363 0.49782759303144075 0.49919750636792587 0.8969546906683308 0.4987404444914487 0.40038388213219556 0.4980181628775734 
0.15631201384921986 0.07258950070372777 0.4983754031334891 0.49880196561258494 0.4985123819374969 0.4980753677291917 0.4985480346769584 0.5013241499277921 0.8017242657232905 0.49927868330133324 0.400057180233839 0.5010390789874659 
0.03888327539303679 0.9915355572863618 0.5000411977997379 0.5045581514811606 0.2014774388594379 0.7048905974641692 0.20103761417520477 0.4986730835619221 0.40136267234993483 0.29959402203389257 0.500601091117776 0.49840895100001875 
0.3636868517401877 0.8242229510563307 0.5016309888906745 0.4988970172321593 0.5030792408312221 0.49947863114284896 0.4981413770061291 0.49909640915304554 0.8978364303710354 0.5057391692964976 0.40053137659706706 0.4980846024815887 
0.13079483336472233 0.11012221228002456 0.5006990333638383 0.4992647284817904 0.49969123575743024 0.49824087122978167 0.4986431978527112 0.5008619584114509 0.8020808683956013 0.5000742904537303 0.3993012450169708 0.5008258327846613 
0.14679715934923124 0.150022463540217 0.4984774663785798 0.4988368464384284 0.4992579484047882 0.49804406124998324 0.4981588913513437 0.5012644953270757 0.8016613720949695 0.5003750261085689 0.3996885418460636 0.5009369556896833 
1.0 0.17839447598660788 0.49988374186475265 0.49670338757623006 0.5002315541032081 0.4999184161201659 0.49753484007676524 0.5005392625225611 1.0 0.5012008438387505 0.4014386276845987 0.5023087114573801 
0.4069930262581436 0.09098934621398605 0.5009737266555425 0.4987327754456484 0.49977340439646123 0.5002623004699285 0.49930007004683047 0.49969221828761407 0.7984134304924438 0.5000506639065843 0.4009617781531066 0.5006343571642045 
0.537147218877745 0.1207535210421378 0.500778018963163 0.49827509625344124 0.4999386045654249 0.499808628783466 0.49882254425930356 0.49980438164724134 0.7985167124312516 0.5005699378561691 0.4012021384389837 0.5007813718686696 
0.23624831982645492 0.016114322755702667 0.50132578066091 0.4995974936167673 0.49963819949802446 0.5003661418854186 0.5001406303546738 0.49979328021280783 0.7992481587164203 0.5009615238119292 0.40007704124520316 0.5008537991924079 
0.21744755377484382 0.0 0.4990880348841805 0.4996491041499609 0.4989693478329086 0.49837728531231834 0.4996892840957289 0.5002219496037322 0.8004780903817118 0.49750641975073606 0.4005953305087735 0.5016332391333249 
0.0 0.025097192821277182 0.5017887981623155 0.4997526274349895 0.500452988637597 0.5010522816537768 0.5005913561584712 0.49921214343390696 0.8000241849419287 0.49816642627320856 0.3994032781620183 0.5033820236169815 
1.0 0.07641488388416666 0.5001323494107559 0.4967925680673284 0.5006228712809939 0.5000296365499204 0.4973973895519568 0.49947920103412546 1.0 0.5006246191837315 0.4019360404113819 0.4974413350326446 
0.07911822764534872 0.9656342309582019 0.4975101362907775 0.5006734088697473 0.20405684299975257 0.7049824725573584 0.199840226039595 0.49837313095665414 0.39893872585125545 0.2982542819149244 0.5001792969319828 0.4988834337430581 
0.04047205225627624 0.9915355572863618 0.4998356194547461 0.5043611930443881 0.20163984711281377 0.704885546199411 0.20094191297774308 0.4985597688535559 0.401163212131707 0.2995905051202079 0.5008331627139169 0.49844092418297403 
0.0 0.9986654837027056 0.49839903390482093 0.49614348814036646 0.4995172028886695 0.6047353804271263 0.19515519440466625 0.4982451598961287 0.40783671278385364 0.2993026545982188 0.5025143098364909 0.5014626758704539 
0.23014418822597427 0.05793468238377948 0.5024212369037518 0.4988458493366706 0.5016036388277483 0.5005439427478734 0.5002858016374053 0.49943155468176276 0.7993323960016687 0.4987953249284518 0.4017013994729527 0.49973780935283363 
0.9296447622377797 0.042673052492933176 0.5037758341515712 0.49761154726862167 0.5021884219841974 0.5020894444891643 0.49864212599647023 0.4982287729217071 0.8954428363471546 0.49999992079055317 0.39987579563971226 0.49885695758525717 
0.136128097115587 0.04846623108373658 0.4999491827091762 0.5002890318173585 0.5002184169055985 0.4983428216063016 0.49874888156203157 0.500864195503023 0.7983121515602976 0.5004741757341618 0.59850740471695 0.5012226688169378 
0.8905986070841165 0.08312397965151849 0.5018432106773418 0.49701832233543985 0.5016844431201427 0.50018249689904 0.4986749034508676 0.4989687260436393 0.8963258081010108 0.49947790300092265 0.3996725269604924 0.49804060408255263 
0.4228839923504729 0.7622374049374891 0.49829787456642916 0.5002106289097421 0.502895561503329 0.49843592757137073 0.4981410245212239 0.49950344599167873 0.8971722109187303 0.5014841645490196 0.39936319259573766 0.4978590095884173 
0.5425612392261738 0.12764811165422527 0.5004123680405611 0.4981062382290233 0.500302959473117 0.4995612747912574 0.499040285126398 0.49980963214938884 0.7976135662887738 0.5002907956810393 0.40113962638491696 0.5012404324823476 
0.9204909085796504 0.1836516313614633 0.49968770536990453 0.49703869492923003 0.5010053584797778 0.4998812567904284 0.49787562353334436 0.4988724884432101 1.0 0.5010625064206826 0.40101006564116215 0.4976315038982654 
0.11913710414175316 0.7823655393327861 0.5016174896297702 0.49922558349693025 0.501619911234253 0.50036825961588 0.4991544967864435 0.4992220656709566 0.8966965953748582 0.504468997222004 0.40072823677516545 0.500203397299761 
0.7283859480884485 0.0808708772197197 0.49920474422189687 0.4979399740868229 0.49966079787291084 0.4995037972663656 0.49816818085918313 0.501292238973453 0.8955435864811483 0.5002547237816508 0.4016769061005865 0.49888054186062625 
0.3103280947062129 0.050983061013563674 0.49880970240866507 0.4990188759434943 0.5007032935445848 0.4986260052959999 0.4986515749106374 0.5003907420357289 0.8982553740990922 0.502032111480438 0.40028091692008133 0.49913303621726446 
0.9800744705824738 0.03948930383923212 0.5019268148321399 0.49701417940311127 0.5015362192921237 0.5006202268829081 0.49817024044751135 0.49981834957309934 0.8956875951764043 0.4993226779909099 0.4003026060066477 0.4992948251330406 
0.8905986070841165 0.08312397965151849 0.5018432106773418 0.49701832233543985 0.5016844431201427 0.50018249689904 0.4986749034508676 0.4989687260436393 0.8963258081010108 0.49947790300092265 0.3996725269604924 0.49804060408255263 
0.8475028185728768 0.12341415069062184 0.5007650881730988 0.4989593472544333 0.5004932956409233 0.5005190152846277 0.49855232864759713 0.4996430592652996 1.0 0.5012578575319244 0.401835360188955 0.4978126967991201 
0.312193736758201 0.7506382256324908 0.5017178943903962 0.49935425213551365 0.5032326046857117 0.49956947805369406 0.49847140891243824 0.4993293964540432 0.8970972094470505 0.5047101448492503 0.4001450961562901 0.4984899053974113 
0.0 0.9769988517081742 0.4958539593480364 0.5017325304683 0.2989538369316236 0.7045031002024269 0.19960275020355334 0.4946486196333689 0.40035382631485616 0.29922243277231686 0.5003951982708283 0.5009795474711547 
0.1652486943440478 0.13497694604840016 0.49889926333386203 0.4991091346723606 0.5001925630284421 0.498116570707238 0.4981077071301703 0.5008682172369203 0.8015925155186355 0.4981461964868101 0.3989398674540202 0.5010150961729428 
0.07675360466606207 0.08709325416336523 0.4980796936707145 0.4990236730876489 0.4997973724145126 0.4981193817155679 0.49825932979792786 0.5013267439052513 0.8017216779396473 0.49876466942155384 0.3997699757728087 0.5009105323786915 
0.06197342881027036 1.0 0.4973268303227255 0.5010861738529159 0.499324713923249 0.6040065506611821 0.1936230810067432 0.49635252474508323 0.3941461907993945 0.3009783531817201 0.5008986086170426 0.500294692509723 
0.1534293667315319 0.13853508473064136 0.5001701046955773 0.49847432894880384 0.4998916100419192 0.4986514140742762 0.4992141061923272 0.500610574000702 0.8008223292560601 0.5000997179683001 0.39976128895622787 0.5018125057072744 
0.038595346881189145 0.09668541741948072 0.5035268342743907 0.5000449920154522 0.5007637787683981 0.5011134232310016 0.5005579660526869 0.49917536619800756 0.7995829392748963 0.5006600324558873 0.3991284673005765 0.49988798275618607 
0.9610311397408684 0.7094435113071433 0.5024882194219704 0.5001885973847162 0.20676080632061572 0.6965498718967026 0.29774089346463817 0.5006448230214413 0.4997398614720029 0.4998003567340034 0.1987579044016424 0.4960031409437917 
0.29434613248027985 0.7770332797734139 0.5008683642069511 0.5003462402920518 0.5020789158002773 0.4987669376249258 0.4989398295185394 0.4986046096761665 0.8953817943274671 0.5052329304061589 0.40011677922562733 0.4998392897785199 
0.031963160284259044 0.039778159243773356 0.49888470948115216 0.5002244062679333 0.5003811940769516 0.5003199909653248 0.5004812312825021 0.4994108030002393 0.8972227438296245 0.4978312184116189 0.40029868729088425 0.500658049178478 
1.0 0.07534485110261296 0.5019702163498505 0.4964904982448747 0.5017543331112146 0.49989477889898154 0.49689496941617745 0.49905343215692355 0.9990987328616607 0.5981257597047728 0.401419914672608 0.4973658304117057 
0.0 0.025097192821277182 0.5017887981623155 0.4997526274349895 0.500452988637597 0.5010522816537768 0.5005913561584712 0.49921214343390696 0.8000241849419287 0.49816642627320856 0.3994032781620183 0.5033820236169815 
0.31459971229511174 0.0 0.5028328997896969 0.49937693382461074 0.5004088167414129 0.5010541241537836 0.5006636172481731 0.49939193681277183 0.797691813015643 0.5018633075479753 0.40102884236668657 0.4995366134743997 
0.7684200765235878 0.0 0.49621585209400815 0.4982994303798244 0.49857655127547623 0.4984354549657968 0.49776719065000385 0.5007363079744234 0.800202154000768 0.4995396297806819 0.4031121188777936 0.4971790356763933 
0.10187895556172397 0.10664114735121748 0.4986530376935915 0.4990994458241576 0.49892788654078096 0.4983864991110458 0.49862694783622713 0.5011842647122748 0.8026028433792052 0.4991527871065101 0.3998878200294299 0.500936834953498 
0.9935733104660931 0.10485365468531549 0.5004857367635265 0.49604365631684655 0.5001699331648457 0.5000952168144863 0.4986788098102991 0.5004174969428687 1.0 0.49903855011401915 0.4027626877705839 0.5015463328136464 
0.14631591620996565 0.16177946623800502 0.5021483104590991 0.498131913375511 0.5011432456773351 0.499311819735746 0.499790826470098 0.49949922682791326 0.8009380790861771 0.49936707654459345 0.40015134947225384 0.5002943657650682 
0.48977881868464057 0.1562029415025074 0.5001584553635603 0.49838198233004793 0.5001275197412118 0.499956770997707 0.4991616102466245 0.49889581877800615 0.8969954859654382 0.5000965226824006 0.40044707701046567 0.49780276923802 
0.04712206465903207 0.9843860979262468 0.4973381102278843 0.501460113671824 0.20403348425992685 0.704922413510943 0.19975127374783846 0.49750722876628173 0.40092142710323353 0.29917815097927036 0.500235573637524 0.49870271936139804 
0.06941343459122071 0.020171602700034697 0.49907225679201184 0.4997567885763359 0.5001253336198761 0.4989687795300309 0.4986876397058405 0.5002681162259102 0.8987396628486464 0.4999634900978938 0.49983465308655495 0.5000505801360731 
0.1652486943440478 0.13497694604840016 0.49889926333386203 0.4991091346723606 0.5001925630284421 0.498116570707238 0.4981077071301703 0.5008682172369203 0.8015925155186355 0.4981461964868101 0.3989398674540202 0.5010150961729428 
0.03539436776276697 0.031530505467553406 0.500118240409418 0.4993987272138001 0.4996016588172662 0.49987772848183487 0.4985706997713186 0.49965405764666 0.8994113198841334 0.4966347607253364 0.4002365941838861 0.5014088954411837 
0.959547423318245 0.11954757505109272 0.5001815938569484 0.496308246265429 0.5000583810842164 0.5003122465064849 0.49869696825006415 0.5007271579530017 1.0 0.4990585457087464 0.4028520934072473 0.5022442797659354 
0.022651195397757395 0.11303512348910869 0.5039753826190555 0.49852040760580696 0.5006668618735499 0.4997997459265946 0.4995402567658798 0.4995551763369219 0.8003729691802026 0.49857083543444825 0.39962238515720594 0.5025521095202043 
0.9411125071783684 0.10993677329002807 0.5021079190608018 0.49608892703613205 0.5017813606359866 0.500373042218332 0.4969811020280309 0.4990801379202781 1.0 0.5001191813191544 0.4038519799305268 0.49751969032168475 
0.08481571315982232 0.9674220334974074 0.5002382458543128 0.5042274844829038 0.20155082396571328 0.7047877425570241 0.20116812681616303 0.49899678500459105 0.3993512792985488 0.29982375483155277 0.502935199133921 0.49810973500107625 
0.0 0.0 0.49759864434054446 0.5007353034811294 0.5001808919782216 0.4989069138950931 0.49884693526499596 0.501076345618308 0.9007897217469518 0.49907422148141223 0.5991860775830132 0.5008889448104231 
0.01740871712695772 0.037641334854665004 0.5019031177660911 0.49966983170494417 0.5001022443689922 0.5010372054035506 0.5005355105956959 0.49917132242455375 0.8001014581605702 0.49877557381644927 0.39937735545080666 0.5034536381152199 
0.05313125692420158 0.08660164794290995 0.49952388677133186 0.4997162294007581 0.4986296072046768 0.49889158576093595 0.4972278288314421 0.501078667521407 0.8022331101616702 0.4994072166165569 0.3989610128321477 0.5029985130254825 
0.37985528619968895 0.07371337878245736 0.5001012865537346 0.49925570954562887 0.5001261057069272 0.4987287416745063 0.49835549662198203 0.5007138346043412 0.8984239151028879 0.5010340772067826 0.499839328286771 0.49904054349454374 
0.038376802333031035 0.043546627081682616 0.499992786450716 0.4995084943449475 0.49812414964752316 0.49842397185822623 0.4982658077045315 0.5011628919363188 0.8008026629189686 0.49686393354885117 0.39961166196710923 0.5011595426190548 
0.028275647242324717 1.0 0.4973097967658832 0.5013263625294797 0.4992096563162449 0.6040612153923941 0.19358223632564386 0.49622098122982855 0.39542794821649735 0.3008456496889502 0.49959204589285755 0.5004350630823012 
0.9935821068596009 0.15436590149111704 0.5004025384388296 0.40437213806882943 0.4990144536419367 0.4999790621875821 0.4960880540785191 0.5022840311583608 1.0 0.4992271270008531 0.4013008512162264 0.5000311353035544 
0.0 1.0 0.39862317350284227 0.503545958710807 0.20222320356588588 0.7050962774854257 0.20178386096502274 0.4952338550458572 0.4105880368334857 0.2986516470515266 0.499514540975596 0.5011869309167909 
0.0 0.0 0.4972166458192103 0.4988248384228058 0.4981576887871897 0.4978317509455461 0.49814471723367326 0.5013953604641348 0.8003513869235381 0.49722655543291416 0.4000004303988698 0.501553005678135 
0.0 0.0 0.49806344935132096 0.49946989829656285 0.49822291727141377 0.49843985446114514 0.4986019043129501 0.5015136102791466 0.803647735068171 0.4961319785261876 0.3988594474416196 0.5023418939043665 
0.014559158906724684 0.006954652056385825 0.49846464233188814 0.5001707036543508 0.5000363840744242 0.49817839866280117 0.4982581590219527 0.5010566670822003 0.8993578947574002 0.5005434084712359 0.5987121686248367 0.49986500291963065 
0.0 1.0 0.39890049192042387 0.5038745882308358 0.1994768504235655 0.7050185121845309 0.19978696218692146 0.4933661618695027 0.406808210150838 0.29935237033097917 0.5010666092465978 0.5049691456002576 
0.5295456562925661 0.0765438270649765 0.4986805650375629 0.4985012732971239 0.4994046728168071 0.49911179664639455 0.4982479480897317 0.5000912293539662 0.8010309205950366 0.5001539878959351 0.40192714555276127 0.5002374103288696 
0.0 1.0 0.4958508302095659 0.5024181265801128 0.20258669120132136 0.7051884825920078 0.20016600951585134 0.49478757730769085 0.4026083561066193 0.2993336847247866 0.4994545827938618 0.5014412231963263 
0.0 0.11097367422655513 0.5015311821720385 0.5004363101434244 0.5002216014906504 0.5012454259848766 0.501149272920452 0.4992573358970257 0.7989815690595891 0.5000789210417885 0.3990786312595506 0.4965763574347194 
0.0 1.0 0.3956723582915518 0.5023373842440331 0.2001173636761984 0.7037818801399625 0.2016416750254491 0.5015729063789149 0.301955301642082 0.30079422124288624 0.4999308691856016 0.5057104105768514 
0.17936051617582602 0.15472744345330738 0.5030235546273145 0.4982617622911305 0.5015430571573115 0.4996942201207226 0.5000627446818957 0.4991191876065363 0.8010965040441771 0.49971491420100284 0.40082147563013465 0.4991213049245103 
0.037972187015548546 0.9859454264015006 0.49724456634015946 0.5018380993086458 0.2994343784787129 0.7047829049165879 0.19947942399391005 0.49494143399837387 0.40116623142203894 0.2996139813219907 0.5006027764322251 0.5000071203769619 
0.0 0.9721784356678388 0.4986904556800022 0.5042280583965939 0.20135295803081232 0.7045986322285646 0.20108632362527876 0.49769866940169094 0.4000535123143838 0.2995552820936116 0.500952039481193 0.49937995004338964 
0.0 1.0 0.5001331528468335 0.4937852377695263 0.49998011519908464 0.6048931613266182 0.19902463538615423 0.4956582191179615 0.4103359828874925 0.29888122124767036 0.5017437724033909 0.5013924825672252 
0.021929951597208258 0.03606281429866151 0.5005073420058838 0.49973203972942287 0.4987575059939952 0.4982805745880985 0.49804542552271786 0.5014426975039915 0.8014906441513656 0.4973758467615071 0.39949149444621396 0.5003029315474361 
0.4361300442381209 0.38846508706930394 0.5003914914996318 0.4994494450223925 0.5005266852795414 0.49931900156701275 0.4983004112266835 0.49910775783272815 0.8991485979898903 0.5021872484658199 0.3996578017441581 0.49994880154578547 
0.031114543367158937 0.093831899197441 0.5001902920723355 0.4992533390716863 0.4996800963868902 0.4995406333267669 0.4993472009735198 0.5002179088758147 0.8008814151277699 0.49957529996250905 0.39953294864843514 0.5021952969024517 
0.0 0.0 0.4976492060265939 0.5005600118358442 0.5017536029164383 0.4992081825360361 0.4994539154912698 0.5010561214861187 0.8976786406557393 0.4970389706572569 0.40046344204270334 0.5014084744875953 
0.005718520139364275 0.8510938565595919 0.5017080350826737 0.4990587648274446 0.5008122499057039 0.49905464598032534 0.49948065910407863 0.49916883634314896 0.8968359048281442 0.5050338883240617 0.4011490312793213 0.5008804002174679 
0.10862643388745978 0.0750112317701085 0.4999186377350618 0.4994778385154423 0.4998088246626871 0.49936064246459816 0.49924558180361134 0.5004105384826474 0.8004302528282486 0.5000377458129723 0.39980960148391664 0.5019504918033013 
0.5238853137725787 0.09062161768249662 0.500211202482814 0.49813179759888404 0.49980527115436685 0.4998261226228752 0.49883318664073995 0.49977849761550674 0.7987694135206924 0.5001428891384296 0.40153541037215196 0.5003591503821939 
0.08710440591481684 0.13120179611288452 0.4992615693658722 0.4992060620095959 0.49930843856107165 0.4988333310197838 0.4988636339593714 0.5007086126469193 0.8013660516994072 0.4997568680448255 0.39946593669193386 0.501656870366223 
0.948422123259332 0.020834401757701224 0.5028821372775678 0.4971776069389914 0.5013543185232381 0.5010669788453974 0.4984034716869927 0.4989408957907583 0.8964135449185493 0.499123431287981 0.39997893591058764 0.49808642284425975 
0.023880371778848747 0.9084478778299713 0.49800444426905077 0.5034350861780329 0.2019482910664177 0.7045349634172522 0.200776823476162 0.4972592180061522 0.3982443131128657 0.299685066705481 0.5023203096338514 0.49942127356562405 
0.0 1.0 0.500711192494171 0.49414667264213785 0.5001344193025563 0.6049457549597822 0.19430444940004743 0.49479590552523905 0.40385052062337934 0.29874074346415425 0.5014869265923575 0.5013690847994824 
0.2829129237483532 0.6428426975981766 0.5020628541241281 0.49947438829366253 0.5031988630703832 0.49968831073730335 0.4991821153505158 0.49960855441897234 0.8962953313311075 0.5025458443581234 0.40013584829771043 0.4992880135167652 
0.22302396991373932 0.062143687563976244 0.5023131817209093 0.4988149816872425 0.5022104877054006 0.5006519070216942 0.5003483414264425 0.49931620541636795 0.7992575136904895 0.4988521673128803 0.4016388325249195 0.49988700256381796 
0.0 0.979591998765695 0.49654085338165654 0.5022410655465795 0.2987078131699948 0.7045317796938741 0.19978743087959738 0.494678665858765 0.4012725074698127 0.2994694403128493 0.5003563418860852 0.5006876437223038 
0.11141491330481516 0.1065417372376619 0.4999040795580416 0.499150430371812 0.4995259420606237 0.4992666905882007 0.49805393169015066 0.5002830413479751 0.8020516980120074 0.49957996473118754 0.3997592165029152 0.5019570253930722 
0.0 0.0 0.4995612625249639 0.49940907701252596 0.4973043078338617 0.49828015647321533 0.4982085014224042 0.5011972002157605 0.8001175174109141 0.4960948765545313 0.3997268892801398 0.5014807792687765 
0.45178161445485465 0.1585071975931351 0.4987307194990773 0.49801596870258924 0.4998953460769985 0.4994004022390885 0.4986060327751481 0.5001563869674374 0.7999463884608707 0.5017152555524813 0.40179003429102567 0.49976141161533894 
1.0 0.1424274838837113 0.5029638743267653 0.4952754903525705 0.5014366142515153 0.49962869779779484 0.49787654894476163 0.49796708531235334 1.0 0.4995996925566753 0.4011521751077486 0.49630130026497554 
0.9069683932921792 0.0 0.4983565388542516 0.5001408747736577 0.49680519616679153 0.4990925545063246 0.49815524740625156 0.4999026267392628 0.898796725847016 0.49371982602844267 0.4010233070203204 0.49869069576754166 
0.07675360466606207 0.08709325416336523 0.499914009775804 0.49944169245361797 0.500341943106158 0.4995875490407814 0.49941405037575043 0.5002537078118231 0.8009551488825536 0.4986881538200456 0.39944569122378626 0.5021832638157604 
0.4222755682831446 0.2191171389545825 0.4976788110183974 0.4980156318340435 0.4996325445235601 0.4982558054711843 0.497965883824759 0.5010056091348969 0.8010900114468609 0.5026510009815673 0.40134582046566947 0.4995159015718469 
0.8226901323130956 0.4039363264739881 0.5023837444641683 0.49688911816231607 0.5021877526889453 0.49954676881626514 0.49708412056119416 0.49868358970451815 1.0 0.6000996917123289 0.40099255845987236 0.497530235963414 
0.9089532866439614 0.034937640929857544 0.5025691845880216 0.4968667744516957 0.5017904523100323 0.5006894688979266 0.49885006849486363 0.49887689247875255 0.8964135449185493 0.498806780722872 0.4003336085829652 0.4990568616113343 
0.004184260351051967 0.9948137058849583 0.3954586728791216 0.5013254446968942 0.19940001143363537 0.7036665521301102 0.20020704431384628 0.5055248043489969 0.4018609917293521 0.2995024647045065 0.5013903156992675 0.5021735910327392 
0.7916613162615416 0.005311253153772601 0.4959897215070507 0.49816193779136025 0.498471440465312 0.4988713274837032 0.4977142008096746 0.5004389332108213 0.800202154000768 0.49960973536901604 0.4030979548397299 0.4975612806915902 
0.16554927538495906 0.05626770105309373 0.5005856021183998 0.4994132638483501 0.4995302531070895 0.49962043009163326 0.49940579586137474 0.5004338732606146 0.8003371815681214 0.500810057012194 0.4001224274932741 0.5031159848746833 
1.0 0.1802839897856896 0.4988725716865516 0.49674020059865526 0.5005235885607412 0.4996427754028988 0.49741019732298375 0.49885885216192627 1.0 0.5020282386823849 0.4011165315363501 0.49711583120166775 
0.22302396991373932 0.062143687563976244 0.5023131817209093 0.4988149816872425 0.5022104877054006 0.5006519070216942 0.5003483414264425 0.49931620541636795 0.7992575136904895 0.4988521673128803 0.4016388325249195 0.49988700256381796 
0.35724752013173655 0.678116069171478 0.4979933377386101 0.49966784382982915 0.5017937049485288 0.4986185666501732 0.49807159418746405 0.4991254986696926 0.8973665055434756 0.5016760413592611 0.40020574253613367 0.4986489290929627 
0.5269299748722214 0.11870228383800102 0.5022759763252377 0.499004987688884 0.5003909901528438 0.49891171835890163 0.4990218054877783 0.5004946491456573 0.7971809067407531 0.5010899894049728 0.40047548126302335 0.5005728773138167 
0.35724752013173655 0.678116069171478 0.4979933377386101 0.49966784382982915 0.5017937049485288 0.4986185666501732 0.49807159418746405 0.4991254986696926 0.8973665055434756 0.5016760413592611 0.40020574253613367 0.4986489290929627 
1.0 0.036293137023386046 0.5011510738746221 0.4968318253045769 0.5012673076898115 0.5001207464371273 0.4976091600536914 0.49964634988992074 1.0 0.49937397150959584 0.4024696834125835 0.49817265211086625 
0.0 0.0 0.4978234405986783 0.49916971254678744 0.49825875006519377 0.49822248455969886 0.498456353363416 0.5012838199695585 0.8021010091377883 0.4970103607929395 0.39991435476188836 0.5011971988019385 
1.0 0.0 0.5027474762370385 0.4961741580180155 0.5021721296486146 0.5009417369378506 0.49831610041837543 0.4988718637234069 0.9019644069202885 0.4985559738742444 0.400832641636764 0.4983668274242715 
0.5505862392707705 0.21496325371168973 0.49696720714816245 0.4977515464235882 0.49944547954508123 0.4979580380553358 0.49756197945115477 0.5011548880733301 0.8006519622789232 0.5025920452359673 0.40181804663312126 0.4985784932368818 
0.3304190742743761 0.37908406580546894 0.5006343490424121 0.49953647972481807 0.5005687049842352 0.4992054425844232 0.49843188478130385 0.49917695062452017 0.8986745170235766 0.5026712496849182 0.39951545485069495 0.5001795361486524 
0.9342567681744831 0.014399104616884983 0.5016363251236362 0.49617158202560707 0.5014466197561636 0.5003558467017248 0.49821980999264304 0.4990963048396902 1.0 0.49829178896590465 0.4028166196448638 0.49841701194088706 
0.7867062271740644 0.11986687093685411 0.5018688182390917 0.49750533079551224 0.5013746570803292 0.5000455865144805 0.49826084458580766 0.49951071584558293 0.8984449681086544 0.5001571292297949 0.40112429433181246 0.5002621344296484 
0.021929951597208258 0.03606281429866151 0.5005073420058838 0.49973203972942287 0.4987575059939952 0.4982805745880985 0.49804542552271786 0.5014426975039915 0.8014906441513656 0.4973758467615071 0.39949149444621396 0.5003029315474361 
1.0 0.4724489591216629 0.49864764098761405 0.49792105487069294 0.5011172196985871 0.5013542127503667 0.4977635300553571 0.49904232187615105 1.0 0.5023014763062573 0.400491416595121 0.49961426962011124 
0.37630899088292646 0.571529118083882 0.5012553228315049 0.4985000385793622 0.5027556123685206 0.49922458139936854 0.4987234866187268 0.4991828281071625 0.8961662539978706 0.498219559417917 0.4010369771388045 0.49942642905483187 
0.07911822764534872 0.9656342309582019 0.4975101362907775 0.5006734088697473 0.20405684299975257 0.7049824725573584 0.199840226039595 0.49837313095665414 0.39893872585125545 0.2982542819149244 0.5001792969319828 0.4988834337430581 
0.3636868517401877 0.8242229510563307 0.5016309888906745 0.4988970172321593 0.5030792408312221 0.49947863114284896 0.4981413770061291 0.49909640915304554 0.8978364303710354 0.5057391692964976 0.40053137659706706 0.4980846024815887 
0.07674064472532911 0.9901578336640064 0.4977223637377217 0.503318506279061 0.20224538201547565 0.7042750823514937 0.20031089641242047 0.4969317518092881 0.39927140309561765 0.2998045496193346 0.5014224690026517 0.49911833279308615 
0.02582080844804245 0.0 0.49926986920886957 0.4997121476901786 0.5001343253477135 0.4997507222002058 0.5000164809911388 0.49935234736283773 0.8974441263983518 0.4965072884279501 0.4010377903256553 0.5007113648905447 
0.9935733104660931 0.10485365468531549 0.5004857367635265 0.49604365631684655 0.5001699331648457 0.5000952168144863 0.4986788098102991 0.5004174969428687 1.0 0.49903855011401915 0.4027626877705839 0.5015463328136464 
0.22386046750175753 0.7459077829822116 0.49972927947723533 0.49931101739340145 0.5014313439526907 0.49953907290272725 0.49859568790351383 0.49907929533982803 0.8970801241153532 0.503120488493193 0.40067762714074856 0.49962364307249824 
0.6569509990434068 0.04988223564343148 0.49740941761082447 0.4983126192126207 0.4989736541002166 0.499086901029166 0.4980123132117685 0.5000994065602085 0.8010695072111677 0.499854130140919 0.4024033009313103 0.49883322613542536 
0.4222755682831446 0.2191171389545825 0.4976788110183974 0.4980156318340435 0.4996325445235601 0.4982558054711843 0.497965883824759 0.5010056091348969 0.8010900114468609 0.5026510009815673 0.40134582046566947 0.4995159015718469 
0.16601998655380268 0.04909544115093755 0.5006308715367556 0.503355362700065 0.5001757822660455 0.499789917285126 0.4997667615415552 0.4999646136660527 0.7993380741759857 0.5003618240930344 0.4000471046745508 0.5017050563222506 
0.9800744705824738 0.03948930383923212 0.5019268148321399 0.49701417940311127 0.5015362192921237 0.5006202268829081 0.49817024044751135 0.49981834957309934 0.8956875951764043 0.4993226779909099 0.4003026060066477 0.4992948251330406 
1.0 0.04931906913355158 0.5031215919658496 0.4965477486230541 0.5021215703110067 0.5010380727270687 0.4987282341310508 0.4990526876063494 1.0 0.4982296597843201 0.40343009233640587 0.4983334720491731 
0.9127407872590136 0.21065681552122167 0.4992201580760963 0.4973413343786656 0.5000162705955861 0.49971398412758666 0.497556700529186 0.49963699279779583 0.9994547350043438 0.5017432424878913 0.4012991986354708 0.49822689476448057 
0.005718520139364275 0.8510938565595919 0.5017080350826737 0.4990587648274446 0.5008122499057039 0.49905464598032534 0.49948065910407863 0.49916883634314896 0.8968359048281442 0.5050338883240617 0.4011490312793213 0.5008804002174679 
0.0 0.0 0.5017819424623153 0.4999747356838944 0.49996941653134297 0.5011363360257504 0.5008147559487963 0.4991274385326362 0.7999867418294779 0.4983742169910187 0.3992470737192958 0.5034988103863843 
0.12473572583111726 0.10466052163113095 0.4983540691427535 0.49893094843514296 0.49847722410824413 0.4979238720230706 0.49798078255692546 0.5013912802113303 0.801963690466825 0.4997106871400002 0.3996820957256547 0.5008241250313751 
0.0 0.979591998765695 0.49654085338165654 0.5022410655465795 0.2987078131699948 0.7045317796938741 0.19978743087959738 0.494678665858765 0.4012725074698127 0.2994694403128493 0.5003563418860852 0.5006876437223038 
0.3727905815686496 0.19136062648562083 0.4995656548478792 0.49897490608121253 0.4994305943049151 0.49918786098669177 0.49927727466833083 0.4996931493475866 0.7979772794430793 0.5008954745145859 0.4013531461783415 0.5000873948379064 
0.12938844222227353 0.112381128685552 0.5000456723531645 0.49957527758076337 0.49935892871735504 0.4996226007895843 0.49956837656739905 0.5001527299667629 0.8010707313038449 0.4991387099810822 0.39924333153780406 0.5023767850427625 
0.3666665288133336 0.510507774412356 0.5009673790542138 0.49881650739370564 0.5020126366721942 0.49925605478858326 0.4985824614880457 0.49915780468235105 0.8971603686618772 0.49954212243388463 0.4005772520072557 0.49960055321848307 
0.39145060518756924 0.6467821117113188 0.4981456061525196 0.49993923636978566 0.5023446332259289 0.49852724711077195 0.49810630935434397 0.49931447233068565 0.897269358231103 0.5015801029541403 0.39978446756593566 0.49825396934069 
0.12932047151104265 0.11218153823014088 0.4983083328782657 0.49885808162755824 0.49909588387730286 0.49808922921511534 0.4981476386723772 0.5012451018865449 0.8018762243769303 0.49998296450803525 0.3997181303503854 0.5010537613751684 
0.5266672444303115 0.44282616973680605 0.50073756087701 0.4993581492710412 0.5015415063721786 0.4991333640929279 0.4982455918879879 0.4992864204566602 0.8972653643183885 0.5025503695437501 0.40001301205726025 0.4981208783059239 
0.9296447622377797 0.042673052492933176 0.5037758341515712 0.49761154726862167 0.5021884219841974 0.5020894444891643 0.49864212599647023 0.4982287729217071 0.8954428363471546 0.49999992079055317 0.39987579563971226 0.49885695758525717 
0.5468886441377965 0.12052761343856472 0.5006900821906247 0.4984434052028413 0.4999141017103993 0.4998184510735329 0.49893711056999257 0.4998481315549842 0.7976863089196349 0.5003761031461622 0.4011136970532324 0.5004929243712593 
0.0 0.0 0.5011867728491843 0.5005694553892248 0.5001236492547492 0.5016551574058484 0.5011880864280023 0.4991641888641677 0.7999255891378023 0.49683410275998446 0.3993005054886377 0.5043397295380927 
0.4069930262581436 0.09098934621398605 0.5009737266555425 0.4987327754456484 0.49977340439646123 0.5002623004699285 0.49930007004683047 0.49969221828761407 0.7984134304924438 0.5000506639065843 0.4009617781531066 0.5006343571642045 
0.0 0.8353445632480816 0.5020847969806992 0.4995018418249315 0.5020346530057012 0.5008123835540101 0.4992958326532558 0.4994631816289992 0.8965294545697422 0.5046527463855934 0.400766976523426 0.5001717212678252 
0.4228839923504729 0.7622374049374891 0.49829787456642916 0.5002106289097421 0.502895561503329 0.49843592757137073 0.4981410245212239 0.49950344599167873 0.8971722109187303 0.5014841645490196 0.39936319259573766 0.4978590095884173 
0.1615435970022458 0.041862759400721504 0.5010298082066995 0.4994924313215924 0.5002832968118758 0.5000842826283973 0.49974333479599853 0.49972409853141025 0.7993819425847549 0.5002610741488225 0.4000573762126832 0.5019308723267265 
0.6109508938117816 0.10407351262109826 0.4999613594308168 0.4997761628478984 0.4993395711619871 0.4993133926155453 0.4987722930713027 0.49951406099817686 0.896838610492789 0.49995756980076206 0.3996215186367097 0.4986754236122409 
0.537147218877745 0.1207535210421378 0.500778018963163 0.49827509625344124 0.4999386045654249 0.499808628783466 0.49882254425930356 0.49980438164724134 0.7985167124312516 0.5005699378561691 0.4012021384389837 0.5007813718686696 
0.5238853137725787 0.09062161768249662 0.500211202482814 0.49813179759888404 0.49980527115436685 0.4998261226228752 0.49883318664073995 0.49977849761550674 0.7987694135206924 0.5001428891384296 0.40153541037215196 0.5003591503821939 
0.9176080964672066 0.020696644498536466 0.5031246128881488 0.49754110839933174 0.5010127367845968 0.5012038214624777 0.49864371938205276 0.4989538912899433 0.8965590301802715 0.4989773956531178 0.40028174991959614 0.4975618453891576 
0.022651195397757395 0.11303512348910869 0.5039753826190555 0.49852040760580696 0.5006668618735499 0.4997997459265946 0.4995402567658798 0.4995551763369219 0.8003729691802026 0.49857083543444825 0.39962238515720594 0.5025521095202043 
0.136128097115587 0.04846623108373658 0.4999491827091762 0.5002890318173585 0.5002184169055985 0.4983428216063016 0.49874888156203157 0.500864195503023 0.7983121515602976 0.5004741757341618 0.59850740471695 0.5012226688169378 
0.04370784068371311 0.07734164897874923 0.502983754732136 0.49971385638752974 0.5000258255743673 0.49960230107350057 0.4989538841906125 0.5002834615311857 0.8008437687101424 0.4992007778239433 0.39928559810752623 0.5017110482461399 
0.0 0.06644966934412319 0.5047445893093617 0.5008224958832885 0.49840579627470905 0.5005259014331641 0.49958707885055237 0.499834767814944 0.7998222847378706 0.4985117872220308 0.39865218512145945 0.4985611420945932 
0.01983789078102211 0.9866342882126783 0.49830119419867164 0.5023594426913093 0.29913161102738195 0.7050881368405466 0.19979493227657136 0.49575544252050774 0.40211213594008366 0.2995069590724273 0.5003081232878577 0.4996684160719059 
0.0 1.0 0.5013012570015419 0.5009166150220877 0.20332673763099027 0.6995164610740732 0.20007026714047071 0.4885183774718346 0.40851742213335734 0.2988583441267682 0.5014916640710101 0.49962747324579193 
0.45178161445485465 0.1585071975931351 0.4987307194990773 0.49801596870258924 0.4998953460769985 0.4994004022390885 0.4986060327751481 0.5001563869674374 0.7999463884608707 0.5017152555524813 0.40179003429102567 0.49976141161533894 
0.054091673133252804 0.026138594224648162 0.5009804596661076 0.4990339109966286 0.5000651747278635 0.5002861338338416 0.4997853240013739 0.4988212505414268 0.8991635487816563 0.4983954265570606 0.39914856622044076 0.5009390261225153 
0.7570382979022038 0.0740628017114712 0.5021874390828696 0.49717604986196096 0.5001036339608971 0.49972968829248776 0.4994846138926964 0.5012353954347343 0.8985904533703766 0.49856942547531313 0.4024421626339205 0.5032748558697209 
0.0 0.0 0.49715860458267175 0.5008806335711196 0.49968677083290547 0.4979737154177374 0.49813763143316564 0.5015042623162802 0.899689203824951 0.500243677525086 0.5986983492032935 0.5000026912006414 
0.0 0.0 0.5040881592262069 0.500515919000601 0.4972832489556262 0.4989730395970433 0.4980732523248708 0.5010035195078709 0.8011271447659927 0.49628892620286247 0.6006510665364531 0.5003548261006292 
0.07675360466606207 0.08709325416336523 0.4980796936707145 0.4990236730876489 0.4997973724145126 0.4981193817155679 0.49825932979792786 0.5013267439052513 0.8017216779396473 0.49876466942155384 0.3997699757728087 0.5009105323786915 
0.7772425353420969 0.0 0.4993237100995401 0.4998216459213584 0.49878015866334424 0.4989871784449522 0.4982074215768565 0.4995339429488459 0.8978360899434044 0.4972283587278666 0.4008584312842501 0.49852459302727625 
0.16505035776831417 0.07956512563585096 0.49845996988364616 0.49879134801802005 0.4985934142012396 0.49805278374662565 0.49855366101644166 0.5013338466480575 0.80161683958231 0.49947471410160005 0.40004238598167813 0.5009806761447233 
0.1702070873335519 0.15664648637784334 0.49860210421528933 0.49875284812211507 0.499281570187601 0.4981588470864312 0.49836752400417283 0.5012028372082946 0.8016362045375385 0.500805896075782 0.39988574499159124 0.5010978419553014 
0.0 1.0 0.49994047296438765 0.4948122778082141 0.4999286804979274 0.6048756301155636 0.1945880310682537 0.4959456569822023 0.4124978036421969 0.2989280471755091 0.5018293876737353 0.5014002818231396 
0.12938844222227353 0.112381128685552 0.5000456723531645 0.49957527758076337 0.49935892871735504 0.4996226007895843 0.49956837656739905 0.5001527299667629 0.8010707313038449 0.4991387099810822 0.39924333153780406 0.5023767850427625 
0.7772425353420969 0.0 0.4993237100995401 0.4998216459213584 0.49878015866334424 0.4989871784449522 0.4982074215768565 0.4995339429488459 0.8978360899434044 0.4972283587278666 0.4008584312842501 0.49852459302727625 
0.95230715186181 0.012696189330300076 0.500707478937952 0.49730295130631486 0.5010814220668717 0.4997993020661489 0.4975882025587006 0.5001577479805526 1.0 0.4994285892354309 0.40303407543371417 0.497548118540321 
0.07675360466606207 0.08709325416336523 0.499914009775804 0.49944169245361797 0.500341943106158 0.4995875490407814 0.49941405037575043 0.5002537078118231 0.8009551488825536 0.4986881538200456 0.39944569122378626 0.5021832638157604 
0.9530721619103758 0.0 0.5030316960913679 0.4964524027344036 0.5017817290686903 0.5011278266210538 0.4980649067900787 0.49896585417828293 0.8964135449185493 0.5005729315506457 0.39977818823123046 0.498360981404929 
1.0 0.10134349345332183 0.5012429777649309 0.49593491274913337 0.5004941991835359 0.5008852024178758 0.4991551911848854 0.4983870768938517 1.0 0.5007165039944952 0.4022094941650629 0.49530876767364374 
0.7867062271740644 0.11986687093685411 0.5018688182390917 0.49750533079551224 0.5013746570803292 0.5000455865144805 0.49826084458580766 0.49951071584558293 0.8984449681086544 0.5001571292297949 0.40112429433181246 0.5002621344296484 
0.004184260351051967 0.9948137058849583 0.39729298898421117 0.5009323498501589 0.19994458212528068 0.7051347194553237 0.20136176489166885 0.5002434787410376 0.40109446267225835 0.29942594910299825 0.5010660311502451 0.503446322469808 
0.07932322509857972 0.024311555294376376 0.49846464233188814 0.5001707036543508 0.5000363840744242 0.49817839866280117 0.4982581590219527 0.5010566670822003 0.8993578947574002 0.5005434084712359 0.5987121686248367 0.49986500291963065 
0.037972187015548546 0.9859454264015006 0.49724456634015946 0.5018380993086458 0.2994343784787129 0.7047829049165879 0.19947942399391005 0.49494143399837387 0.40116623142203894 0.2996139813219907 0.5006027764322251 0.5000071203769619 
0.9204909085796504 0.1836516313614633 0.49968770536990453 0.49703869492923003 0.5010053584797778 0.4998812567904284 0.49787562353334436 0.4988724884432101 1.0 0.5010625064206826 0.40101006564116215 0.4976315038982654 
0.07911822764534872 0.9656342309582019 0.4975101362907775 0.5006734088697473 0.20405684299975257 0.7049824725573584 0.199840226039595 0.49837313095665414 0.39893872585125545 0.2982542819149244 0.5001792969319828 0.4988834337430581 
1.0 1.0 0.5025230278748315 0.8058725649048996 0.9998039312631789 0.4978343693391604 0.0 0.5011094352082769 0.6020874190525178 0.005513041522691614 0.5005678583381886 0.2004970632458834 
0.8275270192208171 0.17185817195434788 0.49961137549407786 0.49713239778307006 0.5008819592679035 0.5015187687395399 0.4983552326692443 0.4988141879608581 0.9999272573691389 0.5006965327223251 0.4013835068700589 0.4988250454611111 
0.8841311150979393 0.21832544563132417 0.49965989025914287 0.497188601160202 0.4998907081065822 0.5014162962321188 0.49831742847434873 0.49969037271115924 1.0 0.5015612838133372 0.4004798272902671 0.5013935378034035 
0.06335258779071656 0.9708749311445471 0.500401226795203 0.5043771948377747 0.20139409385798046 0.7047942171123027 0.20121695009492266 0.49905739941675065 0.39990340108136846 0.29978808064367324 0.502656181701696 0.4980912601472902 
0.0 0.17723960619161935 0.4976342918553764 0.5007704930323894 0.5019907034432822 0.49919525614101223 0.49942268440785126 0.5007539638060752 0.8966075825781286 0.4976570100822342 0.40023568633958556 0.4998635024641981 
0.17936051617582602 0.15472744345330738 0.5030235546273145 0.4982617622911305 0.5015430571573115 0.4996942201207226 0.5000627446818957 0.4991191876065363 0.8010965040441771 0.49971491420100284 0.40082147563013465 0.4991213049245103 
0.16926557839877 0.7478045684252469 0.5010382587114497 0.49892903743376676 0.5006721103098282 0.4991301024574423 0.4992114889307734 0.49903881271069594 0.8969898837481605 0.5040907531535419 0.4006806979466807 0.5006879614856106 
0.3035278303446618 0.08285153355522377 0.5011311721898051 0.4982966050522414 0.5002591413877796 0.49994804200832743 0.49938347059796884 0.499378518306343 0.8003319697892775 0.49972707189644583 0.4008568412463532 0.5014593566855164 
0.17894543125264617 0.16392148602868878 0.4986866709654464 0.4987422305275502 0.4993626024513437 0.49813626310386516 0.4983731503436561 0.50121253392856 0.801528778396558 0.5010019268760487 0.39987095073943035 0.5010394391125588 
0.0 0.0 0.4978234405986783 0.49916971254678744 0.49825875006519377 0.49822248455969886 0.498456353363416 0.5012838199695585 0.8021010091377883 0.4970103607929395 0.39991435476188836 0.5011971988019385 
0.5437214951075179 0.7710415617143487 0.5010914324027532 0.4997279339103185 0.10288256822847135 0.4004510227349118 0.2994387667997973 0.40048075454128557 0.4995495655561146 0.500122706964011 0.19658235704071625 0.5013165012312877 
0.015981580142129522 0.019889079621886678 0.49917632640405973 0.5004256090510601 0.5007241666158313 0.5000756612851671 0.5011805879296416 0.4993147198287888 0.8963155102194749 0.4972468616432686 0.40056030940709436 0.5000295014397536 
0.7684200765235878 0.0 0.49621585209400815 0.4982994303798244 0.49857655127547623 0.4984354549657968 0.49776719065000385 0.5007363079744234 0.800202154000768 0.4995396297806819 0.4031121188777936 0.4971790356763933 
0.20375791112344793 0.18979145992796273 0.49887584000903673 0.4986843049775461 0.4994959617383641 0.4981597800482401 0.49848590617929556 0.5011962499495676 0.8013550554063719 0.5015114080600555 0.39994736093395283 0.5010322779812539 
0.014562004831991594 0.9886601362857322 0.49733714560943143 0.5036460949455857 0.2974345240308553 0.7044499946125085 0.20036649048866367 0.4952984594070021 0.40142550006712135 0.2995601414181377 0.5009459138672332 0.5006392405768398 
0.0 0.9993327418513528 0.4993624333170501 0.5104081139455583 0.4997743763944557 0.6048230364823995 0.1948007173194084 0.4968079705749247 0.40526098034632363 0.29906852495902525 0.5020862334847687 0.5014236795908824 
0.39145060518756924 0.6467821117113188 0.4981456061525196 0.49993923636978566 0.5023446332259289 0.49852724711077195 0.49810630935434397 0.49931447233068565 0.897269358231103 0.5015801029541403 0.39978446756593566 0.49825396934069 
1.0 0.07641488388416666 0.5001323494107559 0.4967925680673284 0.5006228712809939 0.5000296365499204 0.4973973895519568 0.49947920103412546 1.0 0.5006246191837315 0.4019360404113819 0.4974413350326446 
0.004184260351051967 0.9948137058849583 0.39729298898421117 0.5009323498501589 0.19994458212528068 0.7051347194553237 0.20136176489166885 0.5002434787410376 0.40109446267225835 0.29942594910299825 0.5010660311502451 0.503446322469808 
0.5468886441377965 0.12052761343856472 0.5006900821906247 0.4984434052028413 0.4999141017103993 0.4998184510735329 0.49893711056999257 0.4998481315549842 0.7976863089196349 0.5003761031461622 0.4011136970532324 0.5004929243712593 
0.10862643388745978 0.0750112317701085 0.4999186377350618 0.4994778385154423 0.4998088246626871 0.49936064246459816 0.49924558180361134 0.5004105384826474 0.8004302528282486 0.5000377458129723 0.39980960148391664 0.5019504918033013 
0.011968882306002702 0.9066391249485481 0.3971362895579569 0.5006489955972426 0.19898559865092644 0.7053317062223254 0.20168424568049526 0.49996829472762 0.4015716114840446 0.29782313377761716 0.5001809153963144 0.5039767093078478 
0.6569509990434068 0.04988223564343148 0.49740941761082447 0.4983126192126207 0.4989736541002166 0.499086901029166 0.4980123132117685 0.5000994065602085 0.8010695072111677 0.499854130140919 0.4024033009313103 0.49883322613542536 
0.23624831982645492 0.016114322755702667 0.50132578066091 0.4995974936167673 0.49963819949802446 0.5003661418854186 0.5001406303546738 0.49979328021280783 0.7992481587164203 0.5009615238119292 0.40007704124520316 0.5008537991924079 
0.3832555581357888 0.8141654618980751 0.5000840186853674 0.4999181367926061 0.5033395472332205 0.4989570430428318 0.498323574300271 0.4995109080533575 0.8970861365267041 0.5030491854965745 0.3995435068909149 0.49797697761677795 
0.04047205225627624 0.9915355572863618 0.4998356194547461 0.5043611930443881 0.20163984711281377 0.704885546199411 0.20094191297774308 0.4985597688535559 0.401163212131707 0.2995905051202079 0.5008331627139169 0.49844092418297403 
0.16218947036322828 0.5364902761619206 0.49998977285235896 0.4994609747411346 0.5003723020250684 0.4994644249133244 0.4991332398381096 0.49919547301800293 0.8963833095421718 0.5026857275881629 0.3993339577705401 0.4999142924526403 
0.2383483347763555 0.019019965244338577 0.4992408148153048 0.49953680461262956 0.49904558549116806 0.49850016629802885 0.499630398235681 0.5000766786395949 0.8003476777501937 0.4979481749396768 0.4007908422219935 0.5016044886137583 
0.14679715934923124 0.150022463540217 0.4984774663785798 0.4988368464384284 0.4992579484047882 0.49804406124998324 0.4981588913513437 0.5012644953270757 0.8016613720949695 0.5003750261085689 0.3996885418460636 0.5009369556896833 
0.272256194231174 0.09693246216747316 0.5028140218748941 0.4996692599408611 0.5005661529662575 0.49854435203159175 0.49959077675354524 0.5006182961648328 0.6968718780331307 0.5006552328676164 0.39998447457734126 0.5029296705581766 
0.06587753953985041 0.1321226943720892 0.5008990407112884 0.4979952890742796 0.5036302547961731 0.4999815000725988 0.500180854767935 0.4993366773800387 0.7999711443098567 0.4996028006141516 0.400154241976747 0.5033053694457887 
0.019290787550559314 0.9758461809723538 0.497833238062652 0.5032446960379511 0.29799336336769877 0.7045672012402038 0.2002082811388987 0.49510850882435997 0.4004598077098668 0.299808603183232 0.5012708058750346 0.5003674932046814 
0.5437214951075179 0.7710415617143487 0.5010914324027532 0.4997279339103185 0.10288256822847135 0.4004510227349118 0.2994387667997973 0.40048075454128557 0.4995495655561146 0.500122706964011 0.19658235704071625 0.5013165012312877 
0.06111184107802009 0.09144374265253241 0.501087777787532 0.4982245664268271 0.5000776665238014 0.4993529497512974 0.4980555531409037 0.49843627343559394 0.8000317338178086 0.4988016408507292 0.3992247444244994 0.5017627260026537 
0.0034124047545657857 0.993517132356198 0.39694954196740107 0.5006780823110191 0.20006759400609508 0.7051203797096001 0.20126942455364683 0.5002284556283395 0.4006351220947801 0.29930244533273204 0.5010854593426166 0.5035922743442335 
0.07674064472532911 0.9901578336640064 0.4977223637377217 0.503318506279061 0.20224538201547565 0.7042750823514937 0.20031089641242047 0.4969317518092881 0.39927140309561765 0.2998045496193346 0.5014224690026517 0.49911833279308615 
0.08710440591481684 0.13120179611288452 0.4992615693658722 0.4992060620095959 0.49930843856107165 0.4988333310197838 0.4988636339593714 0.5007086126469193 0.8013660516994072 0.4997568680448255 0.39946593669193386 0.501656870366223 
0.1745020544880728 0.07073306455352582 0.4997877287785118 0.4992670894762232 0.49931522401542905 0.49903169940509057 0.499452649352488 0.5009149035298995 0.8002494447505828 0.5010115569006179 0.4001018844170092 0.5026643528657315 
0.22386046750175753 0.7459077829822116 0.49972927947723533 0.49931101739340145 0.5014313439526907 0.49953907290272725 0.49859568790351383 0.49907929533982803 0.8970801241153532 0.503120488493193 0.40067762714074856 0.49962364307249824 
0.1702070873335519 0.15664648637784334 0.49860210421528933 0.49875284812211507 0.499281570187601 0.4981588470864312 0.49836752400417283 0.5012028372082946 0.8016362045375385 0.500805896075782 0.39988574499159124 0.5010978419553014 
1.0 0.2141396890166634 0.4998328578392872 0.40441945905159365 0.4993177395277063 0.49972265526767934 0.4965867834383675 0.5033136658201134 1.0 0.5007423372843374 0.40170674806880224 0.5029620971042197 
0.16601998655380268 0.04909544115093755 0.5006308715367556 0.503355362700065 0.5001757822660455 0.499789917285126 0.4997667615415552 0.4999646136660527 0.7993380741759857 0.5003618240930344 0.4000471046745508 0.5017050563222506 
0.4423835950488415 0.7815788268525139 0.5015137623232032 0.49894013569418405 0.5037434415823702 0.4989533355703105 0.4977188907046731 0.4990587799151436 0.8976921181439881 0.5051431692867381 0.40040450547781076 0.49756633299960695 
1.0 0.17839447598660788 0.49988374186475265 0.49670338757623006 0.5002315541032081 0.4999184161201659 0.49753484007676524 0.5005392625225611 1.0 0.5012008438387505 0.4014386276845987 0.5023087114573801 
0.8203938830864511 0.19335494311021542 0.5001904528575161 0.4988723970659559 0.49982354353799563 0.5006538320269325 0.49876124285249257 0.49951855993261524 1.0 0.5010723053833386 0.40128673122841196 0.4977307294006782 
0.9935821068596009 0.15436590149111704 0.5004025384388296 0.40437213806882943 0.4990144536419367 0.4999790621875821 0.4960880540785191 0.5022840311583608 1.0 0.4992271270008531 0.4013008512162264 0.5000311353035544 
0.7411865524001184 0.15513004425106852 0.5015412482013879 0.4976203906267531 0.5015663818275682 0.5001092813039071 0.49857602387483474 0.4991973866995708 0.8975948212026296 0.49946040896813 0.40116645595412626 0.49902492907677753 
0.14631591620996565 0.16177946623800502 0.5021483104590991 0.498131913375511 0.5011432456773351 0.499311819735746 0.499790826470098 0.49949922682791326 0.8009380790861771 0.49936707654459345 0.40015134947225384 0.5002943657650682 
0.9227540767319595 0.16022446530629225 0.499868440897145 0.49701204560259127 0.5003350728287542 0.5008267408990766 0.4979489537285794 0.4997932741206068 1.0 0.5008739364156926 0.4015582372480385 0.5003342807836588 
