6445.753143172538 0.01830763701009348 0.02105291295366539 0.793517154335014 0.8620614586887916 5.730127172371034E-4 
5193.355044899716 0.026675345574988074 0.030522298388031766 0.03886943917457652 0.7439559119361712 0.40086123620770675 
14400.843226469788 0.01376675503510385 0.013794616656086908 0.03372056970308182 0.985512385140494 0.9835796944865437 
41806.57397238605 2.256103653806782E-4 0.014133259578062711 0.057762243729303664 0.9955136291505964 0.9974635304469732 
39103.67493746302 0.005639608344775199 0.020987665218878317 0.6855348994908269 0.7129534149514701 0.006613543923148155 
41544.000159180614 4.399997410107796E-4 0.024281706999155404 0.0345742766595188 0.8617911954459643 0.0026246921027874154 
12543.642576870405 0.01659540501713247 0.01844595816446961 0.16816772369292798 0.9804205505901054 0.4313660440699373 
13505.00215649191 0.01834560791948265 0.026004113485376366 0.015567071005875621 0.949329350969706 0.19481475819560667 
7316.814096510147 0.013962429572409051 0.02112681651933258 0.5704852351720231 0.7891902671101176 0.04898383940466075 
14183.42947233095 0.013846019172744658 0.03488443455567548 0.04386006977943469 0.9862688675512987 0.001359360075806726 
37927.045012803384 8.241150520789079E-4 0.019966826994218125 0.6675289801892362 0.9657674566156504 0.002015634072321658 
5179.75129122389 0.013962429572409051 0.021127220526400294 0.7210080534408945 0.7891902671101176 0.05222364006505942 
7319.011510211526 0.013962429572409051 0.02112681651933258 0.017059413192715034 0.791559474066537 0.050812226638542735 
41469.42706171631 0.014038472828863491 0.02112961825727365 0.6044261398135097 0.7649384612929437 0.05222364006505942 
31832.834985662677 0.008450388664493243 0.01375293963199394 0.035678201256460346 0.9462519103286485 0.9754820137154889 
41256.114197674455 0.004145426231516465 0.009961180118919638 0.11034172134437363 0.8287617759667855 0.7751837641647575 
37823.27462914404 0.01095147096315415 0.026322490301543967 0.06543616356000956 0.8691553877719231 0.8367553844678932 
37604.87065616572 0.008219852960394576 0.04366968865939141 0.07238625947487339 0.952690266228529 0.9198321334099444 
27792.774594571434 0.013208903686119522 0.016143264486895355 0.0178921734965374 0.8445704006953579 0.34840920006020615 
34274.949561380156 0.008234321835906815 0.019838319943929074 0.8002757861164612 0.859526913765973 0.014295726687721111 
13471.50905839654 0.01883551323355977 0.0259380929520681 0.0340142543574186 0.9512124166664174 0.18486960341792597 
16792.8135399715 0.00686427823225309 0.05273430911666921 0.05328206064845689 0.8418807924906555 0.0334706152731411 
13978.879911341577 0.014393461980569906 0.01827543413744934 0.07898584136996745 0.9526588769934393 0.00528698533592209 
35158.98468337048 0.004364521351324895 0.02037665965332039 0.7296615685482761 0.9434661295962764 0.017569695325899165 
21110.87545792347 0.007955662755308459 0.02035565192865555 0.025075766325918295 0.8591602217742804 0.0012571789179993305 
13471.50905839654 0.018238689594963553 0.01834560791948265 0.026004113485376366 0.7812969611076647 0.08827384234663055 
38153.71894419097 0.00512070338490502 0.013115604672781622 0.11591802503591 0.997513996660796 0.9827837116649478 
30075.484287405216 0.004276516197323615 0.016863004790165673 0.08647347560835217 0.9245661665079149 0.4063334305326129 
25147.87098834285 0.004519304232500975 0.02570263538659663 0.0712166584287573 0.8591602217742804 0.7798889474910725 
29184.324295247912 1.9415346448229905E-4 0.0036721719996027566 0.024345311645300682 0.9070050339431813 0.8329384887707192 
5179.75129122389 0.013946277446909714 0.02105291295366539 0.7521459993907906 0.783033402653939 0.07915834745448463 
5958.319823764468 0.019522857418143916 0.053864751232878504 0.07483223950423804 0.9789298366892749 0.715965291598244 
6445.753143172538 0.01830763701009348 0.02105291295366539 0.7334086759904717 0.8620614586887916 0.03829547693960873 
41771.906195327196 0.014445845281272959 0.02190386602296176 0.13195925928947086 0.9348528626355374 0.4466127224100457 
21529.987052139368 0.006424702902492696 0.022197498572885773 0.046173151222228745 0.9227416075935712 0.9776001036947936 
31526.877666270215 0.004789335890790625 0.02052268657401888 0.07979078757419611 0.8604601310388372 0.06073349393033203 
26695.487874919585 0.01706557744743649 0.08490864050511324 0.11595110081194156 0.8948852568190465 0.04524819877398946 
21612.42339751961 0.006424702902492696 0.013800425152313275 0.04616393342247083 0.9227416075935712 0.9605609443261443 
41267.43319988111 0.016479080316395327 0.016599904703265552 0.3813134669200816 0.8228224705206063 0.011113947807429705 
17407.782436887945 0.008501423295231365 0.020173273457736018 0.21210072328099303 0.9416115561323387 0.038148435378488554 
5915.668055849597 0.04923746840548379 0.06451060681183433 0.7012624207789321 0.8497000157060524 0.019390080037586077 
34422.890414122245 0.0024474002224407366 0.009010512962357692 0.8548186837884463 0.9875323751097831 0.005463482049591933 
9823.447933942758 0.00282504768816259 0.05147507946515961 0.7030053159490657 0.998489390001777 0.006594671613381509 
40825.90505353767 0.005639608344775199 0.020989658942683963 0.685372392080204 0.9181439124733933 0.005230648081977679 
5703.970461105066 0.013284518203502899 0.015592305248367315 0.3270107550834036 0.931859564737283 0.5108778441369604 
11190.382559350559 0.00971028117321212 0.04575033443672557 0.0463862120728356 0.9403288100321693 0.2192826857171536 
37823.27462914404 0.01095147096315415 0.020056009718283557 0.06543616356000956 0.9473257308177683 0.83599698609117 
15092.9833996516 0.03572254558765659 0.03720922665997045 0.0663430238007515 0.948458601673844 0.6776894994111953 
41405.315004380915 0.007879979485904399 0.008913606443985964 0.02879619478356138 0.9187772520702732 0.014678389276111203 
25273.915568512508 0.00979379468936344 0.02437037024435816 0.0882258244279917 0.9517532618892999 0.13287209709479875 
5871.682146657153 0.013952384084618553 0.023284195679883254 0.8217692836979434 0.971089552530681 0.2296926679828578 
41544.000159180614 4.399997410107796E-4 0.024281706999155404 0.0345742766595188 0.8617911954459643 0.0026246921027874154 
21617.38640438639 0.0640873574586408 0.03623813807308415 0.10431086016130336 0.9049045265854643 3.759675168868992E-4 
33549.85889959656 0.039877742503878516 0.07493305715940804 0.09315614287915897 0.8903394899578649 0.5609535173263167 
33270.59397520072 0.02788769286603999 0.03282892274067661 0.04421977028562788 0.9389989931809978 0.7178090173084224 
29826.892332573898 0.0043958685228633505 0.015315031202525534 0.025152369194201746 0.9134924636476226 0.7581282398907929 
7753.105929813318 0.016031416419487122 0.06957772548269484 0.016077701596875438 0.9083139583679535 0.40598346838386873 
21057.138877780293 0.015652493023287785 0.020559025356971346 0.025152369194201746 0.983806054464429 0.36826478811579083 
5008.357143861985 0.0021114616517778732 0.06426342619174136 0.7516144128081812 0.8358413295427612 0.005750265783077302 
41932.879616211656 8.948542651036652E-4 0.02321923981694995 0.0390769746973805 0.8617911954459643 0.002761697954594115 
5277.113446208128 0.015495110368837772 0.016599904703265552 0.3813894434992777 0.8228224705206063 0.051576061420841035 
5770.2642226102835 0.005472212787106245 0.026675345574988074 0.030522298388031766 0.7436327114339593 0.3866728742564053 
7399.079867531114 0.03692450174028713 0.012604165174930737 0.057762243729303664 0.9955136291505964 0.9899233054823103 
14533.927237576583 0.013583254995416964 0.021127220526400294 0.7210080534408945 0.9942609199622604 0.09595771056565586 
9338.777062450083 0.01572189425773752 0.054379769358402524 0.08325703742185445 0.9914842065200141 0.4126524046231832 
5871.682146657153 0.013952384084618553 0.025393794135628804 0.04682492267632326 0.971089552530681 0.2192826857171536 
16603.55924824076 0.016479080316395327 0.016599904703265552 0.38026408179660187 0.8228224705206063 0.053452880240743045 
39291.32600689269 0.053623084904105806 0.014011244596061342 0.0806139010583133 0.7551761862488786 0.017805529968367012 
39366.19718410763 4.725442008732261E-5 0.004177599336448984 0.12733774038562848 0.9042955243509911 0.7726864031654231 
40590.75425967622 0.014713181718579472 0.019219488920498913 0.027122363239138882 0.798106839630045 0.07386505625154385 
27792.774594571434 0.034940556870849515 0.016143264486895355 0.04378726517495238 0.7981679832038759 0.008204911950512317 
22796.13055388822 0.016842555433413738 0.02219723132267091 0.07846480430952321 0.9699735003909856 0.7161554522521205 
6699.990505137572 0.01795202733223069 0.01900221186397101 0.14227165823030116 0.7923455718135755 0.03230013434865103 
14689.963508806373 0.015494597858847764 0.02016971396730491 0.11201259682029285 0.9836497860279477 0.9214042673988878 
26695.487874919585 0.017026410001922797 0.11595110081194156 0.08490864050511324 0.8948852568190465 0.04524819877398946 
41061.534691309906 0.0026509682499674236 0.026667659983268963 0.053102210269158144 0.9803995577745117 0.9400078411602013 
14529.382394267072 0.004963579442545583 0.026238636372568062 0.08371802141629457 0.9326567492353691 6.311520498909484E-4 
39639.43728449175 0.015495110368837772 0.08763441488262669 0.37147726520720414 0.825495715875686 0.08142133236445454 
22408.4938626318 0.017035382013918337 0.06680290995583568 0.08510111498917505 0.7967564944576353 0.009588134320706598 
41399.41773467351 0.008913606443985964 0.017605873762660915 0.1961336720486097 0.9187394727199379 0.04485690642686864 
41257.96690161449 7.843388492443232E-4 0.027242304590899012 0.08498904366684548 0.997428616915011 0.6926312894782903 
22650.774062544147 0.0022189029407614063 0.025177883764508857 0.19669749854754998 0.9931046623294435 0.04883559956206904 
41218.93745694019 0.0035893356477780733 0.006385675566472439 0.021251874590676192 0.9933648128688982 0.10361456966807005 
40540.655405491954 0.0015454668200758168 0.007671706943146846 0.06584230493609261 0.9238366956905264 0.8798818811010809 
21560.764416641217 0.0054448953567502595 0.015436220005075076 0.035295882867311223 0.9614857453610541 0.011516721244898925 
14689.963508806373 0.008501423295231365 0.02016971396730491 0.051312085068279334 0.9836497860279477 0.9022345464771961 
37918.47603298639 4.460711414585655E-4 0.01449627297837549 0.025384025358811457 0.4967636993859721 0.40662508202622927 
33549.85889959656 0.039877742503878516 0.07493305715940804 0.09066226894584874 0.8903394899578649 0.5609535173263167 
38420.84506287102 0.008423941518411589 0.011088092008373768 0.017730253402701856 0.9956307837940553 0.39816289405944566 
34856.92908230508 0.0054542203460056365 0.014845014834388374 0.3640381702226694 0.9203530428655697 0.006039187346472519 
41715.549088957225 0.00555770946961948 0.016107459675941564 0.06957772548269484 0.7429897892045357 0.40598346838386873 
28406.97237884054 0.012918710608768466 0.014133259578062711 0.017398083073627467 0.985694235926563 0.06542273159587625 
20511.263040546266 0.0036042705586520956 0.03506381957270067 0.0825002746169281 0.9199638260406471 0.674629697225763 
7103.896470838688 0.008142621414290795 0.021718591010969655 0.21536996207322234 0.9506525460139207 0.047103116821730254 
34856.92908230508 0.015873601906769064 0.016868430092349954 0.3640381702226694 0.9203530428655697 0.006039187346472519 
8962.748114517597 0.001975539962792046 0.0446860309145598 0.7868070411571855 0.9562385484833722 0.0316585539281578 
5871.682146657153 0.013952384084618553 0.023284195679883254 0.025393794135628804 0.971089552530681 0.2192826857171536 
16524.505045503633 0.01659540501713247 0.01844595816446961 0.18508218628498327 0.9819038298883322 0.4582664207503025 
40919.54848645571 0.003406630896644903 0.03664707040433319 0.0969349540730953 0.9481139547254629 3.759675168868992E-4 
5176.379870659476 0.030335071851248487 0.03886943917457652 0.07595472644486073 0.744321547830224 0.40086123620770675 
15416.351844779563 5.651016848769834E-4 0.008642960571008329 0.02008339614236787 0.9156714687450253 0.3915971709794889 
9485.647959011032 0.011410160275122223 0.014536779597608082 0.03339475347794625 0.8527865881954075 0.44956162439544484 
5008.357143861985 0.0021114616517778732 0.06426342619174136 0.7516144128081812 0.8388837405929199 0.007387359967990836 
21057.138877780293 0.015652493023287785 0.020559025356971346 0.025152369194201746 0.9931046623294435 0.30437190728502 
11420.78859643381 0.019988880722840264 0.026648928705858537 0.05760762424652275 0.9519448702951494 0.0377182724648043 
5179.75129122389 0.013946277446909714 0.02105291295366539 0.7299873254075121 0.7816224651391428 0.05222364006505942 
25147.87098834285 0.004519304232500975 0.013451064514715068 0.0712166584287573 0.8591602217742804 0.03870395828835067 
41852.29118841704 0.008881122351699088 0.010492411789401315 0.07044047698599232 0.9731060762388604 0.3090418698468461 
37377.411426939136 0.017651552662243896 0.021592530029998943 0.21792492325038765 0.9299728322909966 0.12938023820487088 
35158.98468337048 0.004364521351324895 0.03434234746269252 0.7296615685482761 0.9201200718801027 7.800779674284053E-4 
9122.82775819578 0.00596410548215047 0.013229294844576177 0.013709489946528113 0.9989618332938529 0.044752801381651997 
37903.51928667258 0.008219852960394576 0.04366968865939141 0.07238625947487339 0.952690266228529 0.97376573512653 
29826.892332573898 0.0043958685228633505 0.007651626891335474 0.025152369194201746 0.9933900171617883 0.7581282398907929 
6637.104613145211 0.01994971327732657 0.02594027886319783 0.057498688951358616 0.9572933846943834 0.0377182724648043 
13813.944162491434 0.015099556133490316 0.01828943790269536 0.30531690028837744 0.9686524778002611 0.9929975651679592 
5102.994680611078 0.027851035702916728 0.005426638267527623 0.7516144128081812 0.8388837405929199 0.007387359967990836 
14400.843226469788 0.01376675503510385 0.026113945429591 0.09762080975786039 0.9797716982025594 0.9775404253538867 
40816.257315213734 0.003586454002007438 0.017110476781548534 0.023013018882719394 0.7533817634837795 0.09619794683758288 
29114.461339628797 0.015777053525413278 0.016863004790165673 0.027285420402723238 0.9941238725465174 0.41564431692562503 
40461.24145418212 0.002536339679626331 0.014130504153222083 0.057184514562314735 0.9949551707190807 0.9762721975723924 
18925.28896415003 0.013530159351418356 0.026004113485376366 0.03664167616425677 0.8914247097959582 0.1527030132950153 
29824.65509051172 0.008783878961797695 0.08594256587063775 0.025152369194201746 0.9941699441035405 0.34840920006020615 
38299.84094974833 0.0039467158408580056 0.023060169912559228 0.08443699690573386 0.9776047153497898 0.03117546412852329 
33021.04822962513 0.005400735843661584 0.027173906740110235 0.021291896151532718 0.9660695824463683 0.39178775210421984 
25099.311211755426 0.003352998414589036 0.021764230285208762 0.37519813109860767 0.8629888850915052 0.051576061420841035 
40301.72340472268 0.013206233645358653 0.020999679493411985 0.09762080975786039 0.9797716982025594 0.028618054357169742 
8710.04874184182 0.01994971327732657 0.026648928705858537 0.05760762424652275 0.9341302026438549 0.0377182724648043 
30710.78247212828 0.010167217063419547 0.011663490873334726 0.04420508210568658 0.7639065363358154 0.9187802182913258 
14533.927237576583 3.565095527952823E-4 0.09179382677223101 0.06985839177820857 0.9942414179275603 0.09595771056565586 
39251.58090326011 7.486925463158869E-4 0.005262715688669435 0.03888169809491415 0.9855698507739395 0.0019556051054313173 
20752.426514511644 0.0263105550039854 0.04068586251005282 0.06857055688664371 0.9389821939678218 0.9423821858786223 
41715.549088957225 0.011266964291018089 0.013941956368962376 0.06957772548269484 0.8215582454067121 0.40662508202622927 
37270.301331290044 0.017651499263892475 0.0414805358950635 0.08914644942259708 0.7912295662643386 0.938457263368668 
21505.64827837241 0.02026490549018043 0.013379584405807131 0.11938915383537888 0.9051749571462858 0.04032360678029134 
19156.79907035835 0.013570780868233531 0.026845162141222702 0.09762080975786039 0.9797716982025594 0.9774485214824471 
19386.588028231985 0.010371702057478241 0.013252179861059431 0.32481698067700693 0.9323632869879931 0.9711293984455559 
41581.512385736445 3.49594540474576E-4 0.02663683316779215 0.06554033310530162 0.9955136291505964 0.9488553028254408 
41061.534691309906 0.0026509682499674236 0.02433229758808838 0.026667659983268963 0.9803995577745117 0.958311685652321 
5119.1014670113755 0.013273364366365994 0.015592305248367315 0.3270107550834036 0.9949186584153469 0.37735949419157533 
31270.295355593014 0.03752871010974902 0.026284989583391226 0.01764254470279357 0.9326567492353691 0.03117546412852329 
37651.22280253091 0.01779932232841967 0.018112316746185745 0.7731219930621299 0.9973961839408573 0.7605978561590611 
37465.96057105933 0.01994971327732657 0.02594027886319783 0.057498688951358616 0.9575924207583627 0.9032414528519102 
13471.50905839654 0.01834560791948265 0.026004113485376366 0.0339020151094761 0.8914247097959582 0.18486960341792597 
14689.963508806373 0.006588354060998243 0.01424409611166987 0.05461433320223155 0.9228721902599639 0.9575204424643002 
5277.499995913295 0.01819333584846089 0.021563324381588568 0.021994772621770298 0.8228224705206063 0.051576061420841035 
40825.90505353767 0.014204278341699487 0.04088915512056115 0.03715091464181201 0.9181439124733933 0.16720487406244408 
41610.70693932012 0.008423941518411589 0.010953318261058699 0.17803651394211245 0.9731060762388604 0.39816289405944566 
15092.9833996516 0.03572254558765659 0.0183152151586573 0.07017459714246105 0.948458601673844 0.6573007536206849 
6689.663005169954 0.008732958728082219 0.023381274111836853 0.20477454502712866 0.9506525460139207 0.03844693953842687 
37604.87065616572 0.008612262422619183 0.04366968865939141 0.14620348402279953 0.952690266228529 0.9218035937157139 
32790.02853057576 0.04878248781074646 0.016556314193473132 0.04421977028562788 0.9389989931809978 0.7178090173084224 
38154.1960931773 4.725442008732261E-5 0.004177599336448984 0.12303984433206103 0.9774798093379482 0.8329384887707192 
40188.730559544056 0.0391775002574406 0.011089080317411043 0.18278294802659117 0.9609735789154575 0.39816289405944566 
41874.92488375813 4.399997410107796E-4 0.004065344155778004 0.0514237992215065 0.805443640555737 0.20740665486819845 
40816.257315213734 0.005316297235141252 0.014011244596061342 0.0806139010583133 0.775437573780626 0.0070266647300688476 
40474.729853750454 0.008411889757851575 0.014130504153222083 0.17700037616162329 0.9949551707190807 0.9783630279513233 
14689.963508806373 0.00512070338490502 0.011671542955339828 0.11591802503591 0.9104576965006337 0.9583078108512413 
41267.43319988111 0.03174423251763713 0.016599904703265552 0.3813134669200816 0.8020977827754755 0.011113947807429705 
30689.377615343885 0.012877860331812558 0.024327355425471542 0.07098208059458878 0.8599384644353959 0.8034266672455762 
41128.42674647109 0.002608658571941817 0.12847860493997706 0.8476995679234137 0.9803995577745117 0.958311685652321 
33848.88430547948 0.014845014834388374 0.014882113375342447 0.36770529122360174 0.9271294816452773 0.0030531052812358614 
13222.852417585633 0.04128163227293854 0.07493305715940804 0.10120391583700473 0.8964670420909994 0.7262302614936704 
40820.00778382953 0.0055445742722119405 0.13044174645288625 0.7004052423993294 0.9181061331230581 0.005230648081977679 
14035.474709049924 0.04128163227293854 0.07493305715940804 0.09066226894584874 0.8903394899578649 0.7262302614936704 
26444.02495932397 0.004070250023372151 0.013229294844576177 0.013709489946528113 0.9989618332938529 0.044752801381651997 
6689.663005169954 0.008693705570744252 0.023381274111836853 0.12796650752866323 0.908596344521149 0.9969850978246364 
38983.06487960415 0.0014357651517894025 0.018847568741725218 0.05303677017456604 0.9969078453578126 0.01611344981550583 
8391.514685083574 0.013182419756114548 0.054379769358402524 0.08428605058036592 0.8430633795866791 0.4126524046231832 
