0.0 0.2297515648334944 5.9519452759805525 
0.20905380259142847 0.25800443640737425 5.410952011852567 
0.2313314757632577 0.0 6.053224888296654 
0.20118438017917079 0.1875079258656568 5.568884301216477 
0.2308834821414893 0.2516350864446605 5.481885730310575 
0.0 0.0 6.397916435164575 
0.0 0.0 6.308083865879828 
0.18186723501621377 0.2629003280360629 5.4582411808252616 
0.127916060488469 0.2262843115147283 5.600987923093617 
0.27305902450260733 0.1478504515647046 5.623030544140743 
0.22297682441883876 0.25429554868496496 5.400070845989857 
0.05631178037658713 0.23436620934088165 5.75264650014753 
0.1278150235294271 0.12167755411677073 5.851890828924063 
0.15562633806365062 0.22659153184893704 5.505861120459992 
0.10420703288008151 0.24572996875849779 5.636183185077652 
0.2182700821731681 0.06763305307925423 5.836144805235553 
0.21734483406120114 0.1801893132359868 5.535336152790433 
0.2513755040379366 0.23901653656214833 5.407958017647087 
0.23689648010827902 0.10776248330959187 5.674077577692204 
0.2324278135534858 0.23754858183340166 5.419580592321232 
0.08443727819248846 0.2641561611124393 5.6421992989071414 
0.1624835264738979 0.24164274865882077 5.491320839059138 
0.2160811255458422 0.17224426860578662 5.558195766136618 
0.24649896111726657 0.0593714056351438 5.854802985831981 
0.1376862017111824 0.18173812461806643 5.651321899715701 
0.22918925463313275 0.1635752520103369 5.541924760984781 
0.1825368216151069 0.27503971631114654 5.4740441897538314 
0.21334667392697446 0.28601685600325905 5.396460081480592 
0.24019441346414983 0.1058270412773592 5.704670332066262 
0.24649896111726657 0.0593714056351438 5.854802985831981 
0.20829671097604885 0.27810474661375334 5.400911177732482 
0.2250475150659976 0.2031967777905323 5.484366634467873 
0.13685158753702853 0.2538694573519291 5.536214885242752 
0.23546417760795862 0.19406350968357763 5.480729368029701 
0.20738916430924753 0.14541071756387675 5.64285347756927 
0.13381351096148747 0.097620151790041 5.902378136150359 
0.0 0.0 6.36324819043245 
0.08379088354668801 0.21200263643134287 5.680822017735123 
0.0 0.0 6.36324819043245 
0.0 0.0 6.371275901450899 
0.05163158515640389 0.22123166594281374 5.774300558722552 
0.18389396765821403 0.23847637356653806 5.5008719583579015 
0.2670529502852181 0.12047830251601313 5.726449075661785 
0.11955905409861992 0.25604126858913023 5.58993484401015 
0.19844718818979923 0.24887186958476432 5.409672866350653 
0.09260744098124789 0.15917646430783317 5.800793878300998 
0.22271289459893956 0.19624727692605393 5.512041932252596 
0.23999049975719547 0.24417326505288076 5.439333508950922 
0.1439364112232896 0.24172735830826836 5.517575147889062 
0.26222261906313304 0.14124891626456038 5.6052917599055885 
0.0 0.0014907108592847104 6.528227110533782 
0.22291667618138847 0.2534633580247395 5.435225931409377 
0.01865617754309129 0.2558422468059579 5.811008855346195 
0.0 0.0 6.477555570096824 
0.0 0.020807142332765968 6.474033139343562 
0.194458155236997 0.28117278342007057 5.453375477937356 
0.22525446092414442 0.255437965926685 5.403131306937776 
0.21177454148288707 0.16234347254634435 5.610701248790407 
0.21683157829626237 0.27086944428572646 5.3994342405965075 
0.27109783389571446 0.13148763594866722 5.649729597417471 
0.22016570029076765 0.2180745855061696 5.472404069579673 
0.2182700821731681 0.06763305307925423 5.836144805235553 
0.13550765382625485 0.15668427574994653 5.707185265997969 
0.17222263053949322 0.18856375219105226 5.573524022365432 
0.26577209532063484 0.12196705629143305 5.7019984447999565 
0.033317624745381864 0.08375238161309898 6.220459493170798 
0.22096518293597334 0.2584677977275549 5.3883288914144085 
0.15000152144576073 0.025030054114591766 6.018760303500233 
0.11254568906243767 0.22352643891444876 5.618655700600865 
0.22966602407909742 0.22201575870148604 5.477476824883694 
0.060198773251118234 0.2514893763320263 5.6909254364489055 
0.1624835264738979 0.24164274865882077 5.491320839059138 
0.07527841839593896 0.12416989399107099 5.964314242430025 
0.15521834404501633 0.23022590237554055 5.504846371969593 
0.17222263053949322 0.18856375219105226 5.573524022365432 
0.23605503295019875 0.1900590793342237 5.481868095939123 
0.09847882129126849 0.2667488304244097 5.634855176314976 
0.13438820391149106 0.2558823817205069 5.576554360066038 
0.21055340869615968 0.1979964034227018 5.450933533210574 
0.23949281543451958 0.1767183623426754 5.446476595139516 
0.05642253138732968 0.05709206441207061 6.220492045393451 
0.15732693363847838 0.11996037000370043 5.778099119228667 
0.23255433997624253 0.12842662800645321 5.737023061817736 
0.24802304843140272 0.17244780055627928 5.535942177141598 
0.1950639666292739 0.27478903989021863 5.545215061430188 
0.21788074132540344 0.1754394777432166 5.563523336238577 
0.07844094667019574 0.0074312908285068535 6.2484242584853655 
0.23309403028705572 0.24813370577873117 5.364984916315969 
0.11658935132349449 0.2576042090181768 5.600211076312716 
0.20829671097604885 0.27810474661375334 5.400911177732482 
0.21734483406120114 0.1801893132359868 5.535336152790433 
0.09056291519971987 0.232137057317344 5.65745419652953 
0.2131022117988305 0.08873830824684487 5.781203627759839 
0.0921187774583784 0.08938480926442066 6.043241168746385 
0.12469766231929474 0.22976662604234985 5.602239837513183 
0.25546732429513885 0.14129757253949463 5.620766697654614 
0.1064298500191112 0.01571889704851736 6.14078022822178 
0.15933080928862206 0.20860904310780892 5.51800424992287 
0.2276110580148491 0.0909949386946405 5.7404352248867765 
0.24535516129076518 0.033644937655178536 5.939486096687326 
0.139118537227678 0.04950345605670501 5.998318226303661 
0.1078420327117385 0.21036392851274532 5.650527771966853 
0.08294842751672721 0.17037068351851198 5.770284022868974 
0.11538290564119569 0.22916004461434658 5.619281572433486 
0.1439364112232896 0.24172735830826836 5.517575147889062 
0.21907292827785674 0.2248798572596209 5.462549381798579 
0.22271289459893956 0.19624727692605393 5.512041932252596 
0.060198773251118234 0.2514893763320263 5.6909254364489055 
0.24348820690876297 0.2887600543358785 5.390347621093757 
0.23059843051255957 0.23830945260739872 5.450100377418549 
0.01511596296638942 0.25570295410283206 5.822495586392133 
0.15612508978562445 0.23457040316783742 5.498549175990898 
0.22525446092414442 0.255437965926685 5.403131306937776 
0.018369307116415785 0.11184565896028435 6.153924483729537 
0.23894432281257727 0.1754522430018785 5.533350362579035 
0.25169058942720496 0.1347274345348825 5.6089516250578795 
0.22819833971577025 0.029039982132984157 5.94493440568304 
0.2160811255458422 0.17224426860578662 5.558195766136618 
0.0815742407928517 0.21955250798877068 5.720879691069962 
0.22875496558285913 0.26274932643412563 5.432789439532476 
0.24019441346414983 0.1058270412773592 5.704670332066262 
0.17283286962202998 0.28246649622775494 5.481925732707327 
0.25933405200911486 0.16482533249933462 5.6111229574537855 
0.20515955738611757 0.2175451890023145 5.4839347347664384 
0.22384925757714363 0.24360824543514148 5.385939720817552 
0.043184708502088456 0.15515480991299085 5.9364459750604235 
0.21790818509619084 0.24390616398969928 5.432864640515759 
0.04682193347662416 0.20994803063330375 5.817283286051269 
0.045623972479390096 0.23655955819769914 5.720620391110011 
0.22682652602683862 0.02471245417998639 5.954975381303959 
0.26046847823032665 0.1389166871865114 5.651990452750717 
0.23543532948841234 0.2741316642710455 5.390630055057512 
0.278237074455356 0.09900691211341002 5.83461766856382 
0.22796491818096226 0.2467661457333918 5.416288748521999 
0.01830333147777423 0.2150081625299428 5.788633698657863 
0.0 0.13904020882717594 5.99811612174542 
0.20772650420905708 0.2636923936214919 5.403347243058119 
0.22149444905872517 0.1613638072945215 5.587186794118574 
0.22297682441883876 0.25429554868496496 5.400070845989857 
0.2131022117988305 0.08873830824684487 5.781203627759839 
0.08443727819248846 0.2641561611124393 5.6421992989071414 
0.2758229008822457 0.1260442700429968 5.688799539653933 
0.06215355083704829 0.2329445725579653 5.720980522045526 
0.23472643398465193 0.22806897474456528 5.445437095350182 
0.18721930114105084 0.245918047083862 5.468215345116413 
0.2218660202322306 0.2761182054423994 5.392830425250762 
0.127916060488469 0.2262843115147283 5.600987923093617 
0.09872069380835347 0.2543924852571035 5.649060718153104 
0.2258593406587131 0.23695283966094455 5.378359398054307 
0.23949281543451958 0.1767183623426754 5.446476595139516 
0.16742423832760162 0.17722820996244215 5.692919294876363 
0.27109783389571446 0.13148763594866722 5.649729597417471 
0.24677090884735073 0.12841861892890635 5.670907257655855 
0.160748080212957 0.22920999524215985 5.502449008137429 
0.21976866550330082 0.2204823298222055 5.4398790203046 
0.21177454148288707 0.16234347254634435 5.610701248790407 
0.25820776167243287 0.13605149062800598 5.623590807028078 
0.05642253138732968 0.05709206441207061 6.220492045393451 
0.08914430691034086 0.22932025446739507 5.666851846776514 
0.21683157829626237 0.27086944428572646 5.3994342405965075 
0.16379515783591997 0.21677585981196754 5.534069515529638 
0.255113972753655 0.1872372983742157 5.480810175625245 
0.16065185629639667 0.2626473648200302 5.524354740566922 
0.21783083155015356 0.2627521609591015 5.354651113403387 
0.25686504065897575 0.22635790729967428 5.487416353288396 
0.20112032196726956 0.18450581845504738 5.5939725761210966 
0.01088298421808273 0.0 6.346053044937184 
0.12716005964077987 0.1879754900913877 5.674423740101953 
0.24795965597863917 0.18345724559405852 5.517482544461751 
0.22918925463313275 0.1635752520103369 5.541924760984781 
0.06923397999045203 0.23322315796421694 5.696944637201882 
0.1278150235294271 0.12167755411677073 5.851890828924063 
0.2218660202322306 0.2761182054423994 5.392830425250762 
0.1727577083548965 0.03923105376947925 5.949914738840348 
0.22796491818096226 0.2467661457333918 5.416288748521999 
0.0 0.0 6.382015670249078 
0.2268833830235704 0.18602708099559784 5.512334997099804 
0.13233928466618522 0.266634341480843 5.5206377993564315 
0.26388379655469174 0.04257742113037068 5.932495953203603 
0.11306345806708892 0.22855664911558943 5.6385531985160995 
0.10122487481974754 0.03551567382490862 6.107675454907393 
0.24071499567961363 0.18083770248028191 5.563341468816584 
0.138531390087864 0.12909937010281852 5.76540036079381 
0.2100816683540811 0.17385980579764637 5.635202917413839 
0.22122022071299657 0.19827088114923164 5.459312412587873 
0.06701588759865659 0.18820239692854818 5.750478752673661 
0.1727577083548965 0.03923105376947925 5.949914738840348 
0.23614602352683572 0.1967044764899778 5.501886975329449 
0.018369307116415785 0.11184565896028435 6.153924483729537 
0.1872617873391623 0.23081169087550402 5.559647230417257 
0.16674034007640678 0.2653764586936841 5.474674422006239 
0.12946143666041615 0.2599082304576626 5.600396671621039 
0.11254568906243767 0.22352643891444876 5.618655700600865 
0.21983712988830187 0.27849741412555473 5.387250397677314 
0.051513590963113524 0.04734500477412655 6.223866372051055 
0.13685158753702853 0.2538694573519291 5.536214885242752 
0.15331214920075023 0.11164790286476456 5.77833902625623 
0.20108566371597517 0.19100798073383846 5.536094697947429 
0.18989164239354012 0.2808399357403254 5.497148090869848 
0.1197249745549371 0.07195464606908432 6.013355385128233 
0.0 0.0 6.308083865879828 
0.11284506277465936 0.11418412882414122 5.873486936981384 
0.15909723058553246 0.2514570386822589 5.511795236162435 
0.24071499567961363 0.18083770248028191 5.563341468816584 
0.2268833830235704 0.18602708099559784 5.512334997099804 
0.14608567793980093 0.24824046726676158 5.566433627842023 
0.1435107986804323 0.14760369084914857 5.717000752650153 
0.26222261906313304 0.14124891626456038 5.6052917599055885 
0.16514969552731104 0.2090406349100097 5.601458806145121 
0.13411574220789396 0.21608191816894687 5.580829096338708 
0.22882677663781592 0.17379203161992365 5.481032235194388 
0.15141794861924673 0.19538937976403808 5.613544629109744 
0.05163158515640389 0.22123166594281374 5.774300558722552 
0.24869297903203158 0.11830797002242574 5.722009630626677 
0.26535006370888636 0.14809947689744002 5.622896628853313 
0.26689730909259524 0.15247890181858356 5.607864353685162 
0.16674034007640678 0.2653764586936841 5.474674422006239 
0.13233928466618522 0.266634341480843 5.5206377993564315 
0.18186723501621377 0.2629003280360629 5.4582411808252616 
0.1233359204721129 0.2057626964835869 5.625429905974211 
0.23689648010827902 0.10776248330959187 5.674077577692204 
0.2276110580148491 0.0909949386946405 5.7404352248867765 
0.0921187774583784 0.08938480926442066 6.043241168746385 
0.21790818509619084 0.24390616398969928 5.432864640515759 
0.23214855390742697 0.014725677307821233 5.974703315826656 
0.266622033484925 0.21328047861563457 5.444473174722626 
0.21271671281007912 0.2247669038628319 5.483707925857332 
0.11955905409861992 0.25604126858913023 5.58993484401015 
0.15612508978562445 0.23457040316783742 5.498549175990898 
0.25169058942720496 0.1347274345348825 5.6089516250578795 
0.24238657859188345 0.11335756716120825 5.692602435834959 
0.10414731209265224 0.21954764390143605 5.650371319407324 
0.24990370493777445 0.08973532374060442 5.856076187133473 
0.219207218667321 0.21042537247147144 5.453923998795534 
0.21889039565665655 0.1722495636983864 5.531172204109728 
0.12512115022375714 0.18859079970814668 5.666373629336121 
0.23546417760795862 0.19406350968357763 5.480729368029701 
0.22882677663781592 0.17379203161992365 5.481032235194388 
0.19814785556875814 0.26512200459611696 5.47589898269439 
0.25102544322488096 0.17570659736131647 5.536033612143376 
0.13550765382625485 0.15668427574994653 5.707185265997969 
0.1064298500191112 0.01571889704851736 6.14078022822178 
0.20864253036448274 0.1615386973342256 5.598252076722705 
0.045623972479390096 0.23655955819769914 5.720620391110011 
0.0 0.0 6.397916435164575 
0.15391325853102594 0.09314745005827157 5.85013247356948 
0.17283286962202998 0.28246649622775494 5.481925732707327 
0.26046847823032665 0.1389166871865114 5.651990452750717 
0.14847084297076335 0.24282823341230544 5.580171303176043 
0.13302079894900917 0.026939248741459622 6.043235792235069 
0.17364885765929858 0.2751977551745479 5.4995331809592125 
1.764230326585306E-4 0.04122418447077353 6.4721564597247525 
0.15391325853102594 0.09314745005827157 5.85013247356948 
0.04995737116797728 0.15776154227964348 5.878283776068698 
0.09352208691815442 0.28240665561411626 5.591536205272256 
0.22096518293597334 0.2584677977275549 5.3883288914144085 
0.21976866550330082 0.2204823298222055 5.4398790203046 
0.15521834404501633 0.23022590237554055 5.504846371969593 
0.2689975714941548 0.1419832688836254 5.624327553863206 
0.23614602352683572 0.1967044764899778 5.501886975329449 
0.23894432281257727 0.1754522430018785 5.533350362579035 
0.08379088354668801 0.21200263643134287 5.680822017735123 
0.21983712988830187 0.27849741412555473 5.387250397677314 
0.22682652602683862 0.02471245417998639 5.954975381303959 
0.2259725715479935 0.17333807087502465 5.543656738091719 
0.09352208691815442 0.28240665561411626 5.591536205272256 
0.22545800481491 0.26784340526846684 5.388442477568659 
0.13779856778549726 0.2509208607680439 5.538840540572928 
0.06613545705715182 0.03050072967043166 6.213206431627519 
0.19814785556875814 0.26512200459611696 5.47589898269439 
0.25820776167243287 0.13605149062800598 5.623590807028078 
0.2513755040379366 0.23901653656214833 5.407958017647087 
0.23309403028705572 0.24813370577873117 5.364984916315969 
0.15331214920075023 0.11164790286476456 5.77833902625623 
0.21889039565665655 0.1722495636983864 5.531172204109728 
0.11999971519750068 0.2526426880657137 5.600851447851261 
0.07546920840085934 0.28009047892490313 5.71810631588777 
0.19883024041398004 0.23503089334077087 5.462087112455012 
0.21055340869615968 0.1979964034227018 5.450933533210574 
0.23682786944571282 0.19934544329637793 5.523211383667398 
0.24308570793992446 0.10442523776392276 5.7449493089365555 
0.2324278135534858 0.23754858183340166 5.419580592321232 
0.15909723058553246 0.2514570386822589 5.511795236162435 
0.09056291519971987 0.232137057317344 5.65745419652953 
0.22384925757714363 0.24360824543514148 5.385939720817552 
0.17998877598031177 0.2588110511844973 5.494882095919362 
0.05713595474750253 0.26749892822957394 5.718179459262613 
0.2367926144658279 0.14811207124820713 5.562117652848797 
0.22875496558285913 0.26274932643412563 5.432789439532476 
0.16065185629639667 0.2626473648200302 5.524354740566922 
0.22966602407909742 0.22201575870148604 5.477476824883694 
0.039029908060594753 0.1290001512092943 6.047802675779036 
0.16773809159086397 0.28145926742011873 5.482534804580317 
0.09872069380835347 0.2543924852571035 5.649060718153104 
0.0 0.002779533093933577 6.363516161057809 
0.08294842751672721 0.17037068351851198 5.770284022868974 
0.026058343541689177 0.24031319797152695 5.814726619054995 
0.13323221581243772 0.1401437227882879 5.76263981499413 
0.2258593406587131 0.23695283966094455 5.378359398054307 
0.10070875616230425 0.10713641022508576 5.975961132124128 
