0.0 0.8741489008524457 4.4346183374854276 
0.836774769330787 0.8312584933536148 2.886388580845668 
0.8593267057887976 0.0 5.30647649592435 
0.7795729060650431 0.7702772181218812 3.509279631443876 
0.8347330870530877 0.7501449638504954 3.2333608801809537 
0.0 0.0 7.320551524817651 
0.0 0.0 7.056671862141336 
0.7543362722320844 0.8697671315292848 3.2147463282247486 
0.2668013660053441 0.8727137322462013 3.975248344325203 
0.8508978104697836 0.6446738542822925 4.092500135441321 
0.8138086404799721 0.8421958471515265 2.9358700069257817 
0.16187116545523958 0.8747611712916579 4.1105322065388 
0.24687031648606134 0.6247956526618498 5.390879077177703 
0.7113329728007004 0.8444928062681403 3.5933963389387302 
0.28751619662109235 0.8430746784608121 3.9652187486287467 
0.8482110506167204 0.2074260039098294 4.485793362222938 
0.8688237152251491 0.7047450585866041 3.5727352415230667 
0.782247479775696 0.8007029881545036 3.1529846366857717 
0.862415181076797 0.6102802368614642 4.373299867265815 
0.8316262215654073 0.8408477442117885 2.878938760289212 
0.28587591949514324 0.8684625022283046 3.963861512384734 
0.72237868394574 0.8612932120502618 3.4768291908795717 
0.8738711136887579 0.7064960392705313 3.747685017309469 
0.8217949851405679 0.2165419756656906 4.627752732735183 
0.26644521811747085 0.8081842827549846 4.049901531654255 
0.8933084823775381 0.6778389152804759 3.7932269605250277 
0.7408348324437838 0.8524100943567205 3.3056621813694447 
0.7998228977588988 0.8296983992577017 2.9579634620260835 
0.8429415391223691 0.29754904762864076 4.3969111510081325 
0.842805423538236 0.21772609063203013 4.562877629163805 
0.773229032204243 0.8681000252024338 3.0918359698704396 
0.8395442330998103 0.7406607509167259 3.3095609333617015 
0.687246977128563 0.8720162660405824 3.8023188374937034 
0.8731629568562218 0.7230946142537009 3.411502373403258 
0.8816391493101515 0.6537453949522343 4.186302422071108 
0.7504788638731548 0.2765085833179366 4.903295870287439 
0.0032860467386035125 0.0 7.048046257650858 
0.2757586513938715 0.8661190604507344 3.9752510935541174 
0.0 0.0 7.084852325082379 
0.0 0.0 7.184963200772936 
0.19299430337214868 0.7819152775245521 4.381952952278116 
0.7303286043468781 0.8806954172582026 3.3778253967994147 
0.8859145957718062 0.3075874288558801 4.438506441326062 
0.26915638091088967 0.8729326783482145 3.9800697930084903 
0.7632333604900403 0.8704318221433456 3.1352318509164947 
0.26746527630443 0.6932738390357749 4.8705644367254415 
0.8368853952816597 0.7356679446817938 3.401197311466949 
0.8376567428980772 0.766934194295968 3.1114915646944192 
0.6990320864292232 0.8511298617444663 3.736416353602807 
0.8772899182237719 0.6566163954128625 3.959975608296196 
0.0 0.0 7.107289148612272 
0.8331165972931345 0.7623612296602889 3.073453606814533 
0.1497475192976295 0.8695540956613661 4.136078530288463 
0.02465363974203366 0.0 7.232553678718468 
0.0 0.09235822927366177 6.797366660464983 
0.7402215864891672 0.8667098532972468 3.3369652169966524 
0.7632333604900403 0.8704318221433456 3.1352318509164947 
0.8933084823775381 0.6778389152804759 3.7932269605250277 
0.8410045938904658 0.8205206361583903 2.8746890706257022 
0.88435056808178 0.6262320281970715 4.208303595505622 
0.8358533775051802 0.7448725249679014 3.3242684322657046 
0.848870044167173 0.255209138290534 4.407798633362098 
0.7121074903872602 0.7412308636239313 4.441778242839952 
0.7625336837160797 0.720417955517038 3.934430639795273 
0.8876831745925305 0.3031893882175194 4.495781385900765 
0.18562045527245474 0.3051863062239447 5.906323189200102 
0.7871992190869004 0.8489818443345839 3.0193114027669545 
0.7302387640516077 0.11173097467818727 5.591599484901841 
0.28606207716308985 0.8705233786551241 3.966509772360303 
0.8724799781358025 0.7497222121480268 3.2900683825246926 
0.22217034043100017 0.8758446270177456 4.001032938679021 
0.7304523186711456 0.8910345188797537 3.4519042350770452 
0.2613089738806068 0.3331409590181312 5.723426599234634 
0.7378843091863301 0.8615999829224188 3.3145051584379086 
0.687246977128563 0.8720162660405824 3.8023188374937034 
0.8578928014486553 0.7236449285092396 3.4422203374625124 
0.2706546439998737 0.8719941332967014 3.9739627267927125 
0.28380272591422906 0.8660653932053004 3.969470698659446 
0.7408348324437838 0.8524100943567205 3.3056621813694447 
0.8434284196190365 0.7649815884365336 3.133963011813997 
0.19666159755088997 0.21681785976594942 5.746450489558514 
0.7855563489584253 0.5759793200589142 4.861200891286498 
0.8768554178619836 0.3113817235575488 4.429262764075861 
0.8512106405374482 0.7159368486202259 3.5162954215067335 
0.7192321625657968 0.8784374016340275 3.523940807878736 
0.8510009163034367 0.7044708564387719 3.7567772141446674 
0.26215745542528285 0.18581478020519568 5.870495946349314 
0.7517807190512935 0.8684709113338916 3.23086386826682 
0.26915638091088967 0.8729326783482145 3.9800697930084903 
0.7951180639486151 0.8324018471255936 2.978185009531863 
0.8636707896036105 0.7050700034954202 3.59192852141611 
0.2828107509667038 0.8647173016532386 3.9592353127248328 
0.8616575570690191 0.3045239913994524 4.401094695032737 
0.21438894215873613 0.26992655076415695 5.737132857031952 
0.28579743342243036 0.8667301416277868 3.9703728050726537 
0.8508978104697836 0.6446738542822925 4.092500135441321 
0.16957204837432216 0.1768201049399613 6.086474579429663 
0.7061912561610633 0.8633007986701168 3.5954715932184667 
0.908435266765444 0.30829477828166857 4.448678397062645 
0.8595022051550054 0.09892091328474414 4.728236324567489 
0.694516677428284 0.22985330541809224 5.543634992244108 
0.28595028375793896 0.7932205356541867 4.156833819413767 
0.27058967106874954 0.7196129963720359 4.678943926327983 
0.28587591949514324 0.8684625022283046 3.963861512384734 
0.696525701188041 0.8593157123677954 3.7310621648673057 
0.789804737480033 0.7836333201182368 3.2827530608973174 
0.8541221290238439 0.7302832386547637 3.4279852804216473 
0.2666895736093713 0.8708975746773431 3.975085035695779 
0.7969831103909075 0.8060290712651863 3.081505489966553 
0.8374801975468512 0.7590699114889411 3.166144781992674 
0.05827425198371136 0.8727575384574866 4.3441875649913655 
0.6927040794563748 0.8615709943623504 3.756180726236682 
0.8502615134535441 0.8180283512554183 2.9347503627917453 
0.1698788826847648 0.3700427304864235 6.094007960695355 
0.8700920409404111 0.7114860992856299 3.5781147188806908 
0.8772899182237719 0.6566163954128625 3.959975608296196 
0.8037512138985097 0.19954827824751364 4.877541233839637 
0.8551939654716869 0.6926760304802404 3.748101860266018 
0.27874010191467086 0.7727667726263359 4.2447037425536305 
0.7607767323920616 0.8791345165412816 3.2022919834012744 
0.858228053140498 0.2586966101759398 4.4137522392783834 
0.7113329728007004 0.8444928062681403 3.5933963389387302 
0.8675684060281561 0.6643113405853922 3.9151676827256034 
0.7785963924190192 0.7898386121214305 3.4259312812114504 
0.8549506996160733 0.8078647972287192 2.94853779584155 
0.24687031648606134 0.6247956526618498 5.390879077177703 
0.8331165972931345 0.7623612296602889 3.073453606814533 
0.09546285621384559 0.7561861480147682 4.821362047694326 
0.20484376616663533 0.8748732021920931 4.056163976133522 
0.8259308786292694 0.08476741064235055 5.020251559060294 
0.8662885281284693 0.6278235061009136 4.221477431381175 
0.7921073329258063 0.8223526545319564 3.0291743525433517 
0.8385247063547929 0.291322913179785 4.419533168591297 
0.8167784400174323 0.7880596140994197 3.0664183356912496 
0.11068345606077722 0.8708257401503292 4.207188642919848 
0.08594738500692184 0.6568224347560081 5.518066273656534 
0.8316262215654073 0.8408477442117885 2.878938760289212 
0.8631977509660809 0.6727183114334252 3.8677162517703576 
0.8502615134535441 0.8180283512554183 2.9347503627917453 
0.8153918556405668 0.2650134980799732 4.481588887085211 
0.2757586513938715 0.8661190604507344 3.9752510935541174 
0.858228053140498 0.2586966101759398 4.4137522392783834 
0.22136691212155443 0.8675025794482126 3.979298696304489 
0.8354126871425313 0.7512469978838838 3.170882487305482 
0.7466775627222374 0.8736146919830039 3.30238988848935 
0.7593341080891858 0.8686012330588289 3.1812820454267965 
0.25760175746382474 0.8723762931410564 3.9573997388353295 
0.2618806389946512 0.865716449028811 3.974834479275273 
0.757867336886034 0.8716129099777128 3.182656673664311 
0.835720923822391 0.745454204744916 3.2928669534132093 
0.7760488641853778 0.7101778690869633 4.132805386107453 
0.8391537161694622 0.62353655312603 4.349258116792573 
0.852521754444748 0.6186321601392459 4.3958206581617425 
0.72237868394574 0.8612932120502618 3.4768291908795717 
0.7515043976348509 0.8667288012581795 3.2288207089287355 
0.8818467349730557 0.6644676535539367 3.947795982429962 
0.88435056808178 0.6262320281970715 4.208303595505622 
0.21426680358814937 0.24056326506181322 5.839744331746069 
0.2668013660053441 0.8727137322462013 3.975248344325203 
0.7656838013611729 0.8725935046166917 3.1387316807316488 
0.7140367672996231 0.8577996088784557 3.528210595825563 
0.8408889267911233 0.740245778888426 3.3719909813312685 
0.7175366357018214 0.895701994676792 3.5558531321565234 
0.7871992190869004 0.8489818443345839 3.0193114027669545 
0.8318997434548323 0.7380542058636875 3.366977668460988 
0.7927431099012611 0.7266818977396902 3.788927029379211 
0.1246772028614504 0.0 7.111919435092582 
0.24823563477384583 0.7721966126312318 4.264018733874685 
0.8628103325790111 0.7192634602985306 3.5306994974555046 
0.8590981953102665 0.6957969338791854 3.7247898566245095 
0.23031614027835035 0.8685695795754077 3.999035696029924 
0.7011793461705467 0.30309068498724767 5.4288022676419025 
0.7715339188200281 0.8773727753392465 3.1104269293654823 
0.7590732971518044 0.19356622114910188 5.055345384208754 
0.8422891471446865 0.7689001018640448 3.0992161313777546 
0.0 0.0 7.056671862141336 
0.8627920760991991 0.7136427454419305 3.4715434251918285 
0.7032650915910306 0.8724753761377013 3.667638221447699 
0.9083195946101297 0.17164347102536515 4.663972868564278 
0.2825689847215357 0.8524753291567231 3.963524903772781 
0.2794403783271253 0.17654720511664795 5.943301173431931 
0.8765347684064332 0.7107928456067796 3.682730074578685 
0.23998879992952754 0.695347127255321 4.966946427475425 
0.8367894321723446 0.688966238655611 3.8703561640221715 
0.8268372146092184 0.7322710269668825 3.4940320866041548 
0.2505103254031661 0.7341987227727416 4.513558668112245 
0.7085154909639753 0.26636776479590096 5.158500456216104 
0.8435604616484896 0.7327689312087683 3.3897062426499533 
0.17997597524717268 0.30285730208509043 5.938181319951823 
0.7039725018786985 0.8524237350670829 3.6555133361370475 
0.7347331135721293 0.8742226246019507 3.3692942314985537 
0.28380272591422906 0.8660653932053004 3.969470698659446 
0.2616023795791039 0.8732620115558805 3.9595856664668583 
0.8068054326429963 0.8506740235060742 2.9369496774713046 
0.19666159755088997 0.21681785976594942 5.746450489558514 
0.6828499425125721 0.8521055138365542 3.8443300134345093 
0.842805423538236 0.21772609063203013 4.562877629163805 
0.8636707896036105 0.7050700034954202 3.59192852141611 
0.7303286043468781 0.8806954172582026 3.3778253967994147 
0.21438894215873613 0.26992655076415695 5.737132857031952 
0.0032860467386035125 0.0 7.048046257650858 
0.24835712180129138 0.6511532472441462 5.233300916464599 
0.7095924131234417 0.8289918236595403 3.636881619502955 
0.8785912592656879 0.687374180879269 3.8110655031410903 
0.8578928014486553 0.7236449285092396 3.4422203374625124 
0.6832429747066505 0.8631198756869229 3.8685423449020053 
0.8002001349294272 0.665799545455773 4.3592724993928895 
0.8808134104403313 0.6345088431648596 4.097301040021001 
0.7323085975208677 0.8082834092768799 3.779892765621769 
0.6806947060191297 0.8627241422452472 3.9088002099925627 
0.8368853952816597 0.7356679446817938 3.401197311466949 
0.6777840498374629 0.8262494607029381 3.9258847779392587 
0.21740988352924795 0.7972813196109898 4.254889857718348 
0.908435266765444 0.30829477828166857 4.448678397062645 
0.872086928940978 0.660261139468223 3.9802888722481975 
0.8675684060281561 0.6643113405853922 3.9151676827256034 
0.7362296508617856 0.862315640126806 3.3416505879062073 
0.2817424082168124 0.8646689220877449 3.9691092012189 
0.7505770232853883 0.8723328611668172 3.249506062158968 
0.28751619662109235 0.8430746784608121 3.9652187486287467 
0.8727340000039823 0.6375466262028378 4.148141975769889 
0.8876831745925305 0.3031893882175194 4.495781385900765 
0.21438894215873613 0.26992655076415695 5.737132857031952 
0.8297542743261623 0.7811992340474314 3.054814892267677 
0.8259308786292694 0.08476741064235055 5.020251559060294 
0.8321625219105502 0.7490842990190767 3.251122906941592 
0.8354647151777052 0.746606353353086 3.2680367390148146 
0.2858630436116458 0.8674618643228558 3.9701059021925387 
0.6828499425125721 0.8521055138365542 3.8443300134345093 
0.8898834823863166 0.6751836181333407 3.902369497088798 
0.8429415391223691 0.29754904762864076 4.3969111510081325 
0.26932921060589377 0.8160520190111888 4.028699852383496 
0.8482110506167204 0.2074260039098294 4.485793362222938 
0.8374801975468512 0.7590699114889411 3.166144781992674 
0.8749485407385137 0.7014757671883938 3.6432698404882973 
0.6844005650959648 0.7726910565515855 4.141157648337643 
0.8627920760991991 0.7136427454419305 3.4715434251918285 
0.8430087169053793 0.7390700459266615 3.351558439354492 
0.7332278789937405 0.872586436907199 3.3802493709947026 
0.8702429337906531 0.7008314999088684 3.6983782850654747 
0.2408548170427408 0.7638261195240097 4.30060712543565 
0.16957204837432216 0.1768201049399613 6.086474579429663 
0.8845489630233486 0.6723900670271956 3.7983467664818513 
0.16187116545523958 0.8747611712916579 4.1105322065388 
0.0 0.010961408684724061 7.259209706456361 
0.7825300020590308 0.28782316537031993 4.649232503412486 
0.7229504248162963 0.895692381466989 3.5096201023279705 
0.8679952006207683 0.6278015630769438 4.271298330406309 
0.6847206853118506 0.8508376355773751 3.81667262802993 
0.6742872729646433 0.10515616867912123 6.032000778900127 
0.7319476809145968 0.8615902207819564 3.406457295507763 
0.0 0.21493203093687624 6.429097452883252 
0.7044775629960216 0.3164551699448843 5.222824318050624 
0.24889302870462784 0.6675684710860322 5.098230180252633 
0.24914890933772463 0.8735809429876016 3.970163309356672 
0.8068054326429963 0.8506740235060742 2.9369496774713046 
0.840350596809228 0.7701842355774899 3.1587869407031235 
0.7039725018786985 0.8524237350670829 3.6555133361370475 
0.8741909082342437 0.6494100918751259 4.031368015500476 
0.8628852624866136 0.7192711408990466 3.482564732583546 
0.8701456848430309 0.7129016620370624 3.624895444398439 
0.28894108802358265 0.8722077028033707 3.9698596423134247 
0.8549506996160733 0.8078647972287192 2.94853779584155 
0.7812529618825641 0.07878535354393879 5.084299257590621 
0.853459319742815 0.6975940520326986 3.713693529715089 
0.2730632974139726 0.8698667327358334 3.9732543174845514 
0.7878200191829096 0.8431420948121903 3.01446077799809 
0.7005050109216993 0.8536895883182052 3.6988169565816964 
0.26215745542528285 0.18581478020519568 5.870495946349314 
0.7466775627222374 0.8736146919830039 3.30238988848935 
0.8676173565633372 0.6285375725995745 4.217306408432979 
0.8167784400174323 0.7880596140994197 3.0664183356912496 
0.757867336886034 0.8716129099777128 3.182656673664311 
0.8298112261480843 0.27568353563609715 4.629593809376001 
0.8688237152251491 0.7047450585866041 3.5727352415230667 
0.2817424082168124 0.8646689220877449 3.9691092012189 
0.22136691212155443 0.8675025794482126 3.979298696304489 
0.7266159481619543 0.8336195286599252 3.454971329643561 
0.7315214789626208 0.8154766298966212 3.5067993719318675 
0.8628852624866136 0.7192711408990466 3.482564732583546 
0.848870044167173 0.255209138290534 4.407798633362098 
0.8354126871425313 0.7512469978838838 3.170882487305482 
0.7020590575077088 0.8745384931423051 3.603150389901241 
0.2828107509667038 0.8647173016532386 3.9592353127248328 
0.8215122118074654 0.7945726498252472 3.0324075933526777 
0.7319476809145968 0.8615902207819564 3.406457295507763 
0.20913706332956147 0.8364226828152943 4.014486730897703 
0.8845489630233486 0.6723900670271956 3.7983467664818513 
0.7554701477772188 0.8833420613649071 3.2126391803142478 
0.7006476268607635 0.860207525025616 3.7190954000818377 
0.8358533775051802 0.7448725249679014 3.3242684322657046 
0.15173018082336726 0.3722248718879773 6.0327238147257 
0.7378843091863301 0.8615999829224188 3.3145051584379086 
0.25760175746382474 0.8723762931410564 3.9573997388353295 
0.0 0.0 7.072988665557807 
0.2505103254031661 0.7341987227727416 4.513558668112245 
0.11068345606077722 0.8708257401503292 4.207188642919848 
0.24232093522742082 0.7007914323788305 4.817208991668457 
0.7632333604900403 0.8704318221433456 3.1352318509164947 
0.21438894215873613 0.26992655076415695 5.737132857031952 
