0.7021148260966493 0.9888792615411759 0.9931001181108039 0.4973146853725319 0.487834118691009 0.49054000844430207 0.5061433555154398 0.49922161562945927 0.460069354185494 0.49851534314746293 0.5226782398955481 0.5070107341518795 
0.6938409267381116 0.8451837216167217 0.993091448735113 0.5062523336383535 0.4950032953226448 0.5330182545761738 0.5197560507664882 0.5136396500058383 0.49543814572534456 0.5083898507760256 0.5068632478814021 0.496108524976321 
0.6474608211550552 0.914187461865885 0.993091448735113 0.4883838224810404 0.5028274626890286 0.5221724550405553 0.5203815793053816 0.4956747762175199 0.48775995190375643 0.4959048215948162 0.5074131930844572 0.4961575965522594 
0.6585388243323119 0.9054240468105338 0.9930862471096985 0.4882143533605697 0.4764769374821739 0.5247132677228945 0.5230464152589807 0.4991092358226042 0.482448373064071 0.49416017048992034 0.5063753911879143 0.4894357618660034 
0.6938409267381116 0.8451837216167217 0.993091448735113 0.5062523336383535 0.4950032953226448 0.5330182545761738 0.5197560507664882 0.5136396500058383 0.49543814572534456 0.5083898507760256 0.5068632478814021 0.496108524976321 
0.6585388243323119 0.9054240468105338 0.9930862471096985 0.4882143533605697 0.4764769374821739 0.5247132677228945 0.5230464152589807 0.4991092358226042 0.482448373064071 0.49416017048992034 0.5063753911879143 0.4894357618660034 
0.6566848826069137 0.9041915357787855 0.9930862471096985 0.48920328884604425 0.4775714790107364 0.5293862204767121 0.5204225402114498 0.4951552210034302 0.48194364401333 0.4938246396205739 0.5054425515514718 0.48967441539974377 
0.6771168463979109 0.8759201397295019 0.9930888479224058 0.4967388757567243 0.48519284563812815 0.5265292847726253 0.5227131705364998 0.5083514503238082 0.4891956239200783 0.5014427760676462 0.5070857393528795 0.49265281665429206 
0.9902152373370333 0.8081413486489466 0.9940892734411414 0.4041393233192557 0.48022001059564845 0.4569967413423991 0.5107862751758281 0.4716087521125446 0.45898874941219564 0.5150818231195547 0.4904371593163919 0.5109466327852655 
0.18973694455151674 0.9930685552518679 0.7052149753586183 0.5038206107834867 0.502616565649554 0.49743334084537516 0.4962387011034183 0.4833533317618137 0.4943078391498328 0.5152918092265177 0.5308694783797632 0.49329116702935544 
0.6507682836545525 0.6908906088555993 0.5919738562748654 0.5006727424775649 0.49998300607332014 0.49955894798805267 0.5015598670448023 0.5019410722426014 0.4986305668947205 0.4993630566456094 0.5017874617927582 0.5002429577452416 
0.6359458360353307 0.6630752166758658 0.663831373654834 0.5005344579226464 0.4999162286647496 0.4995511475136585 0.5013849581138476 0.5019786719769255 0.4988878026400929 0.49850300198518366 0.5013400101357408 0.500322249008744 
0.6359458360353307 0.6630752166758658 0.663831373654834 0.5005344579226464 0.4999162286647496 0.4995511475136585 0.5013849581138476 0.5019786719769255 0.4988878026400929 0.49850300198518366 0.5013400101357408 0.500322249008744 
0.6837684301539974 0.7521152744146945 0.7069076539532009 0.500766227804573 0.4995002250630355 0.5001977636378292 0.5009436082312902 0.5008984019321194 0.4995758861395369 0.498200841269295 0.5007938868477821 0.5004780940939393 
0.8231353608852623 0.8444968857074047 0.8170808523439607 0.49878466261945653 0.5011723040398621 0.5030492045894561 0.5016712521857799 0.5019153312510298 0.5004385145035541 0.498933855002858 0.5005606282227364 0.500007385164507 
0.5731231710392872 0.7067011973497606 0.6561983781138773 0.5021974053501043 0.49833220681311297 0.49982616981155814 0.49938577629398073 0.49799364055792605 0.49804068744528207 0.49902881056093024 0.5005300862999431 0.5008646134369705 
0.9930941387549446 0.8399867715844029 0.9161958000277943 0.47607774041498496 0.49422540454777525 0.5187077245648426 0.5329104040177401 0.4799208790164467 0.5121788698678168 0.4914062031412876 0.49514516670443653 0.4880112708966333 
0.32420183551404 0.9930955099300796 0.8341247899495805 0.46676579972737336 0.5126283379612301 0.4909263312228268 0.4972860259193492 0.4731143579541762 0.484338569107232 0.48060828514731563 0.5152343071129217 0.4976730108965485 
0.6507682836545525 0.6908906088555993 0.5919738562748654 0.5006727424775649 0.49998300607332014 0.49955894798805267 0.5015598670448023 0.5019410722426014 0.4986305668947205 0.4993630566456094 0.5017874617927582 0.5002429577452416 
0.6837684301539974 0.7521152744146945 0.7069076539532009 0.500766227804573 0.4995002250630355 0.5001977636378292 0.5009436082312902 0.5008984019321194 0.4995758861395369 0.498200841269295 0.5007938868477821 0.5004780940939393 
0.7447484622902375 0.8294995153663699 0.7634805838404054 0.5009728307515775 0.4990381940020458 0.5003381300261309 0.5004840604570314 0.5000802511263542 0.5000420722554717 0.4982145100875549 0.5003485807899698 0.5004733921778823 
0.6664754086544467 0.6975670443416281 0.6740184932240393 0.5013411311424092 0.4989931262148971 0.498196082795326 0.500128056215005 0.5000623325608022 0.4981865421066508 0.49878956861821644 0.5007382931130457 0.5002649098013983 
0.7167685766534422 0.8133399399737897 0.8218414516315364 0.5008597131315813 0.49901744405275084 0.5008365792876056 0.5003273494177782 0.4998557316216375 0.5005212053843532 0.49703862589298053 0.49980031190280605 0.5007132304426369 
0.9930941387549446 0.8399867715844029 0.9161958000277943 0.47607774041498496 0.49422540454777525 0.5187077245648426 0.5329104040177401 0.4799208790164467 0.5121788698678168 0.4914062031412876 0.49514516670443653 0.4880112708966333 
0.19054032915242414 0.9930685552518679 0.705227841717774 0.507606590916342 0.5026209404762776 0.4972655009320657 0.4970368108303921 0.482744303737094 0.4947130553174601 0.5154136180941042 0.5318081167504067 0.4934401078044405 
0.7167685766534422 0.8133399399737897 0.8218414516315364 0.5008597131315813 0.49901744405275084 0.5008365792876056 0.5003273494177782 0.4998557316216375 0.5005212053843532 0.49703862589298053 0.49980031190280605 0.5007132304426369 
0.628093732286267 0.6773199295873539 0.6763378528566912 0.501284389111933 0.49902528327262896 0.4989384704917701 0.5001692572439823 0.500043044281276 0.49845401144735535 0.4983477101154238 0.5006129448369351 0.500468816143879 
0.7127091887716902 0.7035694461844142 0.6591926543895301 0.5006479419835987 0.4998519145492859 0.4980663721207704 0.501302556055893 0.502017248535978 0.49835286395868383 0.4993867189907689 0.5015907066879621 0.49991443632378263 
0.7447484622902375 0.8294995153663699 0.7634805838404054 0.5009728307515775 0.4990381940020458 0.5003381300261309 0.5004840604570314 0.5000802511263542 0.5000420722554717 0.4982145100875549 0.5003485807899698 0.5004733921778823 
0.9930911273183693 0.7582059519212327 0.8910207931648094 0.4789724777990799 0.4978943440350663 0.4897632006011345 0.5298252253709455 0.4788072222243165 0.47887642291045596 0.49079650967246463 0.49988530192688435 0.4847838448998003 
0.18973694455151674 0.9930685552518679 0.7052149753586183 0.5038206107834867 0.502616565649554 0.49743334084537516 0.4962387011034183 0.4833533317618137 0.4943078391498328 0.5152918092265177 0.5308694783797632 0.49329116702935544 
0.707197894199312 0.7350561584821089 0.7442823715288129 0.5005855246744035 0.4998381554537834 0.4985909947225693 0.5009431277028349 0.5010825476075154 0.499219986302056 0.4972870085389083 0.5005432310055633 0.5003073941708349 
0.7241798004630531 0.8272476360636565 0.7859126929415521 0.5009288554090405 0.4990508327570361 0.5008404795248027 0.5004148038832555 0.49983693175447547 0.500392587511667 0.49746865322319345 0.5000240377313148 0.5006735848108858 
0.6770831596896996 0.6675789752812926 0.6189671554525407 0.5006224086077202 0.499890951154769 0.49854644851631497 0.5015234712613994 0.502465310720683 0.4981867721277023 0.49999471571390663 0.5019890962530509 0.49992186374273717 
0.9930916924415016 0.7470970425013737 0.851947416818251 0.48312375867708046 0.49868060724619756 0.49966782530065834 0.5319662673870111 0.4788498836724264 0.5094106249712966 0.4879189297828091 0.5028076483913244 0.4704432849499841 
0.19275850256731145 0.9930685552518679 0.7052226951741117 0.5075369385516809 0.502661702692291 0.49692210942762177 0.49644909476196003 0.4829638587132469 0.4945265234791099 0.5150120203252186 0.5312706432204766 0.4934056125629186 
0.7041655439491411 0.7776770846383106 0.6246076116609619 0.4996516143336911 0.49909991963960754 0.500050295905869 0.5005378881172846 0.5018761636459357 0.4990821091739187 0.49737108520419004 0.5002927528417901 0.5003496259902409 
0.8027770292994274 0.8517847230922071 0.8295757410201161 0.4992537214020315 0.497613017602363 0.4987642749077006 0.5015505729799901 0.5019137605600665 0.500224696021998 0.49743528519978897 0.4996744550193082 0.5008467987514273 
0.9930881158817942 0.7536793852277758 0.9007184237767514 0.4821003117549506 0.49952203040206733 0.5045959174755347 0.5259673540289217 0.47817904368671416 0.5099260860390866 0.4895264574265299 0.5025662184179674 0.4822920774400537 
0.19275850256731145 0.9930685552518679 0.7052226951741117 0.5004078419223431 0.502661702692291 0.49692210942762177 0.49644909476196003 0.4829638587132469 0.4945265234791099 0.5150120203252186 0.5312706432204766 0.4934056125629186 
0.7041655439491411 0.7776770846383106 0.6246076116609619 0.4996516143336911 0.49909991963960754 0.500050295905869 0.5005378881172846 0.5018761636459357 0.4990821091739187 0.49737108520419004 0.5002927528417901 0.5003496259902409 
0.9930896216000817 0.7559426685745043 0.8958696084707805 0.48053639477701526 0.4987081872185668 0.49717955903833455 0.5278962896999335 0.4784931329555153 0.4944012544747713 0.4901614835494973 0.5012257601724259 0.483537961169927 
0.15299454371084412 0.9930685552518679 0.6867412840802987 0.47997747052185474 0.5049047081270642 0.498926734481913 0.4950463120854327 0.48256348317306175 0.49457635428421237 0.5032046612418334 0.5309692531522933 0.49420768055559766 
0.9930896216000817 0.7559426685745043 0.8958696084707805 0.48053639477701526 0.4987081872185668 0.49717955903833455 0.5278962896999335 0.4784931329555153 0.4944012544747713 0.4901614835494973 0.5012257601724259 0.483537961169927 
0.9930992974457177 1.0 1.0 0.4979569621906009 0.4937025420477289 0.4998433935516628 0.4883062543870961 0.4986172980612535 0.49841008395240555 0.4765595911593202 0.4567090241870028 0.5161309629421804 
0.7164451606721638 0.9931224696780738 1.0 0.46841372868815945 0.5124582928673278 0.4753073847075121 0.5151415637812914 0.4647744687388745 0.48807017625182525 0.46655500194847066 0.500101911120049 0.5017864373842011 
0.8314225808362462 0.9234688448437309 1.0 0.5015998192852333 0.4975290942007219 0.49976730906985933 0.5015439665610244 0.49742370544154363 0.5034678512970461 0.4941376792020359 0.49892429731995136 0.5025567199467298 
0.8301318654825468 0.8831715097197617 1.0 0.5001841267349703 0.49862799382559453 0.4956891640795018 0.5021697919676278 0.4975937477220216 0.5036732423287451 0.4939701152108177 0.4990516455342513 0.5023253386146059 
0.8248241328617052 0.8686474887697362 1.0 0.501900758127334 0.49588962346539817 0.495734547401657 0.5006033195035791 0.5008686419407143 0.5033987366558739 0.4918889423644422 0.4983153714922889 0.501366375429521 
0.8442185187791048 0.8861370747563994 1.0 0.5027326546044764 0.4974848706699801 0.4945550629025684 0.5015832047481898 0.4996844566796843 0.5032843014542756 0.49386628049744097 0.4989778358404745 0.5017273992392822 
0.8264530736829083 0.8743084959247165 1.0 0.5017427191172144 0.4957903358459833 0.4958010906848558 0.501075756487657 0.5012311381120738 0.5034410199930326 0.49204454066209724 0.4984785679230334 0.5013804998162615 
0.7872664315363598 0.8545330399652427 1.0 0.5021226585708023 0.49691266905433895 0.49566194046916434 0.5004978967674847 0.5016222314046161 0.5034792815984241 0.49161589143511464 0.4986105252538274 0.5010233608913752 
0.993079238993588 0.8111833266112017 1.0 0.539223479411473 0.4996858696586281 0.4624362781725583 0.515000563273007 0.4714154348235057 0.46048180925008136 0.500358851916503 0.49358165103966545 0.522942804285291 
0.8175130458614412 0.999999979720869 0.996547816592882 0.49906907420700297 0.49652706759336585 0.4993985396669359 0.5003306270636517 0.49840024831517604 0.5017724060818269 0.4963933456758117 0.4961478303084669 0.5016498670435721 
0.7021148260966493 0.9888792615411759 0.9931001181108039 0.4973146853725319 0.487834118691009 0.49054000844430207 0.5061433555154398 0.49922161562945927 0.460069354185494 0.49851534314746293 0.5226782398955481 0.5070107341518795 
0.649709501138938 0.9392557181719813 0.9930966503605275 0.4876056021120624 0.4842277778077607 0.5068449326567486 0.5230220099876317 0.5010332840580297 0.4710183706449482 0.4977454988734094 0.5085197837371774 0.5042167812432419 
0.6771168463979109 0.8759201397295019 0.9930888479224058 0.4967388757567243 0.48519284563812815 0.5265292847726253 0.5227131705364998 0.5083514503238082 0.4891956239200783 0.5014427760676462 0.5070857393528795 0.49265281665429206 
0.6474608211550552 0.914187461865885 0.993091448735113 0.4883838224810404 0.5028274626890286 0.5221724550405553 0.5203815793053816 0.4956747762175199 0.48775995190375643 0.4959048215948162 0.5074131930844572 0.4961575965522594 
0.9902152373370333 0.8081413486489466 0.9940892734411414 0.4041393233192557 0.48022001059564845 0.4569967413423991 0.5107862751758281 0.4716087521125446 0.45898874941219564 0.5150818231195547 0.4904371593163919 0.5109466327852655 
1.0 0.9239041558347192 0.9904788014248485 0.4978616073248187 0.5007108662340912 0.5001234945391118 0.5032384136715352 0.5053646359314499 0.5032736273655509 0.4955428751195333 0.49998358101291884 0.4997831776041882 
0.9008408194249056 1.0 0.9999485345633775 0.5047347894843132 0.49705505252037957 0.503731871413098 0.502275656428063 0.5003613784819563 0.502682304976899 0.49667837997713793 0.5009258565683825 0.5025893092164284 
0.32420183551404 0.9930955099300796 0.8341247899495805 0.46676579972737336 0.5126283379612301 0.4909263312228268 0.4972860259193492 0.4731143579541762 0.484338569107232 0.48060828514731563 0.5152343071129217 0.4976730108965485 
0.8630364816963092 0.9873565727470587 0.9856400153596433 0.5076228905500214 0.5270623684278548 0.4984285765496145 0.5028545674966165 0.49710727958648687 0.5023650069284366 0.49708869943027806 0.44656175909423135 0.502738820368871 
0.552550885974449 0.9836029384544466 0.9879425225075764 0.5016995424335647 0.4908198358110401 0.4725352748029743 0.49257061008099884 0.5234554384480841 0.5190285807629158 0.4998101417897089 0.4929793462981369 0.4898495488792982 
0.9930869856355297 0.7849322766753004 0.9743755943729074 0.47391435416419425 0.4963157588929853 0.48260677074395775 0.5215000060114814 0.47646101280970987 0.5125094245555829 0.4960628268298835 0.4965644796685695 0.5114807052350223 
1.0 0.8774260882471439 0.9392675989967236 0.4965897210456317 0.5019431960556215 0.4987914812092954 0.5030027750509345 0.5047413167092769 0.502041106210176 0.49790773341075223 0.500827451770345 0.49925310219088226 
0.8900543575688983 1.0 0.999958827650702 0.4970881319604795 0.4971956789061191 0.5017414247837646 0.5019033603637079 0.5006886760450009 0.503956187914155 0.49693713595836514 0.5019179234049425 0.5016750705066986 
0.19275850256731145 0.9930685552518679 0.7052226951741117 0.5075369385516809 0.502661702692291 0.49692210942762177 0.49644909476196003 0.4829638587132469 0.4945265234791099 0.5150120203252186 0.5312706432204766 0.4934056125629186 
0.9873668889393451 0.8016742984643052 0.8848981866350039 0.49388712504633525 0.4542607444231985 0.4699133836165069 0.5010434409729766 0.48949710727561124 0.5059652841985772 0.5118927261958902 0.4940420399879001 0.46126221815509516 
0.9930869856355297 0.7758972040674941 0.978865176469868 0.47379774999894947 0.4979495039798049 0.4847866680764869 0.5216852699967903 0.4780937207904943 0.5132510104767669 0.49528161720584096 0.4967215254890872 0.510973197339686 
1.0 0.9168469314324724 0.9904788014248485 0.49797255754655284 0.5012223890285616 0.5000871910728654 0.503185702303488 0.5057414306634008 0.5033138998368261 0.4954063496548695 0.5001311578936881 0.49961167033511533 
0.8614297124944944 0.9999999898604345 0.9982378824908053 0.49832182026728394 0.49699001308548796 0.5017845976736324 0.5005614316527198 0.4996551791791565 0.5019746212807905 0.4962853139211646 0.498048174587996 0.5021134304304844 
0.19275850256731145 0.9930685552518679 0.7052226951741117 0.5004078419223431 0.502661702692291 0.49692210942762177 0.49644909476196003 0.4829638587132469 0.4945265234791099 0.5150120203252186 0.5312706432204766 0.4934056125629186 
0.9930869856355297 0.7758972040674941 0.978865176469868 0.47379774999894947 0.4979495039798049 0.4847866680764869 0.5216852699967903 0.4780937207904943 0.5132510104767669 0.49528161720584096 0.4967215254890872 0.510973197339686 
1.0 0.9905828337814382 0.9841338295715752 0.4979854034857883 0.4959636533455794 0.4947694666186456 0.5035891332821243 0.5040196146706886 0.5016858440392834 0.4972787915857033 0.49950733667659547 0.5010165992983107 
0.8207265842650711 0.999999979720869 0.9965992820295047 0.5007253622389832 0.49654456690026016 0.49872718001369803 0.5035230659715471 0.495964136216297 0.5033932707523362 0.496880581146158 0.49990238379104107 0.5022456301439122 
0.9924664300871322 0.9960433429292084 0.9851005574182276 0.4866547056402642 0.4450139501921789 0.4883655835787869 0.5080095627221832 0.44262107033530373 0.49288146777350605 0.5057800365131326 0.48808581540023077 0.38185944839094393 
1.0 0.8521392540203923 0.9140203992977771 0.5000479410796858 0.49959711607201696 0.4927507986144975 0.5043966078308326 0.5020816296228168 0.5012010128349587 0.4990272689586329 0.5033661446537134 0.49990811896731535 
0.8928448698271647 1.0 0.999958827650702 0.4978595008204642 0.49537412065544 0.4994621776946309 0.5017985899040871 0.5018102725841551 0.5020965280853122 0.49548385140880896 0.49775820335065407 0.501779161179072 
1.0 1.0 1.0 0.49845793553871226 0.4946392135278739 0.4961922329113636 0.5035759427054008 0.5019889543883281 0.5025098697181567 0.4975636851909868 0.4984378593743444 0.5018411442738003 
0.9930992974457177 1.0 1.0 0.4979569621906009 0.4937025420477289 0.4998433935516628 0.4883062543870961 0.4986172980612535 0.49841008395240555 0.4765595911593202 0.4567090241870028 0.5161309629421804 
0.6956132172812978 0.9931224646082911 1.0 0.46699729986883187 0.5123262966355744 0.47422405177097154 0.5006700416044529 0.4642841861971794 0.4878427015280572 0.46648374337313914 0.4989074045550701 0.5015515768409871 
0.8301318654825468 0.8831715097197617 1.0 0.5001841267349703 0.49862799382559453 0.4956891640795018 0.5021697919676278 0.4975937477220216 0.5036732423287451 0.4939701152108177 0.4990516455342513 0.5023253386146059 
0.8243482357883665 0.9169153675693844 1.0 0.500007047904206 0.49698859399111994 0.5010056812342545 0.5011039451722569 0.49642997181955184 0.5036293549926447 0.49322866779966756 0.49835542877614547 0.5028684495634812 
0.8372062105304265 0.8897249869941082 1.0 0.5017768981159976 0.4991684940351965 0.4944507919151066 0.5026098133563953 0.4985874813440133 0.5035117386331465 0.494879126613186 0.4996205140780572 0.5020136089978544 
0.8119926621617047 0.8775607778886823 1.0 0.5015286028695116 0.4965196621712944 0.49530247319449894 0.5004059954214144 0.4999725297993141 0.5032815421607713 0.4919669192607452 0.4987422809077565 0.5010301304172855 
0.8264530736829083 0.8743084959247165 1.0 0.5017427191172144 0.4957903358459833 0.4958010906848558 0.501075756487657 0.5012311381120738 0.5034410199930326 0.49204454066209724 0.4984785679230334 0.5013804998162615 
0.993079238993588 0.8093955111118254 1.0 0.539223479411473 0.4996858696586281 0.4624362781725583 0.515000563273007 0.4714154348235057 0.46048180925008136 0.500358851916503 0.49358165103966545 0.522942804285291 
0.8553173835900376 0.9999999898604345 0.998232735947143 0.49791008315832175 0.4965833573748103 0.5016814932330205 0.5004486323850474 0.5003245036674153 0.5016696574426808 0.49654279399661194 0.4971482355475663 0.501827864279346 
0.31116083044549264 0.9927081914128772 0.9972981683655042 0.4516224234145182 0.5422365143522804 0.4843454157510131 0.4693477111516027 0.48121270877745714 0.4551950652757234 0.56088545802072 0.4964405565908672 0.5273354620852 
0.5063479187885407 0.9869461074028858 0.9964607135021343 0.4657993690633788 0.5559324518751282 0.4815915688385689 0.4183855640513509 0.48591202667747424 0.45076473936979106 0.5396265286300663 0.49425972986408007 0.5037168544168505 
0.8674749694339194 0.9819769045580694 0.9965238691835963 0.4875742906045982 0.5089046184748707 0.47442423274036993 0.497646773058994 0.4859770356744464 0.45838549588575905 0.4838585320998676 0.4718330494012943 0.46953671529329366 
0.9929433647346987 0.9087116359712836 0.9982954697306166 0.4855411888053055 0.4988568510307969 0.4720107940014775 0.5171415476389268 0.47599120240466913 0.4706948017924859 0.4995362986492277 0.4862052044907457 0.49046485720006194 
1.0 0.9349170766480851 0.9814996372309273 0.4982057658770424 0.4979548988549224 0.49572739640780705 0.5028151743328702 0.502476014701832 0.501830727994458 0.49696876890295455 0.49981706625265265 0.5006266861257878 
0.8630364816963092 0.9999999898604345 0.9982636152091166 0.5058937805329944 0.4969987627389351 0.5014489178470134 0.5021576511066674 0.49843712312971694 0.5027850536160452 0.4965289316563377 0.49992545132928307 0.5024113119806545 
0.5812951410633133 0.9954673789619888 0.9937200955035326 0.4816685024534555 0.5077994253969688 0.508522247803564 0.512324935420065 0.5018888981419002 0.4955005098207145 0.49885245059772343 0.4973539444561686 0.5280629869956424 
0.6643047304022471 0.9903968567677413 0.9933240583821686 0.5077209048842655 0.5176148184691667 0.48074013245726344 0.5479973448929005 0.46484543596600714 0.5150113672030492 0.503864409786683 0.5351428630475841 0.4824496883215625 
0.9945505019094678 0.9550795563735524 0.9930310607650616 0.4964158688543872 0.4970700847529288 0.4705020285013423 0.5028740263091906 0.4767940656838492 0.4609867821192688 0.5039753741115895 0.4809665602066121 0.47934108939024267 
1.0 0.9349170766480851 0.9814996372309273 0.4982057658770424 0.4979548988549224 0.49572739640780705 0.5028151743328702 0.502476014701832 0.501830727994458 0.49696876890295455 0.49981706625265265 0.5006266861257878 
0.9008408194249056 1.0 0.9999485345633775 0.5047347894843132 0.49705505252037957 0.503731871413098 0.502275656428063 0.5003613784819563 0.502682304976899 0.49667837997713793 0.5009258565683825 0.5025893092164284 
0.485454992299043 0.9964022588271448 0.983205710433162 0.4864892078399345 0.4832105923252633 0.49712480307437223 0.5031714325042881 0.5236652562437812 0.5017642649483108 0.49702565331041715 0.49059553492156516 0.4993979295653332 
0.9962956138606726 0.9939725312004553 0.9871004339251968 0.49384164094749294 0.49238010319744396 0.47922673125971926 0.4999865045792691 0.4845500962228229 0.4965773760974638 0.4970661780378938 0.48406588356444646 0.46949236384089404 
1.0 0.886562532104719 0.948411433070458 0.5001429292317379 0.4981832893606688 0.4928791988229332 0.5041025930749374 0.5025233077189284 0.5014386421325054 0.4982256327399507 0.5025009343643427 0.500049573164678 
0.8392673047407471 1.0 0.9999382414760529 0.4975602834613402 0.49574157421922305 0.5010971500862645 0.5009099135034303 0.5017209316820685 0.50188985726889 0.4975617821418705 0.4974183753388089 0.5017481696317078 
0.9925288289042387 0.9967027857743402 0.9875837978485229 0.4881762920247309 0.4669052516207437 0.4760247897397899 0.5021967192992985 0.4538508240551305 0.49217518796457504 0.5013168005016084 0.47835512292626414 0.4099137883872107 
1.0 0.8733881181023598 0.9557053537661562 0.4991040821141357 0.4991930473248468 0.494677704191164 0.5036323280614486 0.5028012651849088 0.5018775729254374 0.49746312680364946 0.5017190750170221 0.4999370850760668 
0.8392673047407471 1.0 0.9999382414760529 0.4975602834613402 0.49574157421922305 0.5010971500862645 0.5009099135034303 0.5017209316820685 0.50188985726889 0.4975617821418705 0.4974183753388089 0.5017481696317078 
1.0 1.0 1.0 0.49845793553871226 0.4946392135278739 0.4961922329113636 0.5035759427054008 0.5019889543883281 0.5025098697181567 0.4975636851909868 0.4984378593743444 0.5018411442738003 
0.9930992974457177 1.0 1.0 0.4979569621906009 0.4937025420477289 0.4998433935516628 0.4883062543870961 0.4986172980612535 0.49841008395240555 0.4765595911593202 0.4567090241870028 0.5161309629421804 
0.7164451606721638 0.9931224696780738 1.0 0.46841372868815945 0.5124582928673278 0.4753073847075121 0.5151415637812914 0.4647744687388745 0.48807017625182525 0.46655500194847066 0.500101911120049 0.5017864373842011 
0.8314225808362462 0.9234688448437309 1.0 0.5015998192852333 0.4975290942007219 0.49976730906985933 0.5015439665610244 0.49742370544154363 0.5034678512970461 0.4941376792020359 0.49892429731995136 0.5025567199467298 
0.8372062105304265 0.8897249869941082 1.0 0.5017768981159976 0.4991684940351965 0.4944507919151066 0.5026098133563953 0.4985874813440133 0.5035117386331465 0.494879126613186 0.4996205140780572 0.5020136089978544 
0.8619839638753013 0.8979656535880822 1.0 0.5037225900917385 0.4991794054939769 0.493309035120281 0.5020906530087228 0.4981377752472949 0.5031275829155186 0.4956880203327847 0.49947710375791554 0.5020742986623029 
0.8442185187791048 0.8861370747563994 1.0 0.5027326546044764 0.4974848706699801 0.4945550629025684 0.5015832047481898 0.4996844566796843 0.5032843014542756 0.49386628049744097 0.4989778358404745 0.5017273992392822 
0.993079238993588 0.8093955111118254 1.0 0.539223479411473 0.4996858696586281 0.4624362781725583 0.515000563273007 0.4714154348235057 0.46048180925008136 0.500358851916503 0.49358165103966545 0.522942804285291 
0.8900543575688983 1.0 0.999958827650702 0.4970881319604795 0.4971956789061191 0.5017414247837646 0.5019033603637079 0.5006886760450009 0.503956187914155 0.49693713595836514 0.5019179234049425 0.5016750705066986 
0.566376249748072 0.9929970029160958 0.998250942925716 0.47688594748728985 0.5333146294652444 0.5195624648640567 0.46218901773270565 0.5019919477970445 0.47179872759126984 0.498750809911392 0.476980771281191 0.4816771733851499 
0.9876925117994448 0.7100054211222913 1.0 0.5184621085839642 0.4841615525452704 0.4884999407661249 0.49467235159868006 0.4749780923872206 0.5139452035114365 0.5245190709096424 0.5364285851844723 0.5435637316351273 
0.9928053899582632 0.9842325705268035 1.0 0.4984578838632085 0.4998471567722306 0.4623715644693901 0.5052112951028315 0.46919830054672507 0.42531469378020703 0.5102213826672768 0.47587749739531965 0.4903667842260791 
1.0 0.9432812660523595 0.9741915404123624 0.4978450558373154 0.49689007181067013 0.4959712589530001 0.502947763059808 0.5024269614922272 0.5013253379513095 0.4984645188454301 0.5004036775297468 0.5011296599679678 
0.8931217213186339 1.0 0.999917655301404 0.4967510921096406 0.49663964715625475 0.5039644467991051 0.500566637706443 0.5022487590196547 0.5015669088035346 0.49669224231741216 0.49814864078666576 0.5020058615151199 
0.9876479017404223 0.9971189579950043 0.999540100219017 0.5041766047849099 0.504043647667543 0.5003645013275425 0.476422286813582 0.5030383349950094 0.5017410249611888 0.4863076712630383 0.5008275100415489 0.48986576667252385 
0.9962791451460313 0.9876756288045468 1.0 0.4939060758213123 0.49264101320630366 0.4761631589769427 0.5000847289206847 0.48747458425114953 0.4964765416312242 0.49601375776229717 0.5048667032837548 0.46784112316551696 
1.0 0.8698341532961702 0.9629992744618544 0.49806523499653355 0.5002028052890248 0.49647620955939487 0.50316206304796 0.5030792226508892 0.5023165037183693 0.4967006208673481 0.5009372156697015 0.4998245969874558 
0.8614297124944944 0.9999999898604345 0.9982378824908053 0.49832182026728394 0.49699001308548796 0.5017845976736324 0.5005614316527198 0.4996551791791565 0.5019746212807905 0.4962853139211646 0.498048174587996 0.5021134304304844 
0.9925912277213451 0.9973622286194722 0.9900670382788184 0.4896978784091976 0.48879655304930847 0.46368399590079284 0.4963838758764138 0.46508057777495726 0.4914689081556441 0.49685356449008433 0.4686244304522975 0.43796812838347743 
1.0 1.0 0.999971647754267 0.4955471824428929 0.49559685426067146 0.499063319083067 0.5017929330446788 0.5023306152655261 0.5012120337701136 0.4987034049509094 0.4983064206951509 0.5022097467712576 
0.7985993978291538 0.9999999695813034 0.9947959921710119 0.4992464591609234 0.500221797945584 0.5064294376316352 0.49808711514998544 0.4953449923691592 0.501730807671747 0.49788823894587597 0.49862811706267973 0.5027819689333093 
1.0 0.8733881181023598 0.9557053537661562 0.4991040821141357 0.4991930473248468 0.494677704191164 0.5036323280614486 0.5028012651849088 0.5018775729254374 0.49746312680364946 0.5017190750170221 0.4999370850760668 
0.9930992974457177 1.0 1.0 0.4979569621906009 0.4937025420477289 0.4998433935516628 0.4883062543870961 0.4986172980612535 0.49841008395240555 0.4765595911593202 0.4567090241870028 0.5161309629421804 
0.6956132172812978 0.9931224646082911 1.0 0.46699729986883187 0.5123262966355744 0.47422405177097154 0.5006700416044529 0.4642841861971794 0.4878427015280572 0.46648374337313914 0.4989074045550701 0.5015515768409871 
0.8448340540338317 0.8965694363408158 1.0 0.5036755013033529 0.4995916406690324 0.4933392749372335 0.5025103786247536 0.4988770661506052 0.5032101387239525 0.49570709316577594 0.49978787706942934 0.5019169157799706 
0.8604550509889104 0.919405319612496 1.0 0.5030623954324682 0.49919656198868034 0.4932926278662984 0.5034093019198742 0.4987772076906729 0.5031958356794433 0.49619380367390126 0.500180147757883 0.5019485493164068 
0.8185084254465171 0.9002048065086034 1.0 0.5008964468290329 0.49612251169363486 0.4955686463272942 0.502295743357726 0.5014225144847516 0.5034506755094059 0.4925893124513653 0.4993950666307347 0.5010866279642476 
0.9930275300268188 0.9114394397714563 1.0 0.48540154400829594 0.4862323586481415 0.4850338336891846 0.5126661698042014 0.49689666774964775 0.4934877881822829 0.5074541961103953 0.5013464326758217 0.5062341019470554 
0.8595774173518556 1.0 0.9999432955085339 0.4959303742401949 0.4962993858509974 0.5034719448481945 0.49905529027521145 0.5008881468248167 0.5030157051599051 0.4948998952854421 0.49796128862685063 0.5025920734315615 
0.6804353903623774 0.9930597337621935 0.9991151783755335 0.4719283532272992 0.5229255957744308 0.49621366235601033 0.47919602430517916 0.4843655857392051 0.479693404506504 0.482078769056589 0.4858822168794825 0.4908215665514574 
0.9928053899582632 0.9842325705268035 1.0 0.4984578838632085 0.4998471567722306 0.4623715644693901 0.5052112951028315 0.46919830054672507 0.42531469378020703 0.5102213826672768 0.47587749739531965 0.4903667842260791 
1.0 0.8774260882471439 0.9392675989967236 0.4965897210456317 0.5019431960556215 0.4987914812092954 0.5030027750509345 0.5047413167092769 0.502041106210176 0.49790773341075223 0.500827451770345 0.49925310219088226 
0.8553173835900376 0.9999999898604345 0.998232735947143 0.49791008315832175 0.4965833573748103 0.5016814932330205 0.5004486323850474 0.5003245036674153 0.5016696574426808 0.49654279399661194 0.4971482355475663 0.501827864279346 
0.9925582902920628 0.996544037114914 1.0 0.4949468439552889 0.49104681709156434 0.4562612435470259 0.496079503606292 0.4694688276824117 0.4896376910786616 0.49440668592259496 0.508863207599886 0.4380488301411734 
1.0 1.0 0.999971647754267 0.4955471824428929 0.49559685426067146 0.499063319083067 0.5017929330446788 0.5023306152655261 0.5012120337701136 0.4987034049509094 0.4983064206951509 0.5022097467712576 
0.8901195549448813 1.0 1.0 0.49847633893537924 0.500071078648614 0.502564680770008 0.5000443043434983 0.49415150277268893 0.5030620268919316 0.49831479242913485 0.5002069228263322 0.503137814121012 
1.0 0.9432812660523595 0.9741915404123624 0.4978450558373154 0.49689007181067013 0.4959712589530001 0.502947763059808 0.5024269614922272 0.5013253379513095 0.4984645188454301 0.5004036775297468 0.5011296599679678 
0.9925912277213451 1.0 1.0 0.48823050508299615 0.4884483392332143 0.4647339540232418 0.4722632009016586 0.4659306373494939 0.49163721955964246 0.49665862252803566 0.4675616303858372 0.5241726676557117 
0.7880679415940991 0.9931224646082911 1.0 0.4686199307479627 0.512812150286139 0.4739053855285412 0.49793110729929235 0.4648832047339767 0.4877678762376471 0.4652328761657789 0.4942168701640398 0.501047875649991 
0.8608769669642504 0.8973837094433601 1.0 0.5031109264790826 0.49941411264550895 0.4930553247472368 0.5031695652495414 0.49954607287809477 0.5034077753427093 0.4958501100323415 0.500280114862783 0.5016442258645678 
0.8185084254465171 0.9002048065086034 1.0 0.5008964468290329 0.49612251169363486 0.4955686463272942 0.502295743357726 0.5014225144847516 0.5034506755094059 0.4925893124513653 0.4993950666307347 0.5010866279642476 
0.9930275300268188 0.9114394397714563 1.0 0.4938269213991079 0.4862323586481415 0.4850338336891846 0.5126661698042014 0.49689666774964775 0.4852237444089461 0.5074541961103953 0.5013464326758217 0.5062341019470554 
0.8901195549448813 1.0 1.0 0.49847633893537924 0.500071078648614 0.502564680770008 0.5000443043434983 0.49415150277268893 0.5030620268919316 0.49831479242913485 0.5002069228263322 0.503137814121012 
0.9891693332442805 0.9925644102605597 1.0 0.472103658066239 0.5056047837755501 0.4645886784666906 0.5215815636308406 0.44174079492988555 0.5012882358033068 0.47051791762348477 0.4992362316605386 0.5346436708106406 
1.0 1.0 0.999971647754267 0.4955471824428929 0.49559685426067146 0.499063319083067 0.5017929330446788 0.5023306152655261 0.5012120337701136 0.4987034049509094 0.4983064206951509 0.5022097467712576 
0.8595774173518556 1.0 0.9999432955085339 0.4959303742401949 0.4962993858509974 0.5034719448481945 0.49905529027521145 0.5008881468248167 0.5030157051599051 0.4948998952854421 0.49796128862685063 0.5025920734315615 
1.0 1.0 0.999971647754267 0.4955471824428929 0.49559685426067146 0.499063319083067 0.5017929330446788 0.5023306152655261 0.5012120337701136 0.4987034049509094 0.4983064206951509 0.5022097467712576 
0.9935294044135452 0.9999999949302172 0.9941808126305449 0.48840690006831877 0.4603637809651671 0.48056705134171457 0.4769977808334956 0.49289538924400667 0.4874303756047339 0.49151928877872514 0.5422706985222261 0.5024204885591415 
0.71148490050326 0.9931224646082911 1.0 0.46811858755299796 0.47836579643769606 0.5022831903440274 0.49432062217782047 0.48187410673033104 0.5363513776987363 0.45381880496182686 0.5081897035114298 0.5046136241217339 
0.8608769669642504 0.8973837094433601 1.0 0.5031109264790826 0.49941411264550895 0.4930553247472368 0.5031695652495414 0.49954607287809477 0.5034077753427093 0.4958501100323415 0.500280114862783 0.5016442258645678 
0.9930275300268188 0.9114394397714563 1.0 0.48540154400829594 0.4862323586481415 0.4850338336891846 0.5126661698042014 0.49689666774964775 0.4934877881822829 0.5074541961103953 0.5013464326758217 0.5062341019470554 
0.8595774173518556 1.0 0.9999432955085339 0.4959303742401949 0.4962993858509974 0.5034719448481945 0.49905529027521145 0.5008881468248167 0.5030157051599051 0.4948998952854421 0.49796128862685063 0.5025920734315615 
1.0 1.0 0.999971647754267 0.4955471824428929 0.49559685426067146 0.499063319083067 0.5017929330446788 0.5023306152655261 0.5012120337701136 0.4987034049509094 0.4983064206951509 0.5022097467712576 
0.9935294044135452 0.9999999949302172 0.9941808126305449 0.48840690006831877 0.4603637809651671 0.48056705134171457 0.4769977808334956 0.49289538924400667 0.4874303756047339 0.49151928877872514 0.5422706985222261 0.5024204885591415 
0.7201886847116108 0.9931224646082911 1.0 0.4702425616270935 0.5132980039367037 0.47358671928611085 0.49519217299413176 0.46548222327077393 0.48769305094723703 0.4639820089584187 0.49305755441385885 0.5005441744589948 
0.9930483883861037 0.8909318914123165 1.0 0.5308404858480751 0.4900975534328461 0.4588748383578407 0.5090987291839176 0.49505677038968665 0.4908367681020107 0.5035463081426033 0.49039265013988537 0.4994900352207821 
0.9926032568422258 1.0 0.9950335191394092 0.48721117705477424 0.46001846734792184 0.4814107249289956 0.4762447101447414 0.4935118730668368 0.4879509175442912 0.4908265794608639 0.49955829946429997 0.50265981005968 
0.9891693332442805 0.9942923917031028 1.0 0.46764915254120765 0.5106485432960782 0.46192936695256237 0.525065867839573 0.4484041552249469 0.5048142514968732 0.46922913853963366 0.45649347112386607 0.5155924566985044 
