0.08543782336152966 0.9928432046217575 0.9959032649956885 0.48195584056620644 0.4629564878614897 0.4954249191387713 0.39975218453302763 0.5116312620819702 0.4649928301320066 0.41227676353051623 0.47042446297897267 0.5009599142658018 
0.2532428777597921 0.6887267612178489 0.9929984443864528 0.5113015671870882 0.5258455930596657 0.49051922412499915 0.4834355690037998 0.4991484069920158 0.5148216798740431 0.48326132119950127 0.5001443456404715 0.4993383995421178 
0.2718951477085021 0.71396963488499 0.9929984443864529 0.512322494459938 0.5229140591964797 0.4928266475892921 0.49498277949610214 0.4976046497231377 0.5124890552452441 0.483085400079614 0.49515432744518856 0.5121156140168939 
0.2532428777597921 0.6887267612178489 0.9929984443864528 0.5113015671870882 0.5258455930596657 0.49051922412499915 0.4834355690037998 0.4991484069920158 0.5148216798740431 0.48326132119950127 0.5001443456404715 0.4993383995421178 
0.2718951477085021 0.71396963488499 0.9929984443864529 0.512322494459938 0.5229140591964797 0.4928266475892921 0.49498277949610214 0.4976046497231377 0.5124890552452441 0.483085400079614 0.49515432744518856 0.5121156140168939 
0.15111122255138254 0.769418403370322 0.9929984443864528 0.5084579363679889 0.5276639499165321 0.4948344846400604 0.4735397250953781 0.5019567418155452 0.509396530623818 0.48371444266406644 0.5015448645859074 0.4921844655664921 
0.15111122255138254 0.769418403370322 0.9929984443864528 0.5084579363679889 0.5276639499165321 0.4948344846400604 0.4735397250953781 0.5019567418155452 0.509396530623818 0.48371444266406644 0.5015448645859074 0.4921844655664921 
0.15111122255138254 0.769418403370322 0.9929984443864528 0.5084579363679889 0.5276639499165321 0.4948344846400604 0.4735397250953781 0.5019567418155452 0.509396530623818 0.48371444266406644 0.5015448645859074 0.4921844655664921 
0.9930910732932937 0.24842058204255119 0.03340752667385788 0.4898351060123847 0.492332919534723 0.5087185963507908 0.4992566059489974 0.49332298930418395 0.4996692594472241 0.49839199633570674 0.5225049347350554 0.49358289925122534 
0.29450804392604396 0.9930886568459552 0.5090198112079057 0.4777880189287566 0.494769133685555 0.521844546010839 0.48763117050135474 0.5242948197917967 0.46010771874466905 0.49416101398235085 0.4967944218806143 0.5095361125979452 
0.4286023325497623 0.755248957458183 0.2355037687749793 0.501505108778141 0.49912175797309094 0.5029570116723137 0.49886044925239903 0.5002320993684686 0.5012847673412161 0.49883163147475235 0.5015959532002147 0.500994736956313 
0.4412248887352311 0.7706409121848717 0.25811453223477854 0.5018681237927203 0.4988411824603035 0.5023010688318912 0.4985263150383379 0.4999512359375033 0.5021397620645313 0.5000113385662778 0.5011521252736808 0.5011869790185572 
0.4249821262390949 0.7605696123257161 0.21473591877420475 0.5019588024387336 0.499370036439716 0.5027672296846084 0.49918194879579697 0.500348418420113 0.5018657869451848 0.499583854361098 0.5018397089007589 0.5004232786395664 
0.4286023325497623 0.755248957458183 0.2355037687749793 0.501505108778141 0.49912175797309094 0.5029570116723137 0.49886044925239903 0.5002320993684686 0.5012847673412161 0.49883163147475235 0.5015959532002147 0.500994736956313 
0.3570850070997535 0.7767373348222748 0.2739106812463531 0.5026440435166935 0.49953969070327897 0.5023196755961407 0.5003997229012929 0.4998914747199664 0.5013534731968141 0.4984183050726548 0.5017137018351239 0.5002225226955361 
0.4249821262390949 0.7605696123257161 0.21473591877420475 0.5019588024387336 0.499370036439716 0.5027672296846084 0.49918194879579697 0.500348418420113 0.5018657869451848 0.499583854361098 0.5018397089007589 0.5004232786395664 
0.9930910732932937 0.24149056934641983 0.03340752667385788 0.4898351060123847 0.492332919534723 0.5087185963507908 0.4992566059489974 0.49332298930418395 0.4996692594472241 0.49839199633570674 0.5225049347350554 0.49358289925122534 
0.21532944875698634 0.9930886568459552 0.5325035420648849 0.4848176557833793 0.4965240739445614 0.5325394290771657 0.4883364646883253 0.5138978748220377 0.4658522864441954 0.5077764776139386 0.502810511903706 0.5084087818932005 
0.411105130197901 0.7598962206568973 0.23353075378074564 0.5017406644594828 0.4991109600981314 0.5029145302910878 0.49925534924529674 0.4999049005018969 0.5013400416352769 0.49923039124958013 0.5015350837352306 0.5007865904186273 
0.426252467651302 0.754827717224382 0.23910148178356155 0.5012814331920497 0.49915062379071323 0.503045864017081 0.4985296868144411 0.5005880249627616 0.501244145854522 0.4984362622863408 0.5015737370854068 0.501207222989653 
0.4159796892257964 0.7607387011244993 0.22633532776358115 0.5021880156316657 0.4990532284628868 0.5027368256015533 0.49991687412121266 0.4991930493133108 0.501421284608665 0.5000211296264032 0.5015795159648464 0.5003616183519473 
0.3914541851001289 0.7716096120638554 0.24764813744797842 0.5021282901367367 0.4993543645635202 0.5027209595796488 0.49978631096187687 0.4998415194844873 0.5013792961164125 0.4990877254939262 0.5016364995706114 0.5005368970408606 
0.41106998650565707 0.7630132889982613 0.2301817549129651 0.5022237889799657 0.4991127291956302 0.5027109786887629 0.4999577996522987 0.4992564632899671 0.5014201667847983 0.4999013779395878 0.5016017317682955 0.5003531089700939 
0.9930913351120445 0.2567378188932813 0.02206008371819132 0.49112971615629164 0.5020268940879212 0.5066587118120782 0.4897217177804813 0.4937646468883082 0.4962846885431902 0.48724751496186325 0.5144308088727314 0.4943831141001773 
0.16101418698571413 0.9930886568459552 0.5645121531650756 0.4971776659167613 0.4982142056831569 0.4851578487526659 0.4853606707428952 0.5224242132600816 0.4719918943453709 0.5180414404882048 0.5119459776547539 0.5092201406782277 
0.42347242299858534 0.7399928375926329 0.22325606217274632 0.5017886134749214 0.49899808777131915 0.5026621001405234 0.499113862889908 0.49957822309487465 0.5012928626005196 0.4994423323033147 0.5019249086483104 0.500662404580019 
0.411105130197901 0.7598962206568973 0.23353075378074564 0.5017406644594828 0.4991109600981314 0.5029145302910878 0.49925534924529674 0.4999049005018969 0.5013400416352769 0.49923039124958013 0.5015350837352306 0.5007865904186273 
0.4061167827542582 0.7568358309421963 0.23077878603365193 0.5022358021377653 0.49913609404304815 0.5025923898488898 0.49987045007350533 0.4992624238111804 0.5013897433461982 0.49977484507993986 0.5017901187313286 0.5003359205969317 
0.40616028378551766 0.7652878768720232 0.2340281820623491 0.5022595623282656 0.4991722299283736 0.5026851317759724 0.4999987251833848 0.4993198772666233 0.5014190489609316 0.49978162625277234 0.5016239475717446 0.5003445995882405 
0.9930910732932937 0.24149056934641983 0.03340752667385788 0.4898351060123847 0.492332919534723 0.5087185963507908 0.4992566059489974 0.49332298930418395 0.4996692594472241 0.49839199633570674 0.5225049347350554 0.49358289925122534 
0.028639557956050447 0.9930886568459552 0.5341640766581781 0.4926524555565339 0.5004659584995713 0.4970174283368468 0.4936500062581768 0.5172176790580433 0.47625561167984887 0.5268784778191387 0.5068256571300591 0.507474256710008 
0.42347242299858534 0.7399928375926329 0.22325606217274632 0.5017886134749214 0.49899808777131915 0.5026621001405234 0.499113862889908 0.49957822309487465 0.5012928626005196 0.4994423323033147 0.5019249086483104 0.500662404580019 
0.39618862473583094 0.8210935132268156 0.23034815026067695 0.5022479483581143 0.49916475579522124 0.5023088412056025 0.49963161336097883 0.49924561812588564 0.5013142436616316 0.49951838877422783 0.502249978237187 0.5002972043549527 
0.40616028378551766 0.7652878768720232 0.2340281820623491 0.5022595623282656 0.4991722299283736 0.5026851317759724 0.4999987251833848 0.4993198772666233 0.5014190489609316 0.49978162625277234 0.5016239475717446 0.5003445995882405 
0.9930913351120445 0.18752832632381627 0.02316125878050787 0.4904947044985467 0.5042124734416049 0.49307480205467924 0.49081570316946066 0.4940526125547161 0.4967517630968608 0.4850391105963002 0.5184911077138206 0.4912773403030474 
0.0728281951918243 0.9930886568459552 0.5648560051710975 0.4913921899360812 0.49912839313982355 0.4975089323548313 0.4911236733450243 0.5167328366309465 0.47497078528817993 0.5263349811327942 0.508038206296766 0.5093321855141514 
0.40607328172299884 0.7483837850123696 0.22752939000495476 0.5022120419472649 0.4990999581577226 0.5024996479218072 0.4997421749636259 0.4992049703557375 0.5013604377314649 0.49976806390710743 0.5019562898909127 0.5003272416056228 
0.3914541851001289 0.7716096120638554 0.24764813744797842 0.5021282901367367 0.4993543645635202 0.5027209595796488 0.49978631096187687 0.4998415194844873 0.5013792961164125 0.4990877254939262 0.5016364995706114 0.5005368970408606 
0.9930913351120445 0.21121079150385133 0.02316125878050787 0.48947389491665827 0.503652879972057 0.5007708085202853 0.4912220757743049 0.4936593732323169 0.4968355390051521 0.4844253482950416 0.5142379161371435 0.4873270132022718 
0.0728281951918243 0.9930886568459552 0.5648560051710975 0.4913921899360812 0.49912839313982355 0.4975089323548313 0.4911236733450243 0.5167328366309465 0.47497078528817993 0.5263349811327942 0.508038206296766 0.5093321855141514 
0.39618862473583094 0.8210935132268156 0.23034815026067695 0.5022479483581143 0.49916475579522124 0.5023088412056025 0.49963161336097883 0.49924561812588564 0.5013142436616316 0.49951838877422783 0.502249978237187 0.5002972043549527 
0.9930913351120445 0.16759703308989427 0.022000877446529413 0.48915605920765853 0.5023552327145546 0.4934968729019861 0.49059078257418387 0.493456744390676 0.4959909800719105 0.48158637698226264 0.5201932466223834 0.49157532452463976 
0.131215058129112 0.9930886568459552 0.5922268539936516 0.48947520632188846 0.4987946298540737 0.4948261807273421 0.4924995440025027 0.5291405233515292 0.47434674644831865 0.5329224046353637 0.49111666687547273 0.5060707416618648 
0.9930910732932937 0.16236078258354827 0.01925821365138275 0.4852294353243547 0.4893841056535349 0.5091908547768085 0.5223243536121328 0.4916287377832873 0.49975993852806216 0.4974527894460846 0.522871088561783 0.49169489828750035 
0.9930910732932937 0.16236078258354827 0.01925821365138275 0.4852294353243547 0.4893841056535349 0.5091908547768085 0.5223243536121328 0.4916287377832873 0.49975993852806216 0.4974527894460846 0.522871088561783 0.49169489828750035 
0.06013925769949084 0.9928474798897646 1.0 0.4760727581648225 0.4802539737763404 0.512722962698408 0.39955686825771886 0.5170011488823194 0.46315075991219135 0.40150384164968594 0.4562083276131999 0.5183943727205689 
0.0 0.8074338121294053 1.0 0.49638585150623793 0.4987199356365115 0.49420591983717277 0.5073212329814792 0.509010515023093 0.5029640825162558 0.49467620835415427 0.502420723296986 0.5040958523430241 
0.18848612749427707 0.575798802816669 1.0 0.49356567986355676 0.5011057987261855 0.49459282691572676 0.4989183580460608 0.49906998558320614 0.5094668306491537 0.49687860529361444 0.5012191878904495 0.5062527856663317 
0.0 0.610086411551358 1.0 0.49126470367846975 0.501148793916031 0.5028702089280662 0.4947675812828551 0.5082666664976255 0.4987907151002556 0.4918737999336591 0.5003733695366437 0.5025649095194651 
0.0 0.6737689708672379 1.0 0.4970213075508804 0.4993088088125684 0.49588649595342205 0.5054210552360899 0.5076768494978005 0.5032210846989585 0.49420403793166984 0.5015209846709845 0.5016282471422621 
0.0 0.610086411551358 1.0 0.5002629920659704 0.5014876622717085 0.4989761395585809 0.5005480320395274 0.5083573996178148 0.4974338531112623 0.4900898638728448 0.5010694479416691 0.5024033874150101 
0.017845772688306925 0.6581896687686866 1.0 0.49426642527078746 0.4898124881583117 0.4953326484309615 0.5015560027435234 0.5093967707505305 0.5073316428639824 0.49968709687093965 0.5029899276012358 0.49589445122007303 
0.9924214534007136 0.0 1.0 0.509017167363752 0.49833295978425973 0.5255696334631186 0.5434699610971341 0.49130209238329003 0.5758872875086056 0.49494987605621704 0.5719761315898155 0.5074762369085728 
0.030354714121825513 1.0 0.13711814703959196 0.500297088517859 0.5004536504676094 0.4980951157763879 0.5056229767102731 0.5048055207868483 0.502344356691194 0.49863985320732385 0.49822172727832936 0.5034222775144006 
0.19800312804880615 0.9895102591568339 0.9909918127112598 0.4873083763066965 0.4795640617672919 0.3817526389538758 0.4328961602742031 0.5262036224235134 0.45425478407055886 0.47570349360311204 0.49757051171563016 0.5086287854982166 
0.17768726648410083 0.8095608588395777 0.992998444386453 0.5274356328883711 0.49862424169461445 0.49446307047536864 0.49860204319152784 0.5006730242665941 0.5062157834556444 0.4758854588426219 0.4915896368565048 0.4995355833093849 
0.10630417573087314 0.7696345744334829 0.992998444386453 0.5218785696469384 0.5091930862302896 0.4881061119127507 0.5050345398486096 0.505972669745468 0.5093175928617388 0.4854337391890389 0.494694243764882 0.4745961940547552 
0.2418255188587567 0.71396963488499 0.9929984443864529 0.5110076877359793 0.5234519304924576 0.4923527510043817 0.49662984605049676 0.4979356658512197 0.5135292937619818 0.48340611389609417 0.4944490053599402 0.5117553367387068 
0.992130596331411 0.14907013924237142 0.9884564159802953 0.506200080399215 0.48395399920559146 0.5353060901400759 0.5694096269129334 0.48665014525446265 0.5804980516746336 0.525583889843017 0.5875700932931456 0.5058179786762502 
1.0 0.46534063495132993 0.0011011750623165506 0.49940233365125647 0.5004666279224703 0.5054441019597298 0.4949360508889288 0.4981730318082098 0.5022875954391259 0.49843882422217406 0.4958667046977633 0.4953057717191579 
0.030354714121825513 1.0 0.13711814703959196 0.500297088517859 0.5004536504676094 0.4980951157763879 0.5056229767102731 0.5048055207868483 0.502344356691194 0.49863985320732385 0.49822172727832936 0.5034222775144006 
0.0728281951918243 0.9930886568459552 0.5648560051710975 0.4913921899360812 0.49912839313982355 0.4975089323548313 0.4911236733450243 0.5167328366309465 0.47497078528817993 0.5263349811327942 0.508038206296766 0.5093321855141514 
0.14113768677747537 0.9878873024405405 0.3105827157000126 0.5142116718963058 0.4800624206103481 0.4740068931260566 0.5328793573547861 0.49512860668502534 0.5087833690448156 0.476634633869081 0.4889487787385529 0.47965031482157183 
0.9879440014852068 0.28281073493922604 0.16148110874954996 0.4829096027118982 0.49721574622720655 0.5144203227404995 0.488353664987528 0.496490806535141 0.49018609924340045 0.5279931756595262 0.5172484128118532 0.49982071596268945 
0.9930913351120445 0.24581553778858384 0.022610671249349595 0.48979140074553074 0.5025600902952152 0.5075627633989849 0.49067508307981517 0.49351539039911296 0.49660200172831676 0.4855295504778231 0.512207766716599 0.4888799001008367 
1.0 0.4056328676229093 0.0019270563590539636 0.4969297686900218 0.49983119338453635 0.4990760126396785 0.4960645935092184 0.4976047103039608 0.5027485350131287 0.4983588923517738 0.5006737897647467 0.49511592118750447 
0.011459941235345612 1.0 0.14294394590332016 0.5016944197863361 0.5002567756932197 0.49977618530942 0.5046812054704118 0.5040724437551066 0.5004670506816307 0.4969526573007017 0.49917539485722023 0.502142624625824 
0.028639557956050447 0.9930886568459552 0.5341640766581781 0.4926524555565339 0.5004659584995713 0.4970174283368468 0.4936500062581768 0.5172176790580433 0.47625561167984887 0.5268784778191387 0.5068256571300591 0.507474256710008 
0.14113768677747537 0.9878873024405405 0.3105827157000126 0.5142116718963058 0.4800624206103481 0.4740068931260566 0.5328793573547861 0.49512860668502534 0.5087833690448156 0.476634633869081 0.4889487787385529 0.47965031482157183 
0.9930913351120445 0.2567378188932813 0.02206008371819132 0.49112971615629164 0.5020268940879212 0.5066587118120782 0.4897217177804813 0.4937646468883082 0.4962846885431902 0.48724751496186325 0.5144308088727314 0.4943831141001773 
1.0 0.3910610647567174 0.0020647032418435324 0.4971055946282758 0.5002442891711338 0.4954540223036021 0.49609974853162975 0.4977390158428616 0.5027859753552647 0.49823628238139306 0.5022446250140522 0.49571528123805714 
0.07194818309590106 1.0 0.2465709847974178 0.5003351833510844 0.4980181173036402 0.4997963932760379 0.5010080994377002 0.5031841544486807 0.49952749169200117 0.4960593704149738 0.5002770670515533 0.5046045854055519 
0.0433691037013084 0.9930886568459552 0.5443947194958179 0.492232367016383 0.5000201033796554 0.4971812630095083 0.492807895287126 0.5170560649156777 0.47582733621595924 0.5266973122570239 0.5072298401856281 0.5080935663113891 
0.9930913351120445 0.24581553778858384 0.022610671249349595 0.48979140074553074 0.5025600902952152 0.5075627633989849 0.49067508307981517 0.49351539039911296 0.49660200172831676 0.4855295504778231 0.512207766716599 0.4888799001008367 
1.0 0.43477647335529307 0.001651762593474826 0.4965781168135138 0.4990050018113415 0.5063199933118313 0.49599428346439567 0.49733609922615923 0.5026736543288566 0.4986041122925352 0.49753211926613594 0.49391720108639914 
0.06899985302160985 1.0 0.18245713712601822 0.4999961124203078 0.4984409563948067 0.5005269273581683 0.5013680423875321 0.50340566330057 0.49877704586098875 0.496352832618682 0.5006452829063588 0.5046348816566836 
0.9930913351120445 0.21121079150385133 0.02316125878050787 0.48947389491665827 0.503652879972057 0.5007708085202853 0.4912220757743049 0.4936593732323169 0.4968355390051521 0.4844253482950416 0.5142379161371435 0.4873270132022718 
1.0 0.4440748982271002 0.004523112792590017 0.4964311905575475 0.5012578571543133 0.5063517429693192 0.4975023572304161 0.4976909029721889 0.5045812792684877 0.5056748675909716 0.49579325601738294 0.4919326620104558 
0.04810322621316702 1.0 0.2564483978321785 0.49703492828825346 0.49799073011018086 0.4988110024104748 0.5024380391294717 0.5034122039941691 0.4936715962064201 0.5003743682708744 0.4994906810647914 0.505107501926374 
1.0 0.4440748982271002 0.004523112792590017 0.4964311905575475 0.5012578571543133 0.5063517429693192 0.4975023572304161 0.4976909029721889 0.5045812792684877 0.5056748675909716 0.49579325601738294 0.4919326620104558 
0.1809879436426327 1.0 0.24369729153428524 0.5058709006815187 0.49786354353086604 0.49866571440851404 0.4975943555860093 0.5036722283713241 0.4997659550276525 0.49867599861475137 0.5004568507134317 0.5056428055676471 
0.0 0.9928474798897646 1.0 0.473443144716905 0.4813297163682962 0.5117751695285871 0.40285100136650814 0.5176631811384833 0.4652312369456666 0.40214526928264627 0.45479768344270316 0.5176738181641948 
0.0 0.6737689708672379 1.0 0.4970213075508804 0.4993088088125684 0.49588649595342205 0.5054210552360899 0.5076768494978005 0.5032210846989585 0.49420403793166984 0.5015209846709845 0.5016282471422621 
0.0 0.610086411551358 1.0 0.5002629920659704 0.5014876622717085 0.4989761395585809 0.4947642534632932 0.5083573996178148 0.49743385311126226 0.4900898638728448 0.5010694479416691 0.5024033874150101 
0.0 0.610086411551358 1.0 0.5002629920659704 0.5014876622717085 0.4989761395585809 0.4947642534632932 0.5083573996178148 0.49743385311126226 0.4900898638728448 0.5010694479416691 0.5024033874150101 
0.0 0.610086411551358 1.0 0.5002629920659704 0.5014876622717085 0.4989761395585809 0.5005480320395274 0.5083573996178148 0.4974338531112623 0.4900898638728448 0.5010694479416691 0.5024033874150101 
0.03569154537661385 0.6605561572174335 1.0 0.4910665879006021 0.48801538222799323 0.49751183189597625 0.5002338054765871 0.506704077859533 0.5031648928114124 0.49737137154195576 0.5008932584204182 0.49989225547353394 
0.9924214534007136 0.0 1.0 0.509017167363752 0.49833295978425973 0.5255696334631186 0.5434699610971341 0.49130209238329003 0.5758872875086056 0.49494987605621704 0.5719761315898155 0.5074762369085728 
0.0 1.0 0.08215772761268586 0.4999626797697968 0.5012197582140302 0.4996245808378611 0.5071598584808144 0.5047364407446321 0.5008538713982084 0.49754644573181467 0.4988736497726465 0.5026979553336687 
0.13244848585711888 0.9928389293537503 0.9979516324978442 0.4862830210470197 0.4677870682240912 0.47310915595532665 0.3989335911273426 0.5143204551639725 0.46718538673784393 0.41223567279784556 0.49124985916755715 0.48523095612449596 
0.017845772688306925 0.984861108653821 0.9964992221932265 0.5137160335693804 0.5417643546324451 0.4947110226401929 0.444103632403109 0.5139137058107339 0.47373476523479885 0.4336382000867192 0.47948673190335506 0.5214636046645378 
0.0 0.982494620205074 0.9964992221932265 0.5169158709395658 0.4754182454636492 0.4925318391751781 0.4454258296700453 0.5166063987017315 0.4779015152873688 0.4359539254157031 0.4815834010841727 0.5174658004110769 
0.9929373735057585 0.0705439436316874 1.0 0.552581477907883 0.5237035728484708 0.5236739471808771 0.5939047463778753 0.45755153818254124 0.5647111335693002 0.5781316388771215 0.6045460251650017 0.48518460113732886 
1.0 0.4056328676229093 0.0019270563590539636 0.4969297686900218 0.49983119338453635 0.4990760126396785 0.4960645935092184 0.4976047103039608 0.5027485350131287 0.4983588923517738 0.5006737897647467 0.49511592118750447 
0.04299830384878153 1.0 0.2896206534110485 0.4968605094726864 0.4981111352182427 0.4987217974947326 0.502536761870486 0.5035076939093799 0.5012595867083147 0.5003275059121117 0.49946565920176883 0.5051761925222062 
0.0 0.996247638735551 0.9964992221932265 0.5086601599923273 0.47540097876483756 0.5073951994142125 0.5153505028016718 0.5075653391549103 0.5011197060273074 0.5018754245250784 0.4883528022144718 0.5027956593831324 
0.9883897992099848 0.06975499356341403 0.9925921645561667 0.523404669473621 0.47544322729536725 0.5519860235819685 0.6063993504135579 0.4824231201064024 0.6700071853300213 0.49114250232356277 0.6059440472687885 0.5166207218581378 
0.9965290503258463 0.39655923585736463 0.2826203252374843 0.4904120235628258 0.5097559471775218 0.5120294965350017 0.5063612793265846 0.49693236205269864 0.5089434964181851 0.4991707445366082 0.50290627122849 0.48036107370978 
1.0 0.3910610647567174 0.0020647032418435324 0.4971055946282758 0.5002442891711338 0.4954540223036021 0.49609974853162975 0.4977390158428616 0.5027859753552647 0.49823628238139306 0.5022446250140522 0.49571528123805714 
0.07194818309590106 1.0 0.2465709847974178 0.5003351833510844 0.4980181173036402 0.4997963932760379 0.5010080994377002 0.5031841544486807 0.49952749169200117 0.4960593704149738 0.5002770670515533 0.5046045854055519 
0.0 0.996247638735551 0.989677127405578 0.5112640805122769 0.4756984376731188 0.5079395210029309 0.5416010276489842 0.5075585336782403 0.5000891902799003 0.5018932222319042 0.48880420773154387 0.5025552600906665 
0.9965290503258463 0.283390466530833 0.2848226753621174 0.48394697668630826 0.5047332282838213 0.5124569210676237 0.5109324229108636 0.4954588531148063 0.5095792741046608 0.4993442432926449 0.5069347675495128 0.4916371549506747 
1.0 0.3956672210059483 0.0013468656920647346 0.49626044604457775 0.4989025730210112 0.4992870480633319 0.49595213321158005 0.49730677622194075 0.5023681435006535 0.496632525544755 0.5015248592190282 0.4952649132983007 
0.07037812421637743 1.0 0.1838665172538793 0.5000140656257325 0.49847335521355596 0.5004315240000659 0.5013127615862085 0.5034259871856441 0.49875394882607205 0.49622799505224224 0.5007921270794959 0.5046198630313485 
0.9965290503258463 0.283390466530833 0.2848226753621174 0.48394697668630826 0.5047332282838213 0.5124569210676237 0.5109324229108636 0.4954588531148063 0.5095792741046608 0.4993442432926449 0.5069347675495128 0.4916371549506747 
1.0 0.3956672210059483 0.0013468656920647346 0.49626044604457775 0.4989025730210112 0.4992870480633319 0.49595213321158005 0.49730677622194075 0.5023681435006535 0.496632525544755 0.5015248592190282 0.4952649132983007 
0.0473181967734052 1.0 0.22509616406040925 0.4968743694255775 0.49821834906513873 0.49912856777248876 0.5025903702037259 0.5035331203626507 0.5007398692802386 0.5004586805895087 0.4997482110787627 0.5051151407392723 
1.0 0.4440748982271002 0.023628788589926147 0.4964311905575475 0.5012578571543133 0.5063517429693192 0.4975023572304161 0.4976909029721889 0.5045812792684877 0.5056748675909716 0.49579325601738294 0.4919326620104558 
0.05257986213994595 1.0 0.1681405899680125 0.4976889031366365 0.49857444423580566 0.5000817103558022 0.5024228895648826 0.5036383072432167 0.4995852975864804 0.4964972844356892 0.5002927122578318 0.5049752518791639 
0.15973227070146598 0.9928389293537503 1.0 0.4866409248894686 0.47480450945259 0.47175251380399763 0.3974975768640816 0.5136957653157801 0.46660872318869284 0.40841719271569177 0.4823983213197409 0.48603964108110775 
0.0 0.8074338121294053 1.0 0.49638585150623793 0.4987199356365115 0.49420591983717277 0.5073212329814792 0.509010515023093 0.5029640825162558 0.49467620835415427 0.502420723296986 0.5040958523430241 
0.0 0.610086411551358 1.0 0.49126470367846975 0.501148793916031 0.49788941285029 0.4947675812828551 0.5082666664976255 0.4987907151002556 0.4918737999336591 0.5003733695366437 0.5025649095194651 
0.0 0.610086411551358 1.0 0.49126470367846975 0.501148793916031 0.5028702089280662 0.4947675812828551 0.5082666664976255 0.4987907151002556 0.4918737999336591 0.5003733695366437 0.5025649095194651 
0.0 0.610086411551358 1.0 0.4916927604633359 0.5014876622717085 0.4989761395585809 0.4947642534632932 0.5083573996178148 0.49743385311126226 0.4900898638728448 0.5010694479416691 0.5024033874150101 
0.9928404211493242 0.37698829534704814 1.0 0.5609972529890908 0.5000490533375869 0.5430898386206218 0.5931685599940117 0.46145989301191015 0.5619763592517756 0.5811036213903472 0.5951991238603414 0.489884459413116 
0.176816520101554 1.0 0.10700327922787821 0.5075494833539778 0.4991193048751714 0.4972223930311991 0.5004109350848417 0.5049676770601403 0.5010969332323882 0.5014833724242289 0.49790953939254123 0.5039730339176238 
0.13244848585711888 0.9928389293537503 0.9979516324978442 0.4862830210470197 0.4677870682240912 0.47310915595532665 0.3989335911273426 0.5143204551639725 0.46718538673784393 0.41223567279784556 0.49124985916755715 0.48523095612449596 
0.0 0.987494948838088 1.0 0.5133433537851213 0.46355044905907644 0.5050499224862021 0.48785795009427363 0.5133846999757059 0.48952199705479765 0.4691107010208155 0.48018973306028756 0.5095420426298589 
0.9929373735057585 0.0705439436316874 1.0 0.552581477907883 0.5237035728484708 0.5236739471808771 0.5939047463778753 0.45755153818254124 0.5647111335693002 0.5781316388771215 0.6045460251650017 0.48518460113732886 
1.0 0.24963870663134347 0.0 0.4957088934285765 0.5005193002354218 0.5003658278883463 0.49349803216140337 0.4970820754594572 0.5037364398908558 0.4986586175926564 0.4980123748436686 0.49215782016763276 
0.04299830384878153 1.0 0.2896206534110485 0.4968605094726864 0.4981111352182427 0.4987217974947326 0.502536761870486 0.5035076939093799 0.5012595867083147 0.5003275059121117 0.49946565920176883 0.5051761925222062 
0.0 0.996247638735551 0.9964992221932265 0.5086601599923273 0.47540097876483756 0.5073951994142125 0.5153505028016718 0.5075653391549103 0.5011197060273074 0.5018754245250784 0.4883528022144718 0.5027956593831324 
0.9978007730027824 0.4746145499020755 0.3581392498500996 0.5169017987791766 0.49558696060434054 0.4929074052660323 0.520438177683357 0.4970049897087889 0.5359886181397916 0.5112655835707736 0.5240731248567451 0.5086321389862296 
1.0 0.5281351399502023 0.0 0.5027218986771376 0.49742507441767503 0.504356611005297 0.49717140206961863 0.4999141764199029 0.5051991379991345 0.5067767136487509 0.4915846304128505 0.5026333508949004 
0.04299830384878153 1.0 0.2896206534110485 0.4968605094726864 0.4981111352182427 0.4987217974947326 0.502536761870486 0.5035076939093799 0.5012595867083147 0.5003275059121117 0.49946565920176883 0.5051761925222062 
0.9978007730027824 0.4746145499020755 0.3581392498500996 0.5169017987791766 0.49558696060434054 0.4929074052660323 0.520438177683357 0.4970049897087889 0.5359886181397916 0.5112655835707736 0.5240731248567451 0.5086321389862296 
1.0 0.4260568739686511 0.0011011750623165506 0.496430530797293 0.4964769832856246 0.5053877814901195 0.4951457854411948 0.496997679622499 0.502425086848334 0.5022053293309767 0.5036436181467734 0.5035350584523217 
0.05257986213994595 1.0 0.1681405899680125 0.4976889031366365 0.49857444423580566 0.5000817103558022 0.5024228895648826 0.5036383072432167 0.4995852975864804 0.4964972844356892 0.5002927122578318 0.5049752518791639 
1.0 0.5173810810857878 0.0 0.5012239797070834 0.5028251140492911 0.5064132014138324 0.49287245171105554 0.49799456291499644 0.5025750083415038 0.49876296440180123 0.49493020781363606 0.49777759528136256 
0.03084466296173014 1.0 0.002079850979779113 0.5029123096995826 0.5004435340783455 0.5020190336967377 0.5026124108279912 0.5041947410934162 0.4974636600364108 0.4969603797729864 0.5009286949389639 0.5032285713184607 
0.2799765074541034 0.9928389293537503 1.0 0.48763013121758564 0.4673332020264782 0.4735217296112059 0.3972787350345021 0.5140299523379674 0.46626074196366335 0.4119970173303321 0.49192086678592156 0.48556387765922715 
0.06350810811026235 0.7263445444725376 1.0 0.49566410633554087 0.4987321108187598 0.49716198659902844 0.49711476794812265 0.505642498964752 0.49839777793918716 0.48939617389495427 0.5043136836086236 0.4995731679107399 
0.0 0.610086411551358 1.0 0.49126470367846975 0.501148793916031 0.49788941285029 0.4947675812828551 0.5082666664976255 0.4987907151002556 0.4918737999336591 0.5003733695366437 0.5025649095194651 
0.0 0.610086411551358 1.0 0.4916927604633359 0.5014876622717085 0.4989761395585809 0.4947642534632932 0.5083573996178148 0.49743385311126226 0.4900898638728448 0.5010694479416691 0.5024033874150101 
0.9925824610968018 0.11715667287801176 1.0 0.5219580123140444 0.5065742593905319 0.5215564177329431 0.5786001190334384 0.4727662733992494 0.5709300654082146 0.5475929057835474 0.5945477030173398 0.49583034765091155 
0.006368257056001532 1.0 0.07968316067792626 0.5035188671314574 0.5001344681101603 0.5014367235640863 0.5031452277993939 0.5041167520558354 0.49735711960278295 0.4972711707278199 0.501030875749024 0.5046697209180198 
0.2708658353838975 0.9928389293537503 1.0 0.48720207443271946 0.4669943336708007 0.47243500290291496 0.397282062854064 0.5139392192177782 0.46761760395265667 0.4137809533911464 0.4912247883808962 0.4857253997636822 
0.9928404211493242 0.3835875883311395 1.0 0.5624220601522032 0.5007110161707918 0.5425486233673786 0.5933491598424915 0.46198853894175473 0.5617408981958812 0.5800912633930828 0.5934944641187736 0.4902458096522023 
1.0 0.5713994386358108 0.0 0.5031238291937307 0.5008211155138758 0.5046155489802353 0.49365654292980676 0.49891413324920014 0.5021418181735269 0.49884306855942945 0.49793916547364525 0.495863858302959 
0.04994902945667558 1.0 0.19661837701421087 0.497281636281107 0.4983963966504722 0.4996051390641455 0.5025066298843042 0.5035857138029337 0.5001625834333595 0.49847798251259895 0.5000204616682973 0.5050451963092182 
0.1444376199774292 0.9966540432693691 0.9972732860978232 0.3885345328152696 0.4985178499223597 0.511532374201161 0.4196952553806775 0.5239188219811168 0.4041342140675306 0.4769695785290379 0.40430707140599276 0.5909485944158233 
1.0 0.5582008526676281 0.0 0.5002742148675059 0.4994971898474658 0.5056979794867215 0.4932953432328474 0.49785684138951103 0.5026127402853156 0.5008677845539583 0.5013484849567806 0.4951411578247863 
0.03982871766700389 1.0 0.16254611901576999 0.49869925890177375 0.49901122650953383 0.4999576274151554 0.5029598281406031 0.5037570033137262 0.49979418734280967 0.49654870886872243 0.5000868049942475 0.5042595857531614 
1.0 0.5000717862070383 0.0 0.4993515386742922 0.5007420288119081 0.505857180268499 0.4920971863440763 0.49773231325293277 0.5024573218832422 0.5021576800705094 0.4993545145272887 0.49663751202832984 
0.0473181967734052 1.0 0.22509616406040925 0.4968743694255775 0.49821834906513873 0.49912856777248876 0.5025903702037259 0.5035331203626507 0.5007398692802386 0.5004586805895087 0.4997482110787627 0.5051151407392723 
0.2708658353838975 0.9928389293537503 1.0 0.48720207443271946 0.4669943336708007 0.47243500290291496 0.397282062854064 0.5139392192177782 0.46761760395265667 0.4137809533911464 0.4912247883808962 0.4857253997636822 
0.0 0.610086411551358 1.0 0.4916927604633359 0.5014876622717085 0.4989761395585809 0.4947642534632932 0.5083573996178148 0.49743385311126226 0.4900898638728448 0.5010694479416691 0.5024033874150101 
0.0 0.610086411551358 1.0 0.4916927604633359 0.5014876622717085 0.4989761395585809 0.4947642534632932 0.5083573996178148 0.49743385311126226 0.4900898638728448 0.5010694479416691 0.5024033874150101 
0.9928404211493242 0.3835875883311395 1.0 0.5624220601522032 0.5007110161707918 0.5425486233673786 0.5933491598424915 0.46198853894175473 0.5617408981958812 0.5800912633930828 0.5934944641187736 0.4902458096522023 
0.006368257056001532 1.0 0.07968316067792626 0.5035188671314574 0.5001344681101603 0.5014367235640863 0.5031452277993939 0.5041167520558354 0.49735711960278295 0.4972711707278199 0.501030875749024 0.5046697209180198 
0.15973227070146598 0.9928389293537503 1.0 0.4866409248894686 0.47480450945259 0.47175251380399763 0.3974975768640816 0.5136957653157801 0.46660872318869284 0.40841719271569177 0.4823983213197409 0.48603964108110775 
1.0 0.5713994386358108 0.0 0.5031238291937307 0.5008211155138758 0.5046155489802353 0.49365654292980676 0.49891413324920014 0.5021418181735269 0.49884306855942945 0.49793916547364525 0.495863858302959 
0.04994902945667558 1.0 0.19661837701421087 0.497281636281107 0.4983963966504722 0.4996051390641455 0.5025066298843042 0.5035857138029337 0.5001625834333595 0.49847798251259895 0.5000204616682973 0.5050451963092182 
1.0 0.5582008526676281 0.0 0.5002742148675059 0.4994971898474658 0.5056979794867215 0.4932953432328474 0.49785684138951103 0.5026127402853156 0.5008677845539583 0.5013484849567806 0.4951411578247863 
0.056346951907614254 1.0 0.013268792884264191 0.5008915981693081 0.49956996953088917 0.5022671995780312 0.5015385336765501 0.5039573489523972 0.4970458805237523 0.4968575309069199 0.5013405094661325 0.5046599035704656 
0.20559234862605097 0.9928389293537503 1.0 0.48651171110303965 0.4744684890591302 0.47199780552012205 0.3975287350178652 0.5135337121074726 0.46614634821846485 0.40808895931982503 0.48253557918727663 0.48614906405493086 
0.06350810811026235 0.7263445444725376 1.0 0.49566410633554087 0.4987321108187598 0.49716198659902844 0.49711476794812265 0.505642498964752 0.49839777793918716 0.48939617389495427 0.5043136836086236 0.4995731679107399 
0.9928404211493242 0.37698829534704814 1.0 0.5609972529890908 0.5000490533375869 0.5430898386206218 0.5931685599940117 0.46145989301191015 0.5619763592517756 0.5811036213903472 0.5951991238603414 0.489884459413116 
0.025554898278293187 1.0 0.004297994372193081 0.5039834135788508 0.4997077840508041 0.5011985265782111 0.5002253111222988 0.5040729790354108 0.4986642028856337 0.4961683799589748 0.5001278916584821 0.5048329695252383 
1.0 0.45299152456182645 0.024098667999022834 0.497944244236966 0.49948712812643237 0.5026374372363465 0.4946180408938565 0.4947556862697575 0.5061493238231785 0.49485017180282986 0.5085916168205832 0.49462023270335315 
0.14759088656884223 1.0 0.1520316780168123 0.4998059836627278 0.4971138407759105 0.5002552908132789 0.499868844827812 0.5029502869833915 0.4959285079482957 0.4993955145886541 0.5010874795597748 0.5057182736731294 
0.03625455038038542 0.9928389293537503 1.0 0.48615432985537654 0.47798428004597493 0.4877813037601116 0.4154943559511445 0.5150879387411631 0.4483791553987151 0.4037899744463186 0.4573032498332192 0.5135528188311161 
0.9930178773538025 0.19871621307130757 1.0 0.5625662645368041 0.5281580514199027 0.5404794590196317 0.6518463233422022 0.4393834096590448 0.5626411584431312 0.605922046402109 0.6103763515147396 0.48126464359703847 
0.14759088656884223 1.0 0.1520316780168123 0.4998059836627278 0.4971138407759105 0.5002552908132789 0.499868844827812 0.5029502869833915 0.4959285079482957 0.4993955145886541 0.5010874795597748 0.5057182736731294 
0.03625455038038542 0.9928389293537503 1.0 0.48615432985537654 0.47798428004597493 0.4877813037601116 0.4154943559511445 0.5150879387411631 0.4483791553987151 0.4037899744463186 0.4573032498332192 0.5135528188311161 
