-3.827 24466.67162779919 0.5448974154010124 0.10802259661230611 
6.43 12728.32473914131 0.5388665221430783 0.3207561738656916 
-26.62 30075.75799873603 1.58840733847381 0.11550335941447867 
2.878 16608.546812675195 0.35778713168971743 0.18780979305455406 
6.935 12860.529103522553 0.4727503168567807 0.310749083101891 
-17.263 18441.520925673525 1.70304114490161 0.32572543089553213 
-26.62 30075.75799873603 1.58840733847381 0.11550335941447867 
-23.653 19983.315479740195 1.9007710358699297 0.2210812648980823 
-1.683 14706.995431711981 0.6235294117647059 0.20033762336352776 
4.978 13363.948969353994 0.4189582659333549 0.2552861881426262 
4.048 13189.004270093237 0.4601740294511379 0.24952230121316898 
-16.24 23048.205440033358 1.2511401641836424 0.16212805029064867 
-8.518 16384.323804732725 1.063214525891056 0.22806858263947802 
-0.112 14433.580734181953 0.7611798287345386 0.28989021233105977 
-23.455 20476.64110642162 1.8657651715039578 0.22551357988933363 
-7.438 15655.009397945847 1.17877447883765 0.29648554681287576 
1.295 16829.73318148036 0.49501246882793015 0.2098932968811884 
0.396 14182.364593088063 0.6675487925901422 0.2610509817380161 
-10.681 25764.731095709518 0.8844086021505375 0.13058492605926778 
3.311 13842.078353939753 0.5439524124256445 0.2687603220945386 
-0.801 14453.964407777723 0.7852913680274229 0.2831319669797144 
3.534 13867.681928246988 0.3940056197315017 0.21887617842016382 
5.925 12903.898407867035 0.5247524752475248 0.30630426975328695 
6.395 12731.757711939861 0.5381277123372598 0.3197866615507096 
-11.733 24832.96719420247 0.9707809939923538 0.14172976762288478 
-25.701 29690.764780899524 1.579203899268887 0.12850214674574906 
-8.791 19760.922117008355 0.920478968375806 0.18413856302928905 
-19.195 19018.93747388962 1.670980265286315 0.24972116353483476 
-8.124 16923.86859099598 0.9850894632206759 0.20921025117787692 
-19.776 26128.322504841322 1.4741943935027506 0.2267192067164075 
-5.745 20020.772990314825 0.7505807200929153 0.17955319287005939 
-24.399 22507.87717461182 1.8100576553491352 0.19725303870854824 
-23.8 25044.24885040069 1.631470588235294 0.1751656126970534 
-15.68 27218.059119953225 1.0907869997313995 0.11512880997137306 
-19.767 28024.50320147773 1.3117126775663361 0.13254389340742062 
-14.155 21984.36276641759 1.1653374233128835 0.16763577813154235 
-9.626 16523.934948349255 1.089989888776542 0.21268350771425495 
-11.608 19920.696563487334 1.0663138231631384 0.18213369932212134 
-25.584 28750.384565486456 1.6098297638660077 0.14511962060086472 
-7.668 24321.55365277087 0.7836162759364054 0.1500951404728326 
1.624 19068.558584839797 0.37932019423022 0.1638771355597612 
-22.167 20717.56203580042 1.7483401833702183 0.23153879830921525 
-24.79 29077.803224114006 1.557258064516129 0.14713675613721333 
-20.608 28348.062678357353 1.4534301452178267 0.2069058245437056 
-7.116 16184.916362069456 0.9576612903225807 0.21633244739779459 
-2.092 14642.416263807057 0.8242149562965361 0.27134946850448416 
-2.248 15098.981550763918 0.7123623011015913 0.23505036982528626 
-7.306 16192.647756535323 1.0084142394822007 0.24340679091251446 
-9.942 17105.496083964605 1.1098793609390287 0.22842904029560032 
-13.673 18041.433427020464 1.3360154489861602 0.24161508467230638 
-13.149 24282.306505201854 1.015972618368511 0.1314434751480464 
-7.033 21622.557323902656 0.7255921432697862 0.13571889491815 
-20.285 19592.817743604373 1.6460657220379862 0.25078225594898007 
-0.684 24229.353482299546 0.4185303514376997 0.11396715054096618 
-4.073 24499.723307237782 0.5583067092651758 0.10946259450660932 
-12.178 21514.34360132418 1.2275483684666475 0.240105277531878 
-24.176 28033.03771642975 1.6004390779363338 0.16919369662215009 
5.702 13185.251515832977 0.4287564766839378 0.27219993292414285 
-18.818 18610.354370806974 1.7635283077885517 0.29527298657370277 
6.872 12884.957164771813 0.4711660329531052 0.30900568222813596 
-0.507 23807.9215518516 0.4242584745762712 0.11996876365251198 
-14.164 17651.9754299629 1.3583248902397838 0.215495829241992 
-17.284 26864.658603206703 1.2307049317358596 0.1437804967290247 
-17.744 18221.56615246029 1.7107732125525719 0.281276226729519 
-19.794 18664.75398940583 1.8327150084317034 0.2666858939263588 
-11.238 23660.554125802733 0.9386606640405177 0.14074335409346145 
4.497 13075.92204314597 0.5801382778126964 0.3016872230805426 
-18.311 18700.050311101448 1.7383702778645023 0.29286507742599466 
-17.373 18605.546953517976 1.6995641344956416 0.30623455026168117 
-22.526 26420.9779669899 1.5535617183251766 0.18685271971869552 
1.673 14169.053596854823 0.4356402540956202 0.19561328974585013 
5.28 14065.767686875308 0.3883495145631068 0.2502444990262192 
-3.131 22634.824303978607 0.5283540802213001 0.12408598289213134 
-6.237 24367.47610279414 0.6984341252699784 0.1359558490600511 
-6.493 15955.443652341923 0.9385080645161291 0.22209793456058685 
4.375 15011.857782561263 0.38374923919659165 0.234751624574116 
-5.289 15529.240627888508 0.9966953073364176 0.2624934472092858 
-18.044 18251.768763648462 1.7242731133616467 0.2758502605685877 
-14.231 26272.43869050563 1.1375959079283888 0.18835973655133129 
-25.1 27231.59366473665 1.655399598968777 0.1570229330585905 
2.878 16608.546812675195 0.35778713168971743 0.18780979305455406 
-24.79 29077.803224114006 1.557258064516129 0.14713675613721333 
1.224 18245.021744872254 0.3840820018088634 0.16189010113005767 
-5.018 15860.305870631775 0.8134185303514377 0.21504457422919618 
-3.25 15375.484635255036 0.7465309898242368 0.22880409376585018 
-17.154 22001.376269123437 1.3160173160173159 0.16346307322594336 
-14.28 17758.533314954097 1.393205516313488 0.23174301913413073 
1.873 14088.441197766106 0.43523489932885906 0.20139373352350634 
-4.47 21274.66090587989 0.6562680531484689 0.15938138291192167 
-14.61 17608.387144015473 1.5075885328836427 0.2602586225837731 
-7.434 23289.58699583008 0.8882476390346276 0.20790131075509308 
-22.762 26616.099346723055 1.5002710027100272 0.160334796105775 
-20.581 19029.00979346225 1.8641686182669788 0.2683110381755231 
-15.05 17949.68540086855 1.3955823293172689 0.21422311492448395 
-25.817 30036.196802276445 1.5815490351572825 0.1333681332897043 
6.43 12728.32473914131 0.5388665221430783 0.3207561738656916 
-4.47 21274.66090587989 0.6562680531484689 0.15938138291192167 
-10.681 25764.731095709518 0.8844086021505375 0.13058492605926778 
-0.801 14453.964407777723 0.7852913680274229 0.2831319669797144 
-17.9 27606.702610256383 1.194312796208531 0.12034885655264266 
-4.58 24595.741508081228 0.6406126221283338 0.13754035510392792 
-3.649 14882.213429410009 0.86553480475382 0.25005064196804816 
-16.27 18249.242197192903 1.6952681388012618 0.32047812858965585 
-10.352 24933.626122238158 0.8493633161744785 0.11592532177758437 
-23.592 27248.84938811941 1.626330532212885 0.18538686305576477 
-16.827 26849.33511078569 1.1879413362303095 0.13882783704034052 
-21.517 24095.185827432346 1.534562211981567 0.19075400686644947 
-23.852 28461.271894342965 1.5224777835859904 0.15420938643483537 
-9.24 23322.998141022406 0.8664058133035215 0.155791247341912 
-5.289 15529.240627888508 0.9966953073364176 0.2624934472092858 
-20.319 27759.939643380836 1.4241302738712065 0.2108958167942785 
-12.401 17305.68474744449 1.236351531291611 0.21304449897862904 
-23.232 22293.71924822461 1.7334389857369257 0.19916973912837171 
-23.922 22429.377513476236 1.7806656101426308 0.20219679876155147 
-10.352 24933.626122238158 0.8493633161744785 0.11592532177758437 
-0.02 20875.100406846148 0.378471228170627 0.12418452848935245 
-7.616 18007.75732456384 0.900834403080873 0.19404722662103943 
-5.897 24612.105436873226 0.6516794498809838 0.11562065509442916 
-10.794 23883.68818020563 0.9334456613310869 0.15263272522947607 
-21.42 20306.282348857403 1.7223618090452264 0.24135817491431324 
-25.584 28750.384565486456 1.6098297638660077 0.14511962060086472 
-14.144 21920.502105354954 1.293365069919667 0.21577281811344737 
-18.49 19042.1613633779 1.586914688903143 0.2389647344231452 
-15.05 17949.68540086855 1.3955823293172689 0.21422311492448395 
-0.289 14634.713251210214 0.5384101536406145 0.19761735762772406 
-21.517 24095.185827432346 1.534562211981567 0.19075400686644947 
-20.05 27231.356613620137 1.463764404609475 0.22033665693108287 
-22.545 22674.662609207327 1.6567955112219455 0.18718396069024545 
-19.794 18664.75398940583 1.8327150084317034 0.2666858939263588 
-2.364 15182.817109507132 0.6840148698884758 0.21095614517428818 
-13.673 18041.433427020464 1.3360154489861602 0.24161508467230638 
-2.303 20909.309923351295 0.5490196078431372 0.15677035164254638 
-23.751 27344.45498059903 1.5700352208073693 0.18006231101837447 
-22.635 19761.80891677596 1.7979274611398965 0.22343415302847872 
-10.312 23670.39372715207 0.9345689413086212 0.16039629038521452 
-2.364 15182.817109507132 0.6840148698884758 0.21095614517428818 
-16.827 26849.33511078569 1.1879413362303095 0.13882783704034052 
-14.144 21920.502105354954 1.293365069919667 0.21577281811344737 
-19.066 27406.813121957548 1.277537796976242 0.13520799202319922 
-17.987 19362.1935267381 1.5798421372191864 0.27094112511760715 
-17.744 18221.56615246029 1.7107732125525719 0.281276226729519 
-19.066 27406.813121957548 1.277537796976242 0.13520799202319922 
-20.13 26440.41118473574 1.471231450143192 0.2184426045049843 
-23.653 19983.315479740195 1.9007710358699297 0.2210812648980823 
4.497 13075.92204314597 0.5801382778126964 0.3016872230805426 
4.992 13096.174401869954 0.4320404721753794 0.2596891791514191 
-3.692 20765.811816437592 0.6816292601828761 0.19336800913091495 
-14.28 17758.533314954097 1.393205516313488 0.23174301913413073 
-6.329 16890.000598293227 0.8707792207792208 0.21001242191070613 
-20.427 19809.57327628011 1.666365007541478 0.25838455763956575 
-6.441 15869.71002969386 0.904471544715447 0.20759215725016192 
-26.246 29604.817666266543 1.595180070403466 0.12065829342961779 
-13.149 24282.306505201854 1.015972618368511 0.1314434751480464 
0.34 14360.878546668797 0.5409149484536082 0.21410988872224898 
-12.401 17305.68474744449 1.236351531291611 0.21304449897862904 
-20.319 27759.939643380836 1.4241302738712065 0.2108958167942785 
-23.085 22251.593876917654 1.7309033280507131 0.20115594473255022 
-20.914 19653.484278622844 1.7587587587587588 0.2313398012405477 
-4.073 24499.723307237782 0.5583067092651758 0.10946259450660932 
-12.178 21514.34360132418 1.2275483684666475 0.240105277531878 
-25.78 29445.255117244396 1.598691384950927 0.1363131354980371 
-26.246 29604.817666266543 1.595180070403466 0.12065829342961779 
-18.044 18251.768763648462 1.7242731133616467 0.2758502605685877 
-21.837 19407.611946592024 1.7947510094212653 0.2174472637976165 
-4.632 22460.61922227298 0.6311957434892187 0.14048181991310194 
-21.837 19407.611946592024 1.7947510094212653 0.2174472637976165 
-20.718 22589.116788180767 1.6402743142144638 0.22261424975564573 
4.496 13008.87225749211 0.579559748427673 0.3017754326590856 
