41639.38830584281 0.004325626400119964 0.006783689996499886 0.020512470722173964 0.7971557382962483 0.9455545388246017 
5312.300614347067 0.028787008046157525 0.03366663332040832 0.45991231839457203 0.7234080951037531 4.7929020349290856E-4 
7843.605384684911 1.16331285467626E-4 0.011105037746645079 0.038572709592422344 0.8165325141891089 0.9655695933650809 
41970.203808025166 0.026507622280007803 0.03881129504485823 0.04659709780289902 0.832613122369658 0.005409756956315875 
5011.3774823614895 0.034413317558762646 0.065584461650771 0.06774694849402868 0.7709475099738925 0.2769053332043523 
11555.849941941759 0.02954370052071384 0.04523904120001786 0.04605915194296853 0.793100093879875 0.9896946066255294 
39974.70847199332 0.004424553772173533 0.02649340548152089 0.037123948828632174 0.7819986240485044 0.029312759595791327 
9094.964644709169 0.006181927985098152 0.013842215086403112 0.022404322021289145 0.7936969903084881 0.9903077138989667 
9316.015365059364 3.6175870699795E-4 0.007476006326665473 0.06090930943442568 0.7669154705736265 0.30732756905485187 
5698.007219954799 0.0032864495603210277 0.04941247673044752 0.38513588927531983 0.7785974983807445 0.01694694304579558 
10904.754562496515 0.001639285607918893 0.004325626400119964 0.04087189737628347 0.7954061203015932 0.7737454678043371 
34336.85966426078 0.020098267653146804 0.025165349641362304 0.09097296900631494 0.7945475219869487 0.23290613409153804 
5756.924352633878 0.01014800552454621 0.01909554640380958 0.029672201147124155 0.8307736347792364 0.23239678269318903 
23223.856133174322 0.028393028607611427 0.05252669499114676 0.0786935104156904 0.8330817425104053 0.7659926203015726 
5248.1972443661325 0.01218066980531835 0.04201623250770186 0.17882666365195019 0.7924310420184955 0.023186178674417673 
13420.123658088633 0.0010247666190891947 0.015970826617828907 0.04866728395619354 0.8272831661839449 0.042105766331875405 
33500.627796487664 0.02406177713648211 0.03801865412772844 0.43753012195751795 0.7728880120855692 0.013884289054529021 
5248.1972443661325 0.0148227485292605 0.04442412746344501 0.04505777276050572 0.6433383567230362 0.021971964716644754 
40109.72517745155 0.012108618319184822 0.02488580885477661 0.17692311159834984 0.7274809116214849 0.024143360589628633 
25322.1648523279 0.028959039433728163 0.044470607531579 0.18074639327427278 0.8384550047530025 0.6588400778138516 
41839.904469367924 0.001582549578465162 0.012391472490906566 0.0522326933925628 0.825070721766531 0.8770438471118223 
9749.483808563527 0.012361582938411813 0.014869386429654116 0.0941886324247181 0.7824034485117193 0.9724500979675706 
11079.142878866238 0.002460459442802241 0.02907091151447951 0.061725633074654264 0.7735524765129584 0.01659731811424764 
30442.398278414654 7.974419812473866E-4 0.04392328947502483 0.11117917352525165 0.7733346360979675 0.9605506977891296 
25466.676336756027 0.007170267202136371 0.04798669368959301 0.05387326782437747 0.8137068021918832 0.0789643733892989 
11737.401228814817 0.014185299787799463 0.04399572242957532 0.357420741706718 0.8383376430571126 0.9028054668749251 
6584.144013984096 0.01694610818450544 0.036649452867156415 0.38840697925608236 0.7812850307644533 0.0024235492754973303 
28657.95403427999 3.609472738125546E-4 0.07955122074013884 0.05221138106086434 0.7054840673678929 0.13953260639812348 
9316.015365059364 0.007584750859187327 0.012000471513738398 0.06090930943442568 0.7669154705736265 0.035024835069370874 
20202.74047711939 0.0015386794651264769 0.03920346151172402 0.06675329853349932 0.8092696110407345 0.0087776868806782 
34463.11493937437 0.01694610818450544 0.03621539046772908 0.3864264521917185 0.7796891366461681 0.0024235492754973303 
33928.87252777703 0.029268346347685534 0.030549606083662598 0.05194194421823532 0.7748925007705281 0.26660845372331904 
33927.17325510041 0.0017633453351759733 0.0416358282191209 0.051159815521457506 0.8378937332553927 0.8770378581886352 
5545.733950131338 0.00531815743531656 0.06775328779160912 0.07133306134106815 0.7543376753179821 0.05956757259308014 
25877.577990249425 0.0024741551855450034 0.02903920860010433 0.06330512059105309 0.7736072753117564 0.03910093220535406 
41989.30141853435 0.012000471513738398 0.03144562173576185 0.06090930943442568 0.7987315276755926 0.052654784168695234 
38875.01892836366 0.022973692193885877 0.026973047814894457 0.3629162706564546 0.8049903630018358 0.8396107454745497 
28361.314671048727 0.006133302314264188 0.012665154228396588 0.022950583106480307 0.7195105283957851 0.08848832531001133 
20400.588571137494 0.03105202364855205 0.037799771769218476 0.07244983245054135 0.7486872896053075 0.04643551483887717 
11942.008518632521 0.003277557492262856 0.05261852505765313 0.07734258748070436 0.7823427580411574 0.06433911123990799 
39454.73170381206 0.005473151328195805 0.03738183742753163 0.4648462951879907 0.7234080951037531 0.02489073201004771 
41835.35265438412 0.026356899244776993 0.03881260556928696 0.04662747375271399 0.8336916828309019 0.005331580904337968 
25787.150103512548 0.0041748849601120335 0.007170267202136371 0.01727532733321214 0.7821952228151393 0.946488932017499 
24820.82122084992 0.017596524773882204 0.0390961448128433 0.1059749006358061 0.6880821505439343 0.8424221111718776 
22583.96086918049 0.01747665130201375 0.05412874591915189 0.06748105554388466 0.8060671220781181 0.307634939584456 
40513.706187460826 0.01916725223975186 0.03104411994569295 0.08974372111369885 0.7971557382962483 0.9513141508967267 
28169.137681594086 0.025272903971671912 0.029553107332610375 0.3803287015711316 0.7589021017924135 0.20979923297904607 
17076.24491070419 0.01905874817033134 0.04898190168652158 0.06484840115602047 0.8371497055365835 0.3234578321671304 
35999.940857220936 0.004130866207636701 0.010979717432104307 0.02401977025914699 0.7614259544725096 0.02369056405368447 
39089.206643787285 0.003633591798491831 0.07968271873855075 0.04586330052792682 0.7522711991056488 0.8447857090583273 
11971.279134173192 0.004010272338101772 0.04476200768519235 0.15748210096235804 0.8248071110575069 0.21534826145346025 
40668.07085600805 3.626350439385604E-4 0.018486623192270416 0.05681479605127093 0.7684959345974917 9.707075379332408E-4 
20202.74047711939 0.0015386794651264769 0.03920346151172402 0.06675329853349932 0.8092696110407345 0.0087776868806782 
27585.777005082684 0.014372850884544063 0.051818152086851366 0.05976426736570482 0.7728880120855692 0.854417809145178 
41614.78695386418 1.20845645973485E-4 0.008795430062252831 0.08565498615944465 0.7705306642568218 0.9875415047654749 
32327.42416857592 0.0038347234477767583 0.0409782476946276 0.05124269875386073 0.7585149103957679 0.24325576596022086 
33234.56752559447 0.0030267535862477215 0.00491895047582933 0.02081575819694688 0.799272483450888 0.9753526089540778 
29962.833806740022 0.009403373028164706 0.01619878502072202 0.05199895970208982 0.8164626884741566 0.8492969082043174 
11705.979594878318 0.029875828185856206 0.04523904120001786 0.04605915194296853 0.793100093879875 0.26178680323332054 
35193.535441143904 0.0035941637014521924 0.006953744165357045 0.05122587035501605 0.7730446592851171 0.7982422869359289 
38875.01892836366 0.022973692193885877 0.026973047814894457 0.3629162706564546 0.8049903630018358 0.8396107454745497 
14247.761553309983 0.08535970540702927 0.032447419205497104 0.06158385483697433 0.8416871012589853 0.8711154474913062 
11737.401228814817 0.014185299787799463 0.029163368255102948 0.03177785057253152 0.8383376430571126 0.8865700278660277 
30910.711049971527 0.04085716643450991 0.04616005848216405 0.07385025389295327 0.7340665936553322 0.990472583213519 
21205.639673334394 0.0029085493313673397 0.017510081391371196 0.08576499313885483 0.7526902964312074 0.8775686233326017 
18708.71723951972 0.0044204272137039514 0.005041810584757316 0.16433120666073292 0.7970650609513262 0.19944087619614714 
7721.484215383109 0.0010289142848473104 0.010979717432104307 0.02401977025914699 0.6946702023257398 0.02369056405368447 
33810.5736363221 0.025003017286863674 0.031606315326894036 0.04089254118723551 0.8384189433719939 0.9528757555647788 
32580.629141500904 0.06232730374443282 0.022772619432219376 0.15558550437984772 0.7471494506609865 0.10585373796308484 
33928.87252777703 0.006913340000499887 0.029268346347685534 0.051254391697183425 0.7748925007705281 0.7943855885581305 
23685.830625917697 0.0027720288633640076 0.02558252886512749 0.060215037806217044 0.7820839967159088 0.011547238364262247 
11705.979594878318 0.05776759855662898 0.04523904120001786 0.06761714540397126 0.793956183179193 0.26178680323332054 
13634.808155586603 0.019111353101657253 0.021239944130685244 0.09805251393514595 0.8283209082741482 0.014354968258323764 
25877.577990249425 0.0032100562303771316 0.022973692193885877 0.02864128733312388 0.805497932074459 0.03910093220535406 
33128.22737318707 0.035112559755470236 0.045479578653583215 0.1795121606939611 0.7989662223852978 0.09709081379710921 
40032.798675319034 0.0045529395426682565 0.024319148235458356 0.024719784735466058 0.6466682888579434 0.26636280294794 
11947.736413710805 2.3271403357194977E-4 0.020127804877717675 0.1651162941649965 0.8053500100592745 0.022444815080685108 
25322.1648523279 0.028788036775746487 0.03600186882256916 0.08010052554538688 0.8384550047530025 0.22366456992284636 
39232.767799740985 0.014299006911909369 0.02105326580441616 0.035693481857018726 0.7922616331432378 0.8694380027690194 
22848.048102836146 0.03549249196313379 0.016051691006046767 0.05757024329410945 0.813862813216062 0.013629871794786185 
7324.262671162869 0.001030709502670266 0.035830414889292166 0.16942421615641023 0.7826186378568869 0.9875415047654749 
40377.1210751811 0.02069912856192388 0.012284497914118078 0.04098690403850076 0.5557242573524891 0.8880936530225448 
33849.8049696249 0.03669301267302726 0.04927643920184251 0.42966406666067425 0.7736659594082853 0.03873190132224255 
40112.547567382964 4.5726805950105213E-4 0.03666017067711234 0.05374076099538312 0.6464949736008762 0.013091510209141094 
40080.85554228022 0.006135382942351152 0.010675624597180274 0.022638602676828302 0.5147940315665648 0.021295920039860583 
39694.546840479015 0.01990982063365828 0.02980890318036795 0.08209756753582782 0.8309605787942083 0.055746358003094965 
22595.480421202567 7.455527556093017E-4 0.030031909707045407 0.08242632834591725 0.758343305833069 0.10206258021211378 
39695.047383853656 0.026549552839580087 0.031418239149851826 0.1120446661142905 0.7471684451024013 0.10833937346060449 
40363.750717017065 0.0037907019039264325 0.02488580885477661 0.05279558880384089 0.7768129411879293 0.0021897690637763603 
8772.94079600491 0.0011762008926396545 0.03465913924111695 0.17340873681771657 0.8203181607220305 0.31950156352975323 
31135.123475635326 0.029008337608292464 0.029289931113430697 0.054227834251337675 0.7733632754548182 0.8536270844096482 
38861.30543377357 0.023532405495764235 0.015840825489331876 0.05199895970208982 0.804594444729238 0.8474754796807348 
23019.02063455654 0.014325993631495589 0.07693282661890417 0.16879873697153253 0.7656128235098523 0.5025493202930785 
40960.50958760252 0.02298839074703299 0.023379095793476315 0.025561474549649105 0.7306358284858399 0.8404412798013204 
25283.993462515915 0.028788036775746487 0.03618447166526208 0.08010052554538688 0.8384550047530025 0.17016690321554453 
41139.2961747194 2.3271403357194977E-4 0.03936153008297874 0.06265157196487428 0.7293078835392851 0.02242269962685367 
17076.24491070419 0.001582549578465162 0.02462584799732709 0.04898190168652158 0.8371497055365835 0.8770438471118223 
41091.7155827071 2.3271403357194977E-4 0.03936153008297874 0.06265157196487428 0.7293078835392851 0.02242269962685367 
8543.39767682285 0.009381294936159412 0.01619878502072202 0.05199895970208982 0.8164626884741566 0.8474754796807348 
19705.314814640806 0.011552308278101754 0.03328298844248547 0.037416792144104656 0.8339616188435806 0.0582856667399651 
33234.56752559447 0.044192959472679 0.00491895047582933 0.020205326367532472 0.7699658410735953 0.975730297383818 
33128.22737318707 1.6682783246469487E-4 0.022772619432219376 0.1795121606939611 0.7530664953201773 0.08819797311247617 
16071.262490832098 0.014176435585456112 0.005470798494307141 0.16433120666073292 0.9594498250943745 0.2131992164745577 
12194.274522362952 1.3405048076302068E-4 0.024298063754255333 0.030959827199967677 0.8719821051427801 0.016798366033221518 
40377.1210751811 0.014211023125337419 0.032984220557340516 0.1024814183983979 0.826778690616612 0.8865700278660277 
40032.798675319034 0.014323881495382877 0.024319148235458356 0.060081942993641654 0.644694238462006 0.06634383504576324 
40898.93304245798 0.01990982063365828 0.046937577017817284 0.05344055174939728 0.8309605787942083 0.8062916554286702 
33928.69412010626 0.026559383023503347 0.02821987526734702 0.3529573970464882 0.6730588256511865 0.8755066829774933 
40898.93304245798 0.01990982063365828 0.02625884916491479 0.046937577017817284 0.8315052077526169 0.005331580904337968 
23470.677097776846 0.051509356516398985 0.03537213938241953 0.03750312600805402 0.7969426574125295 0.8669341152205415 
23019.02063455654 0.009623619372473205 0.014237108589573083 0.16879873697153253 0.7837783141247378 0.5025493202930785 
12194.274522362952 0.004555586073565262 0.03356619976968723 0.04476467303210459 0.827755464793949 0.10955640770569317 
23223.856133174322 1.0501088737600167E-4 0.013194790473571229 0.0786935104156904 0.709925144814683 0.7659926203015726 
7094.943059631973 0.027430647416026008 0.04710363149471031 0.16365138577427024 0.7809191269418255 0.2324577169466016 
30910.711049971527 0.04085716643450991 0.04616005848216405 0.39186604838137407 0.8960098714026624 0.024701641945145847 
11079.142878866238 0.003196360487634369 0.023005395108261058 0.061725633074654264 0.8054431332756609 0.01659731811424764 
41805.61578311987 4.6471542292279844E-5 0.008795430062252831 0.16942421615641023 0.7826186378568869 0.9875415047654749 
39254.47790287595 0.012000471513738398 0.034825296634737414 0.048179344074990874 0.6427404652117007 0.013260399447823912 
20241.670541680534 0.03113455978599177 0.007475248698567007 0.4648462951879907 0.7736491662301573 0.10301467828634575 
39837.658683536414 0.006795966631814575 0.02521245135145111 0.17399140668606672 0.7816181099176411 0.8533154659602924 
17176.33463531892 0.002324751908391161 0.02451009694256682 0.06162625261248384 0.8283466262959474 0.033344346763377955 
20241.670541680534 0.005473151328195805 0.037385458416595255 0.4648462951879907 0.7736491662301573 0.06226818407519019 
7911.179147343042 0.01014800552454621 0.03040490455381407 0.1847964450661082 0.8307736347792364 0.25573425386495074 
41721.84983953183 0.0034439020391797415 0.04221643414067834 0.15720220002378232 0.794600827755868 0.02278499797738025 
13905.685221690677 0.019111353101657253 0.021239944130685244 0.09805251393514595 0.7926564757986191 0.03560410532269384 
38385.91011553374 0.02032665124161839 0.02521633124797341 0.18142666023810383 0.7945475219869487 0.013474046500739897 
33029.82063742543 0.0014107645032875068 0.022772619432219376 0.15558550437984772 0.7460841670721113 0.10585373796308484 
25723.445568854844 0.00146592469431598 0.05743235695393476 0.13894224261282975 0.8306000090159872 0.8187651847284277 
38875.01892836366 0.022973692193885877 0.026970502103829362 0.36569289930907267 0.8049903630018358 0.8613583642721945 
33186.41102303728 0.0014107645032875068 0.022772619432219376 0.03632859812274076 0.7458352622585769 0.10346064429680965 
10436.24435513395 0.004748293457184824 0.029163368255102948 0.058220184567032415 0.7923814981212622 0.9008311277430258 
6422.894874024945 4.5726805950105213E-4 0.0366508401143102 0.18438811982207598 0.6464949736008762 0.023017289435735108 
39089.206643787285 0.003651620987012747 0.04586330052792682 0.05321528527599993 0.7526902964312074 0.8447857090583273 
23154.855270616004 0.031726431888068715 0.035941269579569925 0.0600395333757572 0.7716454308168392 0.05037865164157829 
41491.849034128274 8.108079374434616E-4 0.008795430062252831 0.04600910126256107 0.7826186378568869 0.2502617382324785 
24553.996254875525 0.01809476419425804 0.03537213938241953 0.03750312600805402 0.7969426574125295 0.8669341152205415 
25877.577990249425 0.0032100562303771316 0.022973692193885877 0.06330512059105309 0.805497932074459 0.03910093220535406 
25877.577990249425 0.0032100562303771316 0.03882756335293456 0.1504103511107654 0.7955231480158057 0.7710157421360115 
8453.900570668495 8.058339188964385E-4 0.017274958553120404 0.08390835714964197 0.770363354925901 0.8370053065401345 
40038.765999789844 0.014177038102833259 0.03372197269488392 0.11549758034573868 0.7986763822060565 0.03943285556705045 
5918.48827827308 0.01220496915378067 0.025720256140300615 0.3885402599912567 0.786568282070188 0.01694694304579558 
12194.274522362952 0.004555586073565262 0.02458788539800255 0.030959827199967677 0.8283538563366559 0.016798366033221518 
38118.05997608007 0.01674491041588949 0.03537213938241953 0.03750312600805402 0.8201772213556102 0.8290562899355497 
11950.344759368236 0.004815921585042567 0.02458788539800255 0.038344875315442284 0.8163396337636396 0.18562538254198765 
17073.10915862454 0.02907209515414385 0.04898190168652158 0.06483112525667367 0.8407171223118404 0.3234578321671304 
23892.426806899322 3.675242827543589E-4 0.03765749367428154 0.38369465790128154 0.7947370305071594 0.5119006005486595 
40109.72517745155 0.012108618319184822 0.02488580885477661 0.05279558880384089 0.7274809116214849 0.0021897690637763603 
5248.1972443661325 0.012000471513738398 0.034815966071935274 0.17773189250825297 0.6433383567230362 0.02481711298093267 
24820.82122084992 0.0029085493313673397 0.017510081391371196 0.06897122494373184 0.7526902964312074 0.8424221111718776 
13570.987826104034 0.018974202923435067 0.02558252886512749 0.09862982386561259 0.7986104612861668 0.011583514522550204 
40413.81648772653 0.01733435044506276 0.05412874591915189 0.017613425242088164 0.5008619614831564 0.053573311892375186 
33991.69789028486 0.01918699437485194 0.04898190168652158 0.06484840115602047 0.7504689912510819 0.3234578321671304 
25038.570211257615 0.028844184133805684 0.03145249495471252 0.11092258684549608 0.7454775931094713 0.09504833302431859 
14275.1818591977 0.01864071208813266 0.020997365152510574 0.09963962599635508 0.8259632369073349 0.8762044473532732 
7721.484215383109 0.05161855471490207 0.02442445474071587 0.024582831206037995 0.6433446731116674 0.02369056405368447 
5758.852820665215 0.0035929213109653895 0.007009477339323186 0.048919220234387245 0.7767368214706388 0.02055785991318637 
41805.61578311987 4.6471542292279844E-5 0.008795430062252831 0.16942421615641023 0.7279400072412829 0.9530286940565059 
8559.503898698795 0.004108788115840208 0.011005227089623192 0.08488369094463546 0.7614259544725096 0.31130947257357755 
18156.249680103087 0.001582549578465162 0.02462584799732709 0.0490079274813344 0.7728419318640561 0.9039917470620954 
22359.615821418647 0.017983160726182907 0.018126361441829927 0.0683174970413714 0.8044944920207193 0.853901196555314 
21029.32264292527 0.017640145526372393 0.020107362864552128 0.030411781455438915 0.793258300261689 0.8948478515537968 
34678.883932257086 0.015786168105241694 0.0332282447320521 0.08791852995279864 0.8337867192824195 0.09858741570466978 
40015.41193311879 0.019793220352042586 0.02821987526734702 0.3586003768163899 0.6768421293705551 0.060396070702413984 
41989.30141853435 0.08585791326286685 0.03144562173576185 0.06090930943442568 0.7987315276755926 0.052654784168695234 
5248.651592272186 0.0033594183640031465 0.06775328779160912 0.1800900110837687 0.7707361040866961 0.22531929358233943 
28656.429146426963 0.012205877676970891 0.025308672349441237 0.3885402599912567 0.7077760786331717 0.01694694304579558 
36904.07340134985 0.020224727858156738 0.02408620026536546 0.026771107956839783 0.7363971201357927 0.8663917455749043 
5248.1972443661325 0.012000471513738398 0.034815966071935274 0.17882666365195019 0.6427404652117007 0.023186178674417673 
