5146.948270919984 0.08621803670282033 0.09091795582877533 0.6840919850301511 0.8629946730626673 0.0016100928012059423 
5003.365903774951 0.06647325604327865 0.1514674386621367 0.16436494734916784 0.7904853158031494 0.20174191803819103 
41995.74305117641 0.00725090408463528 0.07924020919256913 0.0998031405348007 0.89255344062043 0.9303259502892671 
5301.176105109518 0.07196511166326947 0.079461390924913 0.1045726421295862 0.8710012230211068 0.9554897182553026 
40795.698631788546 0.0297500211519359 0.08303241299357199 0.1327564193885186 0.8776258362470428 0.9980311913500831 
5091.854028261501 0.02455497679364381 0.133507564288229 0.2046816424094302 0.9120282040412387 0.8503624613556732 
41190.540225050776 0.07236325855512238 0.11137229431733767 0.11965904159996688 0.8844744749691991 0.21018891724994868 
5380.361471509269 0.03465336653814378 0.07570367306178845 0.18913423344147112 0.6975362027289213 0.02714413823250278 
40911.22897048069 0.023353447933266658 0.1079710623986248 0.2015138727484017 0.8595866784070828 0.8745467655181021 
28409.850919202265 0.05704990617218867 0.0851655383893172 0.24810681456808445 0.8482886300736114 0.884652672073886 
5146.948270919984 0.08621803670282033 0.0977088426961968 0.6836285133066193 0.8630281910662628 0.08913252213214069 
41268.71800155106 0.0811106319162376 0.11121156983044651 0.13108511353845698 0.8715501238439848 0.8862793950271686 
41130.29504908467 0.002635203373046037 0.11204004223687054 0.13108511353845698 0.792365883965963 0.8862793950271686 
41713.80856081207 0.012871807867427119 0.07924020919256913 0.0997784636626983 0.876895826488141 0.9377097989765398 
40388.51138817035 0.04269547045209114 0.16845068080114867 0.04573844397724508 0.8776170845643292 0.47699109787351984 
36854.95627007595 0.05294649712206841 0.07478497649532051 0.4212673664892874 0.889654103445076 0.46084279512987075 
8798.510444864285 0.03240919657154699 0.074935600060673 0.12315372312639346 0.779583891050189 0.055359672002332994 
17097.07085012398 0.07026041974652447 0.14639541931395778 0.19887453648499442 0.7848431420176404 0.08930762142559295 
22688.15383531914 0.009965876918883024 0.09031355290045076 0.2079664036253985 0.8212452017413293 0.46300267919585425 
32194.157846930288 0.05754582128298226 0.09386970059418548 0.13876673944183357 0.8501910933332627 0.9285150274720866 
9899.20289193223 0.0013326435163301398 0.10981327863661275 0.13324449081076917 0.9084206720135629 0.7161377932118436 
40749.693526309406 0.07551616165127106 0.0859715824632411 0.09679645470993177 0.6267591864000159 0.18831449920351506 
28065.025168767563 0.0307247843870281 0.10236986580814593 0.2849081123937957 0.8395660512196605 0.4722305540460816 
22425.048537510662 0.01406420291041751 0.04245081140190786 0.1176763875064513 0.8520484124482647 0.013113556300741402 
24385.75300859818 0.01406420291041751 0.08238996137982398 0.6540870859029476 0.8555741298323448 0.00869938772529577 
13688.425486567214 0.04588124342435001 0.05294649712206841 0.2363451683224418 0.8142357328445349 0.005277598851295445 
17814.522273529925 0.03173512784506194 0.12042573666684614 0.4314832486214943 0.8342893054881824 0.006949371970421489 
24372.757015646235 0.011787939804963787 0.046991419747227064 0.21930817526901553 0.8298805382209853 0.47503239952833465 
13688.425486567214 0.04547972127104652 0.05294649712206841 0.22018995241724681 0.7041769274931191 0.0033275726957574005 
26672.45168729145 0.15396250691409744 0.16484389360230803 0.19349079832131943 0.9030635451216186 0.22356967733924776 
41271.44629056243 0.03308857211177433 0.07924020919256913 0.4277652461090093 0.9074121656470614 0.9303259502892671 
25143.102099755397 0.05294649712206841 0.08254598677401068 0.19380140903590562 0.8087113690665712 0.028645309705325354 
41687.49494140889 0.08109521333286328 0.020831977019336978 0.13105432744534418 0.9147657848861812 0.7318196156876788 
5079.891628992428 0.041728239811782926 0.09359587971136425 0.118075272139507 0.821387227794821 0.20032002245904967 
27607.35861225925 0.05756000373556129 0.09386970059418548 0.12714257207243984 0.8365428065851446 0.936495949839972 
40206.848269429334 0.03766812994135535 0.0963843612971756 0.1540694849065036 0.871683278779313 0.952316993500788 
41286.89834279138 0.014237961245788331 0.07037461475947127 0.6132967585807605 0.8500549016684317 0.4598520259110201 
9278.741904595216 0.02978069717788833 0.08786725161157337 0.7231069341812557 0.8595866784070828 0.010739527212724028 
41432.259493893645 0.04148796930961924 0.0603225140641188 0.195998270353443 0.8478456856391083 0.09980958704851389 
39372.53643431652 0.07870236106710488 0.11052551524088484 0.18544292801089934 0.8376078756152567 0.34631335130339536 
10164.23296844512 0.004852531798799714 0.10511672748664648 0.13324449081076917 0.9084206720135629 0.7161377932118436 
12694.416488272422 0.01426612885752325 0.09910086775366293 0.16851520384297797 0.7814670986255486 0.11594941228256977 
5003.853756957961 0.03438904709713348 0.14132586290412263 0.6068528238164095 0.9070690732611705 0.022692467654968462 
40388.51138817035 0.025538911261577077 0.03383835421747592 0.17939965252455117 0.8777430898581065 0.9990957588233629 
24387.40033637046 0.011771169865453738 0.1266908064692628 0.2074597363381081 0.8257325849934835 0.8993721356385981 
5318.13683148716 0.035464282046575646 0.07570367306178845 0.1385393247438913 0.8097812817984258 0.02714413823250278 
13517.419062232728 0.06456139791911636 0.09668473208153118 0.6903895249020041 0.8094935267740301 0.028720144498608872 
12283.672575387149 0.013634048357824113 0.09707074043155355 0.22025431284435582 0.8663244772368137 0.20640342575054374 
14167.503976170114 0.06235265877773653 0.2304981557745575 0.6930300473081218 0.8672129735950702 0.0012757921232403602 
8925.318235643002 0.014612525820250622 0.1492960521191535 0.7382051569747488 0.8833754663666078 0.11648600348119305 
31591.5615824632 0.0279600779245759 0.09918120810279353 0.6784710965810699 0.8393872491086906 0.028731286865325188 
40207.74682943775 0.0010439315089820524 0.06679326198473362 0.14294863873538383 0.8042035866541315 0.0287579294010278 
13978.301635257074 0.0851655383893172 0.09626586496179501 0.11318724755041379 0.813404541133493 0.3954525663862052 
17574.460917942873 0.05986267589060655 0.08931552949317972 0.21025050395234743 0.8873737275400528 0.9458815359476633 
8166.789504772419 0.08873466446005412 0.10418186066113237 0.7034633905333878 0.8595866784070828 0.0053718227754649475 
27788.081496979376 0.02917247948659521 0.06139600275764702 0.20502224138001302 0.8551956712533956 0.8273216730856986 
12881.664917722941 0.01869757787824658 0.11204004223687054 0.12973225736327948 0.8520140861663247 0.8386657082206508 
35744.282872634954 5.811588838557161E-4 0.09536053099957752 0.1258616000902705 0.8849493973329551 0.9533469073541324 
24439.43168356798 0.05294649712206841 0.08364204797429584 0.22948271924604244 0.7041769274931191 0.0033275726957574005 
34013.705067265066 0.029699373509019758 0.08786725161157337 0.11577975293524406 0.8574056497005716 0.010739527212724028 
22425.048537510662 0.01406420291041751 0.1176763875064513 0.682131202289973 0.8558326085870326 0.022624644120048824 
40343.83850418316 0.04869771897644096 0.06669971170281469 0.14294863873538383 0.850179569987369 0.0287579294010278 
24649.415922711116 0.0811106319162376 0.08125446108886757 0.1319743474477019 0.6941517426146273 0.026032638580401446 
17814.522273529925 0.03173512784506194 0.12042573666684614 0.065468421881923 0.8334703507167059 0.052048887492414805 
24628.54801952486 0.05266415242443579 0.08364204797429584 0.20041131497922735 0.6544268886542101 0.1588008819868641 
33093.53254390992 0.03231574378106499 0.08469495247871037 0.16101670904090995 0.8124178859870494 0.5133921889018447 
31478.05114525294 0.025639448848760925 0.09899559810750692 0.23070661935472142 0.8958163392099127 0.9213914132863794 
16147.488728671744 0.004852531798799714 0.10511672748664648 0.13324449081076917 0.9084206720135629 0.7161377932118436 
40865.60452473681 0.01857337778606019 0.11149874090496932 0.1348884664430532 0.9064019566168746 0.010384942931150637 
31952.819996253857 0.044596801680175296 0.0784771328761898 0.1546710275996988 0.8884584600551575 0.6345291056345858 
8414.977473714383 0.01842297902851671 0.1148920040178879 0.12452490844491086 0.7676068519566475 0.10568389508613488 
38723.93411244306 0.08230681405088279 0.08611039664109282 0.20249244255249055 0.7839477798250599 0.032695938124446156 
17533.000189534534 0.025767271110123804 0.07026041974652447 0.1534293862471121 0.8324715468099266 0.14087099129464592 
31952.819996253857 0.012753686906451692 0.054514013238083414 0.1385393247438913 0.7096146506828592 0.02528933894060148 
5177.486448898397 5.811588838557161E-4 0.09536053099957752 0.13423657552519103 0.9218648265463546 0.9532367710511976 
31952.819996253857 0.07570367306178845 0.08900593004172147 0.1546710275996988 0.8889044596425127 0.02531728702789615 
41023.29908332461 0.05294649712206841 0.11359671475510875 0.22948271924604244 0.8818388626546241 0.46084279512987075 
33093.53254390992 0.03231574378106499 0.08481501111372015 0.11343352160014984 0.8120847601593486 0.49367470638483524 
32143.598003440602 0.025767271110123804 0.07045450292679178 0.1534293862471121 0.8324715468099266 0.1233340872374456 
39151.71434318316 0.030179288401425253 0.06669971170281469 0.13345102121028135 0.8041406976025851 0.001504421387063996 
41023.29908332461 0.05294649712206841 0.1137051476609202 0.4212673664892874 0.8818388626546241 0.46084279512987075 
24543.13874385474 0.004639086945141851 0.09570237887223278 0.1945447170763718 0.8604563382598481 0.9136723344223273 
40176.37649539493 0.049217100038804786 0.08611039664109282 0.13210152782465712 0.7839477798250599 0.7116301575907263 
41158.74274876159 0.04831292028173054 0.08361097837688852 0.16817971305801213 0.8579992458525048 0.0034704152963660126 
10337.715159738182 0.005033079906315801 0.06723333170213387 0.21794013826022898 0.8263212477112281 0.020469358997639964 
5857.085980346469 0.001299250122063833 0.1315098163992731 0.6836285133066193 0.9638099554608638 0.08913252213214069 
29720.700854220162 0.07404963746521016 0.1093370147028161 0.15450715268633688 0.8169686911430573 0.010384942931150637 
41121.754019530345 0.01258062059932771 0.09851115716051491 0.11502072102734053 0.8770671753986053 0.029752616752775803 
21474.919231581192 0.11415040215183614 0.11489372964622088 0.1309787429844895 0.8403884300446497 0.06045592837236343 
17533.000189534534 0.025767271110123804 0.07026041974652447 0.1534293862471121 0.8324715468099266 0.14087099129464592 
40489.992631133406 0.0016871431071118475 0.10248446550864017 0.1257894901441523 0.6386044512142958 0.7041839455861849 
10374.34176583675 0.08621803670282033 0.11290120672220212 0.10258620061732743 0.8333586881471795 0.08913252213214069 
41130.29504908467 0.0031158183965931396 0.0826366556047239 0.11852871288569694 0.792365883965963 0.09917747174056118 
14055.482888949775 0.009960337177762141 0.0967578021801576 0.16514891043558488 0.9811539156059144 0.11594941228256977 
22346.26433680122 0.056839760737266744 0.11000519155484365 0.2215734022483486 0.8597303000572996 0.8864726538754214 
38325.391571198576 0.09165223639642552 0.09865742182808698 0.21829825646575063 0.7926476165792468 0.08567836072102986 
37215.54937799052 0.014936768150200334 0.15095211629360072 0.1254903019004429 0.8847961748585985 0.9558635898105475 
29720.700854220162 0.0973415554237443 0.1093370147028161 0.15379723362530276 0.9064999309837178 0.010384942931150637 
5339.844925299423 0.008954211732285604 0.06407276566061185 0.6787838451672185 0.8974844508727343 0.0605902829302129 
17533.000189534534 0.07026041974652447 0.14592803693462167 0.19847774932483453 0.7848431420176404 0.14087099129464592 
13716.984732242743 0.06235265877773653 0.09698670961111619 0.6821266515758704 0.8672129735950702 0.0012757921232403602 
41268.71800155106 0.0811106319162376 0.11120912786968047 0.1319743474477019 0.8718136779334178 0.47870872750058824 
29720.700854220162 0.07404963746521016 0.1093370147028161 0.15379723362530276 0.9064999309837178 0.010384942931150637 
8315.300994305479 0.01857337778606019 0.018960253112639408 0.16644674845846297 0.9064019566168746 0.010384942931150637 
6016.1200638690725 0.10639163992321606 0.18105212377746832 0.1634351936773088 0.8218598626860202 0.20174191803819103 
28435.88325546787 0.0851655383893172 0.11318724755041379 0.17232543225148433 0.8482199060852211 0.02552924829660741 
31994.110085304008 0.08383190259588948 0.11880290753537338 0.6721044308111663 0.8314503146817228 0.0033100936318395317 
41432.259493893645 0.0693807580143723 0.10788604166239248 0.195998270353443 0.8498561209935069 0.1379367248562265 
39188.635910503624 0.029699373509019758 0.0873998692322375 0.11538296577508511 0.7881684995063277 0.010739527212724028 
8798.510444864285 0.05292927807063459 0.061972918831099885 0.1975518587369078 0.6156378022778505 0.021927331719960585 
41570.87724398479 0.011821589391822072 0.1828812806333822 0.257013450469946 0.9921443815030736 0.4499149186602164 
24806.26834179213 0.011787939804963787 0.037786750678318576 0.18065266878163122 0.8116367141098815 0.9851420488814975 
40412.637744896136 0.08020879690971673 0.11079374390509378 0.13870464014529843 0.9861722911711893 0.8188311597566591 
8335.065948561882 0.08293454581768016 0.11050213547769973 0.20625482719204663 0.8353509522190665 0.21814609116305728 
16147.488728671744 0.004852531798799714 0.10511672748664648 0.18243791005694765 0.9084206720135629 0.7161377932118436 
40286.93039635185 0.029521476053847587 0.09918120810279353 0.6819742980111704 0.8393872491086906 0.0295687188287335 
20075.199679315196 0.008687215807668378 0.08724810369898486 0.11415040215183614 0.8058792221643464 0.4165060089556689 
41995.56415935032 0.05606830570432969 0.13236071893392995 0.0998031405348007 0.8991811012608137 0.9303259502892671 
24372.757015646235 0.013068665717063246 0.07193413245957334 0.2386010677782706 0.8298805382209853 0.32797986152119196 
40749.693526309406 0.07551616165127106 0.07983316199436764 0.0859715824632411 0.6267591864000159 0.8873415294897498 
8897.846152569218 0.043176301751849 0.07367335012289832 0.10079886306617791 0.7900126809119502 0.9385393051657025 
5414.141549314677 0.0247118952798996 0.08042786604774375 0.11925375307255597 0.8900316765450379 0.7291187169980133 
21126.15161883867 0.056704642283980825 0.09871345496176676 0.28658324518070166 0.8844744749691991 0.9210998264722133 
31919.764574100314 0.002945959010089025 0.0839531813248946 0.2466219944873035 0.812827903429939 0.4460323270008566 
36351.14994599997 0.0017556436165289237 0.05674755595058109 0.19433075105627606 0.7797814546397227 0.9464687793996704 
13442.970664124341 0.04686422215454944 0.23601435039529822 0.24189727345046771 0.9924135579476984 0.9313390050008682 
5603.1106273421665 0.06456139791911636 0.08795627109450123 0.7221286145598446 0.8095793899704901 0.06391488171060805 
17888.265333002426 0.03270002534364401 0.11906336918087294 0.17061954969249718 0.8824258626397327 0.21062324647167685 
13627.15538457417 0.03140235471877846 0.054436694302370595 0.20836018986481603 0.8455926974175559 0.1702217937256212 
37973.21170703351 9.580078444763954E-4 0.07026041974652447 0.1545938936890399 0.8327540652997715 0.09843621438010652 
5079.891628992428 0.041728239811782926 0.09208770602401224 0.09986910939431876 0.821387227794821 0.9598593136557528 
5004.180393931993 0.04091709394410357 0.09217752624089086 0.13380930891609813 0.8347984070002299 0.9642954840193199 
40207.74682943775 0.048384628026864496 0.06669971170281469 0.14294863873538383 0.8041406976025851 0.0287579294010278 
5146.948270919984 0.08435683064420368 0.09091795582877533 0.6836285133066193 0.8630281910662628 0.0013010029325443775 
24628.54801952486 0.05294649712206841 0.08364204797429584 0.11817560306373451 0.7041769274931191 0.19118950819685193 
31932.2808247757 0.004443499136475581 0.1420384354515511 0.17206524352559974 0.8263212477112281 0.89084702381982 
37973.21170703351 0.015754112873799762 0.1181863866151842 0.15571149783777127 0.8338057984187437 0.5017934080325744 
8798.510444864285 0.03240919657154699 0.074935600060673 0.12315372312639346 0.7383468398294611 0.055359672002332994 
7806.508842724188 0.0819840609325138 0.08867758488134173 0.7042679874153953 0.8595866784070828 0.007861159923045702 
35773.21675641351 0.014375810016981324 0.07959344968581143 0.11771384637155313 0.846618957985083 0.9631261006448502 
38723.93411244306 0.05795532804418392 0.08611039664109282 0.20249244255249055 0.7839477798250599 0.032695938124446156 
40091.178443733785 0.05648716505199782 0.10350411828601921 0.1313585699755977 0.7930454762920506 0.8946851927192041 
38723.93411244306 0.02917247948659521 0.061579648349304156 0.20502224138001302 0.8551956712533956 0.8273216730856986 
41252.43035688923 0.0811106319162376 0.11205118037180559 0.12608062561332767 0.9146904978742206 0.8513251627945446 
37189.547311786766 0.08713187459539679 0.13595583750723655 0.7063928510708535 0.8595866784070828 0.010739527212724028 
28435.88325546787 0.0851655383893172 0.11318724755041379 0.17232543225148433 0.8486487221433061 0.3954525663862052 
8335.065948561882 0.05858305981098129 0.11050213547769973 0.20625482719204663 0.8353509522190665 0.1777868931287322 
31994.110085304008 0.08383190259588948 0.11880290753537338 0.6694337180736974 0.8235879122407783 0.06283102859479524 
11237.94272799689 0.08621803670282033 0.09146558647195006 0.6681220381548495 0.8629946730626673 0.022175574972099377 
32404.598662846394 0.0025139033869543345 0.055670203089577236 0.13818246519922842 0.8645244382188175 0.9626059607301417 
8692.393528122726 0.06258529782740618 0.09697192943565128 0.42690786710804496 0.8882288231146027 0.0010908388683282676 
17574.460917942873 0.05540140400281211 0.09802461194959325 0.21025050395234743 0.8873737275400528 0.9458815359476633 
22687.72359009343 0.004852531798799714 0.07520516148633784 0.21032768056424528 0.9084206720135629 0.8266669551029714 
40749.693526309406 0.04917584673335175 0.09865742182808698 0.20456628456802922 0.6191307502614077 0.7137550886539434 
8806.178316428304 0.06629343617208557 0.10007582244773996 0.42690786710804496 0.8601732401084264 0.005661960103068166 
18701.90000167826 0.00381794260803516 0.06342879810602474 0.17061954969249718 0.8513648425433636 0.06055402623606097 
40340.41083277071 0.02307979546672229 0.10350411828601921 0.1313585699755977 0.7930454762920506 0.8944625350936823 
27366.020761582815 0.054528195690662445 0.012753686906451692 0.12691515737449757 0.7096146506828592 0.03629732428131449 
36351.14994599997 0.05063858425997697 0.029854592172230604 0.15475387742138028 0.7789117947869574 0.050093766925748684 
32404.598662846394 0.0025139033869543345 0.055670203089577236 0.13818246519922842 0.8645244382188175 0.9626059607301417 
12373.196629782842 0.0034894031950443577 0.042521150829647636 0.19763791786317048 0.766713929681445 0.9578920480115973 
5543.854043438441 0.022470561081517376 0.06982635266268852 0.1812281816000541 0.8084569677243242 0.09831820034515655 
13627.15538457417 0.13110908952441774 0.054436694302370595 0.20836018986481603 0.9943603646093113 0.1702217937256212 
38413.52509217114 0.057914074738730885 0.09865742182808698 0.20589408966735093 0.6191307502614077 0.10029150641046014 
41432.259493893645 0.0693807580143723 0.09511971795229121 0.195998270353443 0.8498561209935069 0.09980958704851389 
38098.678316932775 0.02118554085160015 0.12584983842476133 0.2009275548711206 0.8313934202594196 0.8950112038569853 
13517.419062232728 0.0025077357799698913 0.09635998815723927 0.6903895249020041 0.8094935267740301 0.043827671551145475 
39626.451170893975 0.04715259442741651 0.23592226681087702 0.24686553009672713 0.9924135579476984 0.9313390050008682 
