0.004317335053873762 0.008022098014047567 0.0013119228482672265 8.811545984979979 
8.0038355474674 2.1381788104025827 4.086215928141005 4.1280347178862135E-4 
0.002962697533750193 2.6678411174133515E-4 0.02759016740596196 9.105988705479927 
1.747490333535985E-4 0.0014883678639771238 0.014928357775069555 8.952996423233632 
1.2505006622717532 8.80681084631244 1.9344395470851876 0.12909636960126905 
0.9736286804288705 0.11976039813125816 9.29652238878387 0.33430326686135414 
3.939152665365394E-4 4.8112248750799215E-4 0.005847910090009366 9.274438492093363 
8.496652342660706 0.9145282320214755 0.7982910671801563 1.6126783828147033 
1.147487413063748 6.80735321918782 3.864862670030534 2.178080347638551 
0.028415670134176087 0.0031855817193327603 0.19456707263239795 8.35686032143845 
2.061777359370695 6.29693779747367 4.777205391133788 0.9280882924552548 
3.2181725187973584 7.783937801466532 1.7283280305047153 0.8581232071998236 
3.3596572551817006 8.16600865459343 2.5021099621561778 0.03602803359415947 
3.9864951183454047 0.450992471554379 3.2582658207612663 6.7117753443268935 
0.815769865379497 1.6013693426216369 8.176499678121727 2.6403332739445617 
7.750860087542581 3.2096806676407263 2.1987618769730712 0.04910830303700683 
0.5545426224897027 4.888418898839925 3.0098400853728267 6.0456622212936395 
2.893478521474586 3.708654943500327 3.5374862671103684 5.856585679222686 
4.990075695310851 1.9943917031808351 4.6369000395031 3.899479230171265 
7.5609568104965295 0.6818726085385303 2.1560099470499594 4.514302600524758 
8.26007641313609 1.3467519776233228 1.4766292103207934 0.8684271518159881 
6.466916352776703 2.501154064355958 3.6862393387482446 0.3759178045547077 
4.412478145974058 0.4159152227161387 4.645329561743739 5.591569704966219 
1.495814774860124 3.339050301946194 3.6033509575196567 6.938006107011753 
7.227632346730069 2.885338435853738 1.40796036811669 1.861398381345294 
5.234818286042496 0.599030052622728 0.6072264085245124 5.814960202871845 
0.7999696641751859 0.1140428812087412 8.628379088182232 0.791794242214323 
5.782485570115594 3.55033049108521 5.402227076186744 2.523582995011888 
2.459445351085761 4.083642812185274 6.44581581842437 0.5207666962581828 
2.5442710311545524 5.718425944254244 3.204084616874806 4.7880659373903445 
1.942407145431483 4.721028538116252 7.617727461988584 0.2996118301587207 
1.9457415766355919 5.12994660838482 6.523678353457028 1.6371008136052738 
4.792245334727982 1.7829708303231973 5.540411673931522 4.356676708589331 
6.701384496533628 2.667277718041193 2.699071544356324 3.025152496721638 
7.279266591468067 3.838872262647579 2.6609825595254164 1.5595668339006472 
2.6453245977517432 5.854734308789178 3.2310536068028455 3.7035369563238105 
1.8165254001486268 3.487353447291999 7.43016700819069 0.9812051942738573 
6.567125040919942 2.413569535931006 5.138101960495467 0.8220318063646039 
4.849188851114783 1.9847970149742438 1.1927969167269015 7.177288763035835 
4.925397668118077 6.04097541709059 1.8716957363196034 3.168713427801532 
1.1046963610083103 2.4667937299897527 2.822180019557934 7.7218174028349145 
1.7576403313916928 8.577676030343698 1.056241018478867 0.0691547421579402 
0.4653364987385891 4.653819473408879 2.466509046085588 6.3706103942844745 
1.276642187534758 2.865686263792051 4.399150336390718 7.226525413357802 
0.017788042887377734 0.005021044815630636 0.035080891745711135 8.043230462732794 
0.4653364987385891 4.653819473408879 2.466509046085588 6.3706103942844745 
0.7124018905353273 7.153218251825993 0.7023987091101451 4.735265126496568 
3.979977685051819 7.039129334355264 2.040972668676638 1.1603645243422118 
2.7374467829893425 7.122331619783825 0.8014567957762146 4.022182142787597 
0.7633891969446193 1.6243521586121326 8.159946120866952 2.635072466403777 
1.2419065717102045 2.2197475462342253 0.3445938881227396 7.752963136521522 
1.115206405430212 8.329601633022492 1.7626504042698654 0.75038675078227 
2.5384435954717404 7.673717529237107 0.992198110053148 0.8705971650632435 
1.1638737684012732 3.509510679301524 0.4518757040243692 7.35569480974889 
5.536729190499261 3.4383133183442998 0.9322643699095803 5.398733270478593 
7.586883684212408 0.7522455566006319 0.7292512523397542 5.021133292922896 
0.7230939620912605 0.2992777635602585 3.483759608110117 7.754446233488927 
5.978593551303266 2.3857117454312893 3.956641672386711 3.0424088406679273 
5.1408645609304 2.618700561072754 5.992463857444651 2.847739662899909 
5.859233480234924 2.6183193299051895 4.1387272543956355 4.368201497551109 
3.1028250876654027 2.9828959466866385 2.970260060604593 6.791290141211308 
0.6171016653582431 5.520873998085322 2.0605337383699465 6.106190966245572 
0.6613488231913737 0.10747266628455517 7.277300824509398 5.199426229367392 
5.956576437391192 3.130123090829372 4.954737225463493 1.256430317496737 
0.21068234644450282 0.934639558889128 7.8331428012608 2.974768625415598 
2.3886700978416426 5.034711615901711 7.259350293919225 0.05430826878099127 
8.0038355474674 2.1381788104025827 4.086215928141005 4.1280347178862135E-4 
5.464340841384112 2.0335830444153236 6.406112807650037 0.8259624287581744 
2.526313685431332 4.55208294215023 1.6748324160446295 5.995900765626224 
3.711988766305066 6.976597238589779 2.534598270705853 0.4052834343233018 
5.320121297252671 0.5016202193032667 5.61203593516066 3.5203628421704343 
5.649292882538171 2.1077762325656684 2.810968030937695 5.3487814542317205 
0.8136056798176967 1.7368983745365978 8.807263371760811 0.20489615208487172 
3.4568776947690765 4.201635512234583 5.744183957121045 1.36747426412018 
4.4435872235261185 0.5208879713992404 7.160368339472894 0.7629157418635761 
0.9970585955794348 5.818851106340154 6.699217159902966 0.31932564217878096 
7.41944356822957 2.9512198882720626 1.700585431597316 1.5101140056095228 
0.96362917454177 0.12202238943894793 8.893036571968185 0.31991963617959907 
0.9346799553148522 0.0836501444718955 9.097871640926293 0.4012366199878778 
1.2073700401159997 7.010336500061343 1.5701973594199827 4.860708060029864 
7.040989475580893 0.6488321891570593 5.329852951852896 0.6480226209684373 
6.507425549628192 0.8160063108234248 5.271924862910199 2.5892302369199305 
4.807570085222548 1.2654671761608693 7.121832741005789 0.8779000285707399 
1.3110824184199734 1.25742537536865 6.936813993815559 4.900219289012448 
1.459987943086565 8.54313389585647 1.9022367694274027 0.7240982452793931 
4.909831574865497 3.1279576271304634 6.328161668167956 0.8581391968476603 
2.292730480391045 0.861597658755535 7.71723634583278 3.482841717289583 
6.87650422620199 3.4484327167652404 4.208697391630133 0.18953305080905206 
4.65760962747836 5.968556230064386 1.97665530521923 2.7500025739875325 
3.1028250876654027 2.9828959466866385 2.970260060604593 6.791290141211308 
0.716365446173696 3.560740677261935 0.9079258860803704 7.392953952892603 
2.7979015978695045 3.5900166991728595 6.730841388401755 2.855694546489743 
3.711988766305066 6.976597238589779 2.534598270705853 0.4052834343233018 
3.355471543210482 4.45372930016351 5.9394785964347525 0.8989795083673003 
7.001830442787115 1.0020841937307583 1.329199585621205 3.196610114696623 
3.893940731760864 0.5573360859746856 0.9181794039659185 7.878224995666598 
4.1474033770691285 5.314547934440484 3.3930667188328725 4.170293180296814 
5.031000827372965 1.9202132190272738 2.8208682217047127 5.919215898549624 
1.6038174188814325 4.934255394949112 5.48891882617569 3.3547243324789977 
5.104668214035336 6.256447313784088 1.9451995100189834 2.2891233629412087 
2.513484320570965 5.341397753929276 5.622197316255574 1.4482415825968133 
1.7991536641807442 2.3157809585337423 4.317263341195346 6.240293200127124 
6.161198050216522 0.7331511410535223 1.4584873417921163 5.620834294895756 
0.7685604919694259 1.56759525276607 7.636393132209247 3.6420291684784147 
5.373015752932652 0.6314344476460536 5.751001606197227 3.5069503130570623 
5.104668214035336 6.256447313784088 1.9451995100189834 2.2891233629412087 
2.3556731141998566 5.257846137223941 6.261868337687551 1.6617245894248023 
4.244849440867111 1.1201689242471766 5.711896353779686 5.1409761021260625 
4.628779483410953 5.469614837047429 5.2057153646916 0.5719870810586758 
0.3845506735631549 3.8555200853101326 6.85972714691438 3.0919345136224896 
3.4848940817765275 7.41595906381185 0.8958233264440754 1.473575613912628 
4.244849440867111 1.1201689242471766 5.711896353779686 5.1409761021260625 
0.21068234644450282 0.934639558889128 7.8331428012608 2.974768625415598 
8.48627215993406 0.9383248641476627 1.1257393658413852 1.6826471979313782 
0.6592535621696425 5.774555267521395 4.966769798062008 3.511329151493997 
3.567611274750131 4.339604235555188 5.984128005539574 0.9088435164728998 
2.8780422786306454 7.441495648419373 1.3666724637287346 2.1885206103204964 
5.041746789936366 5.731404791662814 1.255502760369662 4.110525775512793 
3.866028446358112 0.5433853037277999 2.698610073351093 6.854254675482327 
3.567611274750131 4.339604235555188 5.984128005539574 0.9088435164728998 
6.093906217270484 2.768305638022799 4.325541739636762 1.382345572487153 
2.020356434779524 3.5133937784257685 5.860602132357819 4.906012513979751 
6.267599670128626 3.190061968667921 5.255980051518151 1.2214185375971394 
7.8617707437505935 1.2295098801867486 1.1710953570358331 4.273484564860481 
0.2812919247750711 1.682353602299328 8.69782265597081 2.922132188310608 
5.895671632530051 5.805851683900292 1.0828365551308097 1.5497789512076465 
2.8004304074033017 7.315629035842171 0.7205552214842722 4.123953647914721 
0.09441194705892374 0.7481352183560512 5.613591237673688 6.111022169690091 
0.6287056325871591 5.862238776494198 6.1677667336732656 1.4932292603269157 
2.812439203998182 5.218183813878556 0.6255704961429804 6.295347951623798 
2.292730480391045 0.861597658755535 7.71723634583278 3.482841717289583 
2.785542755308204 0.3316141148917816 4.161191245032547 6.109205719807929 
0.2812919247750711 1.682353602299328 8.69782265597081 2.922132188310608 
0.9346799553148522 0.0836501444718955 9.097871640926293 0.4012366199878778 
4.65760962747836 5.968556230064386 1.97665530521923 2.7500025739875325 
7.1144321896043445 3.94511951979677 0.8739935309349773 0.3196303425589782 
8.48627215993406 0.9383248641476627 1.1257393658413852 1.6826471979313782 
1.6038174188814325 4.934255394949112 5.48891882617569 3.3547243324789977 
1.7929725029880124 5.409103185800292 6.249643503560382 0.9914609758223975 
7.967143133753308 2.8225127302377504 1.8800362547235203 0.8752299910024495 
7.1144321896043445 3.94511951979677 0.8739935309349773 0.3196303425589782 
7.8617707437505935 1.2295098801867486 1.1710953570358331 4.273484564860481 
1.5531249791621604 8.436909057028078 1.0499344281068033 0.1361325355712418 
2.061777359370695 6.29693779747367 4.777205391133788 0.9280882924552548 
4.234730609238111 1.2244704028528666 5.736030461607093 5.1499838159244336 
5.746838928209782 3.19822704582508 3.3185080071227 4.081827706732696 
0.3190691017008596 3.1857079592574795 7.156893902987686 3.0853323784062754 
6.891158118889921 0.9876135810828995 1.3095339904651684 3.4028526770646983 
4.1793313371153875 7.248459077419621 1.4275611886906878 2.263509925845871 
1.5531249791621604 8.436909057028078 1.0499344281068033 0.1361325355712418 
1.3866894155301772 4.119564905138789 6.825476051756951 0.7311837269951429 
1.306430299571821 1.2527679592041465 7.155804809535564 5.047269781624283 
5.567735240215982 5.505051719749517 2.0592851148432407 1.4587178673015222 
4.1474033770691285 5.314547934440484 3.3930667188328725 4.170293180296814 
1.3866894155301772 4.119564905138789 6.825476051756951 0.7311837269951429 
6.267599670128626 3.190061968667921 5.255980051518151 1.2214185375971394 
0.7685604919694259 1.56759525276607 7.636393132209247 3.6420291684784147 
6.049856523337668 2.891791344133111 3.447200161626594 3.4759505926441787 
6.088976647932978 1.3854366163544063 3.253685095074527 4.799930885291186 
7.040324887459568 2.8111115662824098 2.836258369223626 0.5853928811348 
2.020356434779524 3.5133937784257685 5.860602132357819 4.906012513979751 
7.472459357019217 2.458575086889983 1.5100949525184646 3.152140139694704 
1.7929725029880124 5.409103185800292 6.249643503560382 0.9914609758223975 
6.790413053960747 2.7594666472521268 0.7210415113381087 5.350898386511238 
4.217996173073201 1.9244993036958447 6.171197304958327 1.3388851467063223 
