0.9999755740023086 0.12648413185432936 0.9663196448190806 0.5984628473676805 0.13220798958948515 0.057825902544115446 0.5512672066822919 0.8430675623499325 0.0069428536278329425 0.02096980946770624 0.08863781746499694 0.044800064510026265 
0.9999844567163912 0.7580753709284421 0.7722380930629702 0.5909487587815517 0.21601684704549562 0.08172610208324971 0.10360959290806851 0.029147694880994224 0.11110161793885223 0.04319214844555877 0.9333581125283837 0.011302080171823492 
0.9999190290396841 0.7421953299299631 0.018413332180013904 0.6036555841316718 0.21733537410833775 0.05894808474598576 0.7799589987134505 0.013626594997422983 0.0954559780447101 0.07201684741750122 0.04815796949299041 0.1553428221180077 
0.007558621335276294 0.001595827492264515 0.9420732511195291 0.3025813762293348 0.14213916872851146 0.896802068102843 0.014633655614675278 0.9990212297761076 0.6674663144966347 0.024422532706218355 0.34879770342283917 0.033272426892364315 
0.0352326898304523 0.8886661107120913 0.46444271856809805 0.6905357903223971 0.006339838823580529 0.028102529121804484 0.6164751798789467 0.7066405916176924 0.05180525183237107 0.02402538102536599 0.25711905630780824 0.18254392555754873 
2.2093526088090565E-5 0.6997777526198042 0.35994716749452527 0.006062902728726116 0.21523853897962858 0.19507312706239188 7.184669600436844E-4 0.2784965323171599 0.09896708295597567 0.7853915952431871 0.258280546267593 0.1600752524509544 
0.0036981423243007405 0.41836057648318387 0.8851062553514105 0.011291779048038561 0.1774690287428132 0.055602478771277594 0.5547573506821382 0.6812817956601444 4.584772985699592E-5 0.02579780350462542 0.07118848695183352 0.38029929152344366 
0.19518227488142167 0.2845859950094671 0.9968152252935791 0.0577129348842404 0.14013313515745518 0.4258174477102884 0.01722630192925953 0.40546735207856965 0.056950215072027084 0.020281801304850924 0.09386792860313586 0.14842355328621804 
0.24876501941207574 2.525116124534321E-4 0.8411420009577304 0.1949632907793197 0.10108778111798758 0.22446725375136156 0.002955562125727486 0.6866635282935343 0.008623883525162124 0.046227429671420066 0.36481717958492577 0.06914075973446854 
0.16426666217053504 0.3313594364509609 0.013104332390763807 0.021611409726471076 0.08543050438684156 0.08308882660228378 0.28957508628176554 0.40342778667862167 0.005308167481041556 0.0024049879065844437 0.941507435360962 0.09971819496261478 
0.9794787802276099 0.26372467825784124 0.9056091344167976 0.613951191202355 0.005839076894616206 0.05894808474598576 0.0030714499644065724 0.015097215664486352 0.007031740591867727 0.17178460432401374 0.05650253951571201 0.1100845696116935 
0.29351283709357756 0.7950532077157526 0.4784886106428804 0.190611883101502 0.28328754050473726 0.36752108641588516 0.11279838431913627 0.6687702903929946 0.0036242020483467086 0.04654192688886799 0.07661333774108048 0.03192849511463619 
0.04076306138470147 0.7592777600717331 0.08107236296269046 0.32208654477373505 0.15136823665428173 0.2820834155926349 0.48953740893616127 0.10910175005696195 0.0071267359821701 0.014204401561675337 0.2250766672249005 0.7780553659346676 
0.2507634343117095 0.4394423573916425 0.6958816668764863 0.16732902422832077 0.12870632691721892 0.052734433545813655 0.04948889034959062 0.026079331580978034 0.007273137924331774 0.018892599941477906 0.061792618349584605 0.17214418324807668 
0.03689839052805942 0.4805337548462546 0.8343048840846329 0.004980094365718404 0.019662954148508355 0.17590891558219052 0.013890579978052167 0.08777032557545528 0.02743539870991919 0.023880127284080593 0.9615767801117926 0.3708402919649463 
0.3880781989371662 0.7040795498744903 0.8508607134810213 0.22742580203452678 0.049235082845614515 0.07245991098021874 0.11173092551532346 0.04537920108768517 0.019785428465773483 0.58735338316772 0.7947799935521023 0.20997955838298832 
0.6964787027510321 0.3313594364509609 0.0054625490004246435 0.021611409726471076 0.0018261919577113594 0.08308882660228378 0.25277411553169615 0.40342778667862167 0.003702949254753283 0.0024049879065844437 0.9042650400828012 0.11163558730632367 
0.31437003118343115 0.8886661107120913 0.4644201552771316 0.7054700539908223 0.15872461704216462 0.02881590786715997 0.6164751798789467 0.7066405916176924 0.051595524655379726 0.07170649836650576 0.04039301965962451 0.18254392555754873 
1.6582636343817625E-4 0.04051340887536935 0.01630366258197817 0.5957830702793202 0.011914004518685226 0.8490055333654127 0.5868265519740506 0.8089178975481462 0.13973483864169783 0.5866638236721523 0.2587138240481461 0.1239847817371929 
0.0018920618396701117 0.03564354091964653 0.9772006640410575 0.010212925070725349 0.4144135385726114 0.13916264971768472 0.2734523621615429 0.8710401515136055 0.008811689992438048 0.06446078774561848 0.9599353487422791 0.01624868273071748 
0.3562576044386806 0.9927682243663759 0.005409490116792537 0.6115279804210578 0.39451277077590996 0.01767331443610906 0.0838399152925984 0.045618528402114666 0.01673058264409826 0.0715171993104707 0.9770353503028189 0.36677482654121385 
0.10137559729469103 0.6753798414565546 0.10000816123159195 0.011312406426828923 0.0027861764680266465 0.3663004414919335 0.11247912778803035 0.2714970755538837 0.018485813937242523 0.045434914866722534 0.11808344577625945 0.007748185476150804 
0.3356740498784133 0.5552682680020589 0.9974079114434092 0.038070839031002945 0.21195820031503643 0.14300885258456159 0.286546237949992 0.6663195458414266 0.006472092517219259 0.8681538317815296 0.9611051373819937 0.02333994432667162 
0.09199015624801936 0.11486539134572332 0.44934068100834285 0.005097156803156755 0.05567748625763032 0.23251804511767965 0.21571438978875343 0.2648031805055822 0.014857027100862789 0.1270690268193903 0.18331476411065506 0.0046107562112693845 
0.5015755077416608 0.2380829313948508 0.3622622649230435 0.6063699024039924 0.019662568707505615 0.1923097920831537 0.496702438530355 0.7968154498363424 0.014915435221490856 5.0386287561876575E-5 0.08413612247930748 0.11337049537604654 
0.13378174392715866 0.4702975735779925 0.05952578363624239 0.03976042177137226 0.15135497287012245 0.24021624010722697 0.07259941038083173 0.7333474682192774 0.05861475626351073 0.028379550299349195 0.9807980721714681 0.7994815754309119 
0.5448158534336797 0.9693281610682899 0.9363758370145793 0.13884378477687814 0.008180624626021218 0.0278207395320888 0.6195248884361652 0.702563683613344 0.05180525183237107 0.041292354848311286 0.9671148326284834 0.1785676968561863 
0.08059350358385386 0.5828808752573919 0.39119094310876645 0.0011226245555491432 0.24114075585438144 0.28072395471963957 0.10979667459709548 0.09775072985394326 8.742921955025721E-4 0.08721596416145355 0.806968689840754 0.3457119271878494 
0.09206858046812375 0.6698894360598217 0.03781630742319647 0.17376450534633323 0.13044828031920266 0.20553727424498192 0.15393861967677863 0.40273532995325656 0.31137137178164376 0.1302469855026194 0.8400278011515704 0.054037283860743926 
0.20353881294820755 0.22501835066577783 0.993332762259686 0.7166447107350693 0.417273289788749 0.6581578702776637 0.618108341350354 0.9848062757847236 0.09251300839269502 0.044682687410532385 0.375583615608892 0.012254919533508032 
0.002653705967251077 0.5198441642229805 0.3771387819916662 0.18900195201784423 0.0955047670841623 0.6797012132581095 0.24714809776107194 0.7314149926870224 0.007474744895156161 0.14833588823564425 0.052107376529400354 0.8188103128393561 
0.04070565677880844 0.6949954525404842 0.8343048840846329 0.004810243497036318 0.0027938287213422532 0.17574573115549963 0.10680776328068924 0.051570037284821214 0.027335709973638374 0.022492070127333785 0.9519668032590801 0.15972173156465524 
0.20560668323077322 0.39881208628902654 0.45711435761697317 0.0102157693318628 0.02647812965682153 0.6707140918168029 0.5467524622506545 0.8550396205758595 0.004921747663231042 0.140681476894865 0.9900933870442621 0.01603437235574698 
0.31437003118343115 0.8886661107120913 0.07209859623492795 0.7054700539908223 0.15872461704216462 0.061103865272148214 0.2668157106718385 0.7071435247320095 0.04869676376338794 0.07170649836650576 0.04039301965962451 0.18430405286809137 
0.014777969283732508 0.7617665837222535 0.3935362485147066 0.5918873481241071 0.20841019447588405 0.19341702110397868 0.4929255047455178 0.8063057238620623 0.02078057195593783 0.026036282790370645 0.07348339495640299 0.003477115581142807 
0.29351283709357756 0.7316891577098691 0.48449221219457483 0.038826553841680156 0.14663098818959563 0.08542257051873328 0.01475524852303115 0.010968229183498768 7.259738675311975E-5 0.7013849195763565 0.2584746788166048 0.04766221555967748 
0.5887269059617333 0.06073525234469643 0.06295779442401467 6.201632864996087E-4 0.41717850683072233 0.05583659266904407 0.9738258315103059 0.7415009654866029 0.025012643956203756 0.005186111622503871 0.941856798016494 0.1381932284864154 
0.29285745807237396 0.27697408299965065 0.6893189610777039 0.003933223882995676 0.004894134356728627 0.06808032834994521 0.49629641801935076 0.029141533216788133 0.19497579876093318 0.08220291433208171 0.06354994136057354 0.41299294187282976 
0.48550042672823834 0.4716510082870581 0.1090323359952922 0.07025997302336262 0.152319412845966 0.2353109804173501 0.6489739493709948 0.398088992497482 0.059910013971816334 0.43297639124554776 0.8989300187960162 0.7413826461458701 
0.7690814500721889 0.06879423246604158 0.07544374423371708 0.6017472710837177 0.022755135154165176 0.05583659266904407 0.9738258315103059 0.05922522612399539 0.02491590770139185 0.008841786806912427 0.10790670960682747 0.019880309891348112 
0.20467788363487957 0.12904303803206596 0.48243700917008014 0.5465241234988696 0.2166647814411069 0.20447776459950906 0.11161514078300427 0.03251661056100982 0.09814170414298345 0.04172799209667252 0.37781988789326226 0.017472967576231374 
0.019323974547408973 0.11716895851462361 0.7003287667477763 0.17672014565557068 0.003141752941892742 0.04966440339219659 0.6167211106816894 0.017979839108203666 0.07264142951073332 0.11047574398751793 0.06145635195969035 0.002898660381269541 
0.15333683804121187 0.2845859950094671 0.9968152252935791 0.05729732236035173 0.14013313515745518 0.4258174477102884 0.01722630192925953 0.40546735207856965 0.056950215072027084 0.020281801304850924 0.09386792860313586 0.14842355328621804 
0.19968704764053985 0.16728734874637355 0.16874375926197382 0.019683672208338526 0.002387441630082596 0.05988077195333255 0.18997714872513483 0.697554388658399 0.07217668125826478 0.0642045607077727 0.3980352146319346 0.7811063770181914 
0.43046475099316384 0.09086551119765424 0.014261992215352182 0.6275779369381549 0.24030265614760893 0.2785557965327403 0.18850312229677635 0.05785729286642757 8.130936349057052E-4 0.08152283778055519 0.05206404925198371 0.6277954132342202 
0.158083309773831 0.001004579565571484 0.577052719814291 0.028843840826200114 0.08651964717333656 0.06885684589326718 0.2835679005471531 0.0814064050443794 0.005350460169120651 0.10529886960737668 0.9415139716952405 0.7654203541873279 
0.6492182891662918 0.5244461971002324 0.8371967715399964 0.028843840826200114 0.0026910301481671978 0.07091587365441313 0.24229075147552492 0.09446842741321354 0.006990383047993626 0.08617256032273679 0.07297808738878081 0.41299294187282976 
0.5601049970122067 9.744189166559503E-4 0.9802683607461166 0.5642209229063606 0.015815019367640182 0.05706688451242786 0.5186310018365476 0.05922107448920944 0.02513771787796435 0.008657147454646276 0.11724189707726224 0.019880309891348112 
0.43046475099316384 0.2688036696766466 0.013329966463302844 0.6000252318465663 0.24175127130376645 0.40327170619590813 0.18850312229677635 0.1363549858398884 0.0041118397881133315 0.08152283778055519 0.04811022887653746 0.6402754198832123 
0.4697467252039947 0.22054623161231768 0.7118013167348279 0.1673598762548883 0.18164513113677508 0.016962588273220246 0.26552681053427235 0.09983161622540088 0.11411617195152599 0.026526005832259968 0.2616463190534205 0.40132676880113716 
0.03241177968854532 0.6753798414565546 0.9392225887601309 0.011312406426828923 0.0027861764680266465 0.04480188353810913 0.11247912778803035 0.2714970755538837 0.007746035786208533 0.045434914866722534 0.07509715914770837 0.007748185476150804 
0.719634873705266 0.25713605714699667 0.10000816123159195 0.01096780858297771 0.14147013184088164 0.18658170104010977 0.0025605538223956448 0.29339202046386365 0.01953134348974266 0.0056408682537678195 0.11578221617414058 0.11699082286815393 
0.5060200178306755 0.7877247146035932 0.9368997285121425 0.009926530981724878 0.002479026446059532 0.27366223690879843 0.10833900092940885 0.052233899386028196 0.08388699998130736 0.08992218124117149 0.9507847830702972 0.17907497325707447 
0.2932145157008505 0.19794803696192617 0.470712946493111 0.03832148340213626 0.044238743177601084 0.4027994584272879 0.11496402596894682 0.8542788054903725 0.006767261216649256 0.02096980946770624 0.06485627130390365 0.06824440449949011 
0.03319825930793985 0.41679108305863105 0.06382211790211514 0.16777263389525648 0.05385842173390776 0.19184046123802234 0.011930092279551226 0.9211969311468672 0.029253104253248122 0.025252174445096396 0.2636632775145198 0.059021240645012296 
0.0018818568900942773 0.27567077739547263 0.18579970112157357 0.32603571552609156 0.2149513244900889 0.19142265869558858 0.6754125487125134 0.06273999563700064 0.019253749539178338 0.7597517349690123 0.11811059895489083 0.09911759987957755 
0.02093459734113745 0.20837888881698025 0.48665442879044163 0.2248904514928225 0.00870581335574258 0.26993940668779004 0.4980289830888921 0.06651098658019519 0.008449131165471621 0.0422785775541404 0.3422135711490675 0.3717801249563558 
0.0028451735998923783 0.25590033506771803 0.08414676911141314 0.1901491540889099 0.21588905171410483 0.06718678872737374 0.17575323211264396 0.03785263610644907 2.5112516338632318E-5 0.07797618385966765 0.0752984702921543 0.4141418603962652 
0.4417195262911837 0.2084000384747314 0.01573758047814605 0.2248904514928225 0.006403130413047575 0.18756022671317973 0.20566248605089416 0.7995364927454333 0.0017239250529898168 0.07953295725492776 0.06461047434285522 0.36151174639053396 
0.20353881294820755 0.22501835066577783 0.9930717457999538 0.7235748028826474 0.04795583717123314 0.6358289470401699 0.618108341350354 0.9848062757847236 0.07837450669314724 0.16204469155575443 0.375583615608892 0.017623649300751467 
0.014777969283732508 0.1528929193835096 0.3328429288072319 0.2748452952770854 0.015407095828204254 0.2402343980415113 0.14697615264017108 0.08000342560319351 0.008004958247142984 0.07911026795426723 0.34761503949367867 0.0026747831240433832 
0.014777969283732508 0.5482664499337557 0.3328429288072319 0.17567926411072915 0.0034472673323490827 0.19114572141752356 0.10171804379317084 0.8129929326311485 0.01476928501201663 0.045065714594979094 0.07001190915755928 0.003477115581142807 
0.3123312708520362 0.41605296839969436 0.06379894225230735 0.18270689521465036 0.17544106408373628 0.055636606364303426 0.11651087383102608 0.7212513979993789 4.584772985699592E-5 0.07293329178600699 0.04565098409553431 0.38029929152344366 
0.9999190290396841 0.008515680322350394 0.018413332180013904 0.6036555841316718 0.21733537410833775 0.05894808474598576 0.029467483335708256 0.013626594997422983 0.09680029712507493 0.07201684741750122 0.04815796949299041 0.1553428221180077 
0.6524216836875001 0.2747592763591095 0.35830004375186253 0.0330955019264053 0.0012919455600955802 0.049919889560285015 0.10128732005549845 0.06415903291804864 0.0016559869137388163 0.07197506971415688 0.07422452408749718 0.20145261206747866 
0.41049244910849564 0.5782722524956523 0.6910562683612402 0.17743838621604338 0.09523645528788865 0.03684651701712738 0.2480357559244421 0.7075998360460262 0.009061929574089397 0.09964039096418492 0.984126331832802 0.019164192864877944 
0.6902953463944554 0.010423565390574707 0.563157642790805 0.028843840826200114 0.0025955640235492752 0.06885684589326718 0.34563838402102776 0.04183384801316575 0.003745241942832378 0.10529886960737668 0.9042715764170797 0.7773359741592712 
0.13384555734076675 0.5031766820267474 0.8388269744918193 0.5891438822580455 0.04794200019301112 0.0527359927285522 9.43978613331023E-4 0.03908460694502143 4.584772985699592E-5 0.029335075834745154 0.35632673480518 0.07695184372912506 
0.021608616161257144 0.23511912581184652 0.6712967540574406 0.01741970168886589 0.13216659559604918 0.06202235756323782 0.9733875751697955 0.28242349410763024 0.009052540587234145 0.06821175958913071 0.0467505571235413 0.625622898919851 
0.3356740498784133 0.5522841926776823 0.9475210939189314 0.038070839031002945 0.061233540750991765 0.1916638282908013 0.11889371620759967 0.07136434420177673 0.011279702001464349 0.07100335035776784 0.9419525776369082 0.05344008636975105 
0.28732905769045436 0.5419906096693827 0.5622264068786961 0.22599999968435597 0.057450935562048666 0.2863939290165943 0.10202052049928388 0.6932189489675404 6.106504784559115E-4 0.8538802535997674 0.8916184233397351 0.019768408313711412 
0.02778243407811798 0.049603492839398466 0.09735943643212122 0.041819266507107655 0.14039439876565488 0.36861241571171854 0.16160054376018934 0.7395543290587105 0.0682135229480954 0.024049102828461986 0.86828479364753 0.04917643330090179 
0.39634595105499937 0.2296755144049485 0.9225435330906983 0.5988949908061671 0.005510332649904505 0.015930267294243905 0.09648567475833936 0.6945942972547933 0.01167314586238697 0.06812847888514165 0.10367093897180416 0.1753518222716275 
0.008902247072635816 0.2639833866072536 0.18579970112157357 0.32603571552609156 0.005777086995225389 0.1947331143180318 0.0012005675251625103 0.022026250317713224 0.019253749539178338 0.7597517349690123 0.11800759703552821 0.39764306352892637 
0.07451984240199677 0.688391031057604 0.6246978005076695 0.013207442072004805 0.17079081759593528 0.0089012306557891 0.017728937304248238 0.9785719779045268 0.07064508959617213 0.09894827099020945 0.41855274078204663 0.018034964916220086 
0.3523815611563803 0.3271108035311614 0.5108456097555252 0.1650564151703535 0.040832241166989094 0.04492444173905753 0.05658578076467919 0.11139060920326938 0.0011482587560152566 0.04639223515584326 0.06033419765171938 0.2416995529798794 
0.02852041660794513 0.19794803696192617 0.9742115058657581 0.6036555841316718 0.0019472358037693899 0.4032227419235953 0.11496402596894682 0.8430675623499325 0.0069428536278329425 0.02096980946770624 0.06485627130390365 0.06824440449949011 
0.01066263528786246 0.20304508143710726 0.4847817914444751 0.01646713142723634 0.05708017007436847 0.22368004569453656 0.12201318881726857 0.805998305385277 0.0022775195908253595 0.08721596416145355 0.10067332100043674 0.40676535303523764 
0.016249052990530533 0.04237479890270239 0.6975195898364992 0.7177116483137485 0.41751870982743766 0.6848027222287609 0.6192576480821892 0.03498208628108185 0.09439362612390963 0.08286861435344042 0.04734098086739322 0.508233302208914 
0.695319801389685 0.23511912581184652 0.6712967540574406 0.009869428534239902 0.13349738781680898 0.26562818747465794 0.9733875751697955 0.051992834365441776 0.008774986205465712 0.06821175958913071 0.956335875654313 0.6501623248140458 
0.2502424429711099 0.01387885532974903 0.8614788985514442 0.22770066316683224 0.10108778111798758 0.11399900759276949 0.002758983160451922 0.6866635282935343 0.00581971058426221 0.8786954737315016 0.34092952413465705 0.06902856214614758 
0.06881261389236094 0.024957893923401198 0.8270413066467898 0.17672014565557068 0.002259668362637052 0.4950096194467107 0.6264692632060409 0.9399210401940339 0.10611052353514433 0.045833797456457825 0.3657474645283368 0.35601187347475105 
0.6278903396484294 0.2747592763591095 0.9552898863990043 0.0028569046566746126 0.049038645305529226 0.2464418575299192 0.10128732005549845 0.6561924933115438 0.003722414868561023 0.07047800945744212 0.07788409154304343 0.22627525668286252 
0.04078628172986434 0.2795894619276576 0.07796158788228456 0.3301886975701538 0.15136823665428173 0.28078853504026197 0.07385967853214503 0.10910175005696195 0.0071267359821701 0.014321687826574912 0.25063764524501797 0.7780553659346676 
0.3123312708520362 0.41836057648318387 0.45430255291078736 0.1660583426241068 0.17645662962756184 0.05594582162061064 0.6150126351666804 0.6803857819540982 0.003412720454864338 0.009751739761324374 0.2624283772696985 0.3796135294182982 
0.35112227839390087 0.3271108035311614 0.5544258260404477 0.1801593899705377 0.21802342602134997 0.01817837233307587 0.04724017627485885 0.03142986966123326 0.008907854836628024 0.032424413406911504 0.06163711197472051 0.23807636213530603 
0.0563803594413253 0.001595827492264515 0.9420732511195291 0.3009955351841255 0.14213916872851146 0.43810426347155873 0.02685872406709372 0.9990212297761076 0.6674663144966347 0.024422532706218355 0.34879770342283917 0.033272426892364315 
0.1310450580756497 0.423564566529938 0.45454011823255713 0.0102157693318628 0.27130219249394627 0.6707140918168029 0.5467524622506545 0.8577836212063199 0.004921747663231042 0.140681476894865 0.9882239759103304 0.19661410176394023 
0.35112227839390087 0.3271108035311614 0.5544258260404477 0.17767044758665604 0.16949131955755017 0.04492444173905753 0.04724017627485885 0.11139060920326938 0.006947860353485468 0.032297691909704024 0.06033419765171938 0.2416995529798794 
0.04636843348548178 0.05311915121884708 0.2354166679999048 0.09302180938150642 0.1425528935787261 0.8045502511705435 0.3090089919935378 0.6813795251589994 0.011453917357857602 0.03214706327934733 0.11433522259723816 0.41310617220095047 
0.2051552245357624 0.529405968888566 0.6980336033261614 0.18292669974035258 0.045170144210430634 0.06880830339244903 0.6264692632060409 0.02695787281491578 0.3200938131431974 0.045805288851994475 0.3455547197158809 0.017050738191536047 
0.3917375987269181 0.6972850687330472 0.09079166731493071 0.5942549146683958 0.04971452322248521 0.05266749262511376 0.10862959852481414 0.6476949514221295 0.0013117067305654408 0.1623451731991487 0.8175849142883487 0.3099767072820903 
0.06883360422475905 0.2848444247802377 0.6980336033261614 0.17672014565557068 0.045170144210430634 0.052847149787827175 0.6264692632060409 0.02695787281491578 3.1173434633942126E-5 0.045833797456457825 0.3455547197158809 0.35601187347475105 
0.5872769215144895 9.744189166559503E-4 0.9802683607461166 0.6017472710837177 0.01945219126631519 0.05706688451242786 0.9600866927799854 0.05922522612399539 0.02491590770139185 0.008657147454646276 0.11724189707726224 0.019880309891348112 
0.3034389331870673 0.7323835592009736 0.01016937690992406 0.6161518177207513 0.04201868248199963 0.24121404767060237 0.10530429297985348 0.010413705465400016 0.007586227341840725 0.6998157236684424 0.8488476348263243 0.06789899598136628 
0.46545015129840683 0.19786527961298067 0.07796158788228456 0.3301886975701538 0.15136823665428173 0.2751306162298073 0.07437647548277296 0.09534070724034271 0.004498736877155456 0.014418846355175792 0.3511397634107662 0.40922335906360063 
0.05276495897734229 0.09016446633268958 0.4866353876836808 0.24756228026543697 0.20683068698735607 0.04123846802859838 0.1901656642040358 0.1001089282541926 0.01155643214716165 0.33164523659776335 0.32756042347648656 0.24291642788631645 
0.31126380523562874 0.21861653715605014 0.8923112858268161 0.2032214280927973 0.06056425639800986 0.19319684824595496 0.13644452073967756 0.031537826531351454 0.17303548604528812 0.026119109557788227 0.020584156046106417 0.04239321983813964 
0.4064842555755386 0.048156035321554755 0.9149683404913447 0.005937045381100875 0.4187133115380382 0.180866453242953 0.09924147162609062 0.7345231394785134 0.007640143771018882 0.4443911162824693 0.9397174292384444 0.1390974518581523 
0.056507951517158886 9.822132792915161E-5 0.4641861507219221 0.30087630571130963 0.41428073042688995 0.443994051388676 0.02677698564740621 0.9968454122751642 0.6711115783054835 0.03010924603191295 0.24872827818070473 0.033272426892364315 
2.2093526088090565E-5 0.0545385493977337 0.35994716749452527 0.05701398675319068 0.07210472972165108 0.19200180989976584 0.11154981463623964 0.7538972451754615 0.09402515023143412 0.7901546797555076 0.8530510976551784 0.3921179669375055 
0.10221297279544733 0.03231853613376538 0.0802629406836573 3.671322178850703E-4 0.14039439876565488 0.2929998008636306 0.07896153797776562 0.7395543290587105 0.0016946656587646294 0.08685560586852113 0.86828479364753 0.3489551775780151 
0.5018294823571408 0.22599156825275965 0.4907894536896828 0.17294227471798823 0.21522219551902733 0.05514805633052418 0.1884687237066334 0.12373423370178233 0.2048750378521806 0.05055246619277848 0.014554015810930979 0.39685379586940117 
0.6648586060858721 2.525116124534321E-4 0.8387001939958837 0.1949632907793197 0.10207509138617306 0.19876228480610925 0.0029439374614188413 0.6866635282935343 0.0254607947732856 0.046227429671420066 0.820207246821475 0.06911290394335727 
0.04686563466887403 0.1528929193835096 0.23085596297233557 0.26984782647294414 0.01550305538244958 0.2402343980415113 0.09798816018351647 0.6956977516501162 0.01171593885159053 0.07409663503074804 0.34761503949367867 0.1813249550266857 
0.06955617997233787 0.28407281839900717 0.0745990178124912 0.005564156966715847 0.09127386147444763 0.05203780621991254 0.9576113067195241 0.9960651100669575 0.012530477348328017 0.0452832994365559 0.3825732477717556 0.359947740901285 
0.695319801389685 0.0013004416621695825 0.06620955766457617 0.01708932237443933 0.14974396886644592 0.009836563120739687 0.9733875751697955 0.07279972555337141 0.02491590770139185 0.0677538352097935 0.107875299622046 0.6085286839957829 
0.06589805694135548 0.2807751579425976 0.45339361774677217 0.06891069548082829 0.003166852416388012 0.1931568506678893 0.13402712949265688 0.031537826531351454 0.02714725335043787 0.0259509646378549 0.020584156046106417 0.18545804096821733 
0.29323516858180754 0.022565524160037653 0.23353460024750483 0.1356254007662706 0.0017379413627391649 0.27983907970403854 0.3149039576171295 0.6828792012738985 0.019611813788489862 0.9911719794990106 0.2544215569176886 0.04830145385958684 
0.9999190290396841 0.008515680322350394 0.018413332180013904 0.6036555841316718 0.21733537410833775 0.05894808474598576 0.6310721587692736 0.013626594997422983 0.10618588440405263 0.07201684741750122 0.06440383173901398 0.1553428221180077 
0.6907973255287776 0.7404345368025711 0.014261992215352182 0.6273500372987642 0.24030265614760893 0.2649678584824668 0.18850312229677635 0.13882057630547623 0.0040786955901471016 0.0681344134985539 0.05206404925198371 0.6277954132342202 
0.9999190290396841 0.12131059751184103 0.9460891415399844 0.6036555841316718 0.0019472358037693899 0.05788192853588569 0.07532223880272436 0.8430675623499325 0.0069428536278329425 0.02096980946770624 0.07159306379663827 0.1100845696116935 
0.13384555734076675 0.21443588289106516 0.8388269744918193 0.5891438822580455 0.04795625378025336 0.0527359927285522 9.43978613331023E-4 0.03908460694502143 4.584772985699592E-5 0.023720628541383057 0.35632673480518 0.07695184372912506 
0.03140852729312292 0.06505701386757334 0.8508607134810213 0.22742580203452678 0.14290994731387802 0.07208870398846684 0.11173092551532346 0.04537920108768517 0.019823355287619235 0.58735338316772 0.5082956891381782 0.20997955838298832 
0.5015876577267274 0.2195503648556527 0.9773306899883994 0.60182876002743 0.01931889336739613 0.0405451523139117 0.03923080366905529 0.025602470040566983 0.10178705297875537 0.30886033961094206 0.08436858114183865 0.3841400846433517 
0.5036602829791311 0.22599156825275965 0.981415329407957 0.17535165083050405 0.21946032033228105 0.12604288420583457 0.11292655239354786 0.12825207311095171 0.00934678471440864 0.041444904258173265 0.341379341474832 0.5576619968298531 
0.08532913236137193 0.2747592763591095 0.359081388336623 0.003934711302599314 0.11763568363100074 0.23165165162389503 0.10124800352252347 0.8325794624722436 0.007596298596279688 0.07506130319415356 0.06500233947211671 0.0011023533955597797 
0.3123638925155878 0.18032907982339136 0.8443301615439992 0.17503892193719503 0.006199806268256083 0.02662322009818845 0.11682689162737123 0.7330742121169888 0.039069977823875425 0.010214223492433032 0.864754035543888 0.1486484653173381 
0.5000081641525805 0.12887955122124925 0.4811065560842056 0.01741970168886589 0.13216659559604918 0.07021800349317375 0.9446962234280245 0.09413191802946395 0.009052540587234145 0.06821175958913071 0.012687740159766675 0.6501623248140458 
0.20404042727355198 0.4123959458968952 0.846059281767569 0.07112534624612477 0.02996355861844266 0.19330088469046505 0.18485061489215587 0.010398562085883245 0.027365958897156678 0.025981133224170422 0.37127232457879 0.015477500892598278 
0.06288351937569711 0.986809717179283 0.6246978005076695 0.6015400744873907 0.05190825498284213 0.012555098532367331 2.2226664839697374E-4 0.037645664337923934 0.008003930283477602 0.029299375867928475 0.35603120293776114 0.5082522291356516 
0.39634595105499937 0.2296755144049485 0.9225435330906983 0.603892459610309 0.005414373095677146 0.015930267294243905 0.14547366721499397 0.0789046821354688 0.007962165257939427 0.06812847888514165 0.10367093897180416 6.630624004847901E-4 
0.4064842555755386 0.056298358889158295 0.9149683404913447 0.005937045381100875 0.4187133115380382 0.1808862577067335 0.09924147162609062 0.7345231394785134 0.007640143771018882 0.4458905987492128 0.9397475012615714 0.13877330800425006 
0.12947880211842847 0.42348718100490595 0.8434850424483405 0.07112534624612477 0.2747827598432324 0.19330088469046505 0.18485061489215587 0.008317752614687313 0.027365958897156678 0.025981133224170422 0.3714814558355625 0.19604427629229543 
0.04636843348548178 0.04971522912605483 0.2354166679999048 0.09302180938150642 3.130452548197882E-4 0.8045502511705435 0.3090089919935378 0.6813795251589994 0.011453917357857602 0.03156838728710798 0.28146853729928056 0.41310617220095047 
0.12409641456705219 0.23818389695785414 0.3622622649230435 0.6063699024039924 0.001117452878237321 0.19114572141752356 0.496702438530355 0.8063057238620623 0.014915435221490856 5.0386287561876575E-5 0.07348339495640299 0.11470605483174892 
0.0047572867837250565 0.757040517270137 0.4012142243215933 0.005740894007260355 0.20663014412881153 0.19394882965298782 0.010757991533687061 0.7011045831875299 0.08224428711687923 0.06124411411148255 0.3951357983473269 0.13278123858625507 
0.006871174958296033 1.1978879450971064E-4 0.01630366258197817 0.5957830702793202 0.14212631047401006 0.8490055333654127 0.5782467658015222 0.8092700867995002 0.13973483864169783 0.5866638236721523 0.25318934428894385 0.12447667188301575 
0.06881261389236094 0.024957893923401198 0.5461347681073625 0.17672014565557068 0.002259668362637052 0.4929265387937685 0.6264692632060409 0.9399210401940339 0.10611052353514433 0.045833797456457825 0.3657474645283368 0.24243901942454094 
0.13378174392715866 0.03220382215339919 0.05952578363624239 0.03960255301498741 0.007662282281835183 0.4838512271777041 0.06886143650120619 0.7400597166121887 0.01646071733567167 0.028379550299349195 0.9811446314762327 0.7995079293821645 
0.024065090552068208 0.04203079240435051 0.6975195898364992 0.7947139968888831 0.2173016233463038 0.018166602570135706 0.7660374837991192 0.029496505764426195 0.09438146812171044 0.08286861435344042 0.04734098086739322 0.508233302208914 
0.12410856503136927 0.21965133041865606 0.9773306899883994 0.60182876002743 7.952942658181663E-4 0.039381085987844025 0.03923080366905529 0.03598030234798966 0.10178705297875537 0.30886033961094206 0.07371585361893417 0.38547564411823 
0.07942464486361611 0.7461074649619488 0.09673079838188575 0.06307547782569986 0.04293304135117276 0.04355383579060545 0.0021103901900866306 0.28809272019345644 0.01953134348974266 0.0056408682537678195 0.09562975261747654 0.18130462891419696 
0.028823800873183647 0.6481384160745343 0.9863204064282562 0.6042557612441316 0.14663098818959563 0.0863155810694059 0.01475524852303115 0.007740906003736225 2.799024596458217E-4 0.7013849195763565 0.2584746788166048 0.04766221555967748 
2.2093526088090565E-5 0.27632421610637253 0.18579970112157357 0.32603571552609156 0.2149513244900889 0.19200180989976584 0.6192109214568595 0.022016977456787205 0.019253749539178338 0.7597517349690123 0.11818991447026275 0.39764306352892637 
2.2093526088090565E-5 0.27632421610637253 0.18615191323806818 0.32603571552609156 0.2149513244900889 0.19200180989976584 0.07501536124615071 0.022016977456787205 0.019253749539178338 0.7916632727764827 0.11818991447026275 0.39764306352892637 
0.0013615163044438869 0.001595827492264515 0.9751571527987226 0.29457943273925746 0.13853386153603434 0.43810426347155873 0.02685872406709372 0.9990212297761076 0.6674663144966347 0.024422532706218355 0.35026684138833364 0.019036005766306596 
0.11854268147276198 0.0013004416621695825 0.3830462363079093 0.017122072646138936 0.09355600538789353 0.012087831799480364 0.9954365598390718 0.07215314981696201 0.00825943182949718 0.06805483789223431 0.1036468643717285 0.1348535843011822 
0.4564492389273573 0.22584192667526665 0.9335314070620406 0.017084030501525127 6.843237346665779E-4 0.27889444661600243 0.10833900092940885 0.052233899386028196 0.08433657265937194 0.047342975633101185 0.9508148550934241 0.014339374088346596 
0.03508749590382135 0.058307566272166045 0.09079166731493071 0.5942549146683958 0.14338938769097148 0.052296285633361854 0.10862959852481414 0.6476949514221295 0.001352086347570055 0.1623451731991487 0.5366749293540706 0.3099767072820903 
0.2910147965489192 0.7782499928084461 0.46139219579423996 0.190611883101502 0.28328754050473726 0.17057895767674722 0.11342005935500571 0.6687702903929946 0.0036242020483467086 0.061826498380728234 0.07661333774108048 0.03192849511463619 
0.005348161057090739 0.530889637394026 0.8312749725095416 0.01116072812143587 0.08112335538414572 0.012276907660161502 0.005265481528999583 0.7007851252018878 0.08364598893058402 0.0682152805801589 0.3951357983473269 0.13278123858625507 
0.014786053578003028 0.22054623161231768 0.7118013167348279 0.1673598762548883 0.17223253300406255 0.03357552938853264 0.622485881368878 0.09983161622540088 0.11411617195152599 0.02652220059187226 0.049081358994745375 0.40132676880113716 
0.3515314104501868 0.007456177616162851 0.8230172100927179 0.1835440511675024 0.02804981969540177 0.6329805001870534 0.10672922821556381 0.0263961282075455 0.001134660830064024 0.1309524095825359 0.8227264701629818 0.019768408313711412 
0.6737861543141996 0.03219194689207822 0.563157642790805 0.028843840826200114 0.001734043065265381 0.06885684589326718 0.07723648098429103 0.761051833535062 0.004788016340031195 0.024292851428775533 0.7820555176210113 0.06486099266133694 
0.09199015624801936 0.34180721852696244 0.4685556069467514 0.005097156803156755 0.05576918316404117 0.02475364966986454 0.2495433320489324 0.7213565514073208 0.015208614804421776 0.03137068238398741 0.7980441601661087 0.00668954226020059 
0.4104854594193813 7.048839213952274E-5 0.07835708136773917 0.03406466838761135 0.39492390278959566 0.43536147621850846 0.08487448418116658 0.7057150762858329 0.010802267379247334 0.07192727178593948 0.09861641899109846 0.15315155045467166 
0.12063958527642027 0.023458061123059704 0.10000740041080541 0.24481036894496486 0.29574750773188113 0.19176605461706053 0.011956488696663159 0.6251664967603839 0.325745768980621 0.08056081962164088 0.9601667992176148 0.05668955035964413 
0.055353991344175686 0.262964626457296 0.4533336285278753 0.07924609464652863 0.06629327140852939 0.1931568506678893 0.13402712949265688 0.031537826531351454 0.02714725335043787 0.0259509646378549 0.020584156046106417 0.22521953714403942 
0.00822730374387165 0.2626687596342848 0.39555392072182655 0.18784082314190395 0.006452331618108972 0.722899374070952 0.008838449390089875 0.6939441234567105 0.019411186692255555 0.618807142089367 0.25376011597110143 0.2026097405826804 
0.3123638925155878 0.1696478076028457 0.44524481464355836 0.1744149849060284 0.0062969979658549224 0.05788192853588569 0.11682689162737123 0.7330742121169888 0.039069977823875425 0.010245235765953167 0.847277997966485 0.1486484653173381 
0.12117152328220143 0.023458061123059704 0.10095954908951649 0.029985740503009298 0.2945664798448283 0.19301662575003778 0.07019002015804003 0.7639950710652051 0.007071007402483898 0.02324831215801769 0.7806454567462893 0.05668955035964413 
0.6485644249376217 0.41836057648318387 0.3684225505196307 0.011291779048038561 0.0021220581130957372 0.05564638359004714 0.5547573506821382 0.6808887150684152 4.584772985699592E-5 0.07052821941515405 0.06170871445346602 0.2002877126622115 
0.3161885296019147 0.304374594113135 0.0012270903343733763 0.04577886735755608 0.27881917228270214 0.04987598474151548 0.10128732005549845 0.02665347643792909 0.0016559869137388163 0.14014528057024123 0.06738077041997388 0.38146419092871087 
0.12257053769123993 0.19653689559065463 0.10000816123159195 0.01096780858297771 1.8924441633746958E-4 0.23197820142356165 0.0025605538223956448 0.29339202046386365 0.07484860645388895 0.004742753636588758 0.28291553087618854 0.11699082286815393 
0.35112227839390087 0.3271108035311614 0.5097089843307601 0.1650564151703535 0.16949131955755017 0.04492444173905753 0.04724017627485885 0.11139060920326938 0.0014978475540543311 0.049003077853116 0.06033419765171938 0.2416995529798794 
0.20560668323077322 0.39881208628902654 0.35858795875336086 0.0102157693318628 0.4144135385726114 0.017446125582870772 0.5467524622506545 0.9821723366267021 0.026110896196636237 0.12809053077171237 0.9851364467446752 0.01600906225680506 
0.24876501941207574 0.00638192047155018 0.8873103545863045 0.1949632907793197 0.10108778111798758 0.11399900759276949 0.002955562125727486 0.6866635282935343 0.00581971058426221 0.1020666622497815 0.3614572312698865 0.06902856214614758 
0.05066748870662918 0.2853232531821231 0.45759442023367614 0.3218213986424875 0.02107898927344673 0.29786442694604764 0.5095850893975965 0.30209363207687107 0.023833158514770234 0.05924021948500796 0.0859214081738803 0.03452728968933655 
0.00428727728935463 0.4805337548462546 0.07613717872607029 0.32912434826184844 0.020276025184905136 0.27586293561240616 0.013890579978052167 0.09537196196285407 0.027337637104416664 0.04540189129171121 0.8150991968912681 0.3708402919649463 
0.4311683926291161 0.74390952948876 0.014261992215352182 0.17653811512712717 0.24030265614760893 0.2785557965327403 0.05148858601944596 0.13882057630547623 0.004062701396805242 0.02018670549807698 0.05206404925198371 0.27702807469292934 
0.6720727803173256 0.6984565972797652 0.556436313623475 0.594145189127079 0.0024720635028947367 0.05266749262511376 0.10857953464373264 0.7612472355276997 0.006830180274410489 0.04214398037936248 0.8175849142883487 0.3099767072820903 
0.12409641456705219 0.23818389695785414 0.3622622649230435 0.6063699024039924 0.004775044331931488 0.19018952864893246 0.496702438530355 0.8073505196834904 0.01077106687260237 0.07299916069329213 0.07348339495640299 0.11470605483174892 
0.3492659410977051 0.16570187122369762 0.1630325067074742 0.022648728194826925 0.16516005759780022 0.044680308938963124 0.0471019322421324 0.705901369593884 1.7642054648604744E-4 0.06416183049187435 0.44853326119170445 0.23831538504419364 
2.2093526088090565E-5 0.0545385493977337 0.35994716749452527 0.05701398675319068 0.07210472972165108 0.19200180989976584 0.11154981463623964 0.7538972451754615 0.09402515023143412 0.7901546797555076 0.9295447538378883 0.3921179669375055 
