0.0040577851807961545 2.781908152820605E-5 1.8016297935499633E-9 427.2412164260925 
1.4294508969138324E-5 1.7935952850299703E-10 5.136497210599778E-4 406.53884320967614 
4.3462770879789216E-11 1.0865884278970704E-7 3.578163421085498E-4 313.02783715339683 
28.644866373053475 749.2623490145522 3.3018766241795243E-4 2.6119191581562387 
1139.996863685767 0.11113735343369954 5.381270081153635E-6 0.8515684509805601 
5.513190418365559E-5 6.469520960294419E-4 8.948124147126689E-7 568.02382275866 
0.0011245965103879481 0.009453510857772534 553.7222547588245 2.0520380382287314E-4 
622.2115229057777 0.3310773512925926 71.32523374393399 1.6768193993694528E-5 
0.018771045327912128 2.3552861079674106E-7 8.993437507289867E-5 471.48776202240975 
0.03308831734214954 4.1517375729788545E-7 2.592003680038483 254.91595456340136 
2.1564994029329574 614.0876728460918 0.1034358423598828 0.006133173230950691 
6.610575755478179E-6 3.965036237527446E-4 2.0167363483146658E-6 346.925238710247 
1015.0350446615635 8.217488627781714 4.791554136540172E-6 10.37523071603516 
0.0019968001524219682 6.799890285137225E-5 323.4952226034135 84.9021915210834 
2.337401394161656 573.6145342535757 1.5191978320063313 0.2299317418447121 
0.0016258214169222963 1.0251028150008883E-4 263.7642848967656 69.22564621666997 
0.00954649747488174 4.626767694899943E-4 361.86654735691167 6.409814531054773E-4 
8.443061327815405E-7 9.25904406373871E-4 7.332351987471398E-7 181.09844657664388 
401.8539553595685 0.5530028828500694 7.752316969088701E-4 29.015114852163972 
3.4468197868211976 705.0323498089203 5.850352819218609E-6 33.425764612034875 
693.623410080956 6.433822622065654 0.0029562020050980945 2.3237575114876805E-4 
1055.9431688553905 0.0134455561512245 29.263733692001253 0.7890838617865328 
0.0010460591985598817 0.00800873069064118 469.7690796594859 0.10975533257920403 
0.49030500855493736 511.37145960286 0.0013437077317593204 7.341076912126957 
899.936817676163 0.0035345109183356612 0.943041104080494 3.171942775558376 
1.5481999704480683E-5 0.015248207453209135 412.16423397693853 1.6152720855768872 
3.4468197868211976 705.0323498089203 5.850352819218609E-6 33.425764612034875 
296.736317174886 28.142161074558008 0.008044621052068235 5.002026617505639E-4 
0.004855287311688231 9.495310813033378E-7 427.9091884992118 0.09248971098881194 
652.3857900533532 28.530453000597774 8.215190747425433E-5 0.1505467210587243 
791.2274005051355 5.626182728230141 0.0033721274504431025 2.6507006216582756E-4 
0.01283617907800739 6.391195162009161E-4 195.60572396554232 1.5972458775385872 
2.6464800213029593 283.9816677245983 66.64145796590326 5.288358287894687E-4 
0.0040577851807961545 2.781908152820605E-5 1.8016297935499633E-9 427.2412164260925 
2.0571893290285015 151.13159137072887 86.51258918684059 0.05541432522144742 
0.010537925413072656 0.5455958755824875 4.538727565803371 146.0348767430833 
0.9207971252598945 67.64644017273736 38.723000502657854 2.006987529310134 
12.544490666493235 114.47834774805814 0.03570179468794796 0.24921678513185713 
0.007524319790681486 4.885800780701E-4 285.4800751575297 3.386910128468249E-4 
13.6317405537205 1.2405715932325863 147.40725670105806 0.13450682737943798 
2.3511883067388252E-4 7.01980472315598E-8 0.011460001441751046 287.90753921072275 
267.2898502244831 1.0004994737326849 120.54686005540623 0.06501622691276118 
0.017650220338036284 403.12954931410525 2.280929317038342 0.4042325251776245 
33.574038766578 368.08307566537707 7.595679326318407E-5 23.87353304092713 
4.3462770879789216E-11 1.0865884278970704E-7 3.578163421085498E-4 313.02783715339683 
864.3958845583721 0.07225945077033037 1.7763735825954288E-4 55.83215351151112 
554.7334897152236 0.092210226641068 2.4428352309540014E-4 0.1492951266680428 
0.017734118751115333 0.8424917085432377 238.65088149668938 0.00858663415803589 
0.0019490572329872381 0.015608577616337969 521.3908966395221 0.00310234258675636 
0.9207971252598945 67.64644017273736 38.723000502657854 2.006987529310134 
0.009009864124376273 0.12252641198006123 214.42238330637693 20.704060420729853 
4.143845655175966 177.61604007788628 101.69138680420308 0.0017712662298647478 
0.4025060212267684 431.4984439859486 1.9001557768663649E-4 18.64315257666584 
15.59617311758982 0.023447413497938115 167.95582060592673 3.3900882636093583 
0.0030903485139304834 2.2038082177914E-4 501.63815044635265 0.07932240591231902 
1.7748923324071895 251.03482203076422 7.993031177902926 0.3380707364739686 
0.035227907492614445 468.92426269627674 0.35777113564150065 32.33692898071626 
505.95477228982094 0.9088201978906854 0.0013525226230398754 0.6090126633077948 
37.5993802019318 387.130400234959 3.227482045765366E-6 26.523976296869947 
429.4289759980271 0.368063121396346 4.3725846365189665E-4 3.378977086158222 
466.1464153894082 7.945789231025588 3.868594913173787E-6 31.792746891913406 
3.650879993999881 162.54588259262425 128.81901622230112 1.4951171021293635E-4 
0.8385469175815057 238.7857490197039 13.310709312482617 0.002200967697913301 
864.3958845583721 0.07225945077033037 1.7763735825954288E-4 55.83215351151112 
182.8181704400174 0.013334200102835016 116.42870172923686 0.11411164604163838 
0.015248836531294989 1.0324259543722464E-4 0.41836642739537205 120.78478463233373 
0.0020862291132226264 7.875356823488378E-5 338.0281077130964 0.19538354932091379 
0.4025060212267684 431.4984439859486 1.9001557768663649E-4 18.64315257666584 
0.0634307952701488 3.38559944019799 492.363180773019 2.5699335119832315E-4 
522.8990940988356 0.2782334313884997 2.3026489587548593E-4 107.25717264420685 
85.67438835494794 0.3070319383554244 56.01396476121305 0.22689315884418537 
0.01577941828646236 327.08790556129003 60.126338889588396 0.2944683200309172 
0.007524319790681486 4.885800780701E-4 285.4800751575297 3.386910128468249E-4 
825.8970753674346 0.010362896014807057 22.6257969723647 15.800406212366086 
2.928274184773391E-5 0.0015159160094329028 6.224273075381017E-5 159.77016222133088 
8.443061327815405E-7 9.25904406373871E-4 7.332351987471398E-7 181.09844657664388 
2.929152451956901 139.1547383022672 0.08600115526194241 0.004935818844671158 
198.5728618311834 10.677638992515377 0.0019917760091521294 13.140453216363527 
73.62164072270694 381.2872917281588 0.0017018232659410427 2.745072031082605E-4 
57.40099577210668 302.67552283474146 0.0013494880955280365 0.024463469601330366 
1.4294508969138324E-5 1.7935952850299703E-10 5.136497210599778E-4 406.53884320967614 
0.7031940312559877 342.67864258368746 0.0019033926034642493 4.919387588742206 
0.0019490572329872381 0.015608577616337969 521.3908966395221 0.00310234258675636 
12.544490666493235 114.47834774805814 0.03570179468794796 0.24921678513185713 
841.4600355564257 0.4477389915403081 3.7054703222369673E-4 0.0013771496592026092 
57.40099577210668 302.67552283474146 0.0013494880955280365 0.024463469601330366 
0.41627755326536686 483.73519698829267 1.2753179534506152 0.7433614797569758 
16.60289558424586 225.3129473875503 12.033506584026895 0.0014367421422901542 
213.1112421590601 6.663505132994509 0.007241966061847402 0.0013085894553420505 
7.115956586215698E-4 0.006391758980432243 221.80474498799745 1.8624031680689928 
2.01499401312227 207.59558608674976 164.48756024727712 1.8383545238705595E-5 
0.1755937710122615 493.1249962614042 3.7600594990122414E-4 23.632463244254627 
4.4451877539044915 329.0932623396021 18.5915968738452 1.7291468566369426E-4 
16.60289558424586 225.3129473875503 12.033506584026895 0.0014367421422901542 
791.2274005051355 5.626182728230141 0.0033721274504431025 2.6507006216582756E-4 
3.650879993999881 162.54588259262425 128.81901622230112 1.4951171021293635E-4 
2.01499401312227 207.59558608674976 164.48756024727712 1.8383545238705595E-5 
33.82113548444111 177.43988104065951 42.38729949995291 3.3636603017710105E-4 
232.51001528482826 14.737915440472296 1.1001541992351456E-4 3.162793245995263 
62.2798036995617 0.32900905999140134 35.64816008199495 4.4182320451542445 
0.011101450252620222 3.8082728642250527E-4 420.5619858483719 7.449498572857393E-4 
161.31714840447214 1.1593677104317004 96.54521917833081 0.04168688595974196 
106.41967312364224 4.717860983035178 67.83794475418313 0.028002974888371265 
457.7571878179604 1.081684513913035 2.161611159973886E-4 6.214337210171497 
238.40587126008833 9.117783933185562 0.008103492939537212 8.588172729963823E-5 
652.3857900533532 28.530453000597774 8.215190747425433E-5 0.1505467210587243 
47.721952462586664 190.6921186481711 1.8165820187199326E-4 2.6685901118234057 
0.0020862291132226264 7.875356823488378E-5 338.0281077130964 0.19538354932091379 
533.4585423759783 0.28385209005682677 2.3491487573867395E-4 0.014248091918627496 
459.354857299948 0.0018041208300707918 52.54273100514356 1.6296113846569142 
161.31714840447214 1.1593677104317004 96.54521917833081 0.04168688595974196 
129.85234714658733 5.7566923875687275 25.071341657242932 0.1316886695256084 
0.1303785930524494 0.007197755038247961 4.8217231962960465 95.0443637868748 
2.928274184773391E-5 0.0015159160094329028 6.224273075381017E-5 159.77016222133088 
0.015248836531294989 1.0324259543722464E-4 0.41836642739537205 120.78478463233373 
825.8970753674346 0.010362896014807057 22.6257969723647 15.800406212366086 
0.7007422204798218 341.48383268584473 0.0018967560873833138 15.677793747846328 
153.03728872649185 0.011161669138778245 0.4300080852233385 4.781381993175761 
890.0457895297174 0.07440366279013598 3.9194229836402066E-4 2.9816779504975754E-4 
1.5950539489386193E-8 3.987705173197264E-5 3.3180060940552554E-4 292.35735072880595 
136.62470020730865 2.2778090587844146 32.064398723810655 2.544492558507078E-4 
106.41967312364224 4.717860983035178 67.83794475418313 0.028002974888371265 
0.035227907492614445 468.92426269627674 0.35777113564150065 32.33692898071626 
0.0015231984015982862 2.0673063939754166E-4 1.234253960205183E-6 300.65497655319814 
0.844148346212552 142.03350503781735 0.07764183896739908 9.341784534934808 
0.003153274830176425 0.19650125515303327 7.4215750472066215 106.81286418508341 
47.721952462586664 190.6921186481711 1.8165820187199326E-4 2.6685901118234057 
296.736317174886 28.142161074558008 0.008044621052068235 5.002026617505639E-4 
283.47362094763446 15.242913661350372 0.002843369190655019 0.09197982493499245 
554.7334897152236 0.092210226641068 2.4428352309540014E-4 0.1492951266680428 
0.0634307952701488 3.38559944019799 492.363180773019 2.5699335119832315E-4 
0.1303785930524494 0.007197755038247961 4.8217231962960465 95.0443637868748 
1.7748923324071895 251.03482203076422 7.993031177902926 0.3380707364739686 
0.13343291408836533 3.575536430866906E-4 231.5720786731119 0.04926530142022436 
0.41013161016276295 199.86424401272384 7.192882274407746 1.634906662122827 
524.9650735744941 21.44576993251606 2.3136746180208435E-4 8.598844234676254E-4 
187.39738164891392 0.013667698825851247 0.526553952499338 0.41568393022221894 
75.76600663175643 10.529849076501295 52.64325304196181 0.15239411045534051 
283.47362094763446 15.242913661350372 0.002843369190655019 0.09197982493499245 
2.3411882135374076 173.33562600534262 0.3202107338510612 0.01724479749321375 
0.0015231984015982862 2.0673063939754166E-4 1.234253960205183E-6 300.65497655319814 
0.01577941828646236 327.08790556129003 60.126338889588396 0.2944683200309172 
129.85234714658733 5.7566923875687275 25.071341657242932 0.1316886695256084 
0.6081113336583466 492.4394432722739 1.2674486266643297 0.7567375692625052 
0.13343291408836533 3.575536430866906E-4 231.5720786731119 0.04926530142022436 
4.4451877539044915 329.0932623396021 18.5915968738452 1.7291468566369426E-4 
136.62470020730865 2.2778090587844146 32.064398723810655 2.544492558507078E-4 
182.8181704400174 0.013334200102835016 116.42870172923686 0.11411164604163838 
0.41013161016276295 199.86424401272384 7.192882274407746 1.634906662122827 
1.7859021097521748 207.34331134999604 1.9161862025933438E-4 2.8149103646067766 
524.9650735744941 21.44576993251606 2.3136746180208435E-4 8.598844234676254E-4 
890.0457895297174 0.07440366279013598 3.9194229836402066E-4 2.9816779504975754E-4 
15.59617311758982 0.023447413497938115 167.95582060592673 3.3900882636093583 
238.40587126008833 9.117783933185562 0.008103492939537212 8.588172729963823E-5 
0.16128910012628217 176.87694392910635 0.3212125125969935 2.822331285573708 
2.3411882135374076 173.33562600534262 0.3202107338510612 0.01724479749321375 
75.76600663175643 10.529849076501295 52.64325304196181 0.15239411045534051 
457.7571878179604 1.081684513913035 2.161611159973886E-4 6.214337210171497 
0.003153274830176425 0.19650125515303327 7.4215750472066215 106.81286418508341 
0.7031940312559877 342.67864258368746 0.0019033926034642493 4.919387588742206 
890.0457895297174 0.07440366279013598 3.9194229836402066E-4 2.9816779504975754E-4 
161.31714840447214 1.1593677104317004 96.54521917833081 0.04168688595974196 
8.443061327815405E-7 9.25904406373871E-4 7.332351987471398E-7 181.09844657664388 
3.650879993999881 162.54588259262425 128.81901622230112 1.4951171021293635E-4 
3.650879993999881 162.54588259262425 128.81901622230112 1.4951171021293635E-4 
