1.9010537533384146E-10 2.3241290107472638E-8 0.0036992443305816896 469.20178014932833 
124.51196488185712 2.2659806622425203 93.65030505903013 1.8239520966400353E-8 
1.1629711408707882E-8 5.647644545704939E-10 0.0018531846220797166 323.12368129841815 
3.5163823073677613E-4 5.625860288409639E-5 1.0436088656819686E-7 560.9397819817569 
0.4019670175911648 787.5170272083355 0.0016275221880400427 85.6112699321039 
0.0032051656414363583 1.165726918419227 848.345615925341 1.7638301386845855E-4 
844.9407647228446 122.76460231685958 3.9261472560664774E-4 1.9042442038382618E-5 
5.861285797052852E-6 2.3696640070730087E-6 0.001626767233322655 665.243125199502 
0.06913165515418927 23.287320708838532 522.242466622865 9.441415979461046E-7 
0.0012012008078608873 4.743219735617539E-6 4.798909619987212E-5 383.1616586615842 
844.9407647228446 122.76460231685958 3.9261472560664774E-4 1.9042442038382618E-5 
0.18241818731122075 590.4456867852567 0.056503334486625416 5.742342423085231E-6 
1.3396703116735187 722.2279699739663 0.011245419109761613 0.19816496991486715 
550.6726357900318 0.4517672448765095 0.007059389438379383 57.743012749430186 
704.3196712469851 0.5664769876710843 3.9706454555003754E-5 0.2098401347716331 
5.861285797052852E-6 2.3696640070730087E-6 0.001626767233322655 665.243125199502 
3.5163823073677613E-4 5.625860288409639E-5 1.0436088656819686E-7 560.9397819817569 
613.850019830906 6.595998076478613 1.4302566026292847E-4 2.2390364048986258 
481.89463500313644 4.99714632985227 0.007675924049677916 0.1263744949542087 
9.398435510970354E-6 0.0011272295340414113 2.2116175235430814E-5 461.065599359903 
0.008241972321801405 1.0434692099649125 391.79715026263926 6.551177107887978E-6 
704.3196712469851 0.5664769876710843 3.9706454555003754E-5 0.2098401347716331 
0.0029950872323265096 1.8735172428840526E-5 476.7121592378599 46.62002212875921 
580.680716784906 18.764691810460732 0.007447963550638482 0.005087096012276403 
1.3396703116735187 722.2279699739663 0.011245419109761613 0.19816496991486715 
5.0728198306907184E-5 1.4590486758995164E-6 0.0012754751560328005 521.9960317120218 
438.6914454539232 0.07612109013311569 0.0373523266636225 0.1664950614021694 
317.0226737620788 1.3616331108022826 32.4503349710913 8.704413931232111E-6 
119.9423553578588 55.574562472501974 125.94947868322441 4.891530294499446E-7 
0.1366115930677067 442.18028410771575 4.39173050215803 6.993051920527367E-5 
0.17979100215652177 2.4906221068514167E-5 0.4399716536018243 178.24001942975988 
2.8212877828568828E-5 1.725217824525384E-7 0.2978801975867587 319.13616261579165 
8.936561705943156E-9 5.75613651747181E-7 0.006078123839678416 270.7223836051894 
19.304737851776814 29.231463605724908 86.04125441271987 0.03320651249539442 
48.384247595355575 223.62895156893134 0.015111795156415628 0.06427370480128614 
2.6377251050600505E-6 1.698987407001395E-4 0.005020445968114384 223.74097126210694 
8.936561705943156E-9 5.75613651747181E-7 0.006078123839678416 270.7223836051894 
71.86814322092735 108.82359704150056 10.334888232607135 0.04676195282903825 
1.29634929253307 2.1190813388061953E-4 336.50829599780553 3.679275757475896E-4 
0.05737097032516609 534.5535613837678 0.0860225792215974 30.88034259747042 
17.447386252073915 1.748217422698926 299.071780764243 1.7337960654681176E-7 
112.20926915125409 51.9914839077034 134.32772350112 4.891530294499446E-7 
3.5588148681448316E-5 1.0235893042610223E-6 0.001315808299348784 538.2737996564945 
0.003127008192395134 8.972845629039072E-5 6.403519534733178E-5 139.36487419920675 
0.12613628557341205 45.87608876789492 456.5039739577504 8.286291037394405E-7 
4.6359212659315295E-7 2.0110033922538365E-5 0.0011819387212558378 483.4032284294266 
0.08538928627451133 242.57963187785865 0.0412814574514025 31.02945204355934 
371.75480987622353 0.3950237411204234 6.465074303053172 6.274282421902319E-8 
1.1602939874649878 485.34464364235447 6.642694273941826E-4 1.4665113626614152 
12.912397099053377 0.04180736250511491 209.50011987935994 7.216856618404002E-5 
3.7920861810677666E-4 1.9894647077905763E-5 0.3576116433882489 199.71964210587885 
0.06492815248947696 184.45226581204295 0.6088171199205908 4.560704192480924E-4 
0.293134447099503 422.1177018725489 0.05389549908818081 18.138327367372273 
164.28710114754705 76.39511653103571 4.640060558924828 0.06279171860298244 
48.69919655984149 166.06783167972768 0.02699050820316007 4.3556591625364245 
13.562855025309482 0.0038662809783391087 220.05247778260733 7.665103311114041E-7 
0.28457236264984326 16.128125475178585 259.94370551843303 2.345739890123421E-6 
281.0057635631541 1.1197775167067137 0.03085147525558293 0.002586074945807434 
30.7003377127864 269.4668955120379 1.1457910421488011 5.5361987547072255E-5 
16.961623362453928 570.3085047110086 0.13046847462179675 3.261666731279877E-4 
9.138428923970386E-4 4.2494592556618904E-4 160.40518050963297 0.05557331751121025 
0.1287743967742218 505.8111308448987 0.09212413265079349 0.005215445665299958 
205.63582031978174 47.03933399223316 8.902705556165666 1.609369313099475E-4 
300.29337274877486 8.306645956658116 0.04210637547301061 2.9161807033212323E-6 
329.5252003775049 2.9486515591158864 16.489336588239315 6.735207256993585E-5 
0.908415651269762 330.39308923951023 0.5860005003184556 6.77160233655724E-5 
10.054710069826287 0.2918795962499341 429.6356519865286 2.243702949212509E-7 
71.86814322092735 108.82359704150056 10.334888232607135 0.04676195282903825 
1.29634929253307 2.1190813388061953E-4 336.50829599780553 3.679275757475896E-4 
0.09214558749476114 298.2540584056586 0.10556541831489369 27.275573731728954 
0.009885788761289514 0.5259753386002252 173.59931798771908 4.5346043894408435E-4 
170.6723994058669 0.027899016006985942 1.3034127847341095 1.866118872548262E-4 
92.09328717607292 141.0497058234766 13.34938521245022 0.0025748062371265153 
4.251315337996395 265.5338426840185 6.292449292470253E-5 29.086825291972445 
3.7708147495609824E-4 0.12303279173629489 4.550887275219245 99.4291771576199 
0.08478213719061815 333.01455694660586 0.06065243595479834 80.1227870169693 
2.6377251050600505E-6 1.698987407001395E-4 0.005020445968114384 223.74097126210694 
259.21994069407856 51.38481745929755 1.9363042787229253E-4 9.029161052626547E-4 
19.304737851776814 29.231463605724908 86.04125441271987 0.03320651249539442 
395.61173851527116 2.6018613756393014 0.6739741609692153 3.56324076001491E-6 
100.95646797356876 155.1272303744827 12.65631440383792 1.6605520917857136E-5 
0.01928838013356554 4.235139740314239 108.25821831558723 6.308475631877664 
0.0017852382790221131 8.669511112505853E-5 284.4762014433697 6.7992584151921935 
0.09214558749476114 298.2540584056586 0.10556541831489369 27.275573731728954 
10.054710069826287 0.2918795962499341 429.6356519865286 2.243702949212509E-7 
5.885955735786774 0.3938429993885031 0.2505200435052954 122.36575160398918 
4.62582634978106 399.4547546013245 0.07242967979791423 1.776862436405588 
108.97096911675273 521.7010765653089 0.07453987508839816 1.4557164499208978E-5 
3.559836347113982 283.43558418089856 0.19645030383273204 6.715587503262723E-6 
10.279238046157804 361.25733689285266 0.029922307839696304 0.10767404139919189 
11.933287345728068 383.5874741591498 0.0036778399351067217 0.048639579722239826 
0.0029302798931265966 1.8329783009307132E-5 466.39711857026214 46.65961256579347 
350.8631893158543 12.886609554053619 0.006964411648519152 0.3617686050966709 
142.35861485911198 0.15126914602958727 2.47571517111056 5.769042537848931 
415.2040103199235 0.11835969375433215 0.06566476707649922 2.0099778296413443E-6 
163.8242410213403 167.94423830613846 0.03735560845178897 5.985597055389383E-4 
164.28710114754705 76.39511653103571 4.640060558924828 0.06279171860298244 
0.003767396047658137 353.0060468817257 0.5881575690909955 0.08942227955800129 
1.1602939874649878 485.34464364235447 6.642694273941826E-4 1.4665113626614152 
2.1134469213457163 6.024675199639127E-4 270.8234493438323 4.5285171436286195E-6 
16.961623362453928 570.3085047110086 0.13046847462179675 3.261666731279877E-4 
340.5917907563941 1.462864009245583 26.990304647815744 3.0581902099697104E-5 
0.18241818731122075 590.4456867852567 0.056503334486625416 5.742342423085231E-6 
0.003127008192395134 8.972845629039072E-5 6.403519534733178E-5 139.36487419920675 
92.09328717607292 141.0497058234766 13.34938521245022 0.0025748062371265153 
1.257368056279646 276.0796596954679 0.04840100675270955 16.075718567265497 
132.5778335444264 1.8150235745624386 98.71016757089106 0.006797071461365676 
8.505228884574498 239.00996204009468 0.0917291536199254 8.66790630287274E-4 
18.32015225359149 128.30826280069155 0.5908225531509329 7.546976964109601 
205.63582031978174 47.03933399223316 8.902705556165666 1.609369313099475E-4 
3.3432090566721038 175.32539800571647 1.4084422170761524 2.0527596711926653E-8 
317.0226737620788 1.3616331108022826 32.4503349710913 8.704413931232111E-6 
11.469505620375001 151.303792608308 5.277407744881247 2.3644375604833627E-4 
4.6359212659315295E-7 2.0110033922538365E-5 0.0011819387212558378 483.4032284294266 
15.216608730283403 427.6100178326898 0.026995021339293955 0.0015507651948304928 
108.97096911675276 521.701076565309 0.07453987508839817 1.164227688837155E-5 
48.384247595355575 223.62895156893134 0.015111795156415628 0.06427370480128614 
243.93416502048828 0.0398747729465823 0.03969739609390078 2.6670796371447186E-4 
0.0010798807588725517 387.4599909171705 0.6455626706080837 0.10064784106072429 
1.5231792359482772 182.85796745750622 30.92364834155728 0.033742277258802515 
5.087250276194468 0.5710652693969698 0.21739908598309557 111.90581719923313 
400.81063115807126 14.721094335713119 0.007955836672209862 8.459612557001825E-4 
0.002643310148548886 1.386775511204738E-4 0.33626732943874926 187.80494055414792 
0.08478213719061815 333.01455694660586 0.06065243595479834 80.1227870169693 
4.087348744558138E-5 3.829857026686517 0.006381078790802491 121.71719255039872 
340.5917907563941 1.462864009245583 26.990304647815744 3.0581902099697104E-5 
415.2040103199235 0.11835969375433215 0.06566476707649922 2.0099778296413443E-6 
350.8631893158543 12.886609554053619 0.006964411648519152 0.3617686050966709 
218.20096108799174 6.451412537038971 0.04319597406655332 7.17336944072369 
9.875567018563403 340.26578142938445 0.7267515377782773 4.742407861334167E-7 
5.087250276194468 0.5710652693969698 0.21739908598309557 111.90581719923313 
4.62582634978106 399.4547546013245 0.07242967979791423 1.776862436405588 
124.51196488185712 2.2659806622425203 93.65030505903013 1.8239520966400353E-8 
98.12702070624731 9.354688900865256 87.0400010919418 9.540738998773331E-4 
132.5778335444264 1.8150235745624386 98.71016757089106 0.006797071461365676 
0.009885788761289514 0.5259753386002252 173.59931798771908 4.5346043894408435E-4 
238.01843374406923 0.4990219650495088 0.4992811566260906 17.891090399264762 
142.35861485911198 0.15126914602958727 2.47571517111056 5.769042537848931 
255.83082767039505 7.008686490406661 0.7917005072814925 2.406480227926079E-7 
0.002643310148548886 1.386775511204738E-4 0.33626732943874926 187.80494055414792 
227.61932361673016 5.454353332435166 0.03625233510651291 5.776809065163577E-4 
13.562855025309482 0.0038662809783391087 220.05247778260733 7.665103311114041E-7 
10.76372177259464 0.010609048172651342 459.73812890598 2.4009082833845723E-7 
9.398435510970354E-6 0.0011272295340414113 2.2116175235430814E-5 461.065599359903 
218.20096108799174 6.451412537038971 0.04319597406655332 7.17336944072369 
227.61932361673016 5.454353332435166 0.03625233510651291 5.776809065163577E-4 
10.279238046157804 361.25733689285266 0.029922307839696304 0.10767404139919189 
9.875567018563403 340.26578142938445 0.7267515377782773 4.742407861334167E-7 
163.8242410213403 167.94423830613846 0.03735560845178897 5.985597055389383E-4 
98.12702070624731 9.354688900865256 87.0400010919418 9.540738998773331E-4 
9.009664351920044 384.50958799491366 0.031882410392875433 10.880664174913244 
239.5970868314094 1.8363443347026482 1.0922305361642353 13.951801013633235 
18.32015225359149 128.30826280069155 0.5908225531509329 7.546976964109601 
400.81063115807126 14.721094335713119 0.007955836672209862 8.459612557001825E-4 
0.0012772572029311285 4.134187591171714 263.88512618323097 0.025056421695190102 
0.28457236264984326 16.128125475178585 259.94370551843303 2.345739890123421E-6 
0.0029302798931265966 1.8329783009307132E-5 466.39711857026214 46.65961256579347 
170.6723994058669 0.027899016006985942 1.3034127847341095 1.866118872548262E-4 
4.947545901749655 427.23625675134485 0.07746705958086192 0.028082515831161406 
239.5970868314094 1.8363443347026482 1.0922305361642353 13.951801013633235 
9.009664351920044 384.50958799491366 0.031882410392875433 10.880664174913244 
2.8212877828568828E-5 1.725217824525384E-7 0.2978801975867587 319.13616261579165 
255.83082767039505 7.008686490406661 0.7917005072814925 2.406480227926079E-7 
8.505228884574498 239.00996204009468 0.0917291536199254 8.66790630287274E-4 
0.0012772572029311285 4.134187591171714 263.88512618323097 0.025056421695190102 
