9.929272625744058E-4 1.8844303135864822 468.31609401022934 6.582344119054923E-5 
1.247077939916765E-4 5.08700511918759E-9 0.007059110289593431 374.950503791639 
822.8015868318444 6.117446904228004E-4 15.907253031602078 4.676569494786792E-4 
7.881893362437075E-10 9.643466515431182E-6 0.008375671470386694 444.8116324487259 
0.005434373486984248 5.374966593645757E-5 1.3681020535397533E-8 190.15090265593537 
4.962798379576441E-5 4.505322683177384E-8 0.013033829691493748 692.1996960615455 
9.844313896472366E-4 614.8137984404664 0.565948244104483 0.8371552233588986 
1.171728619297252E-5 16.44016211424842 902.0342470904593 0.020204690304071144 
7.761700189036963E-5 1.0631114529326742E-7 0.009154939947724082 486.2138456394827 
1.7627334229077692E-4 7.315317407414504E-8 0.006190930913464104 592.5565379914935 
6.611604903536757E-4 9.982432405057638 794.7151354956378 6.650617760820929E-4 
0.02680028598382729 0.8430685555464037 516.7000592357783 0.005777523526109995 
0.0034722091985481293 505.83306089042435 6.5152691767748 0.33211449480169464 
0.16065441815199158 459.7534015018586 25.30323273787399 1.6182106085564757E-4 
1.171728619297252E-5 16.44016211424842 902.0342470904593 0.020204690304071144 
7.72413155893038E-5 11.327232841195897 621.4994643456736 0.013920983867025123 
2.492119701454423E-7 9.207234342578685E-4 0.035349239924796196 220.68831437145803 
6.5854106543514925 575.7851666204114 3.32735010385909 4.5612636750514866E-4 
520.3029308504991 3.992047853707662E-4 16.54391947358309 4.080394221002611 
326.7232517757988 0.009734346667362651 1.4145428889183138 80.70820827739126 
712.9809871810386 1.681473876809636E-4 9.367749117423983 0.002983650866932976 
0.002414406785243583 0.07565163151099588 687.7073025209884 0.006999295340164859 
113.89422912967291 119.2848889642389 2.86742151508808 41.93474405593166 
0.4039596676133605 0.004620155072054585 778.6578211399537 0.5149142340397856 
3.892114607737376E-8 8.243810333234058E-5 0.007741593409518329 271.5951467788759 
635.6156621252264 4.725738412244286E-4 1.9148906010864546 0.01435098483766743 
15.832948475814176 71.4159334498184 0.4471649665937067 102.14516891538639 
281.68257531134657 35.21667717605813 0.0044459132334537165 0.015892855028653362 
0.0034117131941293452 497.0199746571439 281.3734197923688 0.03164936959698952 
469.7754141898236 24.691725794950152 0.002911807684790285 0.04613092270004542 
5.468584504452202E-9 7.072789596322157E-4 0.2612665165063365 407.44155739702114 
194.23502794796843 1.183641780927885 215.30771389527797 9.070774291038085E-5 
5.133386884263748E-5 0.0059106645241015976 0.719368313499878 147.30385362472035 
262.44054100075084 31.926356069927458 3.371189826763974 0.0014866021278159341 
0.5020192851502637 375.59061364226375 0.8950705772359886 0.0011367632105234904 
5.060575296199721 427.51471649580606 8.265513294575975 1.5028511003902526E-4 
0.003462720134696109 0.005232975778601985 1.3309447874304604E-4 333.31988557548186 
185.0915652363301 283.810536332498 6.550479655758454 0.0034578957994620494 
758.8950778959196 0.012276741192249797 14.671746169798249 4.313343129490858E-4 
9.237296675957111E-5 4.176447432417627E-6 0.003236435797081693 625.2537213649258 
582.220294196881 4.328749231060162E-4 11.248620053753466 0.013147813154530261 
7.72413155893038E-5 11.327232841195897 621.4994643456736 0.013920983867025123 
4.448422507943066 0.05590169968370172 683.0613012635268 5.195783275685307E-4 
44.11305796107857 136.36163313438541 8.126223422305035 0.001307954182094354 
82.26372131513621 209.93452584467153 0.0012308025742958368 0.8325714455595576 
0.011956030411327905 188.50521994827946 100.90431184015966 0.7874001935042038 
1.3087812215810806 39.359133945550894 56.99640450846565 95.30769874532177 
0.8045876049241575 323.2359184740224 290.0382778507746 1.1895417465726223E-4 
16.934870250943533 164.72405394826254 12.930738086473669 0.03319144285110008 
4.695154557924062 149.01708219049453 1.2183741901502174 37.01087586342773 
721.6017081532741 2.9277459836151305E-5 34.10501646115804 5.722306607572403E-4 
6.5854106543514925 575.7851666204114 3.32735010385909 4.5612636750514866E-4 
347.3438650015303 3.0523574841659443E-4 19.768064626237713 0.003953320210555218 
635.6156621252264 4.725738412244286E-4 1.9148906010864546 0.01435098483766743 
582.220294196881 4.328749231060162E-4 11.248620053753466 0.013147813154530261 
0.023532527591421472 1.3114988994070902E-6 404.5823662000208 18.905193028036226 
9.844313896472366E-4 614.8137984404664 0.565948244104483 0.8371552233588986 
4.008524004732489E-5 5.974764668468764E-7 0.005668099475851688 301.02636912356456 
6.256763952556929E-6 0.013371141662168013 4.1964865879842775E-5 469.0700466606264 
0.7881975696310433 243.5781822048612 0.004976499522023138 0.16653747007706005 
0.7460138777738156 67.73753478550205 198.77158781203852 0.09551856908201235 
0.9188055864735908 264.9757830877278 22.94595541860478 9.75489582630629E-4 
326.9965960696308 0.01959019012944918 170.0734404611251 4.440700495892796E-4 
0.03283334638330122 309.33294256109065 172.4361597911804 0.22781413908918405 
11.97416266103506 0.01593816714053187 325.3380133004365 8.987874814348984 
5.060575296199721 427.51471649580606 8.265513294575975 1.5028511003902526E-4 
113.89422912967291 119.2848889642389 2.86742151508808 41.93474405593166 
0.10376771200440912 373.61336051466407 0.0023071794218382266 9.630215280240588 
19.909706718500157 1.5288632334368454E-5 372.84822041580475 0.0042427802412376365 
1.7627334229077692E-4 7.315317407414504E-8 0.006190930913464104 592.5565379914935 
758.8950778959196 0.012276741192249797 14.671746169798249 4.313343129490858E-4 
8.180783989833331E-5 3.227943768050113E-8 0.01279226425533267 677.1678460890229 
0.0033386925472811365 5.246742536829606E-5 1.8632063459521185E-4 645.8285093095277 
153.18294262149902 228.48111530517673 0.0043081523165659046 0.015400399560958247 
0.005434373486984248 5.374966593645757E-5 1.3681020535397533E-8 190.15090265593537 
169.34337350503313 0.010145270391192398 5.808427735861904 4.444763162176507 
9.361732832774624 6.960354045570286E-6 473.3740638550422 0.010689921516823127 
0.9826544781038103 93.16744410835041 111.65260482870907 0.10605685988285618 
1.5555634192658261E-4 1.7666467305451513E-6 0.0022456450779406154 434.7031807874731 
375.5389792073151 0.02249833818491489 12.88087616053193 4.527195035328735E-4 
436.8170667367898 0.7810599291341228 4.283889117590598 5.263080851477614E-4 
19.234946524571 1.6903115010120406E-5 360.212015318947 0.0040989881071371035 
0.24505242816742565 345.71444736525103 318.13841491831676 1.2868713880532113E-4 
71.37583750857058 314.1583502468715 0.0019894666663430234 0.009418973078450129 
395.2853319865754 0.3549774663751278 0.7156931063955002 0.029728076060512924 
42.0061148129418 353.1698359859671 0.005570152890763314 0.019296370769651697 
130.27967341944213 0.03480470025695627 176.54686565365049 0.10147662514346531 
188.48040978923655 7.299689327132199 92.36265520687473 0.01904972777228205 
0.0014886832000657441 0.00658395171605628 1.2412294422774423E-4 358.5447728686291 
494.1640801621992 17.222331206596248 0.03211487224493642 0.0057679374340644145 
145.06396019127928 5.618206386244195 71.08692385099044 0.7202140098598261 
42.0061148129418 353.1698359859671 0.005570152890763314 0.019296370769651697 
5.608034330386021E-5 221.0958512638505 10.911735477308477 5.681500515060572 
0.004463141807949978 0.0046624306897914015 0.7855019624764554 161.4432386700925 
131.10703494349582 334.5811832451018 0.0019615800687958662 0.020229593450935647 
7.881893362437075E-10 9.643466515431182E-6 0.008375671470386694 444.8116324487259 
0.07868374564871387 141.37358219252624 76.04236989780544 39.4302264418728 
8.436939640273034E-4 0.007023963649780795 503.96611629024113 0.5421889026590244 
0.014727182015006324 0.44289230316805245 142.63435565244293 1.7584385637383624 
0.05538136421049258 15.97151842150203 315.6032648549519 0.0011590134022412973 
0.008723456719003852 2.6958262902946837 241.0217684992014 0.16557050988730543 
1.3087812215810806 39.359133945550894 56.99640450846565 95.30769874532177 
494.1640801621992 17.222331206596248 0.03211487224493642 0.0057679374340644145 
413.4193944437183 0.012317359363477018 14.334541315008162 3.2980186988382103 
3.440726723628038 3.1691422198531565 256.1371307756208 0.11848155726808565 
262.44054100075084 31.926356069927458 3.371189826763974 0.0014866021278159341 
0.0033386925472811365 5.246742536829606E-5 1.8632063459521185E-4 645.8285093095277 
436.8170667367898 0.7810599291341228 4.283889117590598 5.263080851477614E-4 
13.277719043253102 113.07057974928645 53.99880636071381 0.4640318808631708 
0.0031037252965185514 0.9591500848487994 217.2236603795125 0.8028231453070358 
1.5862718880898146 75.95972687251975 93.03014115530024 0.08758285602312087 
1.4041213643686954 109.73596570590745 11.709338674856886 4.150910399465431 
6.232094163757099 0.2736591560884961 187.38929303167475 0.16737084206871405 
2.7368515734090602E-8 5.8488430079617895E-5 0.008269414285455665 290.10327879649515 
80.21035373022644 0.7002760184756197 125.27100623853248 0.14439729205074658 
413.4193944437183 0.012317359363477018 14.334541315008162 3.2980186988382103 
194.23502794796843 1.183641780927885 215.30771389527797 9.070774291038085E-5 
0.0028100731018176886 15.70216775977631 385.89727843825995 0.021417458435009935 
71.37583750857058 314.1583502468715 0.0019894666663430234 0.009418973078450129 
0.00901026687874509 9.936689952896025E-8 1.2746162438026394 171.7801399944568 
0.005410732507971678 2.222500570099955E-6 3.250307702654403E-8 189.31445164105912 
380.82809904083325 19.945442890906254 0.6904619796897119 0.037396185770401866 
7.761700189036963E-5 1.0631114529326742E-7 0.009154939947724082 486.2138456394827 
0.7460138777738156 67.73753478550205 198.77158781203852 0.09551856908201235 
0.0034117131941293452 497.0199746571439 281.3734197923688 0.03164936959698952 
4.806921048122214E-6 0.010272726089823579 1.4680134290812974E-4 360.4102393139332 
2.0772922638483154E-4 30.46293680047468 449.4216990935881 0.010088032709224929 
0.6860073348524369 275.5973490069433 247.2923828006967 1.3013213172928742E-4 
0.7591547240869511 87.46260617780533 104.81400024494792 0.5385345402395452 
326.7232517757988 0.009734346667362651 1.4145428889183138 80.70820827739126 
80.21035373022644 0.7002760184756197 125.27100623853248 0.14439729205074658 
153.18294262149902 228.48111530517673 0.0043081523165659046 0.015400399560958247 
8.180783989833331E-5 3.227943768050113E-8 0.01279226425533267 677.1678460890229 
0.6860073348524369 275.5973490069433 247.2923828006967 1.3013213172928742E-4 
2.0772922638483154E-4 30.46293680047468 449.4216990935881 0.010088032709224929 
0.03602208268094786 201.284722787782 0.04427372902864695 0.011162149110557913 
0.014727182015006324 0.44289230316805245 142.63435565244293 1.7584385637383624 
721.6017081532741 2.9277459836151305E-5 34.10501646115804 5.722306607572403E-4 
2.608827712901217E-5 2.025412190544831 439.1257479553221 0.6291829865295092 
0.02165881704556236 0.19003606371580728 421.5928980349613 0.09244315459401022 
131.10703494349582 334.5811832451018 0.0019615800687958662 0.020229593450935647 
0.02165881704556236 0.19003606371580728 421.5928980349613 0.09244315459401022 
0.0013171691214397183 3.553461216267229 382.2311389002365 0.34122115343711457 
145.06396019127928 5.618206386244195 71.08692385099044 0.7202140098598261 
0.4039596676133605 0.004620155072054585 778.6578211399537 0.5149142340397856 
0.07868374564871387 141.37358219252624 76.04236989780544 39.4302264418728 
0.9826544781038103 93.16744410835041 111.65260482870907 0.10605685988285618 
0.7591547240869511 87.46260617780533 104.81400024494792 0.5385345402395452 
13.277719043253102 113.07057974928645 53.99880636071381 0.4640318808631708 
2.7368515734090602E-8 5.8488430079617895E-5 0.008269414285455665 290.10327879649515 
2.819005755758076 0.015136340886599297 398.5721606961483 0.00286701504672723 
0.00901026687874509 9.936689952896025E-8 1.2746162438026394 171.7801399944568 
8.238823421506996E-6 1.3807429714922782E-7 0.008224666225008701 436.79203917828164 
0.03602208268094786 201.284722787782 0.04427372902864695 0.011162149110557913 
8.436939640273034E-4 0.007023963649780795 503.96611629024113 0.5421889026590244 
8.714344473772064E-5 0.4187930030159094 364.3251525170455 0.8330778996740659 
2.608827712901217E-5 2.025412190544831 439.1257479553221 0.6291829865295092 
3.440726723628038 3.1691422198531565 256.1371307756208 0.11848155726808565 
380.82809904083325 19.945442890906254 0.6904619796897119 0.037396185770401866 
1.5862718880898146 75.95972687251975 93.03014115530024 0.08758285602312087 
9.008919819201942 0.11311013626159054 244.2796376339873 6.7485536345645665 
2.819005755758076 0.015136340886599297 398.5721606961483 0.00286701504672723 
1.4041213643686954 109.73596570590745 11.709338674856886 4.150910399465431 
9.008919819201942 0.11311013626159054 244.2796376339873 6.7485536345645665 
9.929272625744058E-4 1.8844303135864822 468.31609401022934 6.582344119054923E-5 
