0.9993415419466488 0.99995721947514 0.9999252249246768 0.700352630514949 0.7912248509398674 0.6079810450522158 0.2798348468348379 0.41771181539467267 0.7925995789503655 0.28990785150223614 0.6145583868228758 0.49692210895669864 
0.9999582436665639 0.9958400979632844 7.485684016807388E-6 0.7072269680061255 0.18426273973025642 0.22745558010446154 0.5927583838095127 0.6266390395725094 0.8811385283701908 0.482031788504569 0.20040901092898458 0.986878662587603 
1.7725787315865684E-8 0.0082631245366896 0.9998926399063778 0.8051281220397147 0.26184952975918163 0.8335158678013295 0.5920961422637545 0.4175164271966656 0.9348736644837129 0.583041416951792 0.4857080314021721 0.5276766176562516 
1.3886139246170218E-10 5.719817331141389E-4 0.0805541367900707 0.8771844880651921 0.29389406427368175 0.7028563581356977 0.5938793890863818 0.39624776553736196 0.6085627234267774 0.5044235702307973 0.5045013527590974 0.9004006895050685 
0.006804677426173578 0.9999783066187782 5.605724485483004E-5 0.8952684798789268 0.407966295812183 0.31836181345144543 0.7192655818843026 0.40672108223262926 0.5482808412762732 0.3248709280884946 0.21298003621805028 0.8705540387391351 
0.9999728576802824 1.2982810791286117E-4 0.5623437722582347 0.6990239549674964 0.8595667671257692 0.6088464781901887 0.27043204628843265 0.6863542880809879 0.5923786168634517 0.16119641875293597 0.49333488651574076 0.9038834914503727 
0.058267697828940535 0.04369338315385779 0.3224043020940734 0.7016592180750196 0.30309574493571406 0.8249112120177449 0.19639759921218766 0.6964719090303005 0.6166727448136811 0.19596778903567702 0.21375661488158493 0.5298969190353954 
0.03440885948398976 0.49222555266674844 0.023766306377614788 0.8848832262502678 0.39760718606058476 0.6714166992795089 0.5930117596892868 0.2672511383399617 0.7814609581980149 0.2941117859428384 0.2137849466154039 0.9936516785175745 
0.007760191219430281 0.9999999242675182 0.9999508800328504 0.9164835943783127 0.03337032751196886 0.08524629552043224 0.4114396329483781 0.6986466763275874 0.9163656674877017 0.22670092318464377 0.8975677814387121 0.5017861694810839 
0.08390818503424456 1.1282789066802308E-4 0.5805891966235267 0.7063561198224764 0.5123450304651953 0.14591987415596758 0.5065375452708267 0.6903135474451304 0.5981603967014714 0.5008037518274754 0.8033065814588201 0.5063496439529853 
2.1953960152965474E-5 0.9973215257176811 5.544801731087654E-5 0.7074235676816737 0.30390173587397606 0.7059988363279166 0.5943437993890238 0.6921241958351614 0.8537303760235845 0.4894069394235473 0.20947157399416694 0.8669664349541696 
0.035779278220033794 5.5084975414547964E-5 0.8195170680122436 0.6921323330512813 0.29168143564155796 0.09747562204947344 0.5083549065084546 0.40271530906033887 0.8292470542455729 0.48567867630193723 0.7668843312520861 0.4966493382411587 
0.9999741752261753 0.9956209725873031 0.0020645270533086735 0.6986907707522456 0.8595667671257692 0.23405364671423382 0.6741719974701451 0.6863542880809879 0.5917252409456202 0.5022801911199368 0.9375574460402758 0.9195338241605335 
1.4797445053110258E-5 1.4495466198830844E-6 0.9970775224404296 0.8543167287400274 0.2986313728998056 0.4378846387451042 0.5836564866327842 0.6937918812971596 0.6147176970857615 0.4867290414770819 0.48849343513341026 0.906304094778414 
1.7725787315865684E-8 2.983316898500436E-4 0.9989493170307899 0.870440046043813 0.3024143631914002 0.6445878784918987 0.5861066297532029 0.387830422741543 0.7944750026344266 0.1707436862689719 0.30563981880582575 0.5274513472776057 
5.692808662458027E-7 0.009184703783786698 0.9999896151568006 0.3120791646427488 0.19331078364538481 0.40992242843600957 0.7015517336892039 0.5591088137283512 0.5877478522298323 0.3440573758358372 0.02994793644204624 0.5017962706608463 
0.9931128085092772 1.2799713230578022E-6 1.8191735682531149E-4 0.6950145235341381 0.5310060140478863 0.7059345897660254 0.17038203728759543 0.39970638560701954 0.8575082445544948 0.5003934006097482 0.2093750221819643 0.3092284018084476 
1.2922357857937137E-6 0.9986288759957322 0.987940362415721 0.7003042067184179 0.19822413247337567 0.7740634520374305 0.39245425976119064 0.021630683949539098 0.8084737223610412 0.48952538707630533 0.1951541846840836 0.5060073372085454 
0.006517199893590517 0.4083705877570736 0.3490647057988076 0.8948711791811264 0.2004800535963142 0.5876940919586581 0.507078979283607 0.5912487241828909 0.1059413477831169 0.5006922599142359 0.8020445717616707 0.5076194997313465 
0.04720127634750075 0.007929820180481773 0.5610322949739804 0.7017951385030996 0.2840064794114671 0.6048215592565144 0.6997807851479724 0.021358397155273934 0.5526346499341679 0.5065177752315396 0.8239944754963673 0.5053343763803682 
1.8116839435369206E-4 1.1345048967107904E-4 1.032356039956058E-5 0.8001077446360381 0.29474308293552753 0.8411595058020102 0.5939073575944258 0.40658441917820454 0.7898237709018551 0.4977572096471611 0.2295260832415576 0.47824538194865696 
0.006765177347839266 1.1345048967107904E-4 7.976190952686535E-4 0.8968435690781656 0.2963047655826694 0.8411595058020102 0.5085062971872087 0.4064756533456565 0.10848203660006495 0.4977041372242598 0.2295260832415576 0.5001734670647526 
1.0781395799579205E-5 1.3902545732023605E-4 0.0035538943460439454 0.8064936395784376 0.4152134132973472 0.364471360183661 0.594012337861099 0.30609935829589185 0.6165342896911705 0.5098982983768181 0.23054946976237778 0.5104535282549073 
2.611757905554464E-4 0.19449609325119882 0.03973038922254957 0.7009626715142432 0.40635286115751457 0.702026727515078 0.5934540571957038 0.40061619583980945 0.9038481696639493 0.5089158037889185 0.506867492986477 0.786303040702291 
0.9994916057353451 0.003969712098838507 0.9997751146170474 0.5819781400739941 0.29549027001139533 0.9207991436307013 0.5980634854040832 0.3874971323532673 0.7912355363309267 0.5090372157597843 0.9073035388004205 0.9987633055605954 
0.03403028968340932 5.820786238989518E-7 0.005313463988203038 0.888980274297579 0.38051495122666396 0.9303927389565394 0.5913500681268218 0.4379854886798217 0.9777897306941286 0.3097298709597083 0.21382730716291096 0.9936390751699642 
0.1880890277935287 1.6866276347626136E-6 0.015706320482221536 0.69314578687281 0.4149854993876871 0.36364041899141925 0.5983843088581071 0.48934021283080475 0.793275110825446 0.5099469361935108 0.05105822420822953 0.518139173530607 
0.03426353663538056 5.820786238989518E-7 0.9932964167706981 0.871087608151445 0.38051495122666396 0.9404536247068795 0.4825233486355694 0.43598152618093894 0.7961903399921227 0.5033447125917896 0.5032918248769165 0.4864838563769425 
0.9872186572576822 0.017988102905832082 0.9989103627881479 0.6934655461361482 0.801726202899212 0.5074640685023606 0.5996514263234953 0.11758317172423538 0.6029623433853569 0.5019273420930122 0.5857775968476153 0.2024969139968172 
0.9993415419466488 0.008289329372011434 0.9999252249246768 0.7066483066270831 0.7912248509398674 0.6079810450522158 0.2798348468348379 0.41771181539467267 0.7925995789503655 0.16022142219838587 0.17397256539295766 0.49692210895669864 
4.7248075625639686E-4 0.9999934551168943 0.9740581767386737 0.5053072898846058 0.3978297442176196 0.31836181345144543 0.589562688265309 0.31317033658192395 0.8022103595702045 0.49402103279479426 0.8975196645433909 0.023608503178020546 
0.9993415419466488 0.99995721947514 0.33887118655786885 0.8890348373746702 0.7750376924472003 0.6079810450522158 0.28042030036957916 0.41771181539467267 0.7908889711270399 0.28990785150223614 0.6138885111440842 0.49678655674629624 
3.140212753298426E-5 0.001719927249685324 0.47772466184565765 0.5969328811038164 0.29349911839972576 0.7010120697705781 0.11080175383469404 0.3132833770318703 0.5948267202324033 0.6825402851689141 0.3963933716367169 0.5017597216768497 
0.03658261843996068 0.025159507744644205 0.5881355460815413 0.8053067564794526 0.2688387627984881 0.3862065725439363 0.5507370781415034 0.6890045813720486 0.8076430193388294 0.5826558573554025 0.8909293442106325 0.8966401347914152 
0.9776367007378606 0.99995721947514 0.9999252249246768 0.7005655077173265 0.7912248509398674 0.6077134298533392 0.2890859273387653 0.41771181539467267 0.7926469083875542 0.28990785150223614 0.6147474464890643 0.49692210895669864 
1.1160080208666052E-6 0.9967484930522028 0.9995331273969431 0.7003292885427754 0.4039323920546346 0.7313273054141786 0.6957504308301312 0.39576627165428047 0.7922446507338503 0.48952538707630533 0.1951541846840836 0.4893590770672318 
0.026352474563387795 1.1621360683928914E-6 0.9202917219047048 0.6903253837330597 0.2976948244336902 0.7059345897660254 0.17038203728759543 0.39970638560701954 0.9090065531377205 0.5003934006097482 0.2093750221819643 0.5071535748044669 
3.4344324752373724E-9 0.9963260854909342 0.9787482648755544 0.8768375607474826 0.2951811282911244 0.5073694518923904 0.6128304119404321 0.6764481023068136 0.7859519287741858 0.48862253662882427 0.4966726385520836 0.8908495343452207 
1.031392761467239E-4 3.513173960118488E-4 0.012424222485194147 0.680108729464667 0.6022507697989359 0.6990868140112068 0.5080077152072221 0.6984539352494299 0.08221381240967784 0.6126078342833988 0.20938683223369162 0.5539679834809091 
1.1777988876824491E-4 0.0034620470674254326 5.96349829691447E-6 0.6976385642927199 0.2849579210917084 0.8363499867806902 0.5904468400959438 0.6823269302726852 0.581893959288963 0.610683621733064 0.7723010418806912 0.5064414181984348 
1.7837642409522502E-7 0.40829114087890567 0.34754073615487535 0.7879688396907493 0.20166133402187456 0.5892551355018304 0.3974051686421303 0.5948679758087801 0.8774143097285181 0.4985559636446859 0.7878702106137702 0.5077879283161767 
0.9998149226648811 6.959663299518584E-5 0.8794861224455515 0.5078359076734693 0.3835521918549418 0.0994138796852822 0.4067240973071465 0.5868840344877885 0.6060025040551787 0.6979307791711562 0.09396303722316197 0.5615738264057366 
2.1698541515126947E-5 3.031519817302106E-6 0.058100399733314156 0.6847312269385158 0.5293606626433673 0.7059345897660254 0.10800209668545735 0.40344256044882737 0.8503743058711862 0.5003934006097482 0.2093750221819643 0.5011334865081787 
0.004420993336607379 5.686940169893817E-4 0.9854882026222259 0.7390220701083585 0.40469674508590947 0.6420358496022637 0.6999676612597967 0.43306037773105854 0.7916602874810594 0.3975937446950669 0.5042074216561422 0.4989645016192355 
0.9779151650102869 0.00216255919134971 0.002956970411370566 0.696076360335364 0.2907605766498512 0.3973936221842589 0.5944646370791236 0.6985208418888617 0.9039216197590701 0.396060980258002 0.5064507205268451 0.889811167814577 
0.0020888568200807256 2.6683201463000745E-8 0.019959054831689527 0.7436693845260854 0.39445743545580403 0.7059144957793247 0.6976850947532645 0.21709535803638585 0.7373751529028455 0.5205348615103887 0.39855294011473974 0.48647535715009577 
0.0034736559044186155 0.0016994918775235027 0.950592932005172 0.9545529571203679 0.32490720812367063 0.723672892504751 0.501439109915426 0.38790013102296766 0.9364693840897624 0.4989919310445226 0.787453558735093 0.5436624551997178 
0.06127874789565878 0.5052091613051857 0.06689723171820255 0.8965522658337887 0.29028055428155075 0.7017134791205345 0.6958969835314598 0.10023851712250496 0.6033581110757581 0.7123945700659418 0.49181191662134344 0.5057497460810255 
0.0013603694575086284 4.183644277347484E-4 0.008016844530686906 0.6967215424689653 0.28446108973188305 0.8101421381644583 0.7069124754697225 0.3058241099431475 0.9109540506165821 0.4219077378899367 0.40612076425586585 0.505762173640226 
1.2799465335106046E-4 1.1345048967107904E-4 1.032356039956058E-5 0.6920380715711545 0.2963047655826694 0.8411595058020102 0.5939073575944258 0.4064756533456565 0.8518345935681995 0.4977572096471611 0.2295260832415576 0.5001734670647526 
5.217795236193562E-4 0.002177245480743384 0.002956970411370566 0.6973896762121248 0.31073785635419854 0.40505231407766373 0.591440882196916 0.7006323729504382 0.9265922939798609 0.396060980258002 0.49938567161920444 0.889811167814577 
4.0517834113299985E-4 0.008259169895969835 0.99701280625059 0.3051088436960865 0.39559290798652424 0.09297033435973662 0.5995341263108261 0.7214165750950143 0.9302860387155238 0.4986015566291576 0.126991268119986 0.48982693488207213 
7.249356623445979E-4 1.746349053429889E-4 0.9988129932182692 0.6785548954827515 0.2951811282911244 0.8788570132059784 0.6133288832024878 0.6763804082576844 0.7859519287741858 0.5052923404174193 0.18007831772486088 0.7012239952642256 
0.9989111890720433 0.9999783066187782 1.8207635184734616E-4 0.8889778554487924 0.40504591494146314 0.31836181345144543 0.1924147603122777 0.40672108223262926 0.6138610869425966 0.3248709280884946 0.21298003621805028 0.3128160527060462 
5.980289916501629E-7 0.020206324821339328 0.9828090851953203 0.6785508227069619 0.29875128841126536 0.8008394547630957 0.7015517336892039 0.6866270262897547 0.7991552518881521 0.4020933557183658 0.7997538771651622 0.20279517356560506 
1.0477745881195332E-4 2.214116003027933E-6 0.994915334966197 0.8935437428082245 0.300484551721552 0.9303927389565394 0.5836564866327842 0.6959698484961137 0.6147176970857615 0.5324309597986742 0.21104342363441958 0.9054914840024166 
0.009161003157254054 0.0016994918775235027 0.9986675045085154 0.8051281220397147 0.42100462488066454 0.38276228876263796 0.5936757068137404 0.387830422741543 0.9066354916540202 0.583041416951792 0.7967780647491344 0.8980600335644312 
0.9998149226648811 1.548846076325737E-4 0.876594037962529 0.7036965137464704 0.38967025276480555 0.0994138796852822 0.41138380531843677 0.5868840344877885 0.6060025040551787 0.7029932969806081 0.09396303722316197 0.9097456649947322 
0.009356841020114193 0.07032615930431027 0.9999844786404806 0.5952968306037908 0.2908017497942873 0.08516176729555447 0.4132922185149487 0.6984539352494299 0.9041198490568318 0.6140452233239905 0.9067752997844727 0.49858357623964555 
1.3886139246170218E-10 5.719817331141389E-4 0.5881355460815413 0.8771844880651921 0.29389406427368175 0.3862065725439363 0.612196788639523 0.6889511028197214 0.6102380894805851 0.5043681685272099 0.7925547385709077 0.8966401347914152 
1.2800578331860913E-4 1.339409891743809E-4 1.235850689027024E-4 0.6881885820174725 0.2962065240476029 0.705470754654624 0.5939382949652829 0.40349058766631846 0.8560159316972905 0.5006782609585239 0.21944813761687537 0.20247385297463166 
0.9993415419466488 0.00825480787318359 0.9999048012855023 0.7021185728125003 0.7918941974163002 0.60532560112387 0.27522491411631245 0.41771181539467267 0.7925995789503655 0.16022142219838587 0.4953268488986949 0.49692210895669864 
6.14338077693941E-6 2.214116003027933E-6 0.0035538943460439454 0.8073807079305223 0.415663574671182 0.364471360183661 0.43164618107618125 0.30609935829589185 0.6165342896911705 0.5098982983768181 0.8822994909743803 0.511944171394188 
0.013450576364778588 0.017988102905832082 0.916315887702197 0.6934616276598057 0.801726202899212 0.5074640685023606 0.5996514263234953 0.6779962057829796 0.6047227484898496 0.5040224117148543 0.7755877955300318 0.04090351028295122 
3.704963097448975E-4 1.313712520178348E-4 0.9945713509516021 0.3106095015334854 0.395328630758747 0.7016590372613045 0.59275565172786 0.6787479111114242 0.786960611532932 0.5038599443262094 0.17983744118847245 0.9833977526703396 
0.0333313390783712 0.012698397212341617 0.33766719405601 0.7012186662339454 0.1967303198584446 0.6983397742810243 0.5897974957136712 0.39942442102489295 0.6078329795006348 0.5007048635987756 0.09452738585068297 0.5074650716271076 
0.04684067760251348 0.0021589106816359283 0.8139808455013267 0.6995072622279341 0.5977792892799262 0.8142436383015347 0.71161757846075 0.7002602896883046 0.7918877000453567 0.48859013810197366 0.40333206758189544 0.49306330099147494 
1.7872442608001492E-4 0.0012988449037426735 0.009171876067107565 0.6785300701385397 0.40202582442430823 0.36011925589671895 0.7000015876447765 0.6760405600809323 0.6057077763833665 0.5051035931117329 0.20619385789512878 0.706284515421233 
0.9719344275812576 0.99995721947514 0.9993396073777728 0.7005655077173265 0.7912248509398674 0.6077134298533392 0.2890859273387653 0.4178314396282254 0.7926469083875542 0.28990785150223614 0.6147474464890643 0.49079863771540083 
8.912543825464608E-4 9.602196291670986E-5 0.9116448833733892 0.6925914004909202 0.3771382606846557 0.8826388376008817 0.5864202092443127 0.6938127344583733 0.6070196385290074 0.18649807887374276 0.21104342363441958 0.5159791271621221 
2.1953960152965474E-5 0.005074352970221407 5.544801731087654E-5 0.6917698442079553 0.2852218128725147 0.2340004736476368 0.5944121787351823 0.6921831327931735 0.9921215870396989 0.49623341079658123 0.29999664026957346 0.8636251024422283 
0.9999879412284458 0.994017956401402 0.026399084394340244 0.4900392581196246 0.15756864736803938 0.6106031600406392 0.5999409467557448 0.41034523149935426 0.9039058844572452 0.6219745325519406 0.8917089500317529 0.18349463169382052 
0.024041449808723525 3.567668455890516E-4 0.9999779585477578 0.9127874181106936 0.6036600680107765 0.6720704005899772 0.5080077152072221 0.5870475012629984 0.1753740089485284 0.5000862830741652 0.20938683223369162 0.5075888338987918 
0.1607142777853191 1.2852249191378515E-7 0.5511890110938026 0.6976227104746976 0.39445743545580403 0.7032990676191483 0.5923258074960394 0.24213418953785976 0.7919011464198409 0.5048829251696256 0.3969018967481814 0.4927352741975052 
0.1607142777853191 1.3012255911641157E-7 0.019959054831689527 0.6976227104746976 0.39445743545580403 0.7032901213249566 0.5923029627974244 0.24213418953785976 0.7906161834896421 0.5048228505511906 0.39855294011473974 0.4927352741975052 
2.1666400544783845E-4 0.9997185689675426 0.007258335280845685 0.6263676764021462 0.4086856259773595 0.3143862372444108 0.537909075338251 0.691420734317832 0.9819641052714275 0.3090323513643787 0.5087489543095385 0.9949937710304538 
1.2540937980602598E-6 0.001615742684409116 0.995661475925568 0.6253330224660676 0.40384379919486546 0.7311881403345942 0.5920961005714683 0.39576627165428047 0.785930010364741 0.4656691547436077 0.34919857687902456 0.9659603242304639 
0.9999582436665639 0.9907058471029883 3.057295952151474E-5 0.7072966447148911 0.1893569540782842 0.6993896962265757 0.5927034930799743 0.6964199132990382 0.8811385283701908 0.48094565061378336 0.19331520528407456 0.9885637039713806 
0.024041449808723525 0.0750212841866088 0.9987152453728315 0.6991624362379965 0.6036600680107765 0.6989735172285291 0.11016446022455137 0.40712229597725336 0.08221381240967784 0.19865354862535184 0.21618326172660896 0.5075888338987918 
2.1260094031287527E-4 0.9970859566435071 5.544801731087654E-5 0.6918395209167209 0.2992795079399252 0.31417232649715326 0.5943572880056438 0.6914269375556397 0.9812078354296596 0.4896555234649862 0.3232647435871122 0.9958256167786252 
6.387917797084609E-4 0.9986192066971933 0.02953926747386615 0.6928625904518619 0.4086856259773595 0.2439333225682313 0.48003832929378343 0.6894167718189494 0.792723086602699 0.5019564246790256 0.20194819437726727 0.5031533127284438 
1.801812153794575E-4 4.5733546502072695E-6 0.01736585195013285 0.6835841987629256 0.5874769774900565 0.3733662308081779 0.7029333028492156 0.4033289167418144 0.6082240113902028 0.8000638074806329 0.2857371387624507 0.8913615387135209 
5.217795236193562E-4 0.9719108084792931 0.07168655813310018 0.6988235036827317 0.3098624835725443 0.40505231407766373 0.5897581159649152 0.7006323729504382 0.9038481696639493 0.396060980258002 0.49938567161920444 0.8917568356614052 
0.16051679806750133 1.95631259598435E-8 0.8229390042449429 0.7019276261782307 0.42610855745371456 0.8128705800748222 0.19221737188915722 0.418089733328558 0.6217847163914374 0.48886723854445 0.21270975716943816 0.5057626638091564 
0.010197182678828742 9.22397321800987E-4 0.5110187088287755 0.6954750086788946 0.40460719617970975 0.6992489453649233 0.4943499276586302 0.2391866705806477 0.8849400672003471 0.5020176579571072 0.8931526106556311 0.5139142014855199 
0.008016771769974772 0.05984090235480154 0.9788331579452263 0.6989316728354814 0.3006053039118216 0.6992489453649233 0.4943499276586302 0.41145684996573895 0.8849400672003471 0.5020176579571072 0.8906565164706957 0.5122440128466764 
7.071355241588945E-4 0.13375023921852117 0.0805541367900707 0.6976152471051152 0.2939973089220198 0.7028563581356977 0.590608272647202 0.38578347584611905 0.6085627234267774 0.5044235702307973 0.5088642515935388 0.9003608700398708 
0.029418406041777367 0.9999783066187782 0.03526798547237925 0.6991162289962782 0.40504591494146314 0.3161018417882776 0.5008549541605227 0.405389872660874 0.6075525109381941 0.512302570607648 0.8975196645433909 0.3004363416120428 
0.19082132085411602 2.2331001104512776E-6 0.3763171793755672 0.6932089289128056 0.3955924689863819 0.09769955239699854 0.5995341263108261 0.40287866026730057 0.7917312816015837 0.4986015566291576 0.7353196965993078 0.4902428433629351 
3.949364563242927E-8 5.661414399915706E-4 0.9854882026222259 0.6947258469227509 0.40341722014997905 0.7030694768438547 0.6999676612597967 0.45396226029959197 0.8998592129945809 0.819868138334607 0.5042074216561422 0.4989645016192355 
3.949364563242927E-8 1.1542899238864621E-4 0.9901512657327483 0.6940742904396913 0.19007793903389808 0.10147114170211202 0.6999676612597967 0.386123567498544 0.8521063871605644 0.4027498662966448 0.1833486609088517 0.8912236544316469 
5.9647136385751996E-5 1.0533670132136963E-6 0.9902056943094515 0.7443699636461093 0.39445743545580403 0.8980850318831859 0.5631003723892735 0.2112576417602202 0.7859300523676137 0.4998427016839423 0.7961237074510702 0.4965702380421198 
1.5063797447803154E-6 1.4787671838907557E-4 0.05594925283184404 0.8062316839784124 0.49625393843816196 0.8191205858405423 0.5947845156173877 0.6962198228626408 0.8147727359965046 0.5028350169572586 0.1914233515663843 0.4902782717551199 
1.7837642409522502E-7 0.46356024734460544 0.02268887782042016 0.7879688396907493 0.6243049329521402 0.9031755299656434 0.3974051686421303 0.5948679758087801 0.8922540717996412 0.3069440761175395 0.10764148467598128 0.5132107441944062 
0.009577843458525586 0.9967484930522028 0.9995331273969431 0.6983691886511822 0.404198831831366 0.7195388827186266 0.6957504308301312 0.3958590776410774 0.7922446507338503 0.48952538707630533 0.1951541846840836 0.4893590770672318 
2.7975376788768117E-8 1.8348878497413332E-4 0.5881355460815413 0.8771844880651921 0.29389406427368175 0.38867124717952245 0.5049206610337609 0.5854372049327425 0.6060192588512885 0.5043681685272099 0.7933450546049385 0.8966401347914152 
3.8906307091314324E-4 1.1282789066802308E-4 0.9949642468177651 0.7023080080563786 0.42308126197421286 0.1447815561529472 0.6997807851479724 0.6787329780059114 0.5976051819430634 0.5007935406688196 0.8033065814588201 0.5072708717994994 
7.249356623445979E-4 1.9365807414013976E-4 0.991782289191816 0.6787996288581815 0.15865750225940356 0.8788570132059784 0.611587643086996 0.6986670701024793 0.7869021265721463 0.42315355985694136 0.18007831772486088 0.5028757281663813 
0.16051679806750133 0.015492718679972622 0.08202584478004404 0.7019276261782307 0.4263818336570579 0.8128705800748222 0.19221737188915722 0.418089733328558 0.6086198616790464 0.48886723854445 0.5078630880477398 0.9163736741681312 
1.701647964955175E-8 1.1282789066802308E-4 0.5805122650265098 0.7034750630740236 0.42308126197421286 0.1417823515640678 0.6710847944151359 0.7020640505099994 0.5976051819430634 0.5007797720133907 0.8012840289890109 0.5072708717994994 
1.7872442608001492E-4 1.5405925551893913E-4 0.004516850982241306 0.8000054823743961 0.4156450548349634 0.3605492167939198 0.701352250887123 0.30961822023954194 0.9041623216325515 0.5007993880689403 0.20619385789512878 0.5072959075493139 
0.1589463582988116 1.6943901480063128E-4 0.3763171793755672 0.6997703342190069 0.39558162105336486 0.7032990676191483 0.5923258074960394 0.40287866026730057 0.7917312816015837 0.4985840909005014 0.6160889420082861 0.4918623736992234 
6.170143346992547E-6 0.00161423588671022 0.4474563241270492 0.8079683246308222 0.3942671351758898 0.5905644542851081 0.36948214514104777 0.40531957342422836 0.012443372530392682 0.5010090616054704 0.4034534433087723 0.5741511621346771 
0.07400127252389666 4.531338466450181E-6 0.09994445165305071 0.8843864613212622 0.41140974523934837 0.6937318328399528 0.6846973198056641 0.30706898797805543 0.7970259964438585 0.6082290588582567 0.39914175052756773 0.4877163045568937 
0.029418406041777367 0.9999783066187782 0.9878505951617502 0.8979965528406874 0.40301844153399763 0.31836181345144543 0.9876726560593623 0.2957483760954391 0.8031619405414032 0.5122974503595829 0.9156712190501173 0.3004363416120428 
0.19082132085411602 3.2400921872278928E-6 0.8119789839890414 0.6931641595005078 0.3986296517750179 0.09769955239699854 0.5983843088581071 0.4028653352037328 0.793275110825446 0.4881040536205979 0.7842355623139114 0.4902428433629351 
1.5015699758238939E-6 0.001719927249685324 0.5643116582454987 0.6834037752977011 0.404085000112574 0.38716038252375473 0.11080175383469404 0.30990948371230725 0.5989757567618929 0.414167769440402 0.208740621954699 0.5019010756377361 
0.18472296255197307 0.9574441604797573 0.811996183555221 0.6927583124445126 0.4100901937199103 0.590511852360285 0.5943135096649238 0.4884736284204405 0.710815542833862 0.4881040536205979 0.2102208882975015 0.513830941267908 
4.745854844289103E-8 0.014614868558457172 0.0035538943460439454 0.8252033003084525 0.19736828506547677 0.3597402544815882 0.43164618107618125 0.30645472084096476 0.6165342896911705 0.5097897638371925 0.19513321463057204 0.5180700779975566 
1.234146027641141E-4 4.4972751679255897E-7 1.235850689027024E-4 0.6890756503695571 0.2962065240476029 0.705470754654624 0.43157213818036533 0.40349058766631846 0.8560159316972905 0.5006782609585239 0.8711977410144919 0.20396449611392578 
5.217795236193562E-4 0.02246219578498975 0.996638796776278 0.5029628976097307 0.2950679713825595 0.4011365214797852 0.5884898277979626 0.6972428659194139 0.9041332289014696 0.39099846244855 0.9178558341585323 0.5902113008471008 
2.300457938417982E-6 3.9216383914041086E-5 0.8214808012154824 0.6976152471051152 0.2937240327186765 0.7028563581356977 0.5897651028796301 0.4216559619222052 0.6217275781391685 0.5044235702307973 0.2094812619598891 0.48974962809627437 
0.1589463582988116 1.6943901480063128E-4 0.3763171793755672 0.6997703342190069 0.39558162105336486 0.7032990676191483 0.5923258074960394 0.40287866026730057 0.7917312816015837 0.4985840909005014 0.6160889420082861 0.4902492150278546 
0.9999976255191212 0.01937510854559215 0.026416291907229675 0.9138406549855067 0.2972839283542589 0.6993399918964401 0.4995518064610453 0.6935775195019993 0.6989113954942695 0.5016600874790873 0.21014680776343025 0.18302740393699485 
9.866363745579532E-4 0.4893157169372867 0.8811219709480143 0.6993261581167248 0.39760718606058476 0.7033093333207779 0.5930117596892868 0.31328488955901923 0.7958902553924766 0.7093162231158747 0.4917257975862072 0.4935102127567115 
0.005057542075879773 0.4990281806153223 0.06628642160643583 0.8966077881275397 0.6030180917307345 0.701436694677683 0.6958669012641213 0.10023851712250496 0.7930707101800519 0.7123945700659418 0.49181191662134344 0.4934558042977372 
0.9817658256913585 8.203217747004363E-4 0.9491670107882173 0.9037489807376342 0.29893836998478956 0.5976885194173789 0.5001402232995461 0.7277968494451298 0.7619824941389741 0.5006923278837302 0.8770835484999184 0.16779365253372375 
1.701647964955175E-8 0.007929820180481773 0.5610322949739804 0.7017951385030996 0.42308126197421286 0.6080957684912358 0.6997807851479724 0.021358397155273934 0.5976051819430634 0.5007797720133907 0.8033065814588201 0.5072708717994994 
1.701647964955175E-8 1.1282789066802308E-4 0.5805122650265098 0.7023080080563786 0.42308126197421286 0.1417823515640678 0.6997807851479724 0.6919988643576709 0.5976051819430634 0.5007797720133907 0.8033065814588201 0.5072708717994994 
1.1420534805583136E-8 1.1988525925953454E-4 0.9800286122401918 0.9077834952951681 0.42308126197421286 0.1417823515640678 0.6997807851479724 0.3874504090177862 0.5976051819430634 0.5007982542910544 0.8036670919601423 0.520025251734878 
0.07400127252389666 4.531338466450181E-6 0.5857171372105584 0.8772117222439682 0.41140974523934837 0.6937318328399528 0.6846973198056641 0.30706898797805543 0.7970259964438585 0.6082290588582567 0.39914175052756773 0.48721861444173825 
0.9845226395966478 0.45966373954408396 0.8806267546803868 0.31369975050944254 0.33861397811219895 0.09882787077790825 0.3948624907323004 0.29288562984270683 0.6061347946403148 0.49860917859366777 0.10527345672502873 0.5049914978589367 
7.145712243307728E-7 0.45966373954408396 0.9367180587146444 0.31369975050944254 0.3022531623619992 0.08077282160551655 0.3948624907323004 0.29288562984270683 0.6107277654286755 0.49638214004335196 0.10557648081677723 0.5049914978589367 
1.801812153794575E-4 4.5733546502072695E-6 0.01736585195013285 0.6835841987629256 0.5874769774900565 0.3873742184187541 0.7029333028492156 0.4033289167418144 0.8281261803029966 0.5816941547538498 0.2934557754559105 0.8841104469896182 
0.015469620284117358 6.959663299518584E-5 0.9355774264798091 0.5078359076734693 0.3835521918549418 0.0813588305128905 0.4067240973071465 0.5868840344877885 0.6105954748435394 0.6974443551504175 0.09426606131491046 0.5479014662939117 
0.001158196600059589 1.078000804990791E-6 0.34592333501358175 0.7016592180750196 0.29973508373283764 0.8249112120177449 0.19639759921218766 0.6965709680077882 0.6166727448136811 0.19996042979042494 0.21375661488158493 0.5298969190353954 
0.9993415419466488 2.2387967658117278E-4 0.9999048012855023 0.7021185728125003 0.7918941974163002 0.876053003633543 0.27844556974484824 0.419177776453583 0.79245350188799 0.16022142219838587 0.21479547673115082 0.49692210895669864 
3.143869709736378E-5 0.4896798859697705 0.9787482648755544 0.8768375607474826 0.3971994030176691 0.7075928870124437 0.6128304119404321 0.7024291856398068 0.7859519287741858 0.48862253662882427 0.4966726385520836 0.8908495343452207 
0.05113856606029188 1.1398194177903497E-4 0.5623437722582347 0.8900858330210488 0.8777137658859564 0.6553358516266482 0.6789577635481145 0.6881493013722034 0.5795155547828071 0.49767008244013317 0.9382792538120537 0.501183401589701 
0.02774612503385221 0.9998946278763592 0.9971838043782617 0.3026041643402255 0.4103838006766255 0.5083128125466971 0.6131402051411402 0.6891150257360964 0.8980929795402773 0.50264719299646 0.4978513377828936 0.890393339551414 
1.2799465335106046E-4 7.918690512044024E-4 0.0018893880661794427 0.6827722645467962 0.29620679569835917 0.6909574994687092 0.5026395015101216 0.5862473988062775 0.7903530422866804 0.6925804266294727 0.21951959069693217 0.507564098110019 
0.006133569122333853 0.9962901882338766 0.34363568094668556 0.8952595505649332 0.1968381035103428 0.6890472608658063 0.5832921603401329 0.5923031524250001 0.7897721242269378 0.51239125021915 0.8019022694981192 0.29757510785509544 
1.2799465335106046E-4 7.918690512044024E-4 0.0042964694644979096 0.6988990184022847 0.29620679569835917 0.6909090691112041 0.10479623920018943 0.40632219352053245 0.7903530422866804 0.6750021728285854 0.21945797222851804 0.507564098110019 
5.217795236193562E-4 0.022791085531507414 0.996638796776278 0.5029628976097307 0.2950679713825595 0.4011365214797852 0.5889058402911967 0.6971848164611095 0.9041332289014696 0.39099846244855 0.9178558341585323 0.5902113008471008 
0.9999728576802824 1.2982810791286117E-4 0.5229138903597511 0.6990239549674964 0.8595667671257692 0.7186598772456657 0.27043204628843265 0.6863542880809879 0.7921962492635182 0.16119641875293597 0.49333488651574076 0.9038834914503727 
1.7725787315865684E-8 0.04305724627963903 0.9992831155685998 0.8051281220397147 0.194659898279615 0.8021797033407394 0.5932341505444039 0.387830422741543 0.9899090573927789 0.5826819230029443 0.09254751346734875 0.5105205964076467 
1.0494938510860412E-4 1.313712520178348E-4 0.3761096635929494 0.6917170189456463 0.3953281917586047 0.32218176609685034 0.5048560004874202 0.4061622063963629 0.786960611532932 0.5464015686174211 0.808397127066496 0.9694561328092585 
0.024041449808723525 3.567668455890516E-4 0.9999779585477578 0.683035682382508 0.6036600680107765 0.6990219475860342 0.5080077152072221 0.5870475012629984 0.08221381240967784 0.21623180234073613 0.20938683223369162 0.5075888338987918 
2.300457938417982E-6 0.015189016131888333 0.0805541367900707 0.6976152471051152 0.2939973089220198 0.7028563581356977 0.5897651028796301 0.3873710805700997 0.6085627234267774 0.5044235702307973 0.5046345928381851 0.9003608700398708 
0.9999728576802824 1.2982810791286117E-4 0.5623437722582347 0.6990239549674964 0.8595667671257692 0.6088464781901887 0.27043204628843265 0.6863542880809879 0.5923786168634517 0.16119641875293597 0.49333488651574076 0.9038834914503727 
0.18431126940382642 0.49453248817305623 0.9787482648755544 0.8761924041220235 0.4144046322971542 0.3229539507473772 0.7062685997120476 0.7024291856398068 0.6154887231555802 0.48853204632394287 0.4966726385520836 0.5097644549691331 
3.949364563242927E-8 0.014277295354287123 0.9791931332688538 0.7064862157022055 0.19107134907353884 0.7030694768438547 0.7011718927852926 0.43306037773105854 0.9001933597244752 0.5170361507624649 0.8039878615975179 0.4980989177930029 
0.9999582436665639 0.9894513910648125 3.057295952151474E-5 0.7072269680061255 0.18426273973025642 0.22745558010446154 0.5927583838095127 0.6964788502570501 0.8811385283701908 0.482031788504569 0.20578605307875478 0.9852323820216369 
1.1160080208666052E-6 0.9967484930522028 0.0239606502719914 0.7074119832807361 0.40846602712891633 0.7313273054141786 0.5920826119548483 0.39576627165428047 0.7922446507338503 0.48946407324801194 0.1951541846840836 0.49244413918986385 
0.029849405203558055 5.5154607567251684E-5 0.9993688352194339 0.5022873978927533 0.29074757493017916 0.5887656539339519 0.5083549065084546 0.6999828379276674 0.10969525311149037 0.6999190695670462 0.03328450687423107 0.5076071539670777 
0.1607142777853191 1.368771333868377E-8 0.5339283384714406 0.6954581470840799 0.4049839418771913 0.3153663739244146 0.5914362804804669 0.24213418953785976 0.8013887253233923 0.5047723096422259 0.8931408569489975 0.3012189156035219 
0.028983201305887333 3.25012565468996E-5 0.9945725567721664 0.6808268410653363 0.29074757493017916 0.4103900248349201 0.5063096215058858 0.6996706813939777 0.10896798949987158 0.6999190695670462 0.03328450687423107 0.5076071539670777 
5.814872750002328E-7 0.020206324821339328 0.5900176426820054 0.6788924863735919 0.2921568713028539 0.8008394547630957 0.7015517336892039 0.6879519420715724 0.7980914611362242 0.5038655344476933 0.7997538771651622 0.20279517356560506 
1.7899898188429922E-5 0.9985970370442955 0.35055180963562094 0.7879688396907493 0.20166133402187456 0.6176873654566711 0.39958672592965516 0.7062418218353047 0.8084791732664737 0.4985559636446859 0.7893719016167572 0.9927567725434041 
1.3886139246170218E-10 1.4545034622338946E-4 0.0805541367900707 0.9316785933283241 0.29389406427368175 0.6631599409634927 0.5938793890863818 0.39624776553736196 0.6085627234267774 0.5044235702307973 0.5045013527590974 0.9004006895050685 
0.9994456373303664 0.017988102905832082 0.916315887702197 0.6934616276598057 0.801726202899212 0.5074640685023606 0.5996514263234953 0.10150683804732791 0.6047227484898496 0.5040224117148543 0.5857775968476153 0.2024969139968172 
1.097269203503544E-6 2.4129581747616563E-5 0.9937146201483046 0.6263676764021462 0.4086856259773595 0.4227563663169993 0.48003832929378343 0.6894683343922561 0.7859519287741858 0.50264719299646 0.49820105426232775 0.9048975998345039 
0.19955077871899066 9.528482830233748E-5 0.9701558296574987 0.8294918724826693 0.26184952975918163 0.8242449900514531 0.5920961422637545 0.4198598841819214 0.7284757712027329 0.8014110696785751 0.7246147608165393 0.5349637803772428 
0.0466599122011606 4.183644277347484E-4 0.814553255796228 0.6994517399345332 0.28504175183074243 0.8145204227443861 0.6846663814821925 0.7002602896883046 0.6021751009410627 0.48859013810197366 0.40333206758189544 0.5053572427747632 
0.9826321082385823 0.018704127478669286 0.026416291907229675 0.6840889192000608 0.295372604466595 0.6990444862185503 0.4995518064610453 0.6935775195019993 0.6989113954942695 0.1744680817172293 0.8773792518226267 0.23464422959747128 
1.5063797447803154E-6 1.4787671838907557E-4 0.05594925283184404 0.8062316839784124 0.4087475714718026 0.8191205858405423 0.5947845156173877 0.6962198228626408 0.7929686434300458 0.5028350169572586 0.1914233515663843 0.49189143042648864 
2.3708638116139997E-8 1.1542899238864621E-4 0.5966148526288326 0.6944159541063213 0.18800947363903425 0.10147114170211202 0.6999676612597967 0.5042554958591092 0.8510425964086367 0.5045220450259723 0.1833486609088517 0.8912236544316469 
0.005126400377192725 6.982103275814389E-4 0.0582612858921826 0.8966077881275397 0.6037583473867916 0.701436694677683 0.6958669012641213 0.10023851712250496 0.7903269032448714 0.49004112881715933 0.406445688013412 0.505874630340629 
0.12975185624317792 5.379964422948176E-7 0.811996183555221 0.69314578687281 0.4149854993876871 0.590511852360285 0.5969635893043687 0.48934021283080475 0.793275110825446 0.4881040536205979 0.05105822420822953 0.513830941267908 
1.479442273822107E-6 0.008000229402002994 0.5610322949739804 0.7020073622575258 0.4036368759168474 0.388018466111159 0.10941351470249461 0.021358397155273934 0.5975916252168589 0.5007050593006577 0.8033065814588201 0.5017922276993512 
3.4344324752373724E-9 0.994488069568499 0.9787482648755544 0.7022374329550632 0.2951811282911244 0.5073694518923904 0.6128304119404321 0.7369782309882875 0.7836346988983184 0.5011238247120002 0.5042181996860307 0.8927462702396094 
0.006517199893590517 0.42147845072588574 0.9984365065236231 0.7061889723212044 0.21666721228100733 0.7001405297937737 0.5070474585057885 0.5919198807146605 0.07164245108646261 0.5006922599142359 0.8027144474404624 0.563903308983458 
0.03426353663538056 5.820786238989518E-7 0.9932964167706981 0.8627863935372541 0.38051495122666396 0.8229821877458866 0.4825233486355694 0.43598152618093894 0.7961903399921227 0.5033447125917896 0.5053143773467131 0.4864838563769425 
2.1108622085961454E-4 4.188851909724308E-4 0.8843063824241539 0.729134789345865 0.4232660818777761 0.1113792695079546 0.8088884770225326 0.7002602896883046 0.5976123426718009 0.4889099360403453 0.3857468546652365 0.5072937381938945 
0.16284271281519358 1.762109138284091E-6 0.008315386522136925 0.7384674776237771 0.2828608657006823 0.7037111660862901 0.5939073575944258 0.4064756533456565 0.7922023263296091 0.4013722132169263 0.2122729641238988 0.5068857392180832 
