0.11784473192546678 0.999999717182261 1.6965131742388562E-5 0.25498058457282874 0.7784734532857438 0.01004748114599685 0.20870009280842433 0.2855524126739082 0.3964775284556171 0.4021920793390573 0.6072334429712333 0.20929934628393826 
0.9999696360010243 1.8242523282972572E-7 0.9985190071644975 0.30742385861470956 0.5404278441867452 0.983097444032789 0.508606589012661 0.42244788134813177 0.5884972701418443 0.5980819352088683 0.5603460715682416 0.8072403643124252 
3.49713964460181E-9 0.0023456291250091932 0.9997595611832517 0.1364565166077053 0.5947002500900078 0.49264109930760336 0.1955883848802378 0.08847041099402325 0.3105276711000087 0.7189811859060449 0.7053847704678774 0.8992819878584928 
0.9999696360010243 0.999995803265658 0.9939835647503882 0.3060942873471733 0.5393006410265512 0.983097444032789 0.5060059365576174 0.7045339131149713 0.5833046501382476 0.3943471372102393 0.5080356932248052 0.8047267235356923 
8.056934866239318E-6 1.6768105368736237E-6 0.9999870962976745 0.14056884153227267 0.7888992398370483 0.9826005956879797 0.6214355662827074 0.3202261767999278 0.9642223649343585 0.5675046082753482 0.5017411287056208 0.4926668045500432 
0.9999904595107264 0.9993764954979112 0.5349446554396338 0.8026556142978909 0.7854743219358343 0.20557469043620305 0.20553708761346517 0.5802275603359093 0.29671356120229353 0.5878174892277649 0.716650410490314 0.9495599218175054 
0.0025319229806524887 0.9901266359749064 0.9873004659128763 0.41993020593246294 0.5139321897807185 0.2577032273489005 0.12096596403596922 0.5061253474773859 0.9661347980619492 0.8248773129387222 0.5361589977147179 0.8000940852188916 
0.004903629274233934 0.9999986776063002 0.5493669191294133 0.8117605207083656 0.6999893571012635 0.20534476585379674 0.16602163712671447 0.4189318269807361 0.2800917835435219 0.818780524962503 0.5503470882729897 0.7988848273767624 
3.778641650929726E-6 4.1820199183015306E-8 0.0787344511631261 0.7846901960883349 0.7858473620130242 0.2468030239068275 0.11700820356240971 0.6928439760921685 0.9779295571380381 0.48131260043435853 0.5356384488839937 0.8911249050139121 
0.08130624568223976 0.9999988123166882 0.10476116860757895 0.7242786232534246 0.5840809313893829 0.95016473083536 0.29743591106914397 0.4108911174376322 0.7934947557235275 0.7589216287369724 0.3985448726811621 0.8980362760991011 
0.1041911479165056 0.8653255297815334 0.4781022917862493 0.3103306143305318 0.6939313737698942 0.014217675843641944 0.16655245302254856 0.9375581471082675 0.7006380994680508 0.34932635946184043 0.5004436807316203 0.9472666435243511 
1.2417025603053342E-4 0.999999717182261 0.01767749717663401 0.1906125093791276 0.5843359257541321 0.010704689800656628 0.1404684250882245 0.5789833771818919 0.7436625705116671 0.3956636266071162 0.2953395280779191 0.8974654525760305 
8.361259142441472E-9 0.001078050340637488 0.9999336723736749 0.1448042444138114 0.7714349161941219 0.4851478355016097 0.6167487299205944 0.07550961241041218 0.3105276711000087 0.7172495546378899 0.501908652392533 0.8992819878584928 
9.529122519082237E-4 0.002367125562271656 5.186836263535929E-4 0.7971877033524957 0.7869933044667093 0.011526624192432944 0.1175899884884461 0.40158667304995577 0.7554542015662926 0.3985875720092139 0.6897261465317567 0.9148252986791885 
8.056934866239318E-6 1.6768105368736237E-6 0.9999623264417238 0.14056884153227267 0.7949062137816233 0.9826005956879797 0.6214355662827074 0.06660147393133839 0.7341158735756281 0.6077289297028731 0.38545103149384463 0.4931042817750688 
0.9999895848781966 9.314053118102406E-4 0.0050737811990441695 0.30764857381094424 0.5996978339350097 0.08687430312555924 0.6153881671796538 0.15181446731335144 0.4556009088187135 0.5976471460171083 0.47809471053108155 0.5808391305762605 
8.361259142441472E-9 0.001078050340637488 0.9239209006891753 0.42942400873577125 0.7714349161941219 0.987294012193614 0.6167487299205944 0.07550961241041218 0.3105276711000087 0.7172495546378899 0.7080360542872265 0.8992495638098501 
2.4203409928693568E-4 1.3997723865682212E-7 0.9985310816117051 0.30742385861470956 0.791363361754598 0.9865264779596667 0.2468995761348642 0.4997897257647278 0.784761209387753 0.5979775237071597 0.6879355797246665 0.8071869174159453 
2.0702644714313233E-5 2.0471317170014933E-7 0.005366194938939195 0.2154584438677214 0.5149644419614737 0.2518345374948895 0.8200618492312256 0.9044735856285482 0.37831176480353207 0.7007374367165463 0.5305634341390095 0.3433546964880314 
0.0012007537122291354 0.9947907216952953 0.006284016668885561 0.3971586848786318 0.7004168028926848 0.9977466532229216 0.20859467208143362 0.4177981122926404 0.4001183340262574 0.3941874683096585 0.6921552075175499 0.9021203493515606 
8.361259142441472E-9 2.2051922711042917E-5 0.9239209006891753 0.4295928927006611 0.7711854721731665 0.9826577409241083 0.6167487299205944 0.07550961241041218 0.3105276711000087 0.7200732846888201 0.7080360542872265 0.8992495638098501 
0.528243347940025 2.0471317170014933E-7 0.018419211787898404 0.29781676046629735 0.5822040536389059 0.9952397112292162 0.12029652736175994 0.2987699787907638 0.37831176480353207 0.7002217783664474 0.7054699897890323 0.8985945650792766 
0.5069671685848014 2.447618062832727E-8 9.973644974819367E-4 0.4022269637802142 0.6840221719537845 0.998640855981383 0.09895333890977721 0.30929090614769505 0.9787493947653515 0.391075489895658 0.5394922584724002 0.2049258666665141 
0.9152637004961337 0.9999960352665095 0.9988659754010916 0.2994321336727636 0.5951125944455821 0.6138960510371908 0.11661847930767331 0.1268491854393212 0.69034170028478 0.8138014250923353 0.7032077023410159 0.9021992562158907 
6.184754878651062E-4 0.0169301954777204 0.04759503244609942 0.40267814253086187 0.7042807733642095 0.3905355419314565 0.17945836956950978 0.5000175820468643 0.40131280108616885 0.39637333080849163 0.2929715767815132 0.8973005949678299 
0.8817467935902759 0.008212957927548059 0.9988366051414391 0.395523622976368 0.6037075320838099 0.983299176144546 0.2966954649829051 0.6975527597339599 0.7033306531137475 0.39434617097231806 0.592602565825356 0.9057660095872735 
0.05515111640381469 1.805154940097081E-7 0.8266378260283881 0.8016287884884724 0.6939888093024137 0.7951751728872781 0.99961331615076 0.4165971375082795 0.6871056254166563 0.4033622996534353 0.49991006354160505 0.7129584863185408 
1.1476781736683534E-7 0.047043951675695965 3.8245550204912913E-4 0.39527009137710334 0.6072019897332191 0.9001407129307903 0.17246502808201064 0.7175527664915563 0.31680242733427705 0.6985776187839503 0.6923026049439348 0.7959308097680021 
0.9999978629419376 0.022871859591540533 0.5371115860586517 0.40259488023363427 0.7815468179980108 0.20534476585379674 0.2058170716402728 0.308329000277564 0.2746610342293488 0.8083213766155911 0.5486195773004929 0.5764732712082569 
0.3414734416611358 0.9859606289487326 0.9794861606268517 0.3066143858370775 0.5987421345373293 0.5927766891806394 0.7046265303647831 0.7109410603192712 0.5934038351833577 0.7057724222462682 0.5061779603646557 0.7947834128738209 
0.9999820662797253 0.9999986776063002 0.5493669191294133 0.8007135188575479 0.6998841750628503 0.20534476585379674 0.2058170716402728 0.4189318269807361 0.271122217733756 0.818780524962503 0.5503470882729897 0.9441160922101421 
6.198813031376719E-9 0.033786292638369644 3.3245176654772557E-4 0.39872170758967007 0.6817226861477214 0.49265733169317205 0.28544208782539426 0.9868206754445531 0.8221959380197608 0.605121368648962 0.7050924693219335 0.3502895569200515 
5.497863693891825E-4 2.0490715826362234E-6 0.8594837725799986 0.79643235101095 0.7173925652141636 0.49382869610725694 0.10289070837734061 0.9074459013955763 0.6863916020292546 0.39519513947855983 0.2759697247036678 0.9045975869296597 
0.9999863602048287 7.232989618822239E-4 0.004258626072496028 0.30764857381094424 0.6364846148398172 0.9024599016936887 0.1335220190381684 0.14950168586913426 0.4028351306436895 0.6172832457536994 0.6921218861552109 0.9033099087515375 
0.059192551198266385 0.9999985336774159 0.9988659754010916 0.29926013354749104 0.5950841351599984 0.8802503132542716 0.12107947011442383 0.28196508777269247 0.6898218311629952 0.39358053438424734 0.6949621179356229 0.9006311440614416 
1.0041059652022991E-4 4.1820199183015306E-8 0.05878843434854278 0.4015329820604825 0.7964147540821894 0.886559148915695 0.0676753024944074 0.42347534402587317 0.6913721471124701 0.39515921586026126 0.5341857763955705 0.4835896637453417 
0.9314012666469704 0.9999960352665095 0.5623833101936991 0.7984155779612201 0.5950357380066574 0.8095788962806998 0.11743153653778603 0.31751480101070384 0.69034170028478 0.8138014250923353 0.694749713553171 0.902241543295352 
0.5017355245697266 0.999999717182261 0.8920240700785698 0.17833097391913766 0.5840865392683211 0.9769582349950847 0.1890309107282531 0.2855524126739082 0.6956908212097525 0.30625981504853605 0.3079127906839686 0.8974654525760305 
1.779611277453845E-5 2.6199715198693845E-6 0.011177426654461808 0.30349410444225566 0.6839312527345592 0.012227927933211313 0.10797527288843589 0.7693248760015036 0.3932404672030473 0.5118302499510753 0.4066673922834554 0.8563530283443045 
0.002713336834145609 4.1820199183015306E-8 0.012933615144024635 0.4029415782470735 0.6846866972690693 0.9826827429642802 0.09011465600834165 0.41456748446065894 0.9762255630198509 0.3988495537391966 0.293980997934683 0.20400393746373618 
9.895044750610969E-5 1.3384512832706983E-8 6.593943843645382E-4 0.4015447888531075 0.811850199157398 0.9615068465061705 0.4958265345973127 0.3990009127974273 0.9855211636796608 0.37975644391667446 0.23598938480040604 0.8860371726800144 
2.913855369630694E-4 6.603005316705041E-5 0.9999989518450971 0.40770778380726075 0.6913548598518285 0.6746775321121239 0.2934157458674176 0.28663750801856597 0.9889304203231382 0.600994785887176 0.7055284553673533 0.8940248182571762 
2.1850667598700968E-4 2.563669336607668E-4 1.7883562705907021E-4 0.29866505907419044 0.7784734532857438 0.01004748114599685 0.20870009280842433 0.18039826955885896 0.396481338891419 0.4095163576267202 0.7591269609617953 0.20929934628393826 
8.361259142441472E-9 3.088390594453618E-5 0.8316453291629369 0.31720794542774156 0.6971946312270026 0.49265733169317205 0.280242397873421 0.9237345518726081 0.3148568455421895 0.7148297677526131 0.49751831088131004 0.9011245037493155 
3.386948392138834E-5 1.4659713694084611E-6 0.9946324684312169 0.7840997924031214 0.7923843221422388 0.9015817312947231 0.6590676018794012 0.4110446040280761 0.2935306638765993 0.5001047219092698 0.3187798356296526 0.8150798172731957 
0.11784473192546678 0.9999998460020127 0.0034228948877245147 0.41720297349527585 0.5942468684032854 0.01004748114599685 0.11701890434226275 0.2855524126739082 0.98694298759476 0.38842364858765077 0.5062307939299677 0.7851241885027278 
0.9999962737766124 0.007422079783800495 0.9867765096725081 0.30742385861470956 0.5404278441867452 0.983097444032789 0.5040155015293701 0.7063157301487768 0.4676129135626563 0.5980819352088683 0.696918097352342 0.8047267235356923 
7.926793639696783E-5 1.3175749804121849E-8 0.0017882529428785501 0.40157101227928427 0.811850199157398 0.9615068465061705 0.4951981077250452 0.3988813042585883 0.7241569873770501 0.4215898548662326 0.23772385210275157 0.8860803913848525 
0.011901246115367414 7.348881756050938E-4 0.44779088416476964 0.29721996840207854 0.5960292896654958 0.5163611388574758 0.20367748388127402 0.40706161970625887 0.6885914341246722 0.3989119215583764 0.3022587691210784 0.19222179462670552 
0.13504307110105956 0.02341135809655759 0.0014473907281027823 0.388335367985829 0.5942468684032854 0.9761377756431127 0.09575211360538208 0.29982130248465444 0.4121701323963123 0.3890923397288383 0.7490983647231134 0.2071865353308417 
0.006821286112318525 0.010986272932574703 0.9988633294151639 0.40405625672370443 0.5972372725157675 0.1898464358055429 0.11532603995630361 0.4971711637452671 0.4026365071654957 0.3963958850392129 0.29295114194846195 0.794192630484574 
0.003119365769610645 0.02341135809655759 0.0014473907281027823 0.388335367985829 0.5942468684032854 0.013455019671935846 0.20171252687451885 0.28072012835810006 0.40926769931474016 0.38908895387421244 0.7045793993224316 0.2071865353308417 
0.9999863602048287 9.314053118102406E-4 0.004258626072496028 0.30764857381094424 0.5996978339350097 0.08704403216343459 0.6153881671796538 0.154649147867648 0.4030144068532786 0.6178426534866391 0.53140170374897 0.5808423770948995 
0.9999863602048287 0.05042141033619247 0.9896860215971429 0.39900629131990994 0.5913754271929347 0.011597033966824892 0.39288854919395233 0.060039460155976346 0.4046945473891699 0.6073805579988943 0.6837584315381994 0.5814305190680478 
0.002410785024152861 0.996155078628918 0.006795590674165079 0.4022269637802142 0.685553252118504 0.9816453658902412 0.11709646581774731 0.5033776480470099 0.98922251127405 0.32605826003066357 0.5370140129531341 0.23440274990326143 
0.9959006739258052 6.392287931408207E-4 0.9988366051414391 0.39788499075347217 0.604657480192551 0.983299176144546 0.682069259113938 0.6975527597339599 0.6991446365998937 0.39434617981646913 0.499281002969553 0.9057701615796226 
1.1197910986578824E-6 0.9999986164931272 0.03804899889836899 0.3072654056593888 0.7004002440538358 0.024187817297095793 0.19882480580905257 0.3026919545843381 0.8057091324724189 0.509512602629627 0.41649856130521906 0.9123807656025869 
8.670335597787959E-5 0.9947907216952953 0.006284016668885561 0.3971586848786318 0.7963830728001812 0.9999590598000152 0.3903637483618387 0.4177981122926404 0.404664259384316 0.6105950816840995 0.6835555502231305 0.8935760959813708 
4.696878968634043E-4 0.999999717182261 0.999568781102702 0.17833097391913766 0.2190226942051844 0.010704689800656628 0.0903276769491081 0.2855524126739082 0.6923241036620402 0.3317526492703604 0.303025539831855 0.9023328335576027 
0.010552906402698514 0.007802110341422379 0.0587545107832034 0.29700349042958707 0.5955198639958671 0.4582824390375033 0.20367748388127402 0.6964763597044612 0.6954777536175797 0.3986992384634489 0.3022587691210784 0.18901391101646936 
3.49713964460181E-9 0.9789504480322975 0.999928980921777 0.14055755433449904 0.5883129258035329 0.9764184295736291 0.1955883848802378 0.08904109226726799 0.7996911699183934 0.7189811859060449 0.7053847704678774 0.9050449484911836 
0.0013872987468873665 4.2796886057024765E-9 0.9988528907310363 0.4078337938119061 0.5878584789268282 0.9845277196434385 0.18835416030863616 0.31466697731282944 0.7651053268286003 0.4815993680406724 0.08796257252438658 0.8989259261457778 
0.022252627177279487 0.0021399645681356933 0.03353517419586366 0.2847917191360593 0.5862612135524943 0.03517632484450264 0.19810114120353806 0.08786469214462338 0.40802080958857806 0.3884576922859028 0.6757930600837941 0.19602216134852984 
0.507531114730162 0.9999712083957414 0.009313353357053022 0.403019192751126 0.5913357828267026 0.9990414487743052 0.18924303315371516 0.30934356345713027 0.7987860349896089 0.6050498781837357 0.704959648277529 0.20489926535979777 
0.006395947390828272 0.0034608472258956247 0.9849928686855353 0.7895459518835577 0.5950357380066574 0.9786600506903967 0.6215941825988659 0.06360253653452268 0.7339321235801729 0.8210454936224124 0.694749713553171 0.7515177580027341 
0.9530286385197609 1.805154940097081E-7 0.015632991115934747 0.8016287884884724 0.5969187363164199 0.7956247833279698 0.19202632120426694 0.4165971375082795 0.38926695562708136 0.3948198372994927 0.5447910679216854 0.7129584863185408 
1.8871950405695281E-7 0.99064985775873 0.03804899889836899 0.3072654056593888 0.7004002440538358 0.024187817297095793 0.6268690600085632 0.315289264915957 0.8057091324724189 0.509512602629627 0.502123844490293 0.492574349377883 
5.397534915933037E-4 2.5881558168769407E-6 0.05678353401424792 0.7908845095626761 0.7964147540821894 0.5047422982043347 0.10296616235026426 0.41361027803208583 0.6926010576421923 0.39515921586026126 0.5341857763955705 0.4805321206656633 
0.9858944831348855 6.620520422087606E-4 0.958184770189312 0.7665839662714915 0.5974835183099381 0.6073932728692185 0.508606589012661 0.4205747169337274 0.5884879343517965 0.5996867748863686 0.56022789711547 0.800535928037094 
0.10074424416867296 0.002353980657812338 0.4781022917862493 0.2981303774848008 0.5986559618440013 0.008393656692992801 0.6046396743714687 0.4070959785752975 0.7006291930224123 0.39694974134059535 0.5002979815548722 0.4870565909241984 
4.6896831071693525E-4 0.0630969177209359 6.757392857006071E-6 0.17837100320566907 0.5843618676736745 0.010704689800656628 0.1166154712497777 0.28555580719253476 0.3999857560777688 0.3165091765346012 0.5011201867498793 0.901039151923458 
8.686104890437143E-4 1.805154940097081E-7 0.5603329595718871 0.7910952334256183 0.7857457710998792 0.790143475956204 0.1179966300624802 0.31656381445127935 0.8104889247551541 0.5004155339659875 0.49912167209785274 0.9095802114671504 
0.0026587178914046355 4.212441219828185E-8 8.976932521676444E-4 0.4022269637802142 0.6840221719537845 7.087760067746585E-4 0.20137830309077587 0.28087733400636183 0.9846956260611532 0.38923967755808386 0.5312089476238839 0.49196356939648184 
0.9999863602048287 2.6275695714537278E-5 0.9325952801360707 0.7002912964447869 0.5097359766598981 0.9997287589074257 0.39288854919395233 0.06605532065558903 0.7466732453928479 0.6073805579988943 0.7049092978728451 0.5806484248990623 
6.962098404011963E-5 8.585007413643066E-5 5.067106564333734E-4 0.39872170758967007 0.6823776546130443 0.4967454830111427 0.28544208782539426 0.9054803991845614 0.8221959380197608 0.6017097435985825 0.4989571826840188 0.21726434307029796 
7.361496381032363E-4 4.1820199183015306E-8 0.09859440523237734 0.39151679386533517 0.784514423203472 0.9977364187424675 0.12808951411857014 0.4235777552247069 0.9962741565637707 0.49484832811905827 0.5018000386387464 0.4926863334738335 
0.016913779271390428 0.9978630670961881 0.9927081535400741 0.39547804932452746 0.7897067283546436 0.9895195589141347 0.515901622396326 0.5876749122796213 0.6852565895263759 0.3943461710639127 0.5077389242027905 0.8054960741386883 
0.14001148681210562 0.08880829052049091 0.020419439382677318 0.30742385861470956 0.5404278441867452 0.983097444032789 0.508606589012661 0.42244788134813177 0.5884972701418443 0.5980819352088683 0.5603460715682416 0.09028895382239566 
0.11784473192546678 0.9999229456674199 0.0034228948877245147 0.397056656114629 0.5942468684032854 0.01004748114599685 0.20870009280842433 0.2855524126739082 0.4025655786177186 0.38842364858765077 0.6947797473114438 0.20869487139967097 
2.911113408254027E-4 7.2584721194592E-7 0.9999989518450971 0.30710798524814564 0.6913548598518285 0.6746775321121239 0.2934157458674176 0.28663750801856597 0.6278406775459495 0.600994785887176 0.7055284553673533 0.8940248182571762 
0.14077091158858795 4.212441219828185E-8 9.973644974819367E-4 0.4022269637802142 0.6840221719537845 0.9812446297805256 0.09541788982163907 0.29997850813291616 0.98922251127405 0.38924306341270964 0.5370140129531341 0.49196356939648184 
0.00426879666524993 0.059795888083850154 0.9702356740672916 0.2154584438677214 0.7031653797063364 0.8392208332784948 0.10566624844199855 0.300268383921821 0.4182631289062119 0.5667910454907579 0.4960560818041186 0.49278040818408064 
1.0041059652022991E-4 4.1820199183015306E-8 0.05878843434854278 0.4015329820604825 0.7964147540821894 0.886559148915695 0.0676753024944074 0.42347534402587317 0.6913721471124701 0.39515921586026126 0.5341857763955705 0.4835896637453417 
5.497863693891825E-4 2.0490715826362234E-6 0.9996004813792356 0.79666808734789 0.7173925652141636 0.49382869610725694 0.10289070837734061 0.9040969286930254 0.7160157545573448 0.39637209018495156 0.2759697247036678 0.5137906350920335 
0.9999863602048287 0.0023449962897819495 0.9979486611682463 0.7002912964447869 0.5988135756198856 0.9860195653950506 0.39426640407923785 0.06605532065558903 0.7466732453928479 0.6076049410340251 0.704912649307673 0.5806484248990623 
2.913855369630694E-4 5.224082832835453E-5 0.00459640985077997 0.7969070931823524 0.6923665242524524 0.012359927106906421 0.2955740755953643 0.28193200217501235 0.683935109857144 0.39520121296286076 0.7018688576792036 0.8940248182571762 
2.4629269873222004E-4 1.3997723865682212E-7 0.9985310816117051 0.30742385861470956 0.791363361754598 0.9865264779596667 0.2468995761348642 0.5010510255765205 0.621356223817395 0.5979775237071597 0.6998253656989227 0.8071869174159453 
9.231173935841074E-5 1.805154940097081E-7 5.615926065059319E-4 0.39822945672944743 0.5965421112711357 0.0033452595167471023 0.48554402914493494 0.42956040521491995 0.4043181493683215 0.40563566694834163 0.4961180303782178 0.21628410643383433 
0.05515111640381469 0.9987506767125209 0.8266378260283881 0.8016287884884724 0.5910214685291181 0.7951751728872781 0.99961331615076 0.4165971375082795 0.6898611476252217 0.4033622996534353 0.49991006354160505 0.7129584863185408 
0.9818486064834331 4.1820199183015306E-8 0.0787344511631261 0.4009979004700837 0.7864947654260284 0.8975571975488719 0.11700820356240971 0.4222663278337411 0.9779295571380381 0.49585387070164333 0.6909014490847057 0.7983236658135768 
0.0492062953846254 0.05773417274576875 0.9896860215971429 0.39900629131990994 0.7904769904519292 0.011658803278825777 0.3909729877132521 0.060039460155976346 0.4046945473891699 0.6073805579988943 0.6837615802895787 0.5814334442083711 
0.507531114730162 0.9999712083957414 0.8906596085298554 0.403019192751126 0.5914683766209724 0.9990414487743052 0.18924303315371516 0.28651328596820375 0.8020484407208711 0.6050498781837357 0.704959648277529 0.20489926535979777 
4.6896831071693525E-4 0.007874535089558016 6.757392857006071E-6 0.17837100320566907 0.5843618676736745 0.010704689800656628 0.1166154712497777 0.28555580719253476 0.3956181643597919 0.3165091765346012 0.5025522151216743 0.8972080601913701 
0.002621540370997044 0.9787887586988411 0.05943951820226845 0.4915586755906559 0.5964749618736759 0.4933550578364818 0.4981889852202274 0.6996405478028977 0.2950621146718127 0.3936833374023212 0.4981456579179893 0.8060364685848717 
0.06724255690840435 0.002341467630083279 0.9802526540366985 0.2981303774848008 0.5986559618440013 0.4924171389829104 0.6054913690955646 0.40755341388565164 0.6988243031995172 0.39681826811866416 0.6897261465317567 0.8977762431484859 
0.05390397569375298 0.9999229456674199 0.0034228948877245147 0.3970570357837092 0.7941171188295099 0.0034882807935482374 0.5000758165973823 0.2869275943816675 0.4025655786177186 0.38842364858765077 0.6840497839475297 0.5810409956445741 
1.6833248111862455E-7 8.605979222554763E-5 0.9669740599722421 0.7904785074947023 0.6971946312270026 0.49265733169317205 0.28091466607458493 0.9052710237602335 0.3148568455421895 0.7148297677526131 0.5017433945987616 0.3502895569200515 
8.686104890437143E-4 1.805154940097081E-7 2.5084078572812363E-4 0.7910952334256183 0.7876182840906827 0.790143475956204 0.15178411656494797 0.31656381445127935 0.8010311528205323 0.5004155339659875 0.6922605189222392 0.9095802114671504 
0.507531114730162 0.9999712083957414 0.8906596085298554 0.39543077374252456 0.5949602350347579 0.9894803966416609 0.18924303315371516 0.28651328596820375 0.685419975177455 0.6050498781837357 0.5072487360632074 0.20489926535979777 
8.361259142441472E-9 8.605979222554763E-5 0.0010122734717927945 0.39872170758967007 0.6823776546130443 0.49265733169317205 0.28600268726196504 0.5177675013694132 0.8221959380197608 0.38659097133977444 0.5371913522631165 0.20512377697232212 
2.7983827325405567E-6 0.9999996327678108 0.9823249057381596 0.43335474430399246 0.6176461057921857 0.9945311161645839 0.6197588497272893 0.32847417281624336 0.30288695776794644 0.7162068423274349 0.40375749223221963 0.16927852452116537 
0.001164563948543152 0.9872764770491929 0.9988366051414391 0.39789679315635323 0.6059332263077893 0.01612208351097527 0.30862044738062117 0.37550450990345025 0.6966147960739845 0.39572513785622104 0.3099999669390945 0.89752617643352 
0.001164563948543152 9.597244107007504E-6 0.9988366051414391 0.39789679315635323 0.604657480192551 0.9902523711863065 0.30862044738062117 0.37550450990345025 0.6962770996683568 0.3943461710639127 0.7074140839425691 0.9045519499416342 
0.11784473192546678 0.9999995375955708 0.0034228948877245147 0.41720692934492903 0.5942468684032854 0.01004748114599685 0.1170226284010179 0.2855524126739082 0.4025655786177186 0.38842364858765077 0.6947797473114438 0.08309425355175887 
1.5385016601465133E-7 0.9872379204693178 0.0033933505768535114 0.30762311455326974 0.6836710293954549 0.009398288374947772 0.12794617265422356 0.2870923827770386 0.7109527831505819 0.5117950997670266 0.4972842980362725 0.21526078612567967 
8.056934866239318E-6 0.9965391505194199 0.9997117510451923 0.14056884153227267 0.7949062137816233 0.8135148956703248 0.6131069557760246 0.3057495400850724 0.6815486693751612 0.6004848611727956 0.38545103149384463 0.5877198910999273 
5.497863693891825E-4 2.0490715826362234E-6 0.8904628648883876 0.7928053751827814 0.7177144806824693 0.9925547733608983 0.1030322307807851 0.06880917201986642 0.6863916020292546 0.39540506999915126 0.2759697247036678 0.9046077783974054 
8.361259142441472E-9 0.002953471674780452 5.067106564333734E-4 0.39872170758967007 0.6823776546130443 0.49265733169317205 0.28544208782539426 0.1964634295119284 0.8185284816118078 0.39072593677790246 0.4989571826840188 0.3502895569200515 
0.9999904595107264 0.9993764954979112 0.5328853978939176 0.8005018602038608 0.7854743219358343 0.20534476585379674 0.2058170716402728 0.5802275603359093 0.271122217733756 0.8138385775157396 0.5503470882729897 0.9441160922101421 
0.9950961752529831 0.9977125337586776 0.02119089174290928 0.2963800050759785 0.6949967253686334 0.05521384650550126 0.2054676283060508 0.4116357489422172 0.430604822837844 0.3963972879108971 0.6892696638471042 0.9425991127794082 
0.014793536914779137 0.028226267321238365 0.9990668069968915 0.31613161042060234 0.5404676926805352 0.9869073161650337 0.6924548253521828 0.7132329819554789 0.5990260579807588 0.39547949568147467 0.558546685206944 0.8071691659329446 
0.054750085562132664 0.003403581794523282 0.8268876055224345 0.7925949805287699 0.5870854832907563 0.5956045879804602 0.16761038532693195 0.8926292682383067 0.687069048501856 0.4032832010712356 0.7129450810524067 0.7129584863185408 
0.9999863602048287 1.0574246678109883E-4 0.05638225793752265 0.30764857381094424 0.59567158152912 0.013311634194361883 0.5019197502226873 0.15544499572995898 0.9886731881611129 0.589591713761861 0.6464492924738494 0.5808423770948995 
0.9744153444367729 0.0021417580224823984 0.0015313858488388062 0.2996117617740075 0.5942468684032854 0.01004748114599685 0.19524304828097533 0.7052745988649304 0.41174614527312187 0.8045748292446029 0.6969079405918391 0.2165422344384516 
6.184754878651062E-4 6.297972806312336E-6 0.9933175905854519 0.40267814253086187 0.7042807733642095 0.1898464358055429 0.17945836956950978 0.5000175820468643 0.40131280108616885 0.39637333080849163 0.29295114194846195 0.794192630484574 
0.006407761870135123 6.53932000743325E-4 5.613265725556982E-5 0.390807742656291 0.5963429181793976 0.47246301279627195 0.18832666692134722 0.4111593826448704 0.7656933695661648 0.4825415116428079 0.30945387239068234 0.8956653935970369 
6.29495527124973E-4 4.2796886057024765E-9 0.9988528907310363 0.4136978507192912 0.6895516432067491 0.9613302380467995 0.1805203289102855 0.31511462620519115 0.7862694147585696 0.5946786357740631 0.11339047326869278 0.8989259261457778 
6.337541265703269E-4 4.2796886057024765E-9 0.9998330525922218 0.4136978507192912 0.6895516432067491 0.9613302380467995 0.1805203289102855 0.31637592601698383 0.6228644291882115 0.5946786357740631 0.12528043923551319 0.8989259261457778 
0.0792142788914733 0.9999988123166882 0.10208981288277891 0.7077363403999044 0.6171305401310214 0.015898399080114256 0.29743591106914397 0.4108911174376322 0.7934947557235275 0.7147322454540731 0.4010646667309029 0.8980362760991011 
0.006395947390828272 0.9999960352665095 0.9848750931887814 0.7984155779612201 0.5950357380066574 0.8095788962806998 0.6132655720921831 0.30275059646377717 0.69034170028478 0.8138014250923353 0.694749713553171 0.7535843862502379 
0.10475679573881766 0.9999988123166882 0.10208981288277891 0.7077363403999044 0.6171305401310214 0.054022263583270835 0.29779488861905307 0.4108911174376322 0.7927461441507664 0.7147322454540731 0.40426908265738437 0.8980362760991011 
0.507531114730162 0.9999712083957414 0.8906596085298554 0.403019192751126 0.5914683766209724 0.9990414487743052 0.18924303315371516 0.28651328596820375 0.8020484407208711 0.6050498781837357 0.704959648277529 0.20489926535979777 
0.5068212107044627 0.9999712083957414 0.9248118228058859 0.403019192751126 0.5914683766209724 0.9990414487743052 0.18765943124847068 0.28651328596820375 0.8020484407208711 0.6050498781837357 0.704959648277529 0.9034820361312976 
0.008292913409844282 1.2735419426042772E-4 0.9844219791463558 0.9257334302536349 0.7870156457745077 0.9013032600681357 0.4901552381525326 0.41489919718246243 0.5962218936781964 0.4008294101918182 0.4764629116014446 0.5808423770948995 
6.082439752653358E-4 1.0492654881732602E-7 9.973644974819367E-4 0.4022269637802142 0.7372429080043447 0.1963363992498668 0.09895333890977721 0.21567816545673585 0.40625176039357713 0.3883937882991096 0.5370140129531341 0.20629181005200803 
2.1438802435241942E-4 1.3175749804121849E-8 6.593943843645382E-4 0.4005360737949937 0.7782943961441068 0.9617939571779006 0.4951688949954096 0.3988813042585883 0.3984090849160063 0.40947270629752425 0.23035686310849357 0.19851497259066386 
0.9319813358063873 0.9999960352665095 0.011372937823457219 0.7984155779612201 0.5950357380066574 0.8095788962806998 0.13599107914281372 0.7258966697723503 0.7032951186327279 0.8138014250923353 0.6914108198317385 0.9030210034383187 
0.06724255690840435 0.002367125562271656 9.761268501504205E-5 0.2981303774848008 0.5986559618440013 0.008393047010686137 0.6076496988235113 0.40755341388565164 0.6988243031995172 0.39681826811866416 0.6897261465317567 0.8977762431484859 
0.9933151169331498 0.96296608655067 0.0034228948877245147 0.3970570357837092 0.5950155555705153 0.0034265114821872477 0.5019913780780826 0.2869275943816675 0.4025655786177186 0.38842364858765077 0.6840466351961503 0.5810380705042508 
0.9999863602048287 2.51226209599803E-4 0.05638225793752265 0.30764857381094424 0.7940657735157974 0.08704403216343459 0.5019197502226873 0.154649147867648 0.9886731881611129 0.5902086316851671 0.69934348579022 0.5808423770948995 
3.49713964460181E-9 3.759745184741636E-5 0.9993938072648242 0.11581287223699677 0.5056226511300204 0.5011809784192661 0.11039245849530155 0.08847041099402325 0.3105276711000087 0.7187568028709143 0.7053814190330494 0.8992819878584928 
7.361496381032363E-4 4.1820199183015306E-8 0.0882056385023205 0.39151679386533517 0.7843334070018698 0.9104245151396195 0.1281846650133383 0.4235777552247069 0.9935436344227346 0.49413476533446793 0.4961149917372443 0.4926860007755645 
1.779611277453845E-5 7.582889823454256E-8 0.013182329298344186 0.30349410444225566 0.6839312527345592 0.012227927933211313 0.10797527288843589 0.7791899419951747 0.6922167370546722 0.5118302499510753 0.4066673922834554 0.8594105712806075 
2.0098141895019683E-4 4.1820199183015306E-8 0.9762196570080401 0.4029415782470735 0.6846866972690693 0.9925702528727952 0.18034051162682516 0.41456748446065894 0.9763450156934024 0.5932979600575167 0.2911312480088334 0.5897249510588038 
0.993287364281242 0.07049739010398598 4.1973110656669157E-4 0.39419271394582966 0.8072061491569128 0.8952555320278244 0.08912029474775383 0.7206195264870106 0.4039132597306565 0.39831337435161296 0.6914711545562098 0.7974276582793322 
0.9999958598012474 1.2735419426042772E-4 0.9999335461082302 0.848973208036666 0.7870156457745077 0.9012874692934103 0.4987801607370326 0.41489919718246243 0.5974264061260278 0.6015687468399337 0.4764629116014446 0.5808423770948995 
0.004454933184738422 0.9977718762153206 0.0023216127669656306 0.3278358292290309 0.7838902881863928 0.5921354135770943 0.632934251056993 0.6939469222296959 0.40495742980372584 0.502720487178155 0.6124833497810868 0.5833216808123822 
0.9917245139562754 8.530165350262298E-5 0.05880479602223887 0.39854731037927904 0.5149728693898397 0.8971446158686192 0.1316513880516405 0.31381367696070644 0.6855692773944322 0.6001546629503044 0.5056708112470908 0.870294815651859 
0.9999962737766124 0.02305926710748768 0.9990857238470569 0.2993175330365037 0.5388518332322878 0.6221771750963799 0.5040155015293701 0.7063157301487768 0.4676129135626563 0.8133527732203377 0.696918097352342 0.8033702961339613 
0.006395947390828272 0.999998007741613 0.9848750931887814 0.7895459518835577 0.5950357380066574 0.8095788962806998 0.6132655720921831 0.30275059646377717 0.69034170028478 0.8138014250923353 0.694749713553171 0.7535843862502379 
4.6896831071693525E-4 0.999999717182261 0.008625622943058187 0.17833097391913766 0.5843618676736745 0.010704689800656628 0.1404684250882245 0.2855524126739082 0.6974508468356566 0.3165091765346012 0.3079127906839686 0.8974654525760305 
0.0025319229806524887 0.9999988123166882 0.006681332003631965 0.39914189269732003 0.5713069474740884 0.8692470822916827 0.11700745788485543 0.5061253474773859 0.9970402859665995 0.39723308413159264 0.5028094661033807 0.7939170692968532 
0.8698074909581944 0.9943854254986062 0.9921894102921949 0.39547804932452746 0.6037088622179456 0.9884239965674402 0.30862044738062117 0.5876749122796213 0.6002862665713513 0.3943461710639127 0.5947588842396556 0.9045519499416342 
2.913855369630694E-4 6.0131720634591785E-6 0.9735370661252152 0.7969070931823524 0.6923665242524524 0.4948973818312181 0.2934157458674176 0.28193200217501235 0.683935109857144 0.39520121296286076 0.7018688576792036 0.8940248182571762 
0.05848030441774623 0.9999089114262636 0.9885730063933064 0.7983748514750487 0.6943722909478528 0.9178919143719861 0.19961940986237078 0.30688287220796295 0.7281818245324047 0.8256749405055973 0.6914478120508114 0.7535240614190859 
0.0025321230799320907 0.08252735937911004 8.831304339683437E-4 0.39914189269732003 0.5697758673093688 0.8692470822916827 0.09886433097688534 0.28945412196610915 0.9970402859665995 0.39649155662907265 0.5028094661033807 0.7658061294417415 
0.08960678012950651 0.9705363935109736 0.9918235923627698 0.394423635489209 0.8076593382240174 0.6193484694848207 0.20756426823967644 0.6192382538359227 0.40495742980372584 0.5658149829504742 0.6915815796150453 0.7973435129268516 
0.9967100979393353 5.146879933478303E-6 0.9934073946436816 0.40267814253086187 0.7042807733642095 0.1898464358055429 0.17945836956950978 0.4156580547769385 0.40131280108616885 0.39637333080849163 0.4791362849653999 0.5804334844481833 
0.993287364281242 0.9947356559598717 4.1973110656669157E-4 0.39419271394582966 0.6971231406055225 0.8954179963557889 0.17256967322437144 0.7206195264870106 0.4039132597306565 0.5009355542567089 0.689250612997867 0.7974276582793322 
1.3682210412335662E-8 0.9975456936497803 0.02119089174290928 0.30742700722618643 0.6951019074070468 0.05521384650550126 0.16567219379249248 0.4116357489422172 0.4395743886476099 0.3963972879108971 0.6892696638471042 0.7973678479736167 
1.9887899540389523E-4 0.9999996327678108 0.9761470871610556 0.43335474430399246 0.6836820955428915 0.9945311161645839 0.6197588497272893 0.32847417281624336 0.30288695776794644 0.7328433608962427 0.4033545562694716 0.16927852452116537 
0.05649876640944801 0.9947356559598717 0.9918235923627698 0.7851620606072871 0.6971165773988661 0.611177197331074 0.2038611875585016 0.6852992884032367 0.40495742980372584 0.4998453465835639 0.6864992688141172 0.8026741421611019 
2.7983827325405567E-6 0.9999996327678108 0.9823249057381596 0.43335474430399246 0.6176461057921857 0.9945311161645839 0.6197588497272893 0.32847417281624336 0.30288695776794644 0.7162068423274349 0.3585774495483352 0.08788117513391697 
0.002410985123432463 4.1820199183015306E-8 9.973644974819367E-4 0.4022269637802142 0.6840221719537845 0.9816453658902412 0.09895333890977721 0.28670642253573325 0.98922251127405 0.3883937882991096 0.5370140129531341 0.20629181005200803 
4.5484591744193725E-5 0.017072791474751457 4.918016821225156E-4 0.26477424045851483 0.6840221719537845 0.998640855981383 0.17918710595255924 0.8993257449891557 0.9793885703297145 0.6062773752537189 0.5001297079234351 0.3500916466142435 
1.1044351111685723E-4 2.055230009177273E-6 0.8594837725799986 0.2916672873215781 0.7173925652141636 0.87564554464565 0.07313538252156718 0.9074459013955763 0.3861864216479075 0.39519513947855983 0.2759697247036678 0.9045975869296597 
1.6833248111862455E-7 8.605979222554763E-5 0.9669740599722421 0.7904785074947023 0.6971946312270026 0.49265733169317205 0.28091466607458493 0.9052710237602335 0.3148568455421895 0.7148297677526131 0.5017433945987616 0.3502895569200515 
0.987853988031294 0.0021399645681356933 0.03353517419586366 0.2827601849059607 0.5862612135524943 0.18697724304375893 0.19810114120353806 0.28013442734489 0.4033361225330093 0.3884576922859028 0.698194923101008 0.1703169257708366 
2.1850667598700968E-4 2.563669336607668E-4 1.7883562705907021E-4 0.29866505907419044 0.7784734532857438 0.01004748114599685 0.20870009280842433 0.32148601189586956 0.396481338891419 0.4095163576267202 0.7591269609617953 0.20929934628393826 
0.9992228165097717 1.2735419426042772E-4 0.9999335461082302 0.4183095343274739 0.7793207227287078 0.9914085103145254 0.4987801607370326 0.419776036372958 0.5974264061260278 0.6015687468399337 0.5023094032745221 0.8228833064150866 
0.993287364281242 0.0707966979426214 0.010266847683524427 0.39419271394582966 0.8019513960766192 0.89852207037397 0.08912029474775383 0.9032828003772841 0.4039132597306565 0.39831337435161296 0.6914711545562098 0.7974276582793322 
0.006407761870135123 6.53932000743325E-4 5.613265725556982E-5 0.3903258309201499 0.5964749618736759 0.47246301279627195 0.182783591330707 0.7067399504077385 0.41656346331999716 0.388185290415861 0.30945387239068234 0.22568045311999568 
0.0011618731259358354 0.003196596082927734 0.9927844628330948 0.7927406223505535 0.19733058085055377 0.5999500292419573 0.30712105163602105 0.8950761485882197 0.6921779585556299 0.39291041505908364 0.7102728547813153 0.9045519499416342 
0.9772145778851866 0.055423482657772694 4.978515801775107E-4 0.4611918060114882 0.7138785753531512 0.9811537530640106 0.11742336247730795 0.31875815633005167 0.98922251127405 0.8081317336926196 0.7025443878682112 0.22141891826655746 
8.361259142441472E-9 8.605979222554763E-5 5.067106564333734E-4 0.39872170758967007 0.6823776546130443 0.49265733169317205 0.28544208782539426 0.9054803991845614 0.8221959380197608 0.6017097435985825 0.4989571826840188 0.3502895569200515 
