9.064521564605181E-6 9.06452156460518E-6 0.9999999999178345 
0.7071067810967151 0.707106781096715 1.5940038620576274E-5 
5.19169622029554E-5 5.191696220295539E-5 0.9999999973046291 
0.5768117168619736 0.5768117168619735 0.5784258695645319 
0.6660069004405549 0.6660069004405548 0.33596073748450095 
6.557270591998089E-5 6.557270591998088E-5 0.9999999957002202 
0.0019329629290353863 0.001932962929035386 0.9999962636473348 
0.6656618348549221 0.6656618348549221 0.3373257227594075 
0.4055142322390439 0.40551423223904387 0.8192169522801378 
0.4085072808190574 0.40850728081905735 0.8162374673069349 
0.703280758671012 0.7032807586710119 0.10388623087903273 
0.13602245581061526 0.13602245581061523 0.9813234854167603 
0.23312104139074666 0.23312104139074663 0.9440917117112021 
0.5749218326256036 0.5749218326256035 0.5821767538650398 
0.3463943804032529 0.3463943804032528 0.8717923298871659 
0.14111926638115943 0.1411192663811594 0.9798830059308543 
0.5775740663743599 0.5775740663743598 0.5769024143679526 
0.6795237490510805 0.6795237490510804 0.2765772025151898 
0.3476498862493321 0.347649886249332 0.8707922330737987 
0.7040374192817704 0.7040374192817703 0.09307322118702772 
0.2974761790874374 0.29747617908743734 0.9072022077525372 
0.6118359700285438 0.6118359700285437 0.5013117708157886 
0.5308640971979893 0.5308640971979892 0.6605805178873561 
0.1210143662466583 0.12101436624665828 0.9852466931301213 
0.4083241930185627 0.40832419301856265 0.8164206677880461 
0.5137030056449076 0.5137030056449075 0.6871815218577813 
0.649700018383511 0.6497000183835109 0.39468946302749336 
0.7044944546026572 0.7044944546026571 0.08587855883868421 
0.26590101885376743 0.2659010188537674 0.9266030953677291 
0.16347810133947985 0.16347810133947982 0.9729079199826043 
0.693104954083589 0.6931049540835889 0.19801779023504973 
0.6511987707814361 0.651198770781436 0.3897182595997955 
0.5141596752005134 0.5141596752005134 0.6864981112832031 
0.6231780291745919 0.6231780291745918 0.4725444824650302 
0.405696421279858 0.40569642127985794 0.8190365239239529 
0.19246789538069864 0.1924678953806986 0.9622433260332071 
0.002385340477509887 0.0023853404775098868 0.999994310134619 
0.2597939943540057 0.25979399435400563 0.9300613748539296 
5.853061645390319E-4 5.853061645390318E-4 0.9999996574166351 
0.0018616461226785659 0.0018616461226785657 0.9999965342677083 
0.16075225373279553 0.16075225373279553 0.9738159096254557 
0.6241939504966456 0.6241939504966455 0.4698551099294146 
0.3021599333867191 0.30215993338671904 0.9041010725087473 
0.4560539313757437 0.4560539313757436 0.7642183087007646 
0.6876350309348839 0.6876350309348838 0.2330582083136374 
0.1949954919558809 0.19499549195588087 0.9612250081192062 
0.6148349544654097 0.6148349544654096 0.4939189787151687 
0.6879057801321102 0.6879057801321101 0.2314546938855764 
0.5264371524322577 0.5264371524322576 0.6676285262614471 
0.4598376243425666 0.45983762434256653 0.7596701379401255 
8.157539377422566E-4 8.157539377422565E-4 0.9999993345452917 
0.6927869592213513 0.6927869592213511 0.20023101224752315 
0.1210143662466583 0.12101436624665828 0.9852466931301213 
8.16510592296948E-4 8.165105922969479E-4 0.9999993333102304 
0.0035624463661015375 0.0035624463661015366 0.9999873088953566 
0.6443715492526118 0.6443715492526116 0.4117895251552401 
0.6836132982921574 0.6836132982921573 0.25562808295693107 
0.5051345057118168 0.5051345057118167 0.6997701496052523 
0.7067357189505931 0.706735718950593 0.032392084199337305 
0.37444320568515216 0.3744432056851521 0.8482833084721482 
0.6459531648122239 0.6459531648122239 0.40680341411810184 
0.1762475560522549 0.17624755605225487 0.9684387424980553 
0.3800098241275337 0.38000982412753365 0.8433178920983011 
0.4966233892454985 0.49662338924549837 0.7118499971964798 
0.32507147161873073 0.3250714716187307 0.8880636670190182 
0.06412655148019301 0.06412655148019301 0.9958792952916112 
0.7013375447004903 0.7013375447004901 0.1274805741553421 
0.04302717555510611 0.0430271755551061 0.9981469452578113 
0.38825206332869683 0.3882520633286968 0.8357754905726892 
0.6551718245503905 0.6551718245503904 0.3761645393051091 
0.1959766516808047 0.19597665168080466 0.9608258447772734 
0.6160517879236709 0.6160517879236708 0.49087716303785933 
0.14226202516117772 0.1422620251611777 0.9795524653606262 
0.6197523339612455 0.6197523339612454 0.48147075622427765 
0.5059093813696804 0.5059093813696803 0.6986496945424756 
0.6204436654657475 0.6204436654657474 0.47968668520905955 
0.3252241698636783 0.32522416986367825 0.8879518447939407 
0.44243786523013173 0.4424378652301316 0.7800624787933386 
0.6547874546728264 0.6547874546728264 0.3775006998750633 
0.6757638290044428 0.6757638290044427 0.2944257033930779 
0.0750247698934119 0.07502476989341189 0.9943553528818967 
0.2803728325973411 0.280372832597341 0.9180316712851941 
0.3175180130452622 0.31751801304526217 0.893512519656875 
0.5764803411277032 0.5764803411277032 0.5790862047973289 
0.5771286076117423 0.5771286076117422 0.5777933372342252 
0.5260106850414439 0.5260106850414438 0.6683004701812367 
0.06100634644372832 0.061006346443728314 0.9962712739947768 
0.6694416984210977 0.6694416984210976 0.32201805047256643 
0.4642537184529965 0.46425371845299646 0.7542791060377662 
0.695824924966566 0.6958249249665659 0.17791949749969985 
0.5754135760017981 0.575413576001798 0.5812042954982748 
0.26853854480236966 0.2685385448023696 0.9250805910356413 
0.23569347629560647 0.2356934762956064 0.9428134335399474 
0.13926016987024237 0.13926016987024237 0.9804148153590002 
0.4283776247479091 0.428377624747909 0.7956036835200546 
0.42778999435882226 0.4277899943588222 0.7962357951341786 
0.054777293226630275 0.05477729322663026 0.9969949329327243 
0.5756320522597344 0.5756320522597344 0.5807714531745624 
0.23472192550881132 0.2347219255088113 0.9432980628469837 
0.08700342364833377 0.08700342364833376 0.9924015359454746 
0.11805166532079905 0.11805166532079903 0.9859653181679222 
0.31842697182300955 0.3184269718230095 0.892865346640386 
0.28164390824224783 0.2816439082422478 0.9172531918178669 
0.36714481382821956 0.3671448138282195 0.8546399074218826 
0.5231621244971607 0.5231621244971606 0.6727575960056005 
0.6586746399073767 0.6586746399073766 0.36372439770487663 
0.6178612040284448 0.6178612040284448 0.4863075828249452 
0.23436473019970053 0.2343647301997005 0.9434756734949996 
0.6920008386879213 0.6920008386879212 0.20559591073371858 
0.6708961791677366 0.6708961791677365 0.3159060517879721 
0.03850459775116121 0.038504597751161204 0.9985162952621467 
0.5193798663840854 0.5193798663840854 0.6785934782988259 
0.7009703642917191 0.700970364291719 0.13145758543906627 
0.05298477604830494 0.052984776048304934 0.9971886616955801 
0.5780964468884604 0.5780964468884603 0.5758550131672685 
0.44653625127887514 0.44653625127887503 0.7753778128032931 
0.10026830020896772 0.10026830020896771 0.9898952146295125 
0.5204697622452167 0.5204697622452166 0.6769213050102761 
0.23373243794471227 0.23373243794471224 0.9437893276069838 
0.674978432256078 0.6749784322560779 0.29800710055006135 
0.2689945270469886 0.26899452704698856 0.9248155972071048 
0.5731912215802525 0.5731912215802524 0.5855797529002141 
0.46658134812398216 0.46658134812398205 0.7514011519592013 
0.6271745177657859 0.6271745177657858 0.4618487290558543 
0.7054822724563068 0.7054822724563067 0.06774604416326278 
0.11805166532079905 0.11805166532079903 0.9859653181679222 
0.6841682537997615 0.6841682537997614 0.2526412495717403 
0.09520981821772308 0.09520981821772306 0.9908936275049387 
0.17063949523893313 0.1706394952389331 0.9704454262498249 
0.04200828503667309 0.04200828503667308 0.9982337441584287 
0.3918449909899359 0.39184499098993586 0.8324151644895678 
0.698626661702096 0.6986266617020959 0.1544071731428642 
0.19824251375416194 0.1982425137541619 0.9598957294836048 
0.6962552705418232 0.6962552705418231 0.1745199028347919 
0.0859718769889432 0.08597187698894318 0.9925813179452835 
0.04475864194055641 0.044758641940556405 0.997994653263871 
0.7067628102804893 0.7067628102804892 0.03118749763688256 
0.4913034707517364 0.4913034707517363 0.7191952441824093 
0.7011274679523108 0.7011274679523107 0.1297711345622081 
0.227430791052623 0.22743079105262298 0.9468634909860852 
0.3152346040989347 0.31523460409893467 0.8951280851125026 
0.3306023961547503 0.33060239615475023 0.8839706507081981 
0.20852475043896762 0.2085247504389676 0.9555285746165483 
0.6782189179069915 0.6782189179069915 0.28291023096759693 
0.6514932589873764 0.6514932589873763 0.38873264204079233 
0.6774073711390726 0.6774073711390725 0.28677257025891045 
0.405696421279858 0.40569642127985794 0.8190365239239529 
0.3104452642866268 0.3104452642866267 0.8984695185503029 
0.676996917525905 0.6769969175259049 0.28870460218161775 
0.6572316226240198 0.6572316226240197 0.36890810298229587 
0.4299787287044635 0.4299787287044634 0.7938744143272202 
0.3573140408507034 0.35731404085070334 0.8629329941669189 
0.3565514677403831 0.35655146774038304 0.8635636060559506 
0.6050577820739467 0.6050577820739467 0.5175037784437067 
0.6656819691776406 0.6656819691776404 0.3372462480496376 
0.44770265522063596 0.4477026552206359 0.774031436710929 
0.39039860861388137 0.3903986086138813 0.8337732622150287 
0.07322032329438596 0.07322032329438595 0.9946243353715669 
0.24117632041606984 0.24117632041606982 0.9400361508692793 
0.6858762806391203 0.6858762806391202 0.24320249857535067 
0.5941039517435416 0.5941039517435415 0.5422923464750498 
0.6346526892232788 0.6346526892232787 0.4409443594415521 
0.589683387616278 0.5896833876162779 0.5518577758252402 
0.7003951961277706 0.7003951961277705 0.1374523134846539 
0.6384640703393101 0.63846407033931 0.42979909466112326 
0.5282759475768162 0.5282759475768161 0.6647172680347894 
6.973108183162373E-4 6.973108183162372E-4 0.9999995137575044 
0.3378977834684858 0.33789778346848576 0.8784362104638951 
0.5918334564493549 0.5918334564493549 0.5472351593733895 
0.5327815697974206 0.5327815697974205 0.6574858156404536 
0.20931102087590286 0.20931102087590284 0.9551846905597758 
0.21747027493884385 0.21747027493884383 0.9515321114056253 
0.691210138601404 0.6912101386014039 0.21084849676783524 
0.10741436106580765 0.10741436106580764 0.9883948148759425 
0.6859393066372501 0.68593930663725 0.24284673195251638 
8.361266757060897E-4 8.361266757060895E-4 0.9999993008919378 
0.5928553474222397 0.5928553474222397 0.5450184162628919 
0.5573572283685007 0.5573572283685005 0.615390802637451 
0.09465420695780584 0.09465420695780583 0.9910000818417614 
0.365990568294916 0.36599056829491594 0.8556294804635526 
0.06063249902374706 0.060632499023747045 0.9963169175138353 
0.5452630843787686 0.5452630843787686 0.6366917131764036 
0.29889937856473 0.2988993785647299 0.9062661435733085 
0.4717915439748934 0.47179154397489337 0.7448660806262911 
0.5960475771691589 0.5960475771691589 0.5380098247258606 
0.17131296641037896 0.17131296641037894 0.9702080885456237 
0.11101160832152684 0.11101160832152683 0.987599537077522 
0.6267122214420937 0.6267122214420936 0.4631021301940128 
0.05739978372918121 0.057399783729181204 0.9966998192312901 
0.5552491089629196 0.5552491089629195 0.6191904828013493 
0.6375353513612927 0.6375353513612926 0.43254751360892857 
0.4220514894902014 0.4220514894902013 0.8023372610306746 
0.3524242036252763 0.35242420362527627 0.8669454200802837 
0.7058779960071467 0.7058779960071466 0.05892800273103611 
0.06856526621053118 0.06856526621053118 0.9952877013903859 
0.4928852446478947 0.4928852446478946 0.7170273852627738 
0.2472336766311145 0.24723367663111448 0.9368836738245165 
0.5552833148644414 0.5552833148644413 0.6191291306878682 
0.6341170336721601 0.63411703367216 0.442482966015237 
0.13004142015826659 0.13004142015826659 0.9829437715792508 
4.971591789008107E-4 4.971591789008106E-4 0.9999997528327202 
0.21974977861334438 0.21974977861334435 0.9504841238015354 
0.5587240330211978 0.5587240330211977 0.6129069340846577 
0.5078578478452197 0.5078578478452196 0.6958166516863787 
0.6126542943806211 0.612654294380621 0.4993089536088517 
0.4840474799332014 0.4840474799332013 0.7289691861393279 
0.35551809875340984 0.3555180987534098 0.8644152722606893 
0.4101313733086632 0.41013137330866317 0.8146069685780375 
0.5294206281831023 0.5294206281831023 0.6628933525903081 
0.48431437798223964 0.4843143779822396 0.728614552805084 
0.6317561885407184 0.6317561885407182 0.44918619355564443 
0.4717915439748934 0.47179154397489337 0.7448660806262911 
0.1476201057907468 0.14762010579074678 0.9779655457799408 
0.30033687592543395 0.3003368759254339 0.9053151506070696 
0.4516676620373153 0.4516676620373152 0.7694105835894716 
0.46237715780693933 0.4623771578069393 0.756580946017512 
0.6422107485629429 0.6422107485629428 0.418486211075645 
0.46303924923138934 0.4630392492313892 0.755770671131437 
0.6612173606012504 0.6612173606012504 0.35437720592474925 
0.44996911767723885 0.4499691176772388 0.7713984614150682 
0.38379143921547576 0.3837914392154757 0.8398858627038721 
0.2827379056476013 0.28273790564760126 0.9165798129023005 
0.14588427420999286 0.14588427420999284 0.9784863601892707 
0.6964987573492497 0.6964987573492496 0.1725658193904632 
0.04192273122369586 0.04192273122369585 0.9982409374562293 
0.6621647316631412 0.662164731663141 0.3508215162770961 
0.6610642218660963 0.6610642218660961 0.3549481499277682 
0.43860547772172437 0.4386054777217243 0.7843790345394221 
0.48290483054848926 0.48290483054848915 0.7304832984167878 
0.4840474799332014 0.4840474799332013 0.7289691861393279 
0.2762649635843043 0.27626496358430425 0.9205190599827502 
0.30136312390272696 0.3013631239027269 0.9046328178344953 
0.16918629441012528 0.16918629441012525 0.9709541675936825 
0.6770486071931376 0.6770486071931375 0.28846207202276186 
0.5618845177905005 0.5618845177905004 0.6071009614015395 
0.4318635353385973 0.4318635353385972 0.7918255955004841 
0.5924307448936742 0.5924307448936742 0.5459410453606255 
0.643574088052856 0.6435740880528559 0.41427621989907853 
0.6344455918700569 0.6344455918700568 0.44154001167879076 
0.5433340191310356 0.5433340191310355 0.6399814741926763 
0.3566216588081423 0.35662165880814223 0.8635056368882938 
0.056298437563824306 0.05629843756382429 0.9968254470346072 
0.5034830836042112 0.5034830836042111 0.7021464014354769 
0.1425514549087884 0.14255145490878837 0.9794683075050338 
0.0031138181957366426 0.003113818195736642 0.9999903040892385 
0.1726846625222425 0.17268466252224246 0.9697216170938743 
0.6003084067710608 0.6003084067710607 0.5284502185825846 
0.37444320568515216 0.3744432056851521 0.8482833084721482 
0.5010315410711244 0.5010315410711244 0.7056449459209556 
0.0495710921568023 0.04957109215680229 0.9975396802357105 
0.6293590873610566 0.6293590873610565 0.45586651369903897 
0.0012248507020806566 0.0012248507020806566 0.9999984997396322 
0.20335182745016445 0.2033518274501644 0.9577557457647315 
0.20475185910481736 0.20475185910481733 0.9571590005773555 
0.33937220709761173 0.3393722070976117 0.8772987006142159 
0.7036660970393528 0.7036660970393527 0.09852942583212683 
0.6836373872167314 0.6836373872167313 0.25549920860731046 
0.5384051481504524 0.5384051481504523 0.6482590476732115 
0.4302512606280476 0.4302512606280475 0.793579048019762 
0.6091946974631023 0.6091946974631022 0.507704285155915 
0.5632114697803112 0.5632114697803111 0.6046368171190069 
0.2541688969378366 0.25416889693783656 0.933164692676918 
0.7055483269233654 0.7055483269233653 0.06635598504490678 
0.04200828503667309 0.04200828503667308 0.9982337441584287 
0.5382313942597752 0.5382313942597751 0.6485475560561131 
0.42074981046037674 0.4207498104603767 0.8037034241529111 
0.70172928836195 0.7017292883619499 0.12309350799316052 
0.5339523479566888 0.5339523479566888 0.6555835417573249 
0.06946615609064244 0.06946615609064243 0.9951627536820201 
0.6551012890704339 0.6551012890704337 0.3764101514525237 
0.3670396572835307 0.36703965728353066 0.8547302381233371 
0.6937079434636465 0.6937079434636464 0.193748750578879 
0.6803064545744524 0.6803064545744523 0.2727017706738944 
0.2638780819449984 0.26387808194499834 0.9277589750242556 
0.5561343985582532 0.5561343985582531 0.6175994344884879 
0.3845424155729429 0.38454241557294283 0.8391985827267895 
0.219688556613685 0.21968855661368497 0.950512428212273 
0.6114325740804524 0.6114325740804523 0.5022951470069211 
0.5954776105688321 0.595477610568832 0.5392706469134666 
0.6070444738334091 0.607044473833409 0.5128294195701327 
0.24423738487885724 0.2442373848788572 0.9384541542638478 
0.6820519399242095 0.6820519399242094 0.2638376441890831 
0.5411965294096895 0.5411965294096894 0.6435935309726273 
0.28314885864996353 0.2831488586499635 0.9163260597027927 
0.7005788950955971 0.700578895095597 0.13556704427428148 
0.6248213530210829 0.6248213530210828 0.4681843158605451 
0.18368096159762357 0.18368096159762354 0.9656721020580147 
0.4952761291145734 0.4952761291145733 0.7137248152184208 
0.6705667622010663 0.6705667622010661 0.3173018040641396 
0.5411965294096895 0.5411965294096894 0.6435935309726273 
0.6475742076742784 0.6475742076742783 0.4016158501728503 
0.04821506125983963 0.048215061259839626 0.997672599471099 
0.647727550229075 0.6477275502290749 0.40112098093777443 
0.3277131343810604 0.32771313438106037 0.8861197453551535 
0.003402990463873223 0.0034029904638732227 0.9999884195888499 
0.2643723877497322 0.26437238774973215 0.9274774828485113 
0.08456458528224257 0.08456458528224256 0.9928230768027527 
0.3013806234090475 0.3013806234090474 0.9046211580916886 
0.6853306806611681 0.685330680661168 0.24625944913647496 
0.14864477848552154 0.14864477848552152 0.9776550821521772 
