0.502257310081313 0.5008761603770426 0.7073725948197581 0.0 
0.5005470077142854 0.49886904257680137 0.7042148363408555 0.09734889723575788 
0.4921018883770832 0.4887732562543418 0.6902202785852987 0.22753447962939308 
0.4685410842566504 0.46547668639024176 0.6534140762834221 0.39258730669426967 
0.41105085632057303 0.4100610093321395 0.5786812913424467 0.5785023507883866 
0.3252281476899519 0.32530169095112166 0.4587163427495336 0.7625959707774287 
0.21346954785298902 0.21368617356423386 0.3013600001372963 0.9075159919903434 
0.09859627072165168 0.09867147869227642 0.13935682109737613 0.981434106765726 
3.0617167352512405E-17 3.0618345406034487E-17 4.329820063240845E-17 1.0000305022122737 
0.755161154219483 0.1861305075367798 3.155502405024744 0.019789825796405314 
0.49891206278781547 0.497665083230168 0.7029996187485373 0.1138516403857337 
0.4898494014607097 0.4856115030554039 0.6822130717484831 0.27013566192164107 
0.44470878218417814 0.4439403063743792 0.625942709282352 0.4692939104928468 
0.3660939632616989 0.36662617767523925 0.5159319710288278 0.6861222746143972 
0.24613373526459445 0.24626689647399702 0.3477063610535547 0.8718277055803904 
0.11493284724305901 0.11495860186754747 0.16250819491196478 0.973516961219737 
3.061722665739309E-17 3.061849338088771E-17 4.32982472860331E-17 1.0000327335722534 
0.7550380621371112 0.1861001680633606 3.1549880547303824 0.06192436256935852 
0.5577545104300236 0.4524132106745452 0.892043382345346 0.17621574114121935 
0.4769234420494542 0.4747437966988223 0.669176494738784 0.3295331455758557 
0.4106126793419123 0.40995775137679774 0.5787711188631535 0.5781469950729344 
0.28979282042134163 0.2903028650296149 0.40912296526805847 0.8182955695981136 
0.13564721986260628 0.135737628504704 0.19176740167531584 0.963065762140116 
3.061715379172877E-17 3.061811198731089E-17 4.3298233045659384E-17 1.000028859698088 
0.7547758247199391 0.18603553234516898 3.1538922743185447 0.10567760934645155 
0.6192238591429203 0.38743820528575706 1.1674314684863931 0.2774120624086082 
0.4504677819465228 0.44895206790130593 0.6336422614822766 0.4483264125074981 
0.34492538447293897 0.34488402766982523 0.4864074140843522 0.7287380972302322 
0.1656577220222336 0.16568569870403488 0.23416608632191216 0.9440539694813991 
3.061715379172877E-17 3.061811198731089E-17 4.3298233045659384E-17 1.000028859698088 
0.75404572085626 0.18585557790505797 3.150841475843432 0.1776815947832664 
0.6408555881274706 0.3388807323828464 1.3709276916640245 0.44961242964826004 
0.3556211306548 0.355662910763765 0.5012637917124644 0.7081770980759415 
0.213758807693162 0.21380391667181955 0.30210293475213423 0.906973606919146 
3.0617042279107405E-17 3.0618097204704615E-17 4.329820689007599E-17 1.0000275263758944 
0.7524461482701217 0.1854613186722621 3.1441575314768975 0.276047659810599 
0.6274647487259172 0.29386416289546935 1.4794290952811708 0.73935224649136 
0.18497992565242982 0.18504441871181967 0.2614522451824921 0.9297650287157111 
3.0617042279107405E-17 3.0618097204704615E-17 4.329820689007599E-17 1.0000275263758944 
0.7475321497809633 0.18425012682571193 3.123623988452092 0.4612166026664769 
0.1568147586471422 0.15684062176456692 0.221662788953817 0.950368278274095 
3.061712343864896E-17 3.06182540684363E-17 4.3298257037009506E-17 1.0000300491134875 
0.13564721986260628 0.135737628504704 0.19176740167531584 0.963065762140116 
3.0616975302734593E-17 3.061795354403583E-17 4.329820120072182E-17 1.0000257406545354 
3.0617112331563086E-17 3.0618152214657115E-17 4.3298187239426475E-17 1.000028320685014 
0.18613084777869832 0.75516253463521 3.1555081732043204 0.01878889643493507 
0.49891206278781547 0.497665083230168 0.7029996187485373 0.1138516403857337 
0.4898494014607097 0.4856115030554039 0.6822130717484831 0.27013566192164107 
0.44470878218417814 0.4439403063743792 0.625942709282352 0.4692939104928468 
0.3660939632616989 0.36662617767523925 0.5159319710288278 0.6861222746143972 
0.24613373526459445 0.24626689647399702 0.3477063610535547 0.8718277055803904 
0.11493284724305901 0.11495860186754747 0.16250819491196478 0.973516961219737 
3.061688910531444E-17 3.061768753860658E-17 4.3298123417026275E-17 1.0000219664072865 
0.4999214984180412 0.49948305999252895 0.7060807148138244 0.05694556699613294 
0.50129883020158 0.49807743194408516 0.7019099012125526 0.12975470983686738 
0.47679161653219554 0.4748131805593965 0.6681684419220917 0.33179010904029393 
0.41105085632057303 0.4100610093321395 0.5786812913424467 0.5785023507883866 
0.28942811467119717 0.2897712881903711 0.4088949412432518 0.8182406484026749 
0.13597216635209491 0.1359801028544475 0.19223866123106964 0.9629725164324059 
3.0617167352512405E-17 3.0618345406034487E-17 4.329820063240845E-17 1.0000305022122737 
0.6763564492137814 0.33772206975066943 1.5140134114756238 0.1114648353660845 
0.5549134180329921 0.4510384907612608 0.8863290816579279 0.20368081108903435 
0.45525595893775206 0.45441265744522724 0.6408942475565326 0.4261646556382724 
0.3441545321866013 0.34386989190431416 0.4857963365685052 0.72872320269846 
0.1656577220222336 0.16568569870403488 0.23416608632191216 0.9440539694813991 
3.0617042279107405E-17 3.0618097204704615E-17 4.329820689007599E-17 1.0000275263758944 
0.7324187295595287 0.2438523817517149 2.3185665306587624 0.0 
0.607073046509648 0.3803309466068627 1.1434523949537734 0.3854819650444 
0.4018354729075269 0.4008736001385626 0.5667894648955191 0.6015180148664337 
0.213758807693162 0.21380391667181955 0.30210293475213423 0.906973606919146 
3.061718439946021E-17 3.0618320038928516E-17 4.3298155677459954E-17 1.0000299151395993 
0.7528452655081289 0.18607442342815386 3.137622131651152 0.24559459370360953 
0.6106943744678199 0.3235234818696716 1.304539154916312 0.6477625940508476 
0.22401242227266663 0.22404836944055934 0.3165283967478124 0.8955245259570611 
3.061713066971728E-17 3.0618188402721975E-17 4.3298180787627783E-17 1.0000286914331968 
0.7475321497809633 0.18425012682571193 3.123623988452092 0.4612166026664769 
0.18497992565242982 0.18504441871181967 0.2614522451824921 0.9297650287157111 
3.061685590547811E-17 3.0617767238717355E-17 4.3298135183206504E-17 1.00002248200232 
0.1568147586471422 0.15684062176456692 0.221662788953817 0.950368278274095 
3.061713066971728E-17 3.0618188402721975E-17 4.3298180787627783E-17 1.0000286914331968 
3.061726070269648E-17 3.061845282568031E-17 4.3298223567725795E-17 1.0000324065102522 
0.18610173163507188 0.7550444057969109 3.155014562229666 0.06047481191344366 
0.4530003663527475 0.5633228096719998 0.8979484296303496 0.12624503192722167 
0.47679161653219554 0.4748131805593965 0.6681684419220917 0.33179010904029393 
0.4108413003163978 0.41024336203619294 0.5789605018901165 0.577225835583658 
0.28942811467119717 0.2897712881903711 0.4088949412432518 0.8182406484026749 
0.13597216635209491 0.1359801028544475 0.19223866123106964 0.9629725164324059 
3.061688910531444E-17 3.061768753860658E-17 4.3298123417026275E-17 1.0000219664072865 
0.33879423476399273 0.6775796687332412 1.5150984563440018 0.0 
0.45104894124194445 0.5561952303915619 0.8824243170488223 0.19269376222905377 
0.4556800518278308 0.45433345089920796 0.6412118160266246 0.42566938396986287 
0.3441545321866013 0.34386989190431416 0.4857963365685052 0.72872320269846 
0.16569752422127196 0.16573228506795665 0.23418339255771525 0.9442119765359297 
3.061714425062577E-17 3.061835916442291E-17 4.32983001929102E-17 1.0000315756150369 
0.4909677021344904 0.48928080329920326 0.6874224279817875 0.24194299234287348 
0.4766394601775902 0.4753531040249355 0.6716920233500709 0.3169024470884014 
0.4108413003163978 0.41024336203619294 0.5789605018901165 0.577225835583658 
0.21381711272050602 0.21387870390456012 0.30217521457264696 0.9072232956984493 
3.0617118255084704E-17 3.061820334480465E-17 4.3298189452190485E-17 1.0000288121314838 
0.5865702641887459 0.3945935745065344 1.050883536496493 0.39359742205526843 
0.5670781778226371 0.37076331614391284 1.0362699569462053 0.5538913839493079 
0.2765328907008389 0.2765049081334606 0.39088300352589633 0.8341454162868026 
3.0617042279107405E-17 3.0618097204704615E-17 4.329820689007599E-17 1.0000275263758944 
0.6388983067051301 0.31601724051571534 1.441045133898853 0.5821269605336171 
0.22401242227266663 0.22404836944055934 0.3165283967478124 0.8955245259570611 
3.061685590547811E-17 3.0617767238717355E-17 4.3298135183206504E-17 1.00002248200232 
0.1850078834763963 0.1851163310405114 0.26147766436304715 0.9299357745900335 
3.061716510918865E-17 3.0618313949065907E-17 4.329826255585649E-17 1.0000309420910045 
3.0617058394253466E-17 3.0618178097854994E-17 4.329827587504688E-17 1.0000291151516802 
0.1860248693300583 0.754732563167037 3.1537115023952738 0.1112531606103481 
0.38909944407706876 0.6179602610546628 1.1569852158452818 0.2856074488476819 
0.4504338093209228 0.44900101120303276 0.6337749896154483 0.44837690725000523 
0.34475719124668586 0.344667023326178 0.486455649558873 0.7286010475294628 
0.16606105270689003 0.16609259922202885 0.23456472860041155 0.9443459769611012 
3.061696259428044E-17 3.061798856396552E-17 4.3298194183190653E-17 1.000025841814366 
0.24398596335689152 0.7323527916111596 2.317027418446218 0.008269664902571295 
0.38453602164955925 0.6028950501687546 1.1211506851361612 0.38111907335571105 
0.4014283813213017 0.4015810754687803 0.566900474127237 0.600249466700335 
0.2138390685491581 0.21387767883861175 0.30221197169249303 0.907300643168335 
3.061711727440151E-17 3.0618177650042466E-17 4.329818629215122E-17 1.0000285578109056 
0.3923163762985862 0.5924779223570599 1.073140488098826 0.38295201018155833 
0.37406354722886154 0.5620834879221113 1.0145462318248493 0.5512529879196094 
0.2765241981257853 0.27650232583553874 0.39088933539790244 0.8341436626224185 
3.061702747756546E-17 3.0618002743267565E-17 4.3298179784206474E-17 1.0000263211381248 
0.4014283813213017 0.4015810754687803 0.566900474127237 0.600249466700335 
0.2765241981257853 0.27650232583553874 0.39088933539790244 0.8341436626224185 
3.061716510918865E-17 3.0618313949065907E-17 4.329826255585649E-17 1.0000309420910045 
0.22402408006882898 0.2240545190814937 0.31653355695325464 0.895549630720007 
3.0617058394253466E-17 3.0618178097854994E-17 4.329827587504688E-17 1.0000291151516802 
3.0617112331563086E-17 3.0618152214657115E-17 4.3298187239426475E-17 1.000028320685014 
0.1858567538702502 0.7540504919345941 3.150861412182945 0.17730618678011772 
0.3451489530698225 0.6499735671482417 1.3826614813485407 0.3677697988317351 
0.352760032159067 0.3528661505586746 0.49841417371565816 0.7106655444170862 
0.21097747268833547 0.21102533171204624 0.29812457622401856 0.9079090706205176 
3.061696259428044E-17 3.061798856396552E-17 4.3298194183190653E-17 1.000025841814366 
0.18817016943089568 0.7522668678663499 3.100070845561885 0.23609655293888637 
0.3252880663817024 0.6178020022883204 1.3260648606626384 0.6167046541201011 
0.2239108337210213 0.22407064513565456 0.3164973598439425 0.895016554755656 
3.061698524636803E-17 3.061800453730154E-17 4.329820258865139E-17 1.0000262542833394 
0.3183317869410228 0.6346634531998839 1.4155850631497577 0.5881660281119081 
0.22391206354242216 0.22406416367690532 0.31648933667746415 0.8949999669925206 
3.061702747756546E-17 3.0618002743267565E-17 4.3298179784206474E-17 1.0000263211381248 
0.2239108337210213 0.22407064513565456 0.3164973598439425 0.895016554755656 
3.06170264220199E-17 3.061817987706445E-17 4.329828941571842E-17 1.0000290249715251 
3.0617083782777725E-17 3.0618402493974807E-17 4.329832833913961E-17 1.0000317607092206 
0.18533109719857066 0.7519178189829006 3.141949864507859 0.3015344537962755 
0.2932162337060593 0.6299120091162109 1.4926559620009785 0.7343317393132075 
0.18505489645737708 0.18516226581885228 0.26149452617775754 0.9300826074187533 
3.0617046811145784E-17 3.061810529550616E-17 4.329822986087225E-17 1.0000278947119179 
0.1844002294740201 0.7479815684591923 3.1248734635640956 0.4470503814911867 
0.1851016651609764 0.18527864879456143 0.26148264901853147 0.930324105062918 
3.061698524636803E-17 3.061800453730154E-17 4.329820258865139E-17 1.0000262542833394 
0.18505489645737708 0.18516226581885228 0.26149452617775754 0.9300826074187533 
3.0617046811145784E-17 3.061810529550616E-17 4.329822986087225E-17 1.0000278947119179 
3.0617083782777725E-17 3.0618402493974807E-17 4.329832833913961E-17 1.0000317607092206 
0.1837787861372885 0.7452712173472905 3.1128038198911527 0.5236921644403856 
0.15850215350828178 0.1586069270562454 0.2240032477873964 0.9491477452855159 
3.061700893944353E-17 3.061806533358924E-17 4.329822309082355E-17 1.0000271809619472 
0.15850215350828178 0.1586069270562454 0.2240032477873964 0.9491477452855159 
3.061700893944353E-17 3.061806533358924E-17 4.329822309082355E-17 1.0000271809619472 
3.06170264220199E-17 3.061817987706445E-17 4.329828941571842E-17 1.0000290249715251 
0.13749382360064996 0.13758273959211162 0.19424199601046316 0.9625255506342993 
3.061700893944353E-17 3.061806533358924E-17 4.329822309082355E-17 1.0000271809619472 
3.061705624415751E-17 3.0618113449769566E-17 4.3298213085424953E-17 1.000027844607184 
3.061718439663914E-17 3.0618358095768037E-17 4.3298283254735125E-17 1.00003169910893 
