0.0 1.5975074157637068 1.6754222589239676 
3.747094803634441 4.092350488478327 0.0 
1.358908807673738 0.0 1.9287647174834703 
1.1438153389195573 0.4408546070201934 1.0632536367893768 
27.30898689147812 0.041072187413164436 0.0 
0.0 0.0 3.631819832556193 
0.005816325701761041 0.005664196082364347 2.804696895972523 
0.0 10.38709276193262 0.003938289064893285 
0.0 5.039885553940337 0.0 
12.462233770035978 0.0 0.19162301859912115 
0.4637692738775832 2.3134275440982104 0.3493182955608487 
0.0 1.5975074157637068 1.6754222589239676 
0.2223054124420232 0.08848404080821427 1.2910227918280444 
0.49929084805444385 2.248827247162397 0.5737481533068781 
0.31492611761202405 1.2883501439571 1.0676964935060385 
0.8009337160289355 0.27203115480540435 1.916807532697647 
0.8369366704884815 0.5867367257552258 1.149128201424032 
1.0834950890383275 1.6514597158398217 0.701526786285071 
0.7728807650250746 0.378035173364811 0.7114507809060631 
19.62871676851653 0.0 0.0 
0.3758947209851916 2.2692551229638847 1.197852397675683 
0.0 3.1868422846332063 0.0 
19.434782351034585 0.0 0.0 
25.843295420816325 0.0 0.5265807311643831 
0.37489282673229507 0.06982453207427451 1.1790396774623324 
1.1639200170393 0.4838856531473147 1.0070179884640806 
0.7625702658232996 2.302122127349681 0.14212767298529702 
0.0 3.146554433087417 0.04065531360785675 
9.00895870498869 0.0 0.0 
0.13456822321011735 0.12542336141055171 1.5158782631606944 
0.0 3.125598972976291 0.015202084496039442 
3.2437683842368337 1.4799388026263518 0.21540220792119416 
0.5008882798141322 0.7919446983052155 0.8279156992344527 
1.0184666032533773 1.2211126266085148 0.8646830670275668 
0.685330854928995 0.01639798027493057 1.3815352953931808 
0.3276625826843311 0.07295646238686529 1.2095365224337593 
0.0 0.0 2.7441454765866453 
0.0 5.039885553940337 0.0 
0.0 0.0 1.5002696894205076 
0.0058822934243601506 0.006751832712396645 2.8825696349233705 
0.0588472682258444 0.9254537004755452 2.458477852142516 
0.39698027219689563 1.20712078230072 0.7462269483025455 
1.3490058096288136 0.3334375656228667 1.1650194102677471 
0.1723082883609644 2.5171884543340024 0.5622983343667693 
1.1478205361130986 2.3758394729520433 0.2438015946385168 
0.3428662395168586 0.19437861637165474 1.6014361482835022 
27.50008981169848 0.0 0.0 
3.3739701252032455 1.522440446626525 0.149855732781953 
0.0 4.893423711353606 0.0 
0.7503105115264692 0.6938193160550754 1.0561774129790058 
0.0 0.0 14.438873140150054 
20.9557849175924 0.0 0.12366842604862102 
0.0 4.396593722571814 0.18150877118125247 
0.0 0.0 2.934982110770667 
0.0 0.0 15.004540783280007 
0.3284877099986536 2.6746923178229305 0.17592468250807666 
0.25968061523818664 2.6994000880196674 0.13866372335268393 
1.1639200170393 0.4838856531473147 1.0070179884640806 
0.0 3.146554433087417 0.04065531360785675 
0.0 0.0 1.1599020079121054 
9.271518395282383 1.1402493494776578 0.24474120527675042 
1.6201937826149326 0.25027790345456036 1.5033892244520377 
0.22203886200335796 0.0821575989260785 1.0823594523478728 
1.010279765724126 0.6911645498140901 1.062433600816368 
6.603836640955389 0.1368880921446894 0.7252324540787951 
0.049354825797467056 0.05025470615967928 1.552570107749339 
0.25681401552578004 2.6692419751170737 0.04166725810727708 
0.04659939343155515 0.06696104805011723 2.743173043173987 
0.008687457230914245 2.8065475991314965 0.17735965137698217 
1.2626326523317584 1.116778873919424 0.7963017197998655 
0.0 1.5807592938290471 1.8110767294386547 
0.46836148967928404 2.413343462276548 0.2461384090045927 
0.03376163064614251 0.03854053870056907 1.754316139369587 
0.2096232995237132 2.2017452120015104 0.5951148087139712 
0.46510850190225894 0.7667309092325236 0.7331217904064659 
0.8171906233591509 1.3044756917049771 1.0333049789589284 
0.018575812375161947 2.9048425245790845 0.12516021353819523 
0.49322946050743866 1.5197355408118438 0.8977731692269849 
1.1280639336987648 1.4752811737776768 0.7245743623798578 
1.0834950890383275 1.6514597158398217 0.701526786285071 
0.049354825797467056 0.05025470615967928 1.552570107749339 
0.15165666344903822 0.07842270780644292 1.20099123231166 
0.3276625826843311 0.07295646238686529 1.2095365224337593 
1.0254476395019452 1.1490583796486362 1.0238020781512234 
0.45503212537826765 0.7761457199772674 0.6574084872250309 
0.9452140058245105 0.9517680560411276 1.3876719473005938 
0.12159408363486504 0.05776574560509179 1.6744123710023524 
0.35635691281621834 2.5967897490454326 0.14707481785272034 
0.04486818242651195 2.955229916423012 0.0 
0.7366642009287213 1.941983719937062 0.20338663873905652 
0.7646253957093724 1.2060878119442326 1.2212901719699594 
0.4145552071277267 1.312887837331178 1.4834516245858895 
1.2830843889992467 0.3653792357979717 1.6911992147200468 
0.11146006223903415 0.07687367397762879 1.528551824009481 
0.2208062343918075 1.2568604808421366 1.2656305660165563 
0.6421141923822773 0.3900617536557707 0.7453226154551698 
0.09020620993951778 0.0516958533072098 1.7347728887700822 
0.8686875534562315 1.688719211729618 0.45469913757060676 
0.12163282024188395 0.03571373516427555 1.107458177828277 
2.010510711101909 0.0893749220775558 2.070888848784403 
0.08941270446987874 0.06255167019876227 1.3355691039912556 
0.3103995081981703 1.3206399466019034 1.2921785083217194 
0.2223054124420232 0.08848404080821427 1.2910227918280444 
0.46097799123558825 1.4128923626088736 1.0343754303451267 
0.1428740310115028 2.568493369070217 0.1452121122133006 
1.0545055035327182 1.4955531573271237 0.6629869088109605 
0.8171906233591509 1.3044756917049771 1.0333049789589284 
0.20104238801925925 2.474096693115805 1.096237104165559 
1.378975640544609 1.6826681149312814 0.42873164451809254 
3.3739701252032455 1.522440446626525 0.149855732781953 
0.0 1.4844519781497425 1.906578788594764 
0.4965099008087499 1.5848462748810124 0.8339564869225389 
3.915981412354089 2.5329618577222526 0.009011555997765779 
0.16190590709295022 0.11738668714015037 3.4919722903830754 
13.500875589687567 0.33074975375708515 0.08827693458633062 
1.9907981965749162 0.2733996398957172 1.794505130501416 
0.8117626361670816 0.14681727776834635 1.7734654296156753 
0.8369366704884815 0.5867367257552258 1.149128201424032 
0.36149090257831923 1.1539143127738474 1.554164192298285 
0.8137465351564384 2.081575970693925 0.44722251126286583 
1.2830843889992467 0.3653792357979717 1.6911992147200468 
0.17766896400265045 3.151476150637135 0.23446100201556266 
2.8373873003316246 0.27495945008770256 1.2980367115018583 
0.39698027219689563 1.20712078230072 0.7462269483025455 
0.6992384968774927 2.5612717276629016 0.18738739143158945 
0.23100980623195244 0.09998550222013063 2.6987517809666492 
3.481574642631913 1.8648765978978048 0.2198033437277056 
0.0588472682258444 0.9254537004755452 2.458477852142516 
0.0 3.4899662224126446 0.8817339522844236 
0.24262459749570195 0.10482798907845078 2.2573170868223476 
1.4473452268238058 0.3338667934941083 1.0771907403612426 
1.3595059212792147 2.0061319677800937 0.19364105254625022 
1.4473452268238058 0.3338667934941083 1.0771907403612426 
2.342464372437449 2.1385587134172073 0.07382659967741259 
0.18180936475988055 1.957674094603207 1.8743077333101228 
0.0 0.0 2.5571609324424145 
0.0 3.1868422846332063 0.0 
19.434782351034585 0.0 0.0 
20.433183152195625 0.0 0.004931588010124669 
5.901879728283605 0.10300417365827827 0.758632463714702 
0.0 4.94038877686741 0.0 
1.316292805558331 0.43943602217800076 1.4567275061356948 
0.0 5.062920178929231 0.0 
1.4030089900755296 1.9480211705809618 0.845985500587383 
0.0 10.011036989402166 0.0 
0.7100641786104245 1.9867936263248567 0.18182540919282647 
0.49322946050743866 1.5197355408118438 0.8977731692269849 
0.4772557390985823 1.9017286420525839 1.3370434700848368 
0.0 10.38709276193262 0.003938289064893285 
3.3739701252032455 1.522440446626525 0.149855732781953 
0.4608092676736234 0.132231526022444 1.4740843898443625 
1.3234065457956787 0.38550694289292037 1.2023159146661875 
9.00895870498869 0.0 0.0 
0.6395374759876463 2.3527326861423625 0.1739631917125196 
1.0513663557166797 1.6701542179520337 0.8071997828789294 
1.1639200170393 0.4838856531473147 1.0070179884640806 
0.7612690102951715 0.448478111514999 0.8846847766445696 
0.059891898811968595 0.041271452795621784 1.576788813476727 
0.3500601741415231 2.1015553577755925 1.3569908903237073 
0.0 3.125598972976291 0.015202084496039442 
0.37951448137903593 1.4222228878942027 0.8959867154148854 
0.8312218451626353 1.3268736331942326 1.051046899798426 
0.25750165318665724 2.5311174466828112 0.3096342960594937 
0.6772186958009156 2.4806144208955376 0.18127335056876412 
27.732248398309224 0.0 0.0 
0.648352710865411 0.39435452708084084 0.7429110776746103 
0.0 0.0 3.1526636864072195 
0.5922125368110439 0.5591718016809014 0.6851274025221116 
1.0732920100428358 1.4359395304687284 1.221479643996986 
1.1639200170393 0.4838856531473147 1.0070179884640806 
0.37951448137903593 1.4222228878942027 0.8959867154148854 
0.12163282024188395 0.03571373516427555 1.107458177828277 
0.20152007225671872 2.955007013457629 0.07410690507590663 
0.17467013850394325 0.09038500050130475 1.6403959540687691 
2.5232946847316056 1.9098405583419877 0.0 
0.0 0.0 1.5002696894205076 
1.263185704096292 0.9794066692029261 1.0276050427814483 
0.3805802291560259 1.1572522266777814 0.5844376518123658 
0.31958639603827416 0.20760831524724452 2.1715759678446056 
0.48020288314611465 0.9583324131866104 1.4118901235059058 
0.17467013850394325 0.09038500050130475 1.6403959540687691 
16.06715891964915 0.9673343585820436 0.25221188066667155 
0.37489282673229507 0.06982453207427451 1.1790396774623324 
0.5922125368110439 0.5591718016809014 0.6851274025221116 
1.2626326523317584 1.116778873919424 0.7963017197998655 
0.46441343582438877 1.1670199581631402 2.417493129520671 
0.08941270446987874 0.06255167019876227 1.3355691039912556 
9.964644464936164 1.2285886436579145 0.4094344735463234 
0.16190590709295022 0.11738668714015037 3.4919722903830754 
0.45503212537826765 0.7761457199772674 0.6574084872250309 
0.25750165318665724 2.5311174466828112 0.3096342960594937 
0.43693582117729896 1.6797494859466424 0.6985824569626291 
0.1723082883609644 2.5171884543340024 0.5622983343667693 
0.25681401552578004 2.6692419751170737 0.04166725810727708 
0.03376163064614251 0.03854053870056907 1.754316139369587 
0.34644308120721695 1.6421262659274896 0.9870688072664431 
0.07195578773231005 0.03746825750263748 1.2297815054058616 
1.1639200170393 0.4838856531473147 1.0070179884640806 
1.0545055035327182 1.4955531573271237 0.6629869088109605 
0.059891898811968595 0.041271452795621784 1.576788813476727 
0.0 0.0 1.7415400663896126 
0.3072891690970115 0.1156399349027132 1.59323329136315 
0.6847672891920076 2.166087144994099 0.7627922258373439 
13.500875589687567 0.33074975375708515 0.08827693458633062 
0.9049223504827119 0.4914912011831044 0.5439979102995022 
0.1428740310115028 2.568493369070217 0.1452121122133006 
0.4608092676736234 0.132231526022444 1.4740843898443625 
0.6413501926887079 0.4522607668914375 0.6999453895417707 
0.9543088797684633 1.1355013142539363 1.2890134683003716 
0.42526409561055933 1.384558242158774 1.1966079463123065 
3.3739701252032455 1.522440446626525 0.149855732781953 
0.4938818283371085 0.6575025101548369 0.6851274025221116 
0.06271643893047485 0.9863016965563427 2.3232452186341233 
0.7728807650250746 0.378035173364811 0.7114507809060631 
20.136603867403757 0.0 0.0 
1.5547104893457069 0.2214205902970493 1.479374128123906 
0.7366642009287213 1.941983719937062 0.20338663873905652 
0.4286065268489597 1.4724367319067846 1.0149252742189327 
0.8137465351564384 2.081575970693925 0.44722251126286583 
0.6767296904931205 1.2124483419689327 1.33340541680496 
0.7728807650250746 0.378035173364811 0.7114507809060631 
1.3155394405620642 0.3662532701045418 1.3883227273136856 
0.059891898811968595 0.041271452795621784 1.576788813476727 
5.0469209817695955 2.112522818861508 0.0 
0.24262459749570195 0.10482798907845078 2.2573170868223476 
1.0808463933896857 1.6474225824854518 0.6998118445515664 
9.271518395282383 1.1402493494776578 0.24474120527675042 
0.10220433433838612 2.4235670967066696 0.37916084059183897 
0.0 4.893423711353606 0.0 
0.7728807650250746 0.378035173364811 0.7114507809060631 
6.603836640955389 0.1368880921446894 0.7252324540787951 
0.48020288314611465 0.9583324131866104 1.4118901235059058 
12.462233770035978 0.0 0.19162301859912115 
20.433183152195625 0.0 0.004931588010124669 
1.067368767112876 0.9337088817263531 1.384907652072102 
0.648352710865411 0.39435452708084084 0.7429110776746103 
0.9366425281612255 1.0267746109264617 1.1829220439747643 
1.1833922707591085 1.5800584773118762 0.6883497895259091 
0.0 10.137767601879066 0.0 
0.7503105115264692 0.6938193160550754 1.0561774129790058 
0.5150865039000923 0.07544346869347555 1.2286439281153578 
0.052074645849712733 0.02862245049646199 1.7230887330258091 
0.9452140058245105 0.9517680560411276 1.3876719473005938 
0.0 1.5364760832048623 1.9492185083843319 
0.0 0.0 3.149437849832914 
0.15774945133303778 0.13212834897078066 1.5370807333399998 
0.06526331985942578 3.6522188923743895 0.18913793760222192 
5.901879728283605 0.10300417365827827 0.758632463714702 
0.5232002314509889 2.0342065337348605 0.45469913757060676 
0.279117245994202 0.0878791223732866 2.4373463100914043 
0.6395374759876463 2.3527326861423625 0.1739631917125196 
0.0 0.0 15.004540783280007 
0.22203886200335796 0.0821575989260785 1.0823594523478728 
0.0 0.0 1.7415400663896126 
0.04486818242651195 2.955229916423012 0.0 
0.6772186958009156 2.4806144208955376 0.18127335056876412 
1.378975640544609 1.6826681149312814 0.42873164451809254 
0.2914736751725768 1.2392726083833407 0.6973609394990027 
0.6413501926887079 0.4522607668914375 0.6999453895417707 
0.9049223504827119 0.4914912011831044 0.5439979102995022 
20.136603867403757 0.0 0.0 
0.4145552071277267 1.312887837331178 1.4834516245858895 
3.915981412354089 2.5329618577222526 0.009011555997765779 
0.7343719049478111 0.010244211288365529 2.535198188743712 
0.7612690102951715 0.448478111514999 0.8846847766445696 
0.18512795893199288 3.7366574079015806 0.36334697647950653 
0.08249919731062037 10.675774540149291 0.0 
0.2914736751725768 1.2392726083833407 0.6973609394990027 
0.08128738948473993 0.05060773334539485 1.5341824538786113 
0.4898311386520626 2.573622657099984 0.17555691123902725 
0.10136375135080551 0.05376848029648897 1.3269437523342063 
2.5232946847316056 1.9098405583419877 0.0 
0.7100641786104245 1.9867936263248567 0.18182540919282647 
0.685330854928995 0.01639798027493057 1.3815352953931808 
1.1438153389195573 0.4408546070201934 1.0632536367893768 
0.46097799123558825 1.4128923626088736 1.0343754303451267 
0.1332025076124167 3.845662323468704 0.5239256845953256 
0.3805802291560259 1.1572522266777814 0.5844376518123658 
0.4562614634103952 0.7782425948984566 0.7223966461517101 
0.7646253957093724 1.2060878119442326 1.2212901719699594 
1.5104660243648789 0.3995122941244276 1.249109440572367 
3.481574642631913 1.8648765978978048 0.2198033437277056 
0.2112621941571349 2.7906555002189735 0.1944902039047199 
0.4201901887994042 1.2379068029224418 1.4984695864334712 
4.582673865862479 1.918199858488835 7.844045226737427E-4 
0.25968061523818664 2.6994000880196674 0.13866372335268393 
0.20104238801925925 2.474096693115805 1.096237104165559 
0.6421141923822773 0.3900617536557707 0.7453226154551698 
1.3595059212792147 2.0061319677800937 0.19364105254625022 
0.2789232640907275 2.4229054513947577 0.5115631763729999 
1.1459105114056287 1.3544603310102923 0.8594734821120945 
0.09197656992363022 0.5230440262930829 3.2392302982878713 
1.1280639336987648 1.4752811737776768 0.7245743623798578 
0.0 0.0 1.2039068894964196 
0.0058822934243601506 0.006751832712396645 2.8825696349233705 
0.300088422417685 0.18328832484849603 1.570009996297664 
0.0 1.4844519781497425 1.906578788594764 
0.3793684427796218 0.10886167365244381 1.5788950671083641 
1.2139620894729826 2.2030588880726447 0.1345840131280683 
0.15165666344903822 0.07842270780644292 1.20099123231166 
