1.4973036905987598E-6 5.6772338117524884E-8 1.4210292169036946E-11 18.679172029118735 
4.165593164805762E-12 6.025224885030138E-14 5.504914054645831E-6 172.4006681308295 
0.46711153921266924 22.10831782000232 0.07738529631280684 4.853376263281803E-8 
4.987091436617328E-13 3.5624702987654592E-12 3.089619741196188E-4 9.487028404936613 
112.52417980811433 0.007987136442706221 0.9564105688616632 0.004485793421856602 
1.5526774032052164E-5 7.92245844546676E-9 215.00904946341586 4.563248803990324 
0.12992681430148362 89.07979401457317 9.431845806692906E-5 1.8942055371393523E-4 
4.165593164805762E-12 6.025224885030138E-14 5.504914054645831E-6 172.4006681308295 
1.486328009907132E-11 1.0541163749181688E-12 3.106459677023423E-6 54.357682202671256 
1.2116928448932401E-5 2.4505368267279792E-8 55.67390124642161 1.781994409145701 
25.152015019846072 66.9153817265303 0.008902800353820083 3.675668573077013E-7 
83.11079153439398 0.031829516809472484 3.0812501842023144E-7 4.7369778670141037E-4 
4.346674092255447E-12 3.4975230400587464E-11 5.122376317850555E-5 104.74461518318067 
4.0549915741763385E-5 3.042363790965531E-8 124.00692313032258 5.1139804180140285E-5 
1.2501528312249222E-11 1.1888613271432014E-13 0.0037665547224806618 116.11804052356455 
0.012016869546577328 26.235004357325394 0.0025932498102741973 0.03708238357336165 
0.010604640907159478 53.44423822859458 0.0052814283164312 0.0755222076443177 
0.12983234641363714 89.01502539821328 3.766890693977987E-5 2.676656517403923 
1.1908950261584535E-5 1.5025604759590257E-8 165.0346190165724 5.282380414013315 
4.223483765664621E-5 1.6386839731174336E-8 129.1128765401293 1.4349942008184957E-6 
1.1908950261584535E-5 1.5025604759590257E-8 165.0346190165724 5.282380414013315 
2.102021748065432E-6 4.85738971372331E-9 1.9265060112548866E-11 25.32357306331174 
0.01060464111074873 53.4442392546239 0.005280402083521391 0.0755222076443177 
67.02655370831225 0.02032206892045803 6.386054989382698E-5 6.945704232418173E-5 
2.332756072302947E-5 5.578428716313148E-9 29.55205835625207 0.6307079270034791 
66.89322641227955 0.10912105321444625 0.4956841262196143 2.9507404202473114E-7 
54.114462799929335 0.09283550534734025 5.580537660378109E-4 3.006767466217078E-6 
40.03112425431365 0.6044012484141689 4.183349613554777E-4 2.253969112538172E-6 
42.43035370174299 0.8133752024829267 3.3291359490339617E-6 2.9310036155396984E-4 
47.7890528404229 0.22770392747031948 3.6965894284012968E-6 3.254513226759037E-4 
1.2501528312249222E-11 1.1888613271432014E-13 0.0037665547224806618 116.11804052356455 
2.319155485632606 5.070170979196347 2.7384707437673074E-8 0.06511795411105285 
34.499593878930696 2.3314154020349733E-4 0.24359009676402846 4.737265363539865 
0.07156157344619281 3.1907211468548478 2.1496152332216787 1.8631299304344886 
3.048364673353778 9.49817212055508 0.01743675788881867 6.0215727751743036E-5 
26.984121407620748 10.438564038922388 3.956575533749689E-5 7.946023967886065E-5 
10.006902654624039 4.826980538431051 0.009372888987534599 1.4727665834017445E-6 
6.934889455009958E-10 9.211726858331437E-12 1.1548076440072467E-8 13.391853535906918 
3.5415493113264915 11.944095540591896 0.0012957629678716277 1.2176026966355071E-4 
1.4973036905987598E-6 5.6772338117524884E-8 1.4210292169036946E-11 18.679172029118735 
2.102021748065432E-6 4.85738971372331E-9 1.9265060112548866E-11 25.32357306331174 
30.708368484793667 1.3727172920157222 4.752465015505743E-5 1.7794562332681277E-6 
52.37231658255698 0.09098405797069753 0.21082378862956683 5.854337722097433E-7 
0.28850222129136593 13.654766077577479 0.07325259332942037 5.889063162055447E-6 
6.492713625062438 17.23356061383952 8.792913423312519E-8 0.03328187943600228 
1.451548123514526E-6 3.3512246047365335E-9 1.6568521770075257E-10 17.488952307298213 
17.036191307366018 0.04306532241103051 1.1017305979371943 3.923795502695537E-5 
0.0028928820555889152 23.72508125856534 0.006570706903712666 0.6445317332455132 
2.332756072302947E-5 5.578428716313148E-9 29.55205835625207 0.6307079270034791 
3.239390589470273E-5 1.6801167623165098E-5 23.40038389829968 5.895576883706182E-8 
0.012016869546577328 26.235004357325394 0.0025932498102741973 0.03708238357336165 
26.984121407620748 10.438564038922388 3.956575533749689E-5 7.946023967886065E-5 
0.009314920773330645 20.33616043922806 0.0020248733649969705 0.17464641900159986 
16.212522205592695 0.007547299480750699 1.7534643125771625E-6 0.007871314057038012 
7.755354928840995 5.53645863450933E-4 0.11174022227596894 0.16226343903896093 
21.904814906339777 5.031146913066343 2.6612156522434596E-5 0.002784107032461322 
32.56483725340619 0.05818434060020645 2.842502893934913E-4 2.7136579114004427E-5 
1.3492368486661202E-10 8.634137049810732E-9 7.596555887512776E-10 10.416251329809018 
19.526661774848005 0.00909010716563686 0.0016346561012023871 1.5360538356525236E-4 
0.004137754270098245 23.56484310713952 0.018036145608186564 1.1848488231675205 
0.038751555570225735 18.07587105438706 0.0055884128631892675 0.9102342487627041 
1.9671203078259344E-10 4.636765334668142E-9 4.187196559430096E-10 5.741403390716794 
49.95713096520402 0.2380343248046973 3.864295089000513E-6 1.2793799990527667E-4 
13.922986916025113 0.7800095075937751 0.20779139606697303 6.288541591514185E-6 
4.044543484425113 1.8199722292848042 0.3589406594744241 3.301624773786498E-5 
0.30413081283919813 19.463582211361622 0.0019673718544959674 0.0362021240624192 
23.842908894695764 0.0015143748509872405 0.008713878457377306 0.05951209550534617 
3.8796545717195065E-5 1.7904623668498634E-7 18.53933227791632 5.165322633141564E-7 
49.95713096520402 0.2380343248046973 3.864295089000513E-6 1.2793799990527667E-4 
1.6339102154621004 0.021619728919755932 5.689232464549237 9.484063324336537E-6 
5.0485157451211276 0.19217020179025623 0.20144519148460568 1.2025989714336125E-5 
0.1578740062025489 0.008844598259168878 14.744063045403228 1.2458362507447593E-5 
34.499593878930696 2.3314154020349733E-4 0.24359009676402846 4.737265363539865 
1.0264616495364514 0.020016136331866857 14.062806098444744 9.971925973960234E-7 
54.114462799929335 0.09283550534734025 5.580537660378109E-4 3.006767466217078E-6 
6.684507480932844 15.009905564195176 1.604209353969393E-5 0.002265794780975346 
0.05086957921334159 22.2190229117875 0.015623937851709692 1.0327341430363303E-5 
0.003353721545444425 0.0846215515051896 8.46612080961011 0.8612370592152151 
3.048364673353778 9.49817212055508 0.01743675788881867 6.0215727751743036E-5 
30.708368484793667 1.3727172920157222 4.752465015505743E-5 1.7794562332681277E-6 
0.0654279541864522 16.034609085096914 0.0845834305521401 2.5034096038960794E-7 
20.600415667085024 0.38027289504900336 0.0023800718895789752 1.31190871556323E-6 
1.1524185721622321E-5 3.287847458322804E-5 21.120799765893388 3.380506834757221E-7 
6.684507480932844 15.009905564195176 1.604209353969393E-5 0.002265794780975346 
3.80822407753277E-5 9.60896203079191E-4 11.464938992336617 2.7622362329162E-5 
2.996149660625586 0.006898494098418019 10.319981896092925 1.720361444508257E-5 
0.12983234641363714 89.01502539821328 3.766890693977987E-5 2.676656517403923 
0.0654279541864522 16.034609085096914 0.0845834305521401 2.5034096038960794E-7 
20.600415667085024 0.38027289504900336 0.0023800718895789752 1.31190871556323E-6 
31.915565931971177 0.012383030049948332 1.1832438931633334E-7 0.0029406986898700923 
4.5586132088213496E-5 8.494724441659683E-8 21.724142541327463 4.6579332142102303E-5 
12.132767039143312 0.5074580143152994 0.0066645618365535385 6.061312202237142E-5 
1.0348448359411614E-5 2.9524098672098203E-5 18.965982583631227 4.2895018178211005E-6 
7.432076932497241 19.833966505174644 8.48598503628146E-6 0.0026635717512168205 
13.182558742557811 0.005114746246150001 4.887327444434592E-8 0.11621550640141638 
19.526661774848005 0.00909010716563686 0.0016346561012023871 1.5360538356525236E-4 
0.019634953102647255 0.009349383335626935 3.4900302347593906 4.3880066542540145E-4 
4.55697003730252 3.234606243327145E-4 0.023879202637951832 0.6246429556871178 
22.927181060325655 0.06304669655898483 0.9812659529760314 9.18761256709977E-5 
1.5688123540820307 0.0025690482497263923 4.7158424484997195 0.5960171147662033 
12.132767039143312 0.5074580143152994 0.0066645618365535385 6.061312202237142E-5 
22.927181060325655 0.06304669655898483 0.9812659529760314 9.18761256709977E-5 
7.432076932497241 19.833966505174644 8.48598503628146E-6 0.0026635717512168205 
0.27824171186782165 0.8908182840134288 5.510615766503317 2.516110825529357E-6 
1.0264616495364514 0.020016136331866857 14.062806098444744 9.971925973960234E-7 
3.239390589470273E-5 1.6801167623165098E-5 23.40038389829968 5.895576883706182E-8 
13.628429887125234 0.13192156879516914 0.9321097373519105 3.199103479458904E-5 
11.306578876299413 0.005035972837606055 0.2225763196662974 0.05850097372245838 
16.676907475333422 0.009763022621040996 0.0013962589156012342 1.3120367405081306E-4 
6.806461875980366 0.01652101932595393 0.0481744752720297 0.01788617172918742 
10.527429500240588 0.004900758943811773 0.3133241588863631 0.05500874182062395 
11.306578876299413 0.005035972837606055 0.2225763196662974 0.05850097372245838 
0.25450604973609614 0.0052490285113814365 4.130163079608157 0.1755584832474255 
1.700496164956104E-5 1.8147366282084135E-4 8.824770046003502 0.013697444163607091 
5.1593283522287965E-9 1.3018086444396758E-7 10.296263372950502 8.452000623464033E-4 
0.46711153921266924 22.10831782000232 0.07738529631280684 4.853376263281803E-8 
31.915565931971177 0.012383030049948332 1.1832438931633334E-7 0.0029406986898700923 
0.009538324514506612 17.702978058073096 1.0503615839760776 0.6553696472720602 
0.009538324514506612 17.702978058073096 1.0503615839760776 0.6553696472720602 
4.987091436617328E-13 3.5624702987654592E-12 3.089619741196188E-4 9.487028404936613 
3.80822407753277E-5 9.60896203079191E-4 11.464938992336617 2.7622362329162E-5 
10.527429500240588 0.004900758943811773 0.3133241588863631 0.05500874182062395 
3.7257726266402784 1.6765310446596973 0.32985448755646496 1.0918514897431763E-4 
13.182558742557811 0.005114746246150001 4.887327444434592E-8 0.11621550640141638 
6.671023599837544 0.24048072416623906 0.13532805788458124 0.25407082033256767 
4.044543484425113 1.8199722292848042 0.3589406594744241 3.301624773786498E-5 
3.7257726266402784 1.6765310446596973 0.32985448755646496 1.0918514897431763E-4 
0.1578740062025489 0.008844598259168878 14.744063045403228 1.2458362507447593E-5 
3.5949882193502103 1.734096829919079 0.8058323732067191 6.087142417951501E-7 
1.9671203078259344E-10 4.636765334668142E-9 4.187196559430096E-10 5.741403390716794 
13.854665858785136 0.006449663483323556 6.382050505024166E-4 0.006726864218405481 
13.922986916025113 0.7800095075937751 0.20779139606697303 6.288541591514185E-6 
3.5949882193502103 1.734096829919079 0.8058323732067191 6.087142417951501E-7 
0.30640376837073996 0.0017315457738328564 4.899419509292054 0.20799515857439776 
1.6624299779102714E-4 1.068784315378156E-8 18.949178984443996 0.3816886006524788 
0.0138828863935092 0.039607842016501096 5.357719232949208 0.004340020651806633 
0.013286273379780143 0.037905706500660725 5.0741264166147335 0.29023158551585004 
0.003418256491009862 0.036478972353383037 8.544744139605537 0.013324426651583047 
1.5688123540820307 0.0025690482497263923 4.7158424484997195 0.5960171147662033 
1.6339102154621004 0.021619728919755932 5.689232464549237 9.484063324336537E-6 
0.05086957921334159 22.2190229117875 0.015623937851709692 1.0327341430363303E-5 
1.6624299779102714E-4 1.068784315378156E-8 18.949178984443996 0.3816886006524788 
1.700496164956104E-5 1.8147366282084135E-4 8.824770046003502 0.013697444163607091 
0.30640376837073996 0.0017315457738328564 4.899419509292054 0.20799515857439776 
0.013286273379780143 0.037905706500660725 5.0741264166147335 0.29023158551585004 
0.010604640907159478 53.44423822859458 0.0052814283164312 0.0755222076443177 
5.1593283522287965E-9 1.3018086444396758E-7 10.296263372950502 8.452000623464033E-4 
1.2501528312249222E-11 1.1888613271432014E-13 0.0037665547224806618 116.11804052356455 
0.012016869546577328 26.235004357325394 0.0025932498102741973 0.03708238357336165 
30.708368484793667 1.3727172920157222 4.752465015505743E-5 1.7794562332681277E-6 
0.012016869546577328 26.235004357325394 0.0025932498102741973 0.03708238357336165 
4.044543484425113 1.8199722292848042 0.3589406594744241 3.301624773786498E-5 
4.165593164805762E-12 6.025224885030138E-14 5.504914054645831E-6 172.4006681308295 
22.927181060325655 0.06304669655898483 0.9812659529760314 9.18761256709977E-5 
1.6339102154621004 0.021619728919755932 5.689232464549237 9.484063324336537E-6 
31.915565931971177 0.012383030049948332 1.1832438931633334E-7 0.0029406986898700923 
30.708368484793667 1.3727172920157222 4.752465015505743E-5 1.7794562332681277E-6 
1.700496164956104E-5 1.8147366282084135E-4 8.824770046003502 0.013697444163607091 
11.306578876299413 0.005035972837606055 0.2225763196662974 0.05850097372245838 
1.6624299779102714E-4 1.068784315378156E-8 18.949178984443996 0.3816886006524788 
0.46711153921266924 22.10831782000232 0.07738529631280684 4.853376263281803E-8 
1.1908950261584535E-5 1.5025604759590257E-8 165.0346190165724 5.282380414013315 
31.915565931971177 0.012383030049948332 1.1832438931633334E-7 0.0029406986898700923 
1.1908950261584535E-5 1.5025604759590257E-8 165.0346190165724 5.282380414013315 
1.700496164956104E-5 1.8147366282084135E-4 8.824770046003502 0.013697444163607091 
