7.137617585526446E-4 0.9999999930351045 0.04895247301170125 0.6842693531751985 0.8962734709603042 0.7079293384965936 0.5159501640285329 
0.9999999850178696 0.9997925287585274 0.9999316272707068 0.28987916163558536 0.9989645856121829 0.6099330261475647 0.4984664085889632 
4.6462917399927824E-9 1.519543256089939E-4 0.9987536630277012 0.5159781084893472 0.9711600367555085 0.6992547240352502 0.6119005574867644 
0.9999999773060344 0.995993736888786 2.3302061999039714E-4 0.29815884955724187 0.8261580979414996 0.7528415676700394 0.5434505679401915 
0.9999999240239806 5.478713117440942E-4 1.7678763815033046E-4 0.32361927703854376 0.6363485971024151 0.9289479446910349 0.518856515980718 
0.8833590802513805 0.9791566159674545 0.9998194532702469 0.3791427278819993 0.8910619317935383 0.5248709060907558 0.49667498187307957 
2.3853647790946647E-7 1.14639374920534E-4 0.8659625427097709 0.3903228656813186 0.7909580127126625 0.8849836332551343 0.5319480715626685 
0.999978785265158 0.9999999121070582 4.6504361685730025E-5 0.4924911982825848 0.7651902192404982 0.7766920234115194 0.5581259016538025 
0.017558975427922396 0.9985531307435502 0.9849332374838956 0.29670189900879385 0.5940710310584734 0.8182898676129883 0.18071831040585853 
0.9999981880484209 0.9999935327638845 0.9998764499295113 0.6706339227292142 0.9992829001662741 0.6990827892729065 0.6809781518652993 
0.9999997730818891 0.999922950724321 0.9998332013716626 0.2082335306491735 0.8870073302564037 0.895027797117461 0.09158555108574115 
3.8544734134947673E-7 0.991000317546596 0.9998179919266855 0.38591101871491323 0.8913193754104952 0.5177708599883452 0.5353818419129375 
0.9995487421956513 0.9209223774210125 0.7457718673265233 0.5162407032690035 0.9950831181687632 0.5147440701277638 0.5231369193259853 
0.9999995238348515 0.9998109862068264 0.9999985598213429 0.4099080670604123 0.9964680165058549 0.876422450919527 0.09274980982481718 
0.9999774900495968 0.9999997545836266 0.8666725652400109 0.5062333941823884 0.6664546833933802 0.8254079521463988 0.5170827651542701 
0.009167841504027607 0.9822666949549622 0.999987037929278 0.45036415054809836 0.899887272956945 0.7084745189563525 0.495444340514675 
0.999999869881433 5.478713117440942E-4 0.06413463480245513 0.32361927703854376 0.6363485971024151 0.609210314193792 0.5191088648614095 
3.547230375330716E-5 0.991000317546596 0.9998202774016285 0.3180243166145356 0.614470633966967 0.5177708599883452 0.2056922511613173 
0.9999998275329204 5.237995340728473E-5 0.3077069584304529 0.37105080658196415 0.4842645620577038 0.7640108451761976 0.48711404152421 
2.4136548452463347E-5 0.972783977770602 0.027736454380342335 0.4936707699916483 0.9905389708526688 0.8920453405557436 0.5142675819168064 
0.9930223056161104 0.9785609391286023 0.9999377373771083 0.3926170852111087 0.9102833514139776 0.5979767637006174 0.20578331129499103 
0.999999869881433 5.478713117440942E-4 1.7420516152193838E-4 0.32361927703854376 0.6363485971024151 0.9264989268248792 0.5191088648614095 
0.9999998701082629 0.04181877793941258 6.76170824590594E-5 0.7018739758417805 0.8873510257746736 0.6859194063769672 0.5072462711825317 
1.9301929418871462E-5 0.9986429700260013 0.9956401018965042 0.3939183621222328 0.9990305386810513 0.5120208506105088 0.6057726572976239 
0.9902098067838062 0.9615813959701848 0.9998478813288244 0.7198789055869318 0.9765042711206487 0.5332608950748671 0.4768726670619404 
7.8658209921173E-6 0.9999989843427245 0.0044140374314941 0.29989550242284474 0.7776629135634582 0.7004920432224179 0.22172889907393864 
0.9988391844337742 4.3836724216646293E-5 0.3077069584304529 0.3709447546731449 0.5003839821689788 0.7640108451761976 0.33939463767218425 
0.999326095691213 0.9965094165104432 0.9999999999946971 0.2770407029099137 0.9205747556219388 0.4953988780973464 0.20629574637533904 
0.9700415160380547 0.08141394395361395 0.9969330918076591 0.6581766909437246 0.9356231842189586 0.5450125109973676 0.3022257096182933 
0.9999998275329204 0.028343975338654123 0.9385576059305707 0.4529989617521254 0.9890201699525156 0.797397039207906 0.5020548368996677 
0.9320223895869595 5.478713117440942E-4 0.0021633636765195463 0.5035339567974054 0.6363485971024151 0.9169351018708619 0.5173579330906756 
2.3853647790946647E-7 1.14639374920534E-4 0.9998537656737366 0.3893695156546537 0.7909580127126625 0.8898114862904952 0.5319480715626685 
0.005775245353863574 2.1809646715298292E-4 0.9107463265422729 0.30719099975777414 0.9990626099328554 0.5936447564219052 0.49959121859285255 
0.999999869881433 5.478713117440942E-4 0.0021446323896007757 0.3241729598554694 0.6363485971024151 0.9184514869834226 0.5191088648614095 
0.9999998940283295 0.999922950724321 9.005709745518731E-4 0.303561712628544 0.9046608892513963 0.6759808200368727 0.10143755453625355 
0.9999568592450069 0.8227669480792159 0.21437686362275937 0.401738156650266 0.6960281319599413 0.7981869998209328 0.495554207716841 
7.548478663146896E-6 1.2440322745321548E-4 0.018344891406823008 0.5011702597536691 0.5815864910244277 0.6037392700617459 0.21006881321598617 
0.9999995238348515 0.9919921647619138 0.9999998557023614 0.4065393781746851 0.9964680165058549 0.8952141352554122 0.0966437222779882 
0.03801543449873712 0.9559378862991516 1.526843636724352E-4 0.4909546581987807 0.687738582952119 0.9507208590098885 0.5018699542364594 
0.9978070346741558 0.9514783240688007 0.010710041885789334 0.38536231996747894 0.6976467813608727 0.7021381538692694 0.5034921116084671 
0.9871564172613706 0.9999999787405475 1.8483661649026928E-6 0.49438746304629977 0.6354575563058532 0.4987988704668703 0.5036544412242192 
0.9708376794522504 0.9999999930351045 1.8483661649026928E-6 0.4855313686854631 0.6226565456746544 0.49514054357653503 0.5027944995904662 
0.9999862893551777 0.02810051439215147 0.2612626871850196 0.49244713304271703 0.9941061874474483 0.7013107534630892 0.5954488625923904 
0.999978785265158 0.049409223916143497 4.6504361685730025E-5 0.4976893159482081 0.7054135234783653 0.47771180671714086 0.5170827651542701 
0.9999996705050554 0.999922950724321 0.9973388752704462 0.30222777302207404 0.8868259147453572 0.895027797117461 0.09158555108574115 
0.9999996705050554 0.02832977517077423 0.1034104295315062 0.49244713304271703 0.9123804313793628 0.7023049572530411 0.5954488625923904 
7.548478663146896E-6 1.1515342163529677E-4 0.007920959541716677 0.5027855998371632 0.2991915964088624 0.6386046402774017 0.20734386632248838 
0.9988551432238226 0.0054232168908919486 0.999987037929278 0.30671613861228064 0.5912872102744782 0.5952523841626146 0.5055200575904841 
0.9199671092930081 4.214587587694829E-5 0.9988206868849157 0.2991419532480462 0.6956395281900903 0.9302454552007193 0.6022398918548187 
0.9999523083937386 0.0896273130435368 0.9999993290637607 0.29990154364177884 0.8714562092900934 0.7059579743629896 0.1789688882017448 
0.9996771142437704 0.023788820053710566 0.9998204694119235 0.6325853731894236 0.9990802045614895 0.502247289884526 0.20032565217034937 
0.999995607755825 0.9998880940466578 0.9998764499295113 0.5079310743384187 0.7889098320396821 0.6922775671494866 0.6885211936960288 
0.9505382835045098 0.9791690631865705 0.9999446942673367 0.3092150770426494 0.7997049022582541 0.7084745189563525 0.4975271516598776 
0.9999932178343017 0.9999991239989241 0.010640749697302512 0.7073366526600858 0.9122477248072778 0.6973856352910855 0.4871049184179721 
0.9872278493786678 0.9999999926943961 1.3566645754846553E-6 0.6902845775219831 0.9343914038396681 0.5924395518023616 0.505523150676184 
0.9997930227297269 0.9999999930351045 3.415094711746794E-5 0.6902845775219831 0.9311943421758377 0.5936754638433945 0.40508121563709754 
0.03703451494309834 0.9999999510988296 0.015056617990234 0.3030665670856526 0.8876693322825907 0.5906469050185563 0.5183125533626373 
0.9998472990570415 0.01210251545362867 0.9999999804977854 0.673723448916252 0.5951853292665591 0.494772086080733 0.10176910641922872 
0.8870898028056307 0.0057601459872933525 0.02543890841099422 0.4905470820357851 0.29622904927390864 0.5005679969782416 0.4966760842697808 
0.9873808631682791 0.9993143162972916 0.9914049880603761 0.4930363051656324 0.9674119819096112 0.6996742133007563 0.4996505656980212 
0.9999548288613785 0.00344975852230317 0.010710041885789334 0.3890232511681717 0.6976467813608727 0.4948769900038404 0.18251065495492766 
0.9995431902804726 0.9998880940466578 0.9999446302371907 0.5031703243698507 0.7992202796734857 0.7201363498888008 0.6885211936960288 
0.9930223056161104 0.9999922436256407 0.9998362154896793 0.3926170852111087 0.910473571936225 0.5979767637006174 0.20578331129499103 
0.9609654112649688 0.9982730662155861 0.01650578424524517 0.6828155097056513 0.6526797310515409 0.9242252628370198 0.49666756574595683 
0.999999980449339 0.9802198681171941 0.9385576059305707 0.5975115537705921 0.9890201699525156 0.797397039207906 0.42275415832111995 
0.9836974068721909 3.4891933641678565E-5 0.9351576317185137 0.5073803602134894 0.9979948249498956 0.518138460905632 0.5232480783261466 
0.9999999187924835 0.9986766554341242 0.9856234382358013 0.39292362531728303 0.6923209349397524 0.601091755816739 0.19765055674719734 
0.9296970263494555 0.9969952409702822 0.9922047968582588 0.7029816733901649 0.5912872102744782 0.5945686577715977 0.5072088935096528 
7.8658209921173E-6 0.9594241901532728 0.02760686107578409 0.3380205683631116 0.9898807108182803 0.8856095932726531 0.20931190780291054 
0.9957195143656112 0.0017388334609335816 0.9999998498725652 0.4837350242433377 0.8933023461125909 0.48233315822254474 0.189397245476335 
0.019196924043087815 5.02647215414639E-6 0.00753148551734617 0.6824680414007638 0.8947648560885161 0.48593759647166246 0.20292317935778517 
0.9969547412346186 0.9999998946949769 4.7421581410574424E-4 0.7031488935570788 0.98553798100219 0.5882045511626246 0.4214707091554093 
0.025037280872660994 0.06600207896535254 4.30445267420726E-6 0.6838311625695405 0.9320274248357703 0.5880847756724908 0.4055533277554533 
0.9999996705050554 0.999922950724321 9.005709745518731E-4 0.3046073699311662 0.9046608892513963 0.895027797117461 0.10143755453625355 
0.9795825156918992 0.02988491401976867 0.9643147507260251 0.6325853731894236 0.538859389499142 0.802808653661349 0.4968563648703842 
0.983691844590199 3.296281026646588E-5 0.9998203261323265 0.28843316069828906 0.9922200099141965 0.5177955213592246 0.5212617889652428 
0.03863269061968411 0.0057601459872933525 4.5497623962521827E-4 0.5010381058086192 0.21975122331609825 0.5005679969782416 0.4966760842697808 
0.9990282287312818 0.9999869510711165 0.31391452942632536 0.4005372040294195 0.504153770151439 0.4876570414162359 0.2092861624777241 
0.999995607755825 0.9962914573940607 0.9998764499295113 0.49018471370721345 0.777428192822394 0.7350656337890372 0.7417155015686688 
0.9704322230563295 0.006987557318659687 0.9999999804977854 0.673723448916252 0.5951853292665591 0.59585716412156 0.49610814813075993 
0.999969369780886 0.999922950724321 4.51332946027172E-4 0.3046073699311662 0.9046608892513963 0.895027797117461 0.106627346551837 
0.16306875224643824 1.1515342163529677E-4 0.007920959541716677 0.5027855998371632 0.30360278481135694 0.49752443541668245 0.49583814826135497 
0.9999999767422318 1.5379475732137105E-4 6.578244059595728E-4 0.305061353845119 0.9975187278697013 0.609210314193792 0.2093573207761654 
0.9999998350294541 0.9958880391033046 0.21726586066185996 0.30510159716702734 0.6937953284497874 0.6012188192880399 0.4984397752190455 
0.9296970263494555 0.9373121990530376 0.9922047968582588 0.39772207535827275 0.5912872102744782 0.5924782054629412 0.48016335713167246 
0.9702280435140243 0.9999996107555873 0.9968316015401473 0.6911125896675632 0.5123907926197774 0.4876610788339357 0.2066598019883112 
4.5100410282689074E-4 0.1917068932573287 0.9987536630277012 0.5075479586036711 0.9711600367555085 0.7022399898575583 0.6119005574867644 
0.9999999187924835 0.9999419374983372 0.11810846572009748 0.3015452656902348 0.5029989639598402 0.6013814382451342 0.10393952109191362 
0.005004552481588931 0.9998147564934935 0.9999999996209945 0.6897937875170707 0.6099393510070648 0.4979252716607342 0.4985171901898294 
0.9620473594012844 3.544093975026731E-4 0.9663655180169828 0.30732774788057293 0.9948293804900298 0.5754220785619891 0.6725983806745993 
0.999978785265158 0.9999997545836266 4.6504361685730025E-5 0.4924911982825848 0.7054135234783653 0.829118462231221 0.5170827651542701 
0.9999429903270893 0.1346569857120849 0.9999091641822813 0.4048559392951086 0.30692976615017203 0.7001308529269821 0.4816782040265585 
0.02245095347060888 0.9999999930351045 0.9999999097794493 0.6894348105057193 0.6005188312285987 0.4086505835119001 0.4985171901898294 
0.9930223056161104 0.9999946970738376 0.003297634516921666 0.3926170852111087 0.910473571936225 0.5979767637006174 0.20710683401855742 
0.006330128995477691 0.9992407919666754 8.686233441332833E-4 0.5039205151385511 0.7267467735542211 0.8000605253585251 0.46890229228808133 
0.9805118980077441 0.09710515741646031 4.30445267420726E-6 0.3945795416698771 0.6969613129716195 0.7020285328199756 0.4789672343254488 
0.9999523083937386 0.0896273130435368 0.9999512359812311 0.29990154364177884 0.9991442176700547 0.6990463841724033 0.48182491110644643 
0.9989280797537644 3.924074776706643E-5 0.999987037929278 0.30603957486130073 0.4910718279445822 0.6137664070964992 0.6747779467045694 
0.0023082162604536327 0.9999999510988296 4.7421581410574424E-4 0.3030665670856526 0.8876693322825907 0.5906469050185563 0.40549434759122377 
0.9869368515268293 0.9999997494571482 0.3158252657708089 0.410660003526385 0.5134565411458536 0.49505071236440196 0.6000755611470443 
0.023266414118347373 0.991000317546596 0.9998202774016285 0.3180243166145356 0.614470633966967 0.5177708599883452 0.2056922511613173 
7.902890987454558E-8 0.8972332683983739 0.8466213347056636 0.40786147560639247 0.9727844017863971 0.7049117684239959 0.20734386632248838 
0.9999996705050554 0.981023648934101 0.9898017703346906 0.2980454249328407 0.2989602021996288 0.5091483530842925 0.49804128005679416 
0.9996600140306954 0.9989610621652673 0.006073451686685272 0.2955903884591209 0.931228192904106 0.4882532260938589 0.19976357625469096 
0.794648186751593 0.9999469614796065 0.09530662761374653 0.28475641106525806 0.7005956962033452 0.512880573007369 0.5069739327233522 
0.9999951278867399 0.9555536069517996 0.8658374205642679 0.39408750431137085 0.5042219372515225 0.8266323501929886 0.5170827651542701 
0.9999937877460412 0.9987119286305516 0.9999999993532146 0.7061323007078484 0.9939858123550135 0.6998169457154717 0.29559275267564067 
0.999995607755825 0.9011843762442368 0.9712954692535998 0.506128421110068 0.777258137812101 0.6922775671494866 0.7412032023372594 
0.07590003165407011 0.9885984706229398 0.9999432329237716 0.30798754948826745 0.8635935941172872 0.7013744728539418 0.5362340116997355 
0.9999997637327153 0.9999994052528158 6.76170824590594E-5 0.7045508750623897 0.8873510257746736 0.6859194063769672 0.5072462711825317 
0.9999998275329204 6.769870689532086E-5 0.9385576059305707 0.4529989617521254 0.9890201699525156 0.797397039207906 0.5020548368996677 
0.9847698151257768 0.006987557318659687 0.9999999804977854 0.673723448916252 0.580506021577475 0.59585716412156 0.4983079481758664 
0.9999774202283788 0.9999998946949769 4.7421581410574424E-4 0.7070736705598307 0.9200496302020824 0.5882045511626246 0.4059146336837872 
0.970286628799099 0.9999999930351045 0.9942926889959466 0.6906776103175778 0.6202318900511998 0.4948066371646038 0.4985171901898294 
0.925801398944273 0.9958619647710372 0.8890673097621276 0.4536955674731067 0.9028404989421036 0.8926541643282484 0.21374171235973788 
0.9999912725596254 0.013027743015542218 0.9645345808827288 0.31285906015162945 0.9948293804900298 0.609210314193792 0.2093573207761654 
0.9873548775240438 0.9993143162972916 0.9914049880603761 0.4930363051656324 0.9955198677026516 0.7958784938520028 0.4997885563664483 
0.9834479409673706 3.3252075727192345E-5 0.12582596137318375 0.30100789956400337 0.999782186209979 0.48593759647166246 0.19868649235833857 
0.9880086446136916 0.9999328445114702 3.415094711746794E-5 0.6715034939634136 0.8699646654358488 0.8164448450656564 0.40584431772599966 
0.9999997637327153 0.9999994052528158 0.042508718764962095 0.7045508750623897 0.8909867611932899 0.6859194063769672 0.4954323427753211 
0.9999999187924835 0.9386430656804362 5.467855376666587E-4 0.30510159716702734 0.6937953284497874 0.601091755816739 0.10393952109191362 
9.896778529812356E-6 0.20952524095173786 0.9999938094332054 0.6144963461122761 0.9959314631094929 0.5941185209893189 0.5010113568865308 
0.8233063214820627 0.0033680303395322753 0.06423770754997599 0.3232129372992678 0.6936244534068944 0.601091755816739 0.36302175079363136 
0.970286628799099 0.9999999930351045 0.9999999996209945 0.6897937875170707 0.6202318900511998 0.4948066371646038 0.4985171901898294 
0.9997386519918586 3.0659311698916225E-4 4.486852249949158E-7 0.5055229234935953 0.9123965805095501 0.5926239966223537 0.49660837269486646 
0.007279582372647586 0.12013992276938734 0.9970739763714609 0.3937992932772631 0.6101374469004555 0.8266323501929886 0.4994604420041636 
0.8251364177490431 0.0022598054039211224 0.01870263172116815 0.30510159716702734 0.6937953284497874 0.601091755816739 0.19765055674719734 
2.8149023162865605E-4 0.9985531307435502 0.9849332374838956 0.29823908547372435 0.5940710310584734 0.7009859268407729 0.5016997670591398 
0.9866821922484905 0.9999999930351045 1.8483661649026928E-6 0.4883887703461802 0.6354575563058532 0.49514054357653503 0.5036544412242192 
0.9969380584356509 0.9588148627314516 4.30445267420726E-6 0.6908774136974931 0.7917222419544584 0.7005318911397205 0.4979334520228459 
0.9999999187924835 0.9958880391033046 0.015943973862432917 0.30510159716702734 0.6937953284497874 0.601091755816739 0.19765055674719734 
0.006073787809992959 0.9936420555542467 0.007049565780403097 0.3380205683631116 0.7069859053777641 0.7004920432224179 0.21544788971562984 
2.697613088986639E-5 0.08101873528640047 0.0029395618025852555 0.303561712628544 0.9052334277224132 0.6759808200368727 0.137026400595771 
0.9999912725596254 9.558701806680445E-5 0.9645345808827288 0.31285906015162945 0.9948293804900298 0.609210314193792 0.2093573207761654 
0.999999918789842 0.9989610621652673 7.646414713440323E-5 0.2955903884591209 0.931228192904106 0.48861658366860367 0.19976357625469096 
0.9999912725596254 0.9997936964864302 7.078809540848272E-6 0.31285906015162945 0.992848841427254 0.7879444784020265 0.49532761912463263 
0.9999997635058853 0.9582434568306837 0.0021446323896007757 0.326849859076078 0.6363485971024151 0.9184514869834226 0.5191088648614095 
0.006330128995477691 0.9999469614796065 3.285893763384923E-7 0.5039205151385511 0.7005956962033452 0.512880573007369 0.5069739327233522 
0.9999423992162758 0.11311575033857135 2.6379570169585143E-6 0.39850431867262903 0.7928493935745304 0.7710976053749673 0.516345006399296 
0.9513882583680433 0.9386430656804362 0.02731492069081265 0.3047679441400089 0.5029989639598402 0.601091755816739 0.10393952109191362 
0.9543796754222411 3.296281026646588E-5 0.9849634662983322 0.28843316069828906 0.9922200099141965 0.5177955213592246 0.4084435831938292 
9.896778529812356E-6 1.551337604803777E-4 0.9999938094332054 0.6144963461122761 0.995788756121535 0.5941185209893189 0.5010113568865308 
0.9728248903016061 0.9804081249078234 0.007517531341754124 0.6824680414007638 0.8947648560885161 0.5917003029651446 0.2038119349685319 
0.9999912725596254 9.558701806680445E-5 0.9613520495434655 0.31285906015162945 0.9990564225750314 0.609210314193792 0.2093573207761654 
0.9990421478473014 0.9999965750020078 3.285893763384923E-7 0.5039205151385511 0.7016205940681142 0.512880573007369 0.5069739327233522 
0.9261495901790258 0.028343975338654123 0.8890673097621276 0.453801619381926 0.9718107911852566 0.892642984632653 0.2280675972259149 
0.9999429903270893 0.1346569857120849 0.9999091641822813 0.7101155373270007 0.30692976615017203 0.6878539439631788 0.5087237404045388 
0.9997386519918586 3.0659311698916225E-4 4.30445267420726E-6 0.5055229234935953 0.9123965805095501 0.5908841041240217 0.49660837269486646 
0.8870898028056307 0.0057601459872933525 0.02543890841099422 0.4905470820357851 0.29622904927390864 0.47915002857526856 0.4966760842697808 
0.9963061090066732 0.00746700685613394 0.09429919513075208 0.2818740017353262 0.6994343970236803 0.7942467863807695 0.5634055365969393 
0.9999999277873732 0.013004457527483193 0.0015136925101261745 0.305061353845119 0.9975187278697013 0.609210314193792 0.2093573207761654 
0.9684220680692156 0.9997925287585274 0.997317541168113 0.28987916163558536 0.9989645856121829 0.5920494712322065 0.4984664085889632 
0.9996917581933226 0.008197455009145704 0.999937770763062 0.48710371312906486 0.4854134415589758 0.46354144213734916 0.18550333302316394 
0.9999999187924835 0.9958880391033046 0.015924022400455904 0.30510159716702734 0.6937953284497874 0.601091755816739 0.19765055674719734 
0.04244521717229027 0.9999556093929513 0.999987037929278 0.504964046879179 0.5005742383685945 0.6972333504341798 0.495444340514675 
0.9977045989834155 0.9974140452475034 1.1252038160869914E-4 0.4909546581987807 0.6967105726269901 0.7970681983143829 0.502758709847199 
0.999825212655156 0.0896273130435368 0.9999512359812311 0.2891181948182106 0.999277089608612 0.7952506647236499 0.4819629017748735 
0.9999951352103034 0.9999724377094429 0.9977902816168003 0.41017045528704754 0.4992045574575218 0.790580475338262 0.49532761912463263 
0.9999565309974322 0.8485573983159622 0.19294766530629293 0.401738156650266 0.6960281319599413 0.7981869998209328 0.495554207716841 
0.9669008802969148 0.006276238194567629 0.043910418352940794 0.7040491458823808 0.7811096343448822 0.6868344406791939 0.20751647300627854 
0.9998696279373571 0.999311219853078 4.6504361685730025E-5 0.4924911982825848 0.9996050733498876 0.5034046676254197 0.41509611420162373 
0.9999774900495968 0.9999997545836266 0.9997082256797374 0.6299432261767813 0.6664546833933802 0.8302358051817599 0.5170827651542701 
0.9996807291361751 0.9999999790812557 3.4682794531469254E-5 0.49438746304629977 0.6322604442296145 0.5000347825079033 0.45423018483319366 
0.9999912725596254 0.9997936964864302 1.1204828520508178E-4 0.30474011656505484 0.4992045574575218 0.7879444784020265 0.49532761912463263 
0.9895348707990211 0.9989785676980707 7.843234540971583E-5 0.6802005025640567 0.9312281334589125 0.4883759634891725 0.41237535306945095 
