0.4661836501543167 0.7423479919822422 0.9459917086218342 0.45054990983894655 0.6565075177479243 0.5181404467916758 0.4944618542550675 0.5639578312029314 0.47555390880999937 0.4191005474457984 0.36100226278090913 0.4211616632856313 
0.21403622224534535 0.3058270216628418 0.009868604413407589 0.418815106592801 0.506090214759256 0.4714674763614489 0.5782392932305539 0.4886802772519397 0.5502292262548388 0.5395449675684705 0.4874870943250847 0.5955568339279823 
0.8135249773581565 0.5426173091545673 0.14119442723996747 0.5497162200764679 0.43702840626381273 0.4718135326599858 0.5847195518572039 0.6228617976939859 0.48923338772864666 0.4571261324994142 0.4927041112604733 0.5262559052853044 
0.0627432448289802 0.39153668851421164 0.2915085774619664 0.49419016410428607 0.48833158043424474 0.4299373288980932 0.4950511712442444 0.5655166345126436 0.44165935737152395 0.5917704913260363 0.5060386980722997 0.5124155117953682 
0.10707085554735965 0.49960043258141823 0.7249367618270758 0.45215293551891705 0.4771052837651942 0.5038900375392148 0.5234826469424219 0.6872335452288967 0.3556175768083381 0.38729796626473045 0.35699308229675103 0.41309813496567527 
0.13948209874607223 0.008444176727194747 0.9982365096567439 0.48159310926371557 0.5233730396680412 0.5087105492310214 0.48824558357618136 0.455663559649867 0.522088591533473 0.5359262710465016 0.4905748432171106 0.482618636608627 
0.1761652538642019 0.007439130346009709 0.13857538019900423 0.44831523249844374 0.46540158032805223 0.4713659688310046 0.6077424870859985 0.49040364924668534 0.4831831798920853 0.4357094387460259 0.4895659878563361 0.4624017884470189 
0.4382385844194526 0.6836970630155682 0.15466868160425384 0.4580597991488231 0.4367331924023612 0.5102653332444443 0.5044754683765863 0.6357918329486814 0.6014762042129226 0.5410233473271684 0.5963073434164171 0.4255828615696963 
0.35259743146157085 0.36718008266455515 0.16674312169221372 0.4374680861432281 0.45542101585991546 0.4475575779630008 0.5268775211250946 0.5127265682009664 0.342189130930552 0.43938856854275615 0.3824766329038737 0.5075436774227596 
0.35140646905793166 0.3115014205964115 7.863535489057525E-4 0.4962453472875625 0.6565845132086325 0.4708466174600108 0.4494916165171195 0.5624205502932382 0.44470307065524695 0.46518066751680615 0.4524076311122666 0.5470081575346671 
0.0035000081467653765 0.04280520866406906 0.27761921929955974 0.5743184496304594 0.5266279115714008 0.47370345504316963 0.49621810992353593 0.5631014792884262 0.5439710907760846 0.5551983557597598 0.48229675331123756 0.5262734173164304 
0.019429823023613457 0.16710579958455526 0.7262548977391512 0.4241268873842992 0.3784415992997769 0.47096350655048463 0.5262710115262295 0.5122776421483288 0.5213793595209683 0.5118928922246329 0.4804685806430456 0.47633541501574517 
0.00673149585785815 0.17593657099613252 0.11104602113010759 0.4916546411361045 0.5831604598111503 0.4270452646222481 0.4756685921495563 0.5391221574459112 0.491921546419371 0.5105202844253448 0.45224843103009965 0.5526481667119161 
0.1269818480700582 0.5453892194509198 0.35643003689791275 0.5423068815702741 0.44423889332499006 0.5819905989536852 0.4729605575510006 0.4909937067704176 0.4710402809564923 0.45397470444231514 0.5265199554631621 0.493366414752871 
0.3572858292566108 0.3817418134917243 0.5627702144079312 0.6683115343198519 0.4538829308893843 0.4538260611720806 0.5890608438026335 0.48412109044681334 0.5298354168208681 0.552530275649749 0.5114162267880055 0.48489061567323244 
0.00125679250265949 0.30378857036081935 0.9974768912058826 0.5237548647298488 0.3194255803052548 0.4880494303320598 0.49455138801072696 0.6026972752131111 0.5536961319064275 0.593422565140316 0.43327032909419216 0.5260558074396653 
0.2370052855674452 0.7463639269057581 0.46197718503074714 0.4527280154389537 0.4706131158252129 0.47149651240657603 0.6288044414823688 0.5286965279079481 0.5397341543186621 0.5925036416107412 0.5391428838385811 0.5175404113688686 
0.028784198514487574 0.1602941899555111 0.9998996833869827 0.4100730650974152 0.5228820367439496 0.521649628962614 0.5211416878063677 0.5514542975126374 0.4680207195602876 0.4985435013118313 0.5444648049116703 0.4293775909578968 
0.24752252825785337 0.38413857157785375 0.98487446169112 0.48192803121881894 0.5416214498257652 0.5586779232311603 0.5040827894756491 0.5119765195978373 0.37687600409171834 0.5177331093466784 0.4892043458452214 0.5029014629809253 
0.25025996198938505 0.4183022553357457 0.776416180768599 0.4392441038837014 0.5416214498257652 0.5588027470111859 0.47900786225034886 0.512577476959518 0.4654981262546927 0.5292745673900098 0.48343339504535304 0.5340682891754848 
0.23392111926784312 0.9944863143164683 0.7048821388714512 0.43900866952104334 0.44379074049920203 0.4837934458101943 0.5437438126346613 0.6394307125640579 0.3481463093286754 0.5883023429917252 0.5147253009692091 0.43337815988335027 
0.7537259029215755 0.6745419656786074 0.9999555355547805 0.4436049048206151 0.5414697594954914 0.5107388629256732 0.49776881010268376 0.4759860396321005 0.5681267036698264 0.541077657588514 0.4560991536937238 0.5838420197492036 
0.12202918487844802 0.2721033655401236 0.4040466406058065 0.41683187960471935 0.5295070193717524 0.5605889881190528 0.42928827563695576 0.6326817378743591 0.46602454414275446 0.5321156763153719 0.4004856732483093 0.5239319692375428 
0.23644270775357046 0.00445325518573618 0.5603435444123119 0.5599251726229101 0.4623935849892608 0.531827366805368 0.4620841075095938 0.5683681355932022 0.44341788479867894 0.5024426260091683 0.5443642855973911 0.38931957740846984 
0.13685079862537436 0.5453873256472812 0.8532986186412701 0.5207010931426582 0.5291503030969028 0.5526655450285296 0.4931494187035216 0.4883429147603868 0.5373607441241298 0.5310438523698853 0.5373671907323889 0.5067265704521309 
0.0023636317878768798 0.38122092268376934 0.16388349542410036 0.6664678493015596 0.5068885464869389 0.4859220986296775 0.5931689816699246 0.6221863438410529 0.5085075520287796 0.4585363405789752 0.4562815497174377 0.4659963826207998 
7.081920414254705E-4 0.7355752247150519 0.9941549606350478 0.3809665345166281 0.44743728483889567 0.375240906837329 0.5221557617839006 0.5781311602386074 0.5338285267290356 0.4954777503880005 0.4844609372547549 0.45296018739937705 
0.22833383716242078 0.6847630575752514 3.881492653146079E-5 0.5348897460794588 0.45153011383933794 0.3989135165897039 0.3815429854354921 0.5766791203656685 0.4702064602461678 0.37727846951407185 0.4866873958699355 0.5887568613868512 
0.37757476556271274 0.4643826672807563 0.447655088543767 0.4808925364712852 0.5131443305568802 0.48206636020286125 0.49829959685188063 0.5704033605045936 0.4947688213648033 0.4935631595796255 0.5114745146849421 0.5226011220561433 
0.17911352670433311 0.5257850516464825 0.010326573969089092 0.5059044564901198 0.5767265101081231 0.4742446195583101 0.5072406279021505 0.5566895518762195 0.5395990582999797 0.5541169810454794 0.4742358619808055 0.5153559320540304 
0.005738569238709581 0.760831340037116 0.7077918517107016 0.3815442033484754 0.5108236104851881 0.3750558085746729 0.39142442782489906 0.5781311602386074 0.5338285267290356 0.4954777503880005 0.48447200225492487 0.5275462085032991 
0.0031753033556272403 0.15693369366797663 0.44690705598887576 0.4807642347755536 0.5323716119238159 0.4878597310558439 0.49313951631293873 0.3788320130370557 0.5107489299763645 0.5130391893551122 0.4522554824645156 0.5239652602753478 
0.0018513015505450372 0.01084245369071074 0.9828917622030896 0.5946580026101587 0.4520541406254086 0.5328108449687261 0.47218002565504535 0.46904232621519193 0.5305281445196867 0.5124102617731296 0.4905300980161502 0.4928364361722381 
0.14865189584655636 0.6789156533980116 0.13397241761945966 0.4486782878614219 0.4362301810895681 0.44951559349052195 0.6050435588110448 0.5904769093084836 0.48319100945218607 0.4341511328130988 0.5977361974295837 0.42526403958090775 
0.12575219679592858 0.3843250457756976 0.43492179222174926 0.4393214779680161 0.5383752859053184 0.5645287965275617 0.49424986233675006 0.6420101145857107 0.5327991700087957 0.46771140798452515 0.5449813855973427 0.5153709769981224 
0.10989531720055579 0.9999623415051823 0.3167062588850407 0.4392659902654282 0.5348046228955552 0.5665432113507515 0.5183582755238442 0.4350531948169256 0.5418981706599895 0.4539561094769317 0.49322945294790776 0.5238922634238709 
0.4382385844194526 0.48098119654272675 0.007072968441055094 0.5515022696367701 0.4367331924023612 0.5112111811831579 0.5630176790043232 0.6357918329486814 0.5576961310222233 0.5189932357684425 0.5963073434164171 0.48952460526826513 
0.4533522666250352 0.28186161289081196 0.5650070678118009 0.5237548647298488 0.5412120560068171 0.4889327888064944 0.47870946326767677 0.6432446481278239 0.5421176803670031 0.5921998152777834 0.5360086571820418 0.5260558074396653 
0.014188929981407028 0.5520920238803291 0.9896351307736597 0.4503178836271564 0.5171063051615135 0.39422995311140235 0.5025393332128117 0.46197304388812976 0.4922319181265016 0.5423505911125861 0.4889243991979309 0.50290621682334 
0.5381452542470201 0.037780318515285516 0.9404565243307194 0.7656661544261399 0.6101513133042945 0.4437601036222974 0.5000992261368173 0.43131779205400933 0.5344963258128996 0.5409236374781473 0.3789841715637028 0.5216072251056927 
0.23747384456624474 0.12242621589186661 0.46187391561148616 0.6318741534289989 0.47044495838932665 0.47179835717873264 0.4951650735519537 0.6050481603600397 0.541914613756485 0.5550429209253347 0.464239301543074 0.48060392723399287 
0.16184589993922616 0.14225000942090127 0.28959886499987864 0.4486782878614219 0.5087755619700223 0.44953960593944603 0.6070736410582835 0.5902371316699333 0.48319100945218607 0.44890018814534316 0.5618478583458048 0.46002027313697713 
0.14900009932767064 0.31158068016517015 0.9974768912058826 0.5237548647298488 0.40388798346318633 0.4880494303320598 0.49609036964904435 0.6015360008625863 0.5446060535814968 0.427870530596274 0.4332451740618149 0.5363910354673332 
0.5165411487041467 0.008838658231587247 0.4400812860961764 0.4382952170140595 0.5112061108962112 0.4536399368179209 0.49395387929890444 0.48543875086747906 0.4691867174427061 0.5911956119406964 0.5000926693616814 0.5382531308367533 
0.4824294927441417 0.0027253413392891446 0.0 0.4821254105637395 0.461165135304877 0.6022530876135417 0.47298766431587225 0.46903304525956596 0.48153260580674456 0.5990490413694977 0.46095613840259075 0.5247986809851816 
0.009168600382992415 0.06783481666807605 0.6930730738263956 0.38806443092155196 0.4608796316030834 0.5319675177186163 0.5291552030345662 0.527045306166353 0.5145338153548676 0.45121794805506005 0.5466717735587379 0.5063924187825335 
0.6244652883340457 0.626533068810367 0.3209659815569646 0.42423055663801734 0.5375240014349862 0.4289297258658988 0.5293176531113504 0.5121822307554991 0.4769530026419918 0.5570663301876293 0.4539172615599892 0.49521989796102406 
0.11367448312981725 0.29592914005921755 0.5775056844950669 0.45116848345870003 0.4642661591451068 0.5707201136498062 0.5040880615533032 0.4880231297858928 0.5389333131072727 0.533204255224466 0.5190209184865792 0.396535105149098 
0.009168600382992415 0.2931248973312782 0.6542633008316561 0.43977821172237375 0.46785672082724816 0.5330801397230065 0.5325217622798323 0.527045306166353 0.5149001436288358 0.450484632920133 0.5466717735587379 0.38607690967779873 
0.657394854024952 0.8500263091867692 0.060520179403570074 0.4821586798470256 0.4760658897645301 0.5921628129060452 0.5313901580506345 0.5841883635566997 0.481488815768783 0.4978704080998628 0.5149283722612367 0.5409432289650626 
0.43037110796903194 0.004090969630747801 0.9984113176376176 0.49234070243451145 0.43502533862492915 0.4290990473745498 0.47955226253470895 0.5956811616781623 0.4771394647602281 0.4665196478723028 0.454201985660994 0.4291260684177486 
0.49806807562684363 0.2565402475338966 0.7371526801919785 0.6597511540538162 0.5050807304927495 0.45264873421169366 0.4594494948790311 0.48109889360534763 0.5434097727242521 0.5568265243464896 0.4568541474509829 0.5298406463576923 
0.3572858292566108 0.23052261815319514 0.5694180632828308 0.6683115343198519 0.5109652517666646 0.45400875427669934 0.5890608438026335 0.5710252574335171 0.5298756277976433 0.4166843022526888 0.5114162267880055 0.4844532237632695 
0.2656158426688474 0.10787587602933119 0.0030792552583392974 0.5700298348038516 0.48103956374516454 0.4515202202696037 0.42615790275810245 0.5650710415736846 0.4735367341072636 0.5195457992560357 0.5384730417573359 0.48060392723399287 
0.5309129913537046 0.6279783691367028 0.030584225683607358 0.46690211777705504 0.436989292804969 0.5216246499689026 0.532082486097456 0.52819647210604 0.6749864712413077 0.46124190013706606 0.5104679502587192 0.3916011384613485 
0.24597094639911632 0.006440292851670623 0.7632432774517158 0.6181451348193766 0.4855905616766697 0.5114873695268051 0.45479405558954245 0.5880890576926737 0.33715587369124933 0.4986630790427498 0.5344454501820947 0.5078554990998526 
0.02015184932633393 0.4771230968026148 0.0023439611399611593 0.43815022954150773 0.6613198122848951 0.49827408312312915 0.444219822653943 0.3766753980960069 0.44334173048044057 0.5590547602736247 0.44938690788635755 0.48580574629262097 
0.6428901550518658 0.0018810157050371673 0.14964066108040477 0.5735443458221855 0.4367331924023612 0.5113029527219328 0.5630176790043232 0.6356635527852788 0.5998113338144717 0.5189932357684425 0.5957619576950708 0.48878539343605615 
0.002503809230497908 0.28322837453731714 0.8390846468994264 0.48105229870346644 0.5232935124593201 0.4867644103148619 0.49551031815596924 0.4339947842139499 0.5575867786776181 0.5868904180408796 0.5406689062952702 0.5415907104809341 
0.7996893908985061 0.049482760750514276 0.6524489909426616 0.45258752715936235 0.4355567291755282 0.6276662659386397 0.4251094188200474 0.5294365763665092 0.5357222858602264 0.623411950184217 0.5198529180727489 0.3830118308151042 
0.46816527705514643 1.0 0.4443327853184219 0.4387906006128963 0.5804495143792545 0.48077819995895843 0.5184804587521362 0.43071461565665786 0.49352830041107304 0.5594573109131419 0.45661617540774474 0.4883995481528008 
0.1250411628201418 0.0683414869456691 0.4589440803426917 0.42366217636323145 0.5585374319886541 0.5591877834065808 0.529158711683298 0.5172878981773995 0.534011541372696 0.5533537981718475 0.5453576201615046 0.5075369266488319 
0.0014577666595463126 0.9980553946385223 0.018347710866103262 0.30962157372759036 0.44188728999428784 0.5058930657251183 0.49153665894234744 0.5008447629864057 0.7925276083230112 0.5125037163794394 0.48140998791410555 0.40122841446040497 
0.11689736303008101 0.005346932724477744 0.8450720272480315 0.48015920583191934 0.5233730396680412 0.5100113442595717 0.5503748395171665 0.40771573484386714 0.48815393163651055 0.5319553487285352 0.4798110233577674 0.5248853535598043 
0.003083395572324317 0.8399925920513355 0.9631107722520139 0.5229574246528716 0.5174367871497723 0.5223531548997175 0.49062223310160985 0.5170330369808415 0.509029043977051 0.46471927064245366 0.49050704058072186 0.6547033889343012 
0.6682189457897119 0.40460507283826497 0.27177876424452124 0.4502499980051656 0.45268469859602545 0.43264131387032273 0.47572981886906834 0.48262835723351255 0.5461019127934121 0.552309131852277 0.5573611843411754 0.5118831979506977 
0.35464603298895847 0.15199180231110687 0.8316067131844127 0.516301889592347 0.43973685362582104 0.4878785651540887 0.49455138801072696 0.43151200857026767 0.5435734562458647 0.593682506782306 0.4332029128409119 0.5277475721453246 
0.23416505898914453 0.6371466363185123 0.9999638868381682 0.4399370697926241 0.5596922938061003 0.6005690465048003 0.4374153266679873 0.5835686370026926 0.5388128187330564 0.516705384236653 0.5447773712766943 0.530026604694508 
0.48559062189424906 0.42169067038312447 0.3080295224126779 0.5265752226287973 0.5628191930944315 0.4468469024373873 0.6088679125699219 0.6019694746925026 0.6529616660265118 0.5904062767274626 0.5495339660679529 0.48986353142471983 
0.393729983138695 0.1602941899555111 0.997069024471025 0.4100730650974152 0.5308454565652275 0.5106752695929699 0.5211416878063677 0.5946799082458946 0.4540693274425694 0.4985435013118313 0.5444648049116703 0.4306601215451761 
0.0037465069913716342 0.5484193099985671 0.4364192828646179 0.6645723801902896 0.5071977669087373 0.5690398884715218 0.4943380133101376 0.48606629817500296 0.5434097727242521 0.5554144609722099 0.4616875471706338 0.4138467731255431 
0.7536801232538575 0.3001049173090864 0.04272670179101773 0.522727129256253 0.3194821658932544 0.5067557700352617 0.5305564353144583 0.6861332016616642 0.5421812947855015 0.5392157095868007 0.5154375364832986 0.5259706100658784 
0.30787098093335774 0.07451203368878623 0.16541849663836872 0.4016778848598028 0.43693804263083214 0.5658477392344432 0.5141536948049736 0.6406947114809041 0.4852523077638824 0.4944387312226714 0.5624091528700267 0.5113553333850628 
0.5056517990096062 0.0029205352132521956 0.6817528365230797 0.4380474851509377 0.46798947027116145 0.43191548339273783 0.4546284595652203 0.40782001707036514 0.4777858299948215 0.5941459440058 0.459674503948639 0.5079327336933761 
0.30132096971984973 2.3978995342282053E-4 0.9869444061545396 0.42926078129005946 0.6101513133042945 0.4435607332945957 0.5000992261368173 0.5803964484192373 0.5430917614579422 0.5409236374781473 0.3789841715637028 0.5247551266301176 
0.3764247951632098 0.3266353653932059 0.9860180530453976 0.3550675849800329 0.40185340534574315 0.4142568913642338 0.49535298942936734 0.5852514638577392 0.3837705534832954 0.5168164229438669 0.5087031501744199 0.5318312505051646 
0.6433184521214966 0.1647205611380825 0.00870831770906505 0.43597422635780236 0.540037989032057 0.6211129484320547 0.4265521995555442 0.5569010718941295 0.44189168455584316 0.4697019626061447 0.5464326050504055 0.5356445114252691 
0.5249728773911431 0.31404223300190215 0.1318725871022602 0.4552534360753523 0.5058571815777003 0.48766461948467965 0.5261818348419043 0.3792013111969641 0.5118725788123017 0.5471738043690793 0.5529613693875187 0.4841853576471955 
0.23796090534987915 0.22382585199544577 0.9957912377331104 0.4544315225579441 0.44366081509354444 0.4881083726294454 0.4741343972380649 0.6566988195220658 0.5098375386702964 0.5365629125458542 0.5451202596238469 0.5241940497494213 
0.11548385340988898 0.7834929392807137 0.9994899685480253 0.5354057449566946 0.4656736741004874 0.4897050784705452 0.4726683669375025 0.5853968860076495 0.488916074922093 0.5067038506774222 0.48667796587263695 0.6005067430856089 
0.23008793944583233 0.0 5.100977237455784E-4 0.44450874882962466 0.5339659552215467 0.4479915121074268 0.49482258100971743 0.5646860786673528 0.38089455154139784 0.49811048586743834 0.46028069072312383 0.5343446618976674 
0.23747384456624474 0.0011482608941416617 0.43869927168421213 0.48368612250464643 0.46783594173520227 0.4430573648537627 0.49502474331064966 0.5763708481857399 0.5419302776174273 0.5942493687184658 0.4612860496044781 0.47971100015719054 
0.16119478874513715 0.303447724451818 0.1362880266257904 0.44809019280306284 0.4480007574545451 0.3777124004051195 0.582662940104147 0.6233770548738756 0.5239343334972852 0.5929414156244956 0.49264438562974777 0.5260888279347825 
0.009257284231520252 0.03720856921137808 0.1290709262669622 0.6316035962062544 0.4469342603925857 0.4259983871836327 0.42448278267715917 0.40087910224475853 0.5260358991953656 0.5861029594277416 0.5382786403940488 0.48105873817541034 
0.8135399222774772 0.04966756723988858 0.9982739460814826 0.4527051275363369 0.43628022290710944 0.63338284588192 0.42303772732661193 0.6274858469359016 0.6778726816500015 0.46315930308230047 0.48717882189567197 0.5121331915978535 
0.5379775107806479 0.7752766054943014 0.478304978586083 0.480556603711858 0.4490386065910316 0.443649059434319 0.4941164539287119 0.4437888220113563 0.5401376460436311 0.4660960864687912 0.5126155949420926 0.5082985433121856 
0.14642837567063652 0.49030675300789406 0.5632817922632121 0.4466152144845827 0.37374955223562467 0.42538476036128414 0.4955762193737742 0.5651223299592217 0.4934920423052964 0.5123413770642407 0.4809154280520819 0.48103481497595785 
0.11473462404631612 0.47810820532531395 0.9998815133083684 0.41504917094444665 0.5069514362560025 0.5745727691324456 0.49035485829610015 0.5801004165472422 0.5346688365715683 0.4192235320697112 0.4862649965541044 0.4122176891776194 
0.6257491735629372 0.41165406826239115 0.009960895413794774 0.42395928723847565 0.5048796472533188 0.44411954886508265 0.45730282991586524 0.5639050926325812 0.5512604945852558 0.5394544299810455 0.4875077445068278 0.6214347334031762 
0.4382385844194526 0.13659522113584047 0.14790089739180456 0.5490270963552446 0.4367331924023612 0.5112111811831579 0.5630176790043232 0.6357918329486814 0.5998113338144717 0.5189932357684425 0.5963073434164171 0.4893538770615024 
0.3462274582901751 0.08455245907497427 0.5583210876989146 0.5742949138709286 0.4511707997496045 0.48362002654452524 0.4935257835086492 0.5683681355932022 0.5438739762071507 0.5024426260091683 0.4571764626703204 0.524000877211215 
0.009207180981060381 0.15474449760520287 0.3177904570421369 0.49206745342115743 0.4914483465288727 0.5108355217428425 0.39661894451033963 0.5949367695769416 0.5457295338307214 0.551451712436602 0.5073012881082173 0.4205384854770693 
0.23572827358667842 0.3816513159553917 0.49737711373119703 0.4702567436234441 0.5134459774263462 0.4814882131527426 0.4983962981615618 0.47295961571479483 0.5153784673668753 0.5074727414151466 0.4922483937295043 0.5230374361236915 
0.24043165961721327 0.5454922501734593 0.8175963892072916 0.44060348364466756 0.5411967778100818 0.4813151580232312 0.508019530734126 0.512577476959518 0.48544864439001517 0.5301348114934219 0.4719200185387524 0.5241844834370034 
0.4263391173825532 0.2721033655401236 0.4040466406058065 0.41683187960471935 0.5296023832485146 0.560541981540261 0.42961146921728177 0.6326817378743591 0.46602454414275446 0.5321156763153719 0.4004856732483093 0.5095738162950968 
0.3566795303137406 0.9980553946385223 0.018347710866103262 0.40388789704046324 0.44188728999428784 0.49073690523323354 0.4915145929877803 0.47719548145577584 0.8063531255109955 0.4540580283167336 0.5488175824197182 0.4002855802884706 
0.14865189584655636 0.13084159057237113 0.13397241761945966 0.4486782878614219 0.5087102191068629 0.44951559349052195 0.6070736410582835 0.5904769093084836 0.48319100945218607 0.4341511328130988 0.5557664170543374 0.46002027313697713 
0.001148742451492879 0.46671796535339194 0.5632817922632121 0.5722584267469282 0.3742631183394871 0.42487327358390903 0.49486826777529946 0.5651223299592217 0.4934920423052964 0.512059278829089 0.4809154280520819 0.48103481497595785 
0.5908949980542978 0.1735351804389157 0.6005068637621771 0.4582183055367528 0.4631367396132535 0.5656083030573432 0.5153424630802594 0.6388864633399857 0.48247731515909026 0.4940429237280501 0.5444932505679112 0.3873444430301568 
0.003876822618022859 0.8579822352998566 0.1318725871022602 0.4552534360753523 0.38895687094376885 0.48766461948467965 0.4731624132453026 0.3794324041324907 0.5111670738012684 0.5471738043690793 0.5452008989654105 0.5263200157458928 
0.5278646806578882 0.4435362826951088 0.7371526801919785 0.6645723801902896 0.5071977669087373 0.3761754631207447 0.4943403406263776 0.46814774485891253 0.5427806514826807 0.6005044938094952 0.4616875471706338 0.5598777187512011 
1.489813063023926E-4 0.00647600959984667 0.8470582668496547 0.5662562756944886 0.560464417204661 0.5224813798117675 0.4422682781959213 0.5982728522426413 0.5987429965631601 0.46165358210735413 0.5060579160746966 0.41544774219742064 
0.010636990428428533 0.3277430216014309 0.4663724088938975 0.5369682804302611 0.5178784579015011 0.3943293052801863 0.3625800072254849 0.5766518644328287 0.42331815281002083 0.5132560544303325 0.4870077389611817 0.5878246250554152 
0.004744767715643278 0.2822147751227932 0.26492652222984947 0.43236698249130956 0.4465780533253044 0.42401894945092355 0.47218002565504535 0.46172368221580784 0.5397409022006295 0.46536274566128333 0.5387378361908424 0.4334621009691483 
0.5465767078625384 0.316253393285554 0.9872842706781316 0.480556603711858 0.5072271577314311 0.44623767358215394 0.4973149105475198 0.44272157385844335 0.5401376460436311 0.5135086669265364 0.5137465457383896 0.5067629773908914 
0.9969084689103203 0.2623240135077117 0.1362880266257904 0.44809019280306284 0.4480007574545451 0.3777124004051195 0.582662940104147 0.6244724862889485 0.5239343334972852 0.565929694340824 0.49264438562974777 0.5313589839664489 
0.00673149585785815 0.17593657099613252 0.0 0.4479511911467554 0.43583662647829113 0.46971752156373736 0.47422607099058306 0.5391221574459112 0.491921546419371 0.5105202844253448 0.4864995675330853 0.5526481667119161 
0.11809213069883501 0.36380671184908 0.8536379558561097 0.5206914326979367 0.47070774205947685 0.5080799635582895 0.45148780008440315 0.45653520443837137 0.5242831137314296 0.5304766537916267 0.46619067613846377 0.4301661646588878 
0.3804681442406781 0.002029930150070247 0.8327367529424645 0.44782277978592344 0.537907367896715 0.5698361833785506 0.45791515261855903 0.407867987560383 0.3401280892830797 0.5371188366110394 0.4879083188930172 0.5078790761840678 
0.6244652883340457 0.6031031873582565 0.7140429344793229 0.4239727741484059 0.5375240014349862 0.47085003514781576 0.5262710115262295 0.5121822307554991 0.4897998071278655 0.5232835553408439 0.48503818338025206 0.49521989796102406 
0.28418987268571144 0.5453873256472812 0.43858772380208805 0.5201783226373774 0.5291503030969028 0.5526655450285296 0.4931494187035216 0.5472008549212956 0.5373607441241298 0.5173477663022632 0.5373671907323889 0.5067265704521309 
0.3109411704936104 0.2721033655401236 0.4040466406058065 0.4168904447192376 0.5465989695182173 0.5075063287942757 0.41546001598813737 0.6393155941803527 0.46383926031651174 0.536025643729709 0.41101033200071324 0.5095738162950968 
0.1642731237349404 0.2804743797109852 0.7914678897272884 0.4505992358529822 0.4513522729065299 0.48504512590651166 0.42374178113850536 0.6014528974885726 0.5391632330894246 0.6072189837363842 0.5573611843411754 0.5120628764719841 
0.12370670886477905 4.1599090720785857E-7 0.028442491886626297 0.42436369645009225 0.43868014317474324 0.47101784042923445 0.5263980903373356 0.5744871990595795 0.4479923297007858 0.5279200118347774 0.4845377015911658 0.5604148173575431 
0.5398581331021957 0.4136655344895743 0.49958407259951654 0.480556603711858 0.48670738856016366 0.4459380173759204 0.4976625816705258 0.44331825181631174 0.5401376460436311 0.4717364032585594 0.5233686197224194 0.5217971311379723 
0.032389841549367054 0.5600224173297343 0.2218496174220404 0.4964094485742908 0.5051923357161803 0.45355303096371147 0.4499217620304884 0.4869476145450258 0.4414916622097599 0.5914018348099072 0.5021997150833493 0.5313421574213361 
0.0031683556170513053 0.6080248138592206 0.0028496301003267666 0.4426305236278906 0.5072255203690649 0.4718298747888414 0.5447062513851828 0.4889395251354062 0.4817158552093346 0.5368279885781617 0.4903944155511529 0.5890384020846644 
0.025588703539480645 0.7386878817725315 0.016609002306450182 0.6636570827014638 0.487364112323723 0.4507391057293267 0.4950511712442444 0.5814009723438788 0.5344790707637392 0.6015317288524519 0.510723759426297 0.524965600670833 
0.3658348731110549 0.26215847903561273 0.28164119815203065 0.6679106308351622 0.44875190900349843 0.48962643466237554 0.47218002565504535 0.5147483332630367 0.5248964037225835 0.497992183541453 0.4567683832988736 0.4498929253642865 
0.4207270219480406 0.004090969630747801 0.3073902577164437 0.4926555570254526 0.46572568191784797 0.4290990473745498 0.47955226253470895 0.5956811616781623 0.4771394647602281 0.5488707796516421 0.454201985660994 0.4291260684177486 
0.7062592035357573 0.17456195172781402 0.4530648812612142 0.43597422635780236 0.538636579289279 0.5650262916718463 0.4265521995555442 0.5743928221385859 0.4452876314327274 0.4697019626061447 0.5464326050504055 0.5017268183046624 
0.0031683556170513053 0.3058270216628418 0.0028496301003267666 0.4426305236278906 0.5313710267870039 0.4718298747888414 0.5768509681548439 0.4889395251354062 0.4817158552093346 0.5382416023231534 0.49063515905156513 0.5470312180721449 
0.6284546667056239 0.07451203368878623 0.994333159815409 0.44686132326209815 0.4513522729065299 0.4809104443440543 0.44938972189420023 0.487444834000832 0.4751381160051835 0.5966945865804687 0.5575880176272762 0.49092686259818313 
0.25230329572828314 0.8498774699892129 0.07142160705616019 0.4746214683863406 0.42810262020723544 0.5710503203684705 0.4633754877228214 0.5940442053263864 0.47485555765192494 0.4987856382700826 0.4494593031232798 0.5060442699560175 
0.780322357266506 0.984694823606783 0.5469572028036589 0.4680456645369387 0.44213329479298247 0.5790923448902714 0.5149906430384782 0.5650599336724365 0.5743469438534645 0.5592252103546795 0.40619434399612786 0.5249016228571551 
0.3390643184657424 0.7187405888218833 0.28846796014288195 0.522777914547835 0.43202879172882447 0.4809550687968022 0.4476333028996007 0.5835038114194273 0.40576709336672573 0.6007047878427887 0.47435722597841834 0.4778798141520821 
0.3572858292566108 0.6513362115713752 0.5625572983271979 0.5316083810042856 0.4199962449138046 0.45400875427669934 0.49221744736458284 0.5710252574335171 0.4462622965904489 0.5022200091997949 0.5125207181105446 0.4844532237632695 
0.1380893400362274 0.17546656075360034 0.005740601678754481 0.37720484076687544 0.43583662647829113 0.46971752156373736 0.47422607099058306 0.5536391675782287 0.491921546419371 0.5925907422371444 0.48661644983780544 0.585922480287778 
0.010720907223231907 0.437583528982869 0.9931465980810211 0.2841046831492636 0.41542818146958466 0.6134693254695704 0.5835652839273047 0.43451224101025754 0.4934920423052964 0.512059278829089 0.4921129673032356 0.4532887484729091 
0.10983088389389223 0.7501280139775879 0.5159110895851668 0.5217787032046625 0.42944471369956405 0.4797907323656351 0.4468046436506067 0.48091580477587337 0.4043579674899517 0.5357133532249809 0.47435722597841834 0.4769106266259548 
0.2251889766814235 0.0 0.2762271181313497 0.668008750304506 0.2883742822887758 0.5338929298297835 0.4935257835086492 0.6865818211569399 0.38089455154139784 0.5169217005538823 0.4609134566428918 0.5022692760080326 
0.0018513015505450372 0.01084245369071074 0.5812596081511212 0.5973748868510086 0.4520541406254086 0.5328108449687261 0.47218002565504535 0.4693758267884068 0.5247197002714904 0.5169449021051876 0.5149782398205125 0.4375915265146969 
0.23796090534987915 0.22506553265534227 0.1353355250044721 0.4545515450409586 0.44366081509354444 0.6346866913529916 0.47339815082425984 0.4894474183617905 0.537763609979111 0.5471738043690793 0.5451202596238469 0.5241940497494213 
0.23363069832441105 0.17183141248001396 0.6012970880391548 0.4579646853157324 0.4627093964946538 0.5325173228290841 0.4638480139828491 0.6453142119588358 0.477199204897622 0.5404695190046808 0.546966858242953 0.3912153886333075 
0.429888947233826 0.15474449760520287 0.30511778436535153 0.49206745342115743 0.4914483465288727 0.5108355217428425 0.5202185858101593 0.5949367695769416 0.5459273089792582 0.5366304360260046 0.5073012881082173 0.4205384854770693 
0.394605066835765 0.15882671667827852 0.7045183104984505 0.4745045691608057 0.4514490799594155 0.43100379661920984 0.5302063145435372 0.4591618063979106 0.3461341927190015 0.4854493482163868 0.486635165724983 0.5933735080008076 
0.3077778729122765 0.42733467689452564 0.03903733657446453 0.4322883828676569 0.45269325313919195 0.47309600346331154 0.38431667688304666 0.5165312471848855 0.5827908518568543 0.5391930300595164 0.4860152036259711 0.4262217262575232 
0.005852315819558945 0.1637596331899067 0.5826521934285681 0.5101093073679365 0.46222895210881315 0.5687364531358564 0.45922318451693367 0.4878309005970676 0.5293266124555391 0.5338130782041753 0.4552301546541633 0.5042062222879773 
0.3462274582901751 0.0 7.05159682051898E-5 0.4258290373217036 0.6565845132086325 0.44411954886508265 0.4722871453032232 0.5653416167884774 0.44472038495280597 0.46572132047963405 0.4520783289291815 0.5577210067111229 
0.3982867477265842 0.0020233666907029458 0.1346923487112095 0.7933667196091564 0.619307934716522 0.4240823904325663 0.5038642823333586 0.4614303994802912 0.4289174122765787 0.49538024843080974 0.5131614774294961 0.42706646677771687 
0.3916894555616678 0.4438617774902288 0.7645227605396951 0.4422958310719993 0.39511605039800674 0.4142568913642338 0.4953817620499427 0.6030696973318876 0.655966124686013 0.5119194219308613 0.5087031501744199 0.5292118555968168 
0.0 0.42360526331387727 0.8312956989136182 0.5423490861338699 0.4487735321510236 0.48905759017577266 0.39531679959090726 0.5145062262773042 0.5567963683952711 0.5526151333122505 0.35401264247272957 0.5251504325911661 
0.0062765607556839464 0.005326579956071536 0.44760263301162856 0.5734352364534652 0.5191356694828986 0.5336730034860481 0.49362722115150814 0.4653793421880767 0.5229228636744867 0.46536274566128333 0.5380645492659858 0.5070401625039856 
0.11548385340988898 0.6142269268656451 0.5155007299541747 0.4447785475116233 0.5322539116418958 0.47568950012696093 0.4740086857089373 0.5352603198591811 0.4888010733379688 0.47783532924442473 0.5114497271305545 0.5344029290069976 
0.1180679115977495 0.37601697089138486 0.013959134031735071 0.5228263124239275 0.42132866700034427 0.47565423696248843 0.45148780008440315 0.4770641695121184 0.4477069017665535 0.5306618284932446 0.45993544824268673 0.427909480940648 
0.7125168130070857 0.17184942865371322 0.7262548977391512 0.4241268873842992 0.3844966760354433 0.47085003514781576 0.5262710115262295 0.5121822307554991 0.4897998071278655 0.48248789209766096 0.5363885127144962 0.5781102160759317 
0.29976627932283156 0.296470793961625 0.6524489909426616 0.45258752715936235 0.46830445259028636 0.6276662659386397 0.5324983116081916 0.5294365763665092 0.5390245663341706 0.5743236245769877 0.5191379145857531 0.3927364153605824 
0.11478071224413003 0.0026301324406770646 0.27660048413311467 0.5760143764485001 0.5589278368394107 0.4719282367388107 0.47531357870422175 0.4769710666354235 0.4958676816415633 0.5533537981718475 0.5085814162847555 0.5020286116788332 
0.3226824838082706 0.7388723647248574 0.9480822148708826 0.44685735174411806 0.5061853374454186 0.4615256255749529 0.49440277726767495 0.4202153099595786 0.4901313223364546 0.41910000187317525 0.4240189121184404 0.48905127938243464 
0.30124059951091126 0.5593038560013438 0.22428847539121782 0.5355062786232314 0.5067499926035478 0.5310241707929513 0.49440277726767495 0.5468213739036545 0.49366324879136236 0.4165773028765451 0.5019210706579947 0.48875128024399134 
0.3804172742653868 0.5456256037569125 1.0 0.45122023290205077 0.566081441688546 0.48671544451132176 0.49443837722779166 0.5525095774271553 0.6005003577154147 0.4703172963946612 0.5466171208330628 0.4901586921404645 
0.007840828177256766 1.028117531416857E-4 0.02844528886298353 0.4319159471194796 0.4398917895077393 0.4846684850449463 0.5993824072783329 0.6898004966320515 0.47906505909767916 0.4730743297947822 0.4869319176475967 0.4724778317237833 
1.489813063023926E-4 0.12419865172715903 0.8470582668496547 0.5662562756944886 0.560464417204661 0.5224813798117675 0.4422682781959213 0.5982728522426413 0.39882751973429453 0.46165358210735413 0.5060579160746966 0.41544774219742064 
0.5354864155027987 0.5520920238803291 0.9896351307736597 0.4500739798141388 0.5694517434179366 0.4813326757317449 0.5025393332128117 0.4565790740479291 0.4922319181265016 0.5181044853530148 0.4891042378334711 0.50290621682334 
0.0037465069913716342 0.5484193099985671 0.7371526801919785 0.6645723801902896 0.5071977669087373 0.4552171162941195 0.4943380133101376 0.4860711943078564 0.5434097727242521 0.5554144609722099 0.4616875471706338 0.5249456103370597 
0.24672550532058873 0.8374609757424336 0.987786193129336 0.6027882100128497 0.47210991785819445 0.5102740785254547 0.4569253837768801 0.585704443841202 0.4254513444427925 0.540642308631192 0.4597363884253813 0.4226293010507369 
0.21369435505368617 0.42360526331387727 0.2898131029184571 0.5558043654072399 0.5451320838247028 0.5014014091890038 0.39587719483076333 0.5145008106829857 0.4855169105707542 0.5299091383646287 0.472332422349279 0.5241799610686728 
0.6286476003386426 0.0 0.7262548977391512 0.4241268873842992 0.4533058240547032 0.47085003514781576 0.5262710115262295 0.5121822307554991 0.4897998071278655 0.48171447703776654 0.48503818338025206 0.5604148173575431 
0.02652294028081617 0.7376233264446526 0.29091983335930993 0.4529328786714113 0.4504596438310579 0.48242081995113145 0.5349755428016685 0.5305160193108323 0.539561974865411 0.5751476601399428 0.4912234375804611 0.524161385257003 
0.5308339140303603 0.17623201574941272 0.34067700711327603 0.46648447249755365 0.3356289438090564 0.5632860594918346 0.49476961079308673 0.5158018072155839 0.5792332096191273 0.5201608299269344 0.6944580046073212 0.42695074203992633 
0.3244838484662076 0.38133762355799794 0.3067541972599951 0.4399044396302236 0.5324954104324415 0.4843072485781784 0.4615149997656569 0.5832862450942806 0.48743301831067815 0.5068836561256808 0.5101604113515976 0.47075504792823675 
0.11478071224413003 0.0683414869456691 0.6932276395944261 0.38859221189162496 0.5589278368394107 0.4728200161835978 0.529158711683298 0.5172878981773995 0.49382942551900916 0.5533537981718475 0.5089943490354853 0.5075369266488319 
0.24597094639911632 0.16473840674512968 0.7632432774517158 0.625587905894414 0.48442563472616784 0.5114873695268051 0.5210910658268535 0.5721013794930707 0.5809123946094688 0.4986630790427498 0.5344454501820947 0.4282556117219283 
0.37788426135052877 0.17593657099613252 0.0 0.4479511911467554 0.43583662647829113 0.46971752156373736 0.47422607099058306 0.5536391675782287 0.491921546419371 0.5105202844253448 0.4864995675330853 0.5879026530611822 
0.12357629013407567 0.14906816105730364 0.8179231642896714 0.44469178404383336 0.5089297869861652 0.48398113343476784 0.45033369131974954 0.4785925754646433 0.4943727179632562 0.5548419678494457 0.5080210971216086 0.47615795609548955 
