0.4963033589293405 0.7844561067041096 6.123062096443808E-5 0.5306192593106596 0.5810850351971606 0.4837029808086836 0.4985329868002444 0.5365211780419347 0.5863625295705283 0.5237539223200964 0.4329101062198638 0.5051445181584405 
0.2317288156481051 0.0013617679541338135 0.8045428746244981 0.523739839206792 0.46286223300651447 0.47884415311601425 0.6333177768996793 0.5581273604186998 0.6047840962273797 0.5959319050108691 0.5423214021895814 0.44028321846561325 
5.2463813724062947E-5 0.3726310112493385 0.6259144066262672 0.4543581969794023 0.5981657442409815 0.5996196026664483 0.1974173015452736 0.41123361580909495 0.5514273185874876 0.40544286876104496 0.5354084187208455 0.5604293353355172 
0.0020338365811728987 0.1165056857867584 0.14886994159854833 0.5004910757533138 0.5747347552156662 0.49618501372428353 0.44996417578237013 0.44582355504841936 0.493827677753859 0.512539065003581 0.44026468554207415 0.3264194839510709 
0.5038816441743648 0.3708597607419141 0.9895687765635197 0.5459762377791862 0.5776972130334621 0.46358104177630427 0.4806040856383796 0.4092098033325055 0.5514410529354159 0.41876758846705003 0.507201537687672 0.45836415440235356 
1.507988495138904E-4 0.2580814858740138 0.7954146679647585 0.43319261061954994 0.5587112524641483 0.35469021040447385 0.5963235552614424 0.43126436984441 0.5244892416213423 0.5232414951375339 0.5365638801909675 0.43674823445202615 
0.10406746696314376 0.03679996057728874 0.16987316760944565 0.5325147327494982 0.5271987176555172 0.4389710407330354 0.564698786389217 0.45039693232510136 0.5366426469352227 0.42113692097718214 0.4405605570360123 0.5429418099174111 
0.21447557670834339 0.0 0.22262996617071693 0.45407833347342774 0.5455946548718478 0.47935993412839106 0.43628876210064754 0.5904181963538521 0.4458620693023201 0.39957096319469676 0.4605513228359756 0.44170432369453644 
0.3446965993374791 0.7267734931914116 0.9999973519982832 0.565037089309906 0.7793999152881159 0.4436054954855059 0.5260306539204016 0.4166149294357558 0.41590873466713607 0.5496180343826041 0.5968933842098236 0.4546236360226036 
0.02641430775586176 0.017771312254374227 3.6150539184494563E-6 0.5115706059430768 0.48208096013799373 0.459874061359708 0.49648309261100354 0.4976559212689231 0.5034582223386413 0.4987050176391832 0.4741126544017196 0.5276504642500958 
0.36538738675720384 0.5597475873924733 0.8066629503519587 0.5637114816492759 0.43580305105426526 0.4640501770264815 0.4981354901718642 0.5366193289327031 0.46920292811628245 0.4668959703590369 0.5405099177400606 0.5084088720334138 
0.4444669967372603 0.3730738714736824 0.6408961754817075 0.5542077277690601 0.4306239450125512 0.4991344735873269 0.5013347519175277 0.6871325762683883 0.47885410187541894 0.4048035182271079 0.5378612293175433 0.5566531954343692 
0.11895663595922512 0.01472337832290077 0.7655258024495833 0.481530599633501 0.5745986599237658 0.4907029110006254 0.5868696238130965 0.4425768555504077 0.542606044327855 0.4737793652877044 0.4699464231007977 0.5198485066265601 
0.15113237064796703 0.3945406301247465 0.005644634147449534 0.4793688086856994 0.5724884930891678 0.47871882258763976 0.5707753806557545 0.4855812072278256 0.5119695573439197 0.5105516454176953 0.5365999645896503 0.5274669053953783 
0.21533602942177998 0.240733164029587 0.1974304399035042 0.49666738619305284 0.625119919322955 0.4835501609605543 0.6730135135348935 0.5073977420666029 0.5216246807141046 0.5232782360203128 0.5307897719231325 0.5471908198807255 
0.7436579820014818 0.4335530604907004 0.003173895278627386 0.4605816353481837 0.5810850351971606 0.4560491086757895 0.46586735963269515 0.46065333486653864 0.5861299477610948 0.5672921994288538 0.4391168520728256 0.4967331760693765 
0.12382997689456876 0.23807949418239405 0.40382406299839757 0.563223756691409 0.5105798696864972 0.49781066081863823 0.5107169697297954 0.44237540441962664 0.4874936045028608 0.48118337472256334 0.46919147450264337 0.5229805778555775 
0.0064432552302282065 0.551465368454442 0.9775601091346571 0.46374684025081464 0.7075761381217807 0.5004145135772785 0.5896491774472221 0.5066081109557429 0.49005920977311984 0.5034070913819877 0.4289242964686067 0.5355125949194783 
0.009741717923281323 0.4343734924828866 0.21087652843944366 0.5289084539653802 0.43551218714272155 0.5433012347178293 0.5117435909893864 0.5259551274399685 0.46715839214167054 0.3977460114729172 0.49547667832121195 0.520742973076639 
0.15169280792675321 0.17352828369299164 0.6470672382172995 0.5290654518212914 0.4170469669493831 0.5548661424447616 0.5185865808107258 0.4640919634310094 0.4857529636719752 0.4359423987757717 0.5388598756983767 0.5243392778828239 
0.13955413943886155 0.08953261319909755 0.5213914353903848 0.4775944208951201 0.5718929880344217 0.49634920295622587 0.5690774300965181 0.46241181188496405 0.3793305373125354 0.42577168587895403 0.536495799881294 0.5450873015142802 
0.40225214060486336 0.34083337262444313 0.18207171401710648 0.5438973554677551 0.5079568784396248 0.5044602129383906 0.4996891947139171 0.4664440934916986 0.47906037614145147 0.5030938340144864 0.454388412889898 0.542886212580655 
0.12022914036969627 0.2589317149489424 0.7929334139441656 0.5440825538987746 0.6770826724779161 0.4763316404365473 0.5465686722658282 0.5141940815513141 0.4864422298684554 0.5223565653874132 0.4446068258516564 0.38307842053401464 
0.46945483495829887 0.7138682318760966 0.3852890166727998 0.5641874323977526 0.5289957612152361 0.5052007786694852 0.5218201438613603 0.498173409594567 0.5097249591046917 0.4490081444001992 0.5480109229260955 0.542744353266366 
0.6058750456801087 0.6256980813283293 6.245985979009544E-5 0.46206533210724776 0.6959621577322351 0.4461494819681062 0.5243631511301989 0.5847788750625033 0.48824452711818844 0.23562692340729363 0.3693050968290839 0.6160550953848024 
6.706643304086324E-4 0.2566595332653808 0.5766787835971597 0.5293109526885381 0.5612334979779752 0.328428650175934 0.5247159446354077 0.5489642348556665 0.48747060248316665 0.4730472207356293 0.4587814199100444 0.4490967738605513 
0.32026117182460956 0.8050638463932418 0.5188370290129286 0.5122745077264298 0.4522090542234774 0.39752393433963606 0.5131088267863751 0.5046121631791026 0.5257159928677009 0.40565536791000867 0.382238240125343 0.3478235405988136 
0.5143497510187606 0.4290221395365062 0.4089676040294762 0.5012061977125741 0.4508820595639021 0.5441956031272595 0.6769831088046152 0.49952046745676804 0.48366204853731615 0.5927107341677395 0.20292072255328855 0.5236718133545141 
0.6159356081020351 0.8359400752809194 0.0 0.2338609939077776 0.5643341641476395 0.5214032141495907 0.5704447110371191 0.5273784838054931 0.4152979899711041 0.4837208921508782 0.5337442272966657 0.27149053238404475 
0.20822450998292868 0.7454971945037068 0.0 0.5632478793348941 0.6570901987399825 0.5647164775970281 0.2791988179619437 0.4932308871491867 0.47115596268438226 0.39164713419658614 0.5351731389234062 0.4497159498050245 
0.47300892470142236 5.754155239554135E-4 0.8325268021564254 0.5287703461598425 0.603237607518124 0.5748700828579344 0.5207096671784098 0.4313075865294949 0.5518472647447898 0.549910061241181 0.5053802184368044 0.5404123242009414 
0.3557899724711039 1.490362956966542E-4 0.0176297430958047 0.4990453783711033 0.5626819941515964 0.48189272097485203 0.5003988846269325 0.461418536399416 0.4058158690318364 0.433487381178006 0.5021940112064747 0.4868142069552947 
2.606833983131718E-4 0.8331660925713303 0.9999908212978662 0.526657616858551 0.5746196323481448 0.5186706208815167 0.5206107479491477 0.46669546492745484 0.5230117750767925 0.4041216410942434 0.3861180451156745 0.3393927756761893 
0.00983869785997199 0.10423606438809735 0.6821377515331176 0.4981121313511454 0.5100204043848722 0.5525574517773049 0.6410760856045074 0.4856852272049857 0.6117795742719707 0.3862506251019442 0.6604260717823968 0.521221920979485 
0.10906787632749237 0.7541557115875983 0.019533675586504318 0.5266242809444224 0.5587560360742628 0.48915151985165195 0.49415488544767067 0.44966268812746063 0.4905633713810258 0.5500393037467808 0.44477029384714345 0.4491924023023576 
0.14701331001933904 0.439831077806358 0.9894884631517981 0.49963888358767833 0.5644953629131875 0.3336852793442381 0.5171436673313097 0.5896929780117482 0.4530528716728899 0.5232579831461303 0.5340284010019667 0.35010948992944957 
0.6012230187889838 0.2983059195263123 0.41174189599580246 0.4882311117553554 0.5901039011492126 0.49738881380703137 0.555688932757526 0.42982369333692216 0.5367185250707297 0.5223723721365774 0.4904161793064361 0.5442677334991008 
0.004722662038294419 0.6845352737364568 0.9815393314486194 0.5326050735777096 0.5107345123134391 0.5126797296752064 0.5014569083711551 0.5027136726257451 0.5323849001918387 0.49297512652057673 0.5053312748140257 0.6417916137681574 
0.23357206331757524 0.4290221395365062 0.273561857100838 0.5289084539653802 0.5292884803283838 0.5433012347178293 0.5121077812066487 0.5259551274399685 0.46715839214167054 0.5864042071879084 0.543801904219721 0.692902198722123 
0.23918917958445157 0.27054898980861475 0.5821753794907039 0.5323375455640748 0.4113064521481583 0.6277746316930212 0.40702641805410644 0.37803267495874116 0.5641683711437424 0.3637590014668923 0.5004186049699967 0.6292972828515879 
0.08686526298939096 0.3644057499312565 0.41794607497200537 0.49196613238045894 0.523874874772773 0.4874494485001632 0.6045840013213202 0.6375889904117191 0.5274461734965843 0.4761672783936295 0.5036045380145411 0.5579013913349765 
0.5650422096333529 0.8382058313423787 0.9997463922920077 0.5104877239428782 0.583665651180005 0.34185875325470566 0.4992273133295366 0.567436391665203 0.46523738918570723 0.520136393948598 0.4981907399199177 0.5368576924859613 
0.22841541632378454 0.0027423272842560242 0.6099118076335004 0.4983223664048601 0.5364355556450447 0.48198726614979853 0.45934491636524594 0.4380359168883374 0.5225231238392182 0.6199065792787438 0.5381832219395118 0.3512377495067054 
0.23647151288365575 0.5117996075129643 0.13984729646396266 0.5337317822698663 0.708557996058159 0.5010671949718893 0.6420283599465282 0.40073183529207873 0.4789722528892943 0.49975582654518275 0.5384702285593647 0.5387385720560466 
0.11513716431761 0.4907851895689561 0.8175925620067274 0.48912409439970905 0.606472708732608 0.5179663222394051 0.5699620501713043 0.45039693232510136 0.5366426469352227 0.5121576324592865 0.47453657231137475 0.6103755287689515 
0.0 3.696798808765797E-5 0.3180103306529925 0.49613003762049446 0.538158306929997 0.4421484443819681 0.6580376066413941 0.6362150181844664 0.552805304928666 0.39151618877792727 0.5212359714480419 0.4315995986076806 
0.0 0.6791330331508141 0.21887356010224013 0.49543904891876483 0.5068756497561858 0.4913999513177134 0.541428596382533 0.5121464414191539 0.5166665978134283 0.458240348449919 0.4561033247553995 0.5374326613224256 
0.08831622229629332 0.3644057499312565 0.13571915493637327 0.4927243204393253 0.5244721314553848 0.4874494485001632 0.6055508283354052 0.6381565391074747 0.5274461734965843 0.4859933618406257 0.44538916406076273 0.4446659531928972 
0.615674407666761 0.17272518389345187 3.381382715508807E-5 0.23648518225764117 0.5730751112021613 0.5340584337168992 0.5692972668533569 0.4621618616803225 0.4170370011425835 0.43737305787234615 0.4638020681674486 0.26620560795392245 
0.0 0.0037952800397521025 0.20234811609154235 0.5604522506667936 0.6279518295591927 0.4372714393029214 0.5042324843640668 0.45236736361520424 0.5533791317390904 0.38462435687150337 0.4405564950976131 0.44852716627061495 
0.6535282938078403 0.0 0.9885455565376589 0.5263740743470623 0.5067568274723941 0.5182040917053189 0.6417254454944755 0.4488209566701561 0.6073324983718195 0.23898763518164218 0.4347353983061706 0.48717641453692667 
0.15512211382189145 0.007460302383128892 0.005644634147449534 0.45053658985386635 0.5620400605703124 0.508744968254389 0.5669134654227215 0.519386335068239 0.5044207069027489 0.5294011949082359 0.5033030938566908 0.5128551541384876 
0.23459662941791584 0.5732470708274564 0.8066629503519587 0.49719558563196087 0.4389019381060163 0.3473256285592127 0.5230435195026095 0.5149193184035356 0.5114847979291064 0.4668959703590369 0.5423848308174889 0.6328826332481058 
0.7443180772596037 0.8344530527716849 0.003201877779317852 0.4548298804299225 0.5565364705473977 0.5217875085563679 0.4636090831299704 0.46076648622547434 0.5439824172593917 0.39504020897558734 0.31258041699757133 0.3832279791689471 
0.14656329995673217 0.5939482559868385 0.051128997002632015 0.5600842342976109 0.5387535414037701 0.5123973976223005 0.5655963798809818 0.5061129664755907 0.49408090777452474 0.5298120418726331 0.5336629857240099 0.5330727675174147 
0.36538738675720384 0.41988876918404056 0.8066629503519587 0.5630208422347155 0.43580305105426526 0.4640501770264815 0.5230435195026095 0.5523013109270585 0.46799822282353415 0.4668959703590369 0.46542629407218783 0.39884915900118034 
0.3246202813763109 0.44230786013449175 0.0388711480372117 0.5124636359074276 0.4356263935363383 0.3983849738180971 0.5707360097760618 0.511497405643132 0.47906037614145147 0.417293827384785 0.45531036503630207 0.5364488206489851 
0.23957593304024483 0.12674979789748728 0.4340652624693292 0.49792563579736665 0.4822667324942868 0.6203402331413312 0.555113419346362 0.41965706488427496 0.5301595964062384 0.5015823812016087 0.5347084188735242 0.5255174539152293 
0.3362474041973987 0.42676740421431414 0.5930345990479744 0.49592734538077127 0.4590536202134511 0.4263695679206123 0.5421056835008614 0.5225091222613492 0.4906342604712015 0.45889025232145225 0.5339091370135333 0.5402973682637414 
0.20818757502111018 0.43463058574427194 0.5527136087127607 0.2780579671226455 0.6745805905593614 0.5321230618228414 0.5153264914396364 0.491809474870681 0.41752397134514124 0.45824010575836643 0.3016726082608663 0.5361969149452486 
0.4371593600452629 3.696798808765797E-5 0.9999973519982832 0.5000125536856818 0.7793999152881159 0.4436054954855059 0.5260306539204016 0.4864346570500839 0.42754794476614694 0.5496180343826041 0.5968933842098236 0.44842849170641275 
0.11565356497215573 0.2956442278211418 0.6508189474315045 0.5275193282923404 0.5872464490677144 0.5538079518642611 0.5205451135405744 0.46366483314491086 0.49462991837820613 0.5263348422137603 0.5117536445318798 0.5243392778828239 
0.6012230187889838 0.2990806264026733 0.7353540049549256 0.4882311117553554 0.5901039011492126 0.49774286224536773 0.555688932757526 0.42982369333692216 0.5367185250707297 0.5215183648970384 0.4904161793064361 0.5442677334991008 
0.1552728016889517 0.13334857069433592 0.005644634147449534 0.45053658985386635 0.5620400605703124 0.508744968254389 0.5669273145328342 0.519386335068239 0.5044207069027489 0.365805014248094 0.5033030938566908 0.5128551541384876 
0.39829868443762945 0.18319623880312635 0.9830349449300906 0.4140966583843616 0.41865799529639086 0.4458389010344318 0.5232087284697916 0.5862250093434517 0.4682052513835717 0.5797623647291966 0.505694748378483 0.5443338971132835 
0.46488628124250864 0.6698939215847968 0.7798033490192238 0.4912309279112127 0.5615346128299376 0.4505620303954353 0.49758914826178896 0.5423792651792241 0.5098496015918863 0.5302376188441406 0.516976374921102 0.2987745738858921 
0.45387443052836574 0.5561249177203539 0.9997463922920077 0.4952750721769174 0.5834708174382777 0.4834447928067989 0.4992273133295366 0.5228762221460244 0.42296235550195493 0.520136393948598 0.5207187762789153 0.5368728765884192 
0.09535120191030874 0.5078920506793527 0.0 0.23018289798439 0.46518665171057666 0.5675799302593794 0.5691284716272624 0.4746650768089952 0.4526171835468491 0.43737305787234615 0.45115038556009546 0.2647617621838958 
0.7138797017385919 0.012298037592307326 0.4475708786425997 0.5010392442058941 0.5377678306966874 0.5194485208978367 0.6008362439148185 0.4732773236596713 0.5342133540086766 0.4915502389810007 0.4421627567433682 0.522510800333877 
0.7327665594065843 0.37093783035148187 0.49238832804982746 0.509906130107163 0.30989389039987775 0.4763694393806019 0.6013454558991048 0.4096358405566316 0.4519918544570182 0.48570205745904527 0.5365591130129613 0.5224465880088769 
0.3190453794528056 0.6114777458637451 0.9847863446761271 0.5225884123025146 0.5859797170294502 0.4916295841663782 0.5382653513100407 0.46616904010365695 0.491215241479194 0.4986063626626304 0.7033394120283296 0.4538421358655729 
0.1351477294573978 0.266553196482627 0.020612408200307047 0.49268921527940085 0.455480197195684 0.489575016122169 0.5928330890537188 0.4976831903968866 0.5356914912136171 0.3654447993873361 0.5015323296979824 0.5429044595541223 
0.0 0.4146192563439167 1.0 0.5139582184535495 0.538158306929997 0.33532440901478106 0.6416094508871564 0.7965457579204787 0.551787085355429 0.40970012281136103 0.5021940112064747 0.4453808142136646 
0.3654973341469432 0.7689911734643359 0.020229594364868042 0.4989649238563901 0.5300240934359516 0.5152784408583374 0.5314162334449933 0.5221476046898508 0.5036787369895198 0.43716699221667094 0.537584604906493 0.3998661461221557 
0.37445331823713973 0.5953850037548963 0.18849782602874754 0.5307985604338085 0.5631209153499213 0.4613804943472226 0.5141924714856064 0.45491997507510773 0.5058260168369618 0.48121015359452946 0.5829062265322631 0.45483361181902343 
0.009709608474621934 0.0 0.4826282422074436 0.483697681040706 0.5092229692219431 0.3269447973347406 0.6417254454944755 0.44745236816460415 0.50823182058244 0.2320311435783204 0.43375384461303956 0.5259912515968374 
0.0 0.14606157956907972 0.495273409042181 0.529396047138875 0.5146316125887559 0.4794954568163746 0.6823970801579713 0.5024587637813522 0.44996981614201065 0.38159540709921475 0.5201125880988102 0.5389610266262543 
0.20857880458075478 0.7119062277097677 0.5182786160871418 0.3487235280220557 0.49303735054050724 0.4783546108929634 0.40357642461992616 0.4922277106269422 0.4877618352286491 0.3845831319108063 0.500897807907114 0.448730116949961 
0.0 0.11703266422490244 0.37176700941325774 0.49385512117091535 0.5298658109069667 0.45079325282026333 0.5744649114654317 0.4711728507827328 0.5748901558276291 0.3846909570056122 0.4448577671006968 0.5370366485890624 
0.5987960079919977 0.5399043295714742 0.7366197756987726 0.49894264350089196 0.3843970351083519 0.5194549903718695 0.5687144865027934 0.5319773819644502 0.4163135760501127 0.44281228627704183 0.5345827305714347 0.25478642385386796 
0.23957593304024483 3.705284223397276E-5 0.4340652624693292 0.4615616672219823 0.48243277475148777 0.6203402331413312 0.49646445071340556 0.41750700255195333 0.5045184486103641 0.5013036220883278 0.5347084188735242 0.5428992717547882 
0.9918719593806442 0.010489826241136174 1.0 0.49237747349757854 0.4464601546465825 0.3286529455975151 0.5214903343208097 0.5084799692422081 0.4864387129724265 0.5232414951375339 0.521359738723787 0.5316376907436261 
0.5984993928999377 0.003669563407512705 0.6540511626083271 0.5283277152442221 0.38654093890294405 0.5855798603839888 0.5245006467124012 0.46487046806200455 0.4870817810897164 0.5166375433154299 0.5694050865746906 0.6142935890328671 
0.22916675573953205 0.123602159868958 0.7936429228302094 0.4973264034855793 0.5078725655205966 0.40578735221398887 0.5574606013994508 0.4994854103544111 0.5293837979965487 0.3985128997679041 0.5393321014927112 0.526374042065398 
0.7388312551250201 0.16293401822987894 0.9997424068552144 0.49802792650681965 0.5315361046926886 0.6250994760784601 0.5441648886195768 0.5127432730090479 0.5040897774126848 0.4382181627421217 0.5380847949908877 0.2918558214869182 
0.23542614540458184 0.13400738524588246 0.13984729646396266 0.5273216809487054 0.5193138217080702 0.6281561062566308 0.6013023019466929 0.3538735400251065 0.6102109140117716 0.4973572535615643 0.5346303238986233 0.5364455166441798 
0.0 0.6631150825541925 0.510921004139844 0.5255059199111755 0.5697432934105344 0.4811751582138567 0.5462122649096827 0.50809862594811 0.4848404721407048 0.4058881197024705 0.5282035057736013 0.5431460571434845 
0.5388434089317495 0.06979649297670154 0.9997463922920077 0.47831221837799637 0.583665651180005 0.4834447928067989 0.4992273133295366 0.5231619159091722 0.4656703302282219 0.520136393948598 0.5207187762789153 0.5368698337466132 
1.507988495138904E-4 0.48198919696776443 0.7954146679647585 0.5290654518212914 0.5138664574959534 0.33961892241409136 0.5208325492782679 0.4317509916038117 0.5244892416213423 0.5232414951375339 0.5365638801909675 0.43607008235819944 
0.23665899044403482 0.5428441749084827 0.5752455542201734 0.45489571840230286 0.42024846839219915 0.4743143032071511 0.5276922106718621 0.4971636876197487 0.5110753389741943 0.5275789541720158 0.4566990954096823 0.41754244027228016 
0.12022914036969627 0.2589317149489424 0.9954494657323201 0.5440825538987746 0.346533546386871 0.33940775462266853 0.5465686722658282 0.5787812848082512 0.4864672446570046 0.5232414951375339 0.4446068258516564 0.5607711243915875 
0.2165503460354976 0.43463058574427194 0.7960455865919205 0.4359359122309582 0.5440870447070556 0.5310783621598526 0.42152951082036666 0.491809474870681 0.41549455189659584 0.45874761208877035 0.489529599512869 0.49795295660917865 
0.28227453089121846 0.0861938042062804 0.0 0.5614553541904572 0.5180293625320527 0.4963156603064101 0.21439064743378577 0.4303347114095258 0.4945623939353025 0.5114657965217944 0.42072647988497314 0.49211126683727313 
8.894355632290754E-4 0.42622572197430036 0.04178216807888343 0.4651620215514356 0.42232354878553285 0.4732752686804328 0.5657931698679692 0.5173063828612005 0.562685155722985 0.4584393089346267 0.44184329394117855 0.5363827539387509 
0.15244079401539773 0.9485999861626634 0.9620324259015401 0.4928134055812812 0.5830749115918696 0.343346426328787 0.49231363389185856 0.5294812703930281 0.5163875777606157 0.5333348264396831 0.4619520925775801 0.4538421358655729 
0.6267499231659791 0.012795308233658417 3.381382715508807E-5 0.2338609939077776 0.5776750613932228 0.1788439078771823 0.5692972668533569 0.4621618616803225 0.4165136230688347 0.43737305787234615 0.30328800476277556 0.26569170146325194 
0.2671487708434835 0.2902775620017156 0.40382406299839757 0.5797798546231455 0.5105798696864972 0.49781066081863823 0.5134240227718839 0.4556339328978339 0.4874936045028608 0.481236619832485 0.47600285819187454 0.522744488473005 
0.2317288156481051 0.29076703169084533 0.8045428746244981 0.523739839206792 0.4652064464540676 0.47884415311601425 0.6335147998197187 0.5581273604186998 0.6058228270865552 0.5839049805278514 0.5423214021895814 0.43989566576296046 
0.016663209010989055 0.21244865274964625 0.27455021906764343 0.49557279781302804 0.5481106777289623 0.490952093818377 0.6048368660393143 0.5093546214840645 0.4003116497759751 0.43428071330872603 0.5024483830792541 0.6309108721598233 
0.14012911107623 0.8332294499529526 0.38061560909693004 0.5229518317084404 0.4580242671796731 0.4423694560408339 0.6803387350080039 0.4603453429515527 0.5321499273313577 0.4928622128732087 0.5367301527573651 0.6079931559174895 
0.004004485053390711 0.5729719539978858 0.007730526559840439 0.4942513110829402 0.5240619619654193 0.5032186479598809 0.5275641971245245 0.5096913619253987 0.5122167832295791 0.46589502601734545 0.5428585760202664 0.6381615144134017 
0.12670789325504866 0.5821064184349354 0.43247043443350175 0.4614114657888559 0.45814030906055037 0.4182133563586136 0.49723765172406287 0.4168059949520641 0.5395096391623189 0.5811905999076978 0.5341999828579806 0.4391423750596379 
0.15244079401539773 0.6114973388565663 0.9620324259015401 0.4928134055812812 0.5859797170294502 0.343346426328787 0.5567219993120015 0.5050513322717874 0.47581491284765365 0.4609864839976663 0.4565580545589489 0.4538421358655729 
0.3552834948104533 0.20105732840664758 0.6998963985857232 0.4924374300377589 0.4598348789931036 0.4299781139620987 0.5467302222197274 0.48735557952719605 0.5230490753217822 0.4626170120090917 0.5224979607675044 0.533010994300816 
0.6530787614467704 0.002468627324812289 0.011715370730035396 0.49911224915473956 0.5874946036442029 0.49280160835694165 0.5639743390734429 0.5501289536475379 0.5257161794750694 0.5233972756910997 0.4335235031436121 0.48239324973264064 
0.5819345508436496 0.614112651930368 0.45075860190732275 0.5293694467084126 0.5429502828352191 0.42091896106563803 0.5243266165577 0.46305946984622204 0.2825830432495006 0.5166375433154299 0.5372361027666135 0.431226844753757 
0.35683178029676854 0.0 0.6537837860827986 0.4990623191308265 0.5777391395161949 0.16195176838405834 0.5593356683099382 0.5227389471438034 0.4748155479432919 0.4339459217428955 0.43448713346049356 0.48686514043750895 
0.02894968904256129 0.551465368454442 0.3373648670510639 0.46374684025081464 0.7075761381217807 0.5004145135772785 0.6421836492905478 0.5066081109557429 0.49011285472167515 0.5034070913819877 0.4310745890131146 0.5308506204454453 
0.11586521943764488 0.0061691814480987605 0.40937591414367824 0.4975962400971687 0.5377678306966874 0.5194485208978367 0.5697073620860313 0.47045254536990194 0.5342133540086766 0.45237801635739716 0.4450785753297778 0.5429392390459765 
0.0 0.4338801895020208 0.4592459655446397 0.529396047138875 0.3598745529689348 0.4795203416451858 0.4892185370756932 0.4673460715357791 0.4494127862723619 0.40652260427928405 0.21242621650880006 0.5389610266262543 
0.4922045442230335 0.5597475873924733 0.011811248021840748 0.5637114816492759 0.603229568585251 0.4640501770264815 0.5230435195026095 0.513716735497096 0.5248262503950347 0.4668959703590369 0.4329724087628185 0.39884915900118034 
0.12116284265431435 0.8331660925713303 0.9999908212978662 0.526657616858551 0.5746196323481448 0.5190140044383508 0.5206158431335913 0.46724686701076473 0.5230117750767925 0.48292934890524036 0.4699676185685038 0.5340215963919974 
0.60549020488893 0.002536299218152377 0.24225930682964436 0.5293694467084126 0.5426506605650532 0.5855798603839888 0.5245006467124012 0.4639103484348211 0.4768075738946338 0.5166375433154299 0.4665767570516271 0.612887852169451 
0.46132805035859425 0.0069561633989620175 0.37635638315534536 0.4634087207301722 0.47921476155701215 0.5070606554411288 0.49589630234714754 0.42375373922790915 0.56681912062632 0.4056454197299978 0.44516558843185927 0.4388883368553599 
0.08662903301971897 0.3644057499312565 0.8234273978393517 0.4927243204393253 0.5244721314553848 0.4874494485001632 0.6045840013213202 0.6381565391074747 0.5274461734965843 0.4859933618406257 0.44538916406076273 0.5579013913349765 
0.25911014528917525 0.6709564102366841 0.2268384806717083 0.5797798546231455 0.5136495838871025 0.49781066081863823 0.512236232305448 0.47312544110973065 0.6100304179210095 0.481236619832485 0.5031637992518999 0.520359188634248 
0.2969483011848115 0.339026661578954 1.0 0.4962890875796252 0.5644323094631338 0.4919217345310895 0.4806337854408219 0.5289758883618102 0.5176991432665539 0.5031597817198634 0.47282273950883497 0.4687442319295886 
0.0025500297095104817 0.8038566511759297 0.5188370290129286 0.5447682524360491 0.4522090542234774 0.4806715784381482 0.5131088267863751 0.504641972203876 0.5258804785559922 0.4058987049484789 0.38644727267618134 0.3478235405988136 
0.8444589169201708 0.9983777263286744 6.397234863685097E-5 0.4590454463801329 0.5775412546335857 0.4789245644265825 0.5335963910412025 0.4495843733847439 0.5011883148108044 0.4069574053253637 0.5199476857022721 0.2586937202975532 
0.35683178029676854 0.0 0.19547655599778255 0.4987329399930419 0.5776330338296991 0.16195176838405834 0.5631032328961305 0.5227389471438034 0.49031913690989254 0.40130645541689425 0.43359934710496467 0.4824406923909092 
4.5235140709176376E-4 0.10314532233029944 3.6150539184494563E-6 0.5141462166243613 0.621675641688375 0.5526044373423776 0.5663726566229593 0.450943842299452 0.5034582223386413 0.38462933765217994 0.06942156753748605 0.542663527969933 
0.32602264253916574 0.0 0.9978584740090357 0.52928643290597 0.45454389725595956 0.4891446471818247 0.4622786840274778 0.5052450493178487 0.47583211556380806 0.527962198017939 0.45677448432000967 0.4044017071394742 
0.5164434578403218 0.05949914920700444 0.005078111218575987 0.5007166946028291 0.5584019812571519 0.49283050388542987 0.42958632667741575 0.4994687996609429 0.4904572713533753 0.39630431440032565 0.21993415596719118 0.38249091992019346 
0.8102899736719825 0.5927955964661806 0.7696305481669846 0.4912309279112127 0.5624539297754841 0.4505620303954353 0.4979595635063585 0.5423792651792241 0.5931093077763521 0.5302376188441406 0.516976374921102 0.31111159618990314 
0.11591834337356946 0.03652267636505893 0.965530593630977 0.48938379754962097 0.5271987176555172 0.518536328062542 0.5695079958117326 0.45039693232510136 0.5366426469352227 0.4526720254655865 0.4450440988553421 0.5429418099174111 
0.0018758370928743592 0.5428441749084827 0.582831117828646 0.5293109526885381 0.42213607482712734 0.4884422944342146 0.5277473166101747 0.5223819437500001 0.44141005356845386 0.5275981089042624 0.4587814199100444 0.41754244027228016 
0.0035415225387997393 0.8331660925713303 0.07317468700605123 0.526657616858551 0.5746344950165571 0.5196258100785105 0.36699957110462655 0.44618298094762093 0.5226184531767101 0.48292934890524036 0.4699676185685038 0.4911396131374727 
0.40674291925001466 0.955503386273455 0.2163442481384532 0.5081973319792266 0.44795579466597824 0.4781847826796801 0.5029180101707389 0.40802723638514227 0.4424825381916506 0.5664379900581705 0.6411539650886515 0.2860532113404578 
0.012344908452391749 0.20500395690367795 0.04566224865017726 0.45088160679394507 0.5110121820770432 0.47391107995448073 0.4241010074024566 0.4886240794219478 0.5255339433007343 0.523362820441918 0.4893183081060084 0.429307768282401 
0.6505991798582494 0.4290221395365062 0.22029871646573304 0.5289084539653802 0.5292884803283838 0.5433012347178293 0.5117435909893864 0.5259551274399685 0.46715839214167054 0.5861014661067251 0.49547667832121195 0.520742973076639 
0.4444669967372603 0.01103522924475192 0.6408961754817075 0.5610060153826032 0.5079013456809338 0.4991344735873269 0.4961942539000865 0.5125602721651766 0.47885410187541894 0.4048035182271079 0.5378612293175433 0.5566531954343692 
0.49715090283416985 0.12241665867749105 0.15521456997632116 0.49950633234576497 0.5066832315208805 0.4618800378252915 0.5649106995513506 0.5131547226514336 0.4747474939118352 0.3906473295427908 0.39591528860256137 0.5060973362398851 
0.0 0.0 0.8053312794332742 0.46676247599931076 0.4652064464540676 0.47884415311601425 0.6386216671951694 0.49412555221943905 0.607129179201525 0.5114221221830233 0.5423214021895814 0.4495289244051335 
0.6530787614467704 0.9900689256188522 0.015176764174859358 0.5330968383389638 0.5875183988054304 0.49280160835694165 0.5279040793065666 0.5501289536475379 0.5260250873311559 0.5233972756910997 0.44071552583593643 0.5406759641468623 
0.4079902635939654 0.254411547538517 1.0734698158931168E-4 0.5290327997543809 0.6950108238223189 0.46898256696357227 0.21815121718408895 0.45871133781078866 0.5850390570989725 0.49754478036292826 0.7143210845403642 0.42922188179920256 
0.22736665833899528 0.06280678083787272 0.9894884631517981 0.49963888358767833 0.5102181654234819 0.3336852793442381 0.5171436673313097 0.5896929780117482 0.4518308509481767 0.5232414951375339 0.5333082714986548 0.35010948992944957 
0.3805604527235066 0.653678897281501 6.245985979009544E-5 0.4621554557056194 0.6959621577322351 0.46836535739584806 0.5532466995711838 0.5824911698654361 0.4882362119787841 0.2353390250578444 0.3693050968290839 0.48619222743197493 
0.20770020430989933 0.0 0.0 0.5445012887653466 0.687744160511524 0.5672310300135965 0.20426870215051857 0.463650551118337 0.5042306386221956 0.41304541534875583 0.2103031978246664 0.25844710540547977 
0.0 0.302188997231605 5.618609129770524E-4 0.5609873825623146 0.6571575330438495 0.5622161600453209 0.5858523182178379 0.4630425575779805 0.40373486655903307 0.364247336711436 0.17954985809602964 0.2641408178001884 
0.08728027339336408 0.0027423272842560242 0.5937022979779628 0.5030110891862879 0.5380269676711842 0.3789219510299908 0.45934491636524594 0.4386964598142021 0.5532399720610504 0.5708849088376171 0.5381832219395118 0.3512377495067054 
0.1258165445464025 0.15599508788089922 0.15154603467922276 0.5447682524360491 0.5931485145184205 0.481757011765934 0.5148065274620566 0.450524674142395 0.5258804785559922 0.4043313490506971 0.3687647986584811 0.5502222567523029 
0.005093448227795158 0.41665110883730383 3.6150539184494563E-6 0.5115706059430768 0.48208096013799373 0.5495881731184908 0.5663726566229593 0.450943842299452 0.5034582223386413 0.5008610671049306 0.06942156753748605 0.5276504642500958 
0.4065717407128222 0.254679684482284 0.5476919654958108 0.5295487460500264 0.6572322599724538 0.4694147149998641 0.45685536644518754 0.41111862012473227 0.48620879473361756 0.5115782428767984 0.7139052416192798 0.4295006260630093 
0.0 0.1382499843425754 0.9999992687770197 0.5114902678836984 0.4353618444941308 0.5323990587754455 0.5505031710863271 0.5090191750520521 0.42103833836079424 0.39853128576895425 0.5204262479262952 0.5362084839364742 
0.4997066563618534 0.16409938402764698 0.7419639118759721 0.4994497394242715 0.5748091641601315 0.572601608279462 0.5862185897259706 0.3798620027624342 0.4947437939667208 0.5647435882311642 0.4343009023038808 0.5444093503971857 
0.0 0.43374017387981234 0.22219666303524188 0.5627258519727593 0.6558275567143932 0.5433012347178293 0.45665934159562444 0.47560770642746575 0.4839265739470605 0.5818327190777839 0.1789538474191641 0.23584189749802725 
5.2463813724062947E-5 1.0 0.6259144066262672 0.4527104861638421 0.5979342767435019 0.594958431524589 0.1974173015452736 0.41550284497513434 0.5514273185874876 0.4054105155858859 0.5354084187208455 0.5604293353355172 
0.07096136579935676 0.11990520856199118 0.2549533281810328 0.4734541516278704 0.5220113214442141 0.5540497144207015 0.5028279567000442 0.5375609796652303 0.49938950923597225 0.49440954617565896 0.4757498417185883 0.5212012596463014 
0.0038088089540061973 0.278316640381866 0.9438784481102847 0.4960576004283807 0.467873204162251 0.4260512793939592 0.5434315493972 0.4742943775016817 0.46053627075525644 0.46124278136677993 0.45147526949813155 0.48513313623895016 
0.3830234018275531 0.18024838274879962 0.13228109696550983 0.4924992057270188 0.46042230064599077 0.426447015527031 0.5560372175943105 0.5240609603904312 0.4679956123072286 0.4525211048561667 0.5006016930945176 0.4416512812483504 
0.2241592137387763 0.7119062277097677 0.9949713996971343 0.56064186035902 0.468277570979645 0.4783546108929634 0.5048170084454114 0.4922277106269422 0.4877618352286491 0.38281044492523764 0.500897807907114 0.448730116949961 
0.48824248178534946 0.22133086630793064 0.32228284245634276 0.5142668997868111 0.48128652680198003 0.5004743833264185 0.4356287912232928 0.5202967831913478 0.48815451930032994 0.5256957075676826 0.4601907291561098 0.442552702774985 
0.35663941378903496 0.005824835881968582 0.4684000802312022 0.4974779626181466 0.5461526600132183 0.4766171922490986 0.501545318683306 0.5593759136406627 0.5113464152092215 0.48178567621273927 0.4294816718388124 0.5417402497012624 
0.11470345778886223 0.4821645707138668 0.6525361925763644 0.5290654518212914 0.36116824936512176 0.3364387272858175 0.5207355758470409 0.4650072940384235 0.524419052732359 0.5232414951375339 0.4415227267560962 0.6409776160805114 
0.39829868443762945 0.1715489735467945 0.4112398503769936 0.4140966583843616 0.41865799529639086 0.4772208038643038 0.5586812889684106 0.5862250093434517 0.4682052513835717 0.5802235615829563 0.5130257395217738 0.4886570960218367 
0.3320604811234674 0.4290221395365062 0.4089676040294762 0.47966288516126343 0.4508820595639021 0.5441956031272595 0.6769831088046152 0.5027205351263487 0.48366204853731615 0.585735732680529 0.4413960286299611 0.5224353271754338 
0.5390048976991333 0.266553196482627 0.020612408200307047 0.49260857974823286 0.5575769982544577 0.489575016122169 0.5939967092196956 0.4976831903968866 0.4879088202124986 0.36558154028428735 0.5038717716213913 0.5330391750670314 
0.14119903010535928 0.7077719968857018 0.7613484937695396 0.4913761220304668 0.5621740278454777 0.49070013894787806 0.49950826172389795 0.5225091222613492 0.48990154825401916 0.3989700647125601 0.5346581716422038 0.5429040940055011 
0.0 0.11703266422490244 0.8795841219866753 0.49385512117091535 0.5298658109069667 0.45079325282026333 0.5744649114654317 0.4711728507827328 0.4511909960279452 0.38631230455345966 0.4448577671006968 0.5370366485890624 
1.347951915522548E-4 0.7454971945037068 0.0 0.5625054708897926 0.6570484718072224 0.5647164775970281 0.26820281374846633 0.463650551118337 0.5128778609546243 0.38731768438721315 0.18578888145268896 0.25175672475126815 
0.3724139499247889 0.448379094759533 0.9992775045442872 0.4897147493241036 0.35605877573604616 0.4789782642896384 0.48875145343463183 0.44568169106391453 0.5032638618484915 0.4065516126045782 0.21993415596719118 0.378321587578088 
0.32632579584836074 0.28821929444573724 0.0388711480372117 0.5254541439151663 0.4567144744634804 0.47375889276869265 0.5705172416226054 0.511497405643132 0.47906037614145147 0.4078778357164423 0.45531036503630207 0.5358564674099875 
0.4392720253844887 0.35836698756314783 1.0586243357020122E-4 0.4952201841183432 0.5035169782374838 0.42542570860646 0.3941161897063088 0.4671037372586154 0.5089679042817461 0.4965101226144443 0.5169529745775625 0.4398362292640052 
0.0 3.696798808765797E-5 1.0 0.5000125536856818 0.538158306929997 0.33532440901478106 0.6416094508871564 0.7786763490991602 0.5529740698295976 0.5499879811681271 0.5021940112064747 0.44706052109159977 
0.28458028453850265 0.9351967155535392 0.8079547084318128 0.5549750834308952 0.4534908376409185 0.4919217345310895 0.49562289037603224 0.5293815297145754 0.5164223177547599 0.5291429623719496 0.4617069860405767 0.505635594171612 
