0.9999864759207694 0.9681408854215702 0.49327507715358293 0.4999919613396028 0.5002544696492227 0.5002585329180348 0.4998374374415129 
0.9999444673726101 0.9999227507232571 0.49801538520079985 0.4999844011128995 0.5001534508608009 0.5002581498080291 0.49983777775571936 
0.9999444673726101 0.9999227507232571 0.49801538520079985 0.4999844011128995 0.5001534508608009 0.5002581498080291 0.49983777775571936 
0.9999689570497592 0.9999227507232571 0.49801538520079985 0.49998438485156294 0.5002525732603447 0.5002310055289345 0.4998368517325725 
0.9999689570497592 0.9999227507232571 0.49801538520079985 0.49998438485156294 0.5002525732603447 0.5002310055289345 0.4998368517325725 
0.9999706171802603 0.9999227507232571 0.49801538520079985 0.4999844011128995 0.5002539923299008 0.5002308024737249 0.49983501318362056 
0.9999706171802603 0.9999227507232571 0.49801538520079985 0.4999844011128995 0.5002539923299008 0.5002308024737249 0.49983501318362056 
0.9999706171802603 0.9999227507232571 0.49801538520079985 0.4999844011128995 0.5002539923299008 0.5002308024737249 0.49983501318362056 
0.801140266500907 0.9999652174833376 0.4860911729394275 0.4999858671314552 0.5001379775823248 0.500256959274624 0.4998374374415129 
0.9999454608101422 0.5177419796852122 0.9999462904057168 0.5000726861935381 0.5001514975523311 0.5005076552351887 0.49983257134127695 
0.9998887158907883 0.9999917467359056 0.9995592621392183 0.4999853066190724 0.5001367536152661 0.4997383256740398 0.4998368818273231 
0.9998887158907883 0.9999917467359056 0.9995592621392183 0.4999853066190724 0.5001367536152661 0.4997383256740398 0.4998368818273231 
0.9998887158907883 0.9998190964799735 0.9995592621392183 0.4999853066190724 0.5001367536152661 0.4997383256740398 0.4998368818273231 
0.9998887158907883 0.9998190964799735 0.9995592621392183 0.4999853066190724 0.5001367536152661 0.4997383256740398 0.4998368818273231 
0.9999791688960445 0.9999227381836846 0.9999369660674892 0.5000715426557106 0.49991112206090016 0.5002214381242505 0.49983729438479196 
0.9999791688960445 0.9999227381836846 0.9999566523278568 0.5000715426557106 0.49991074135584695 0.4997418829620803 0.49983730096271806 
0.9789381952930832 0.999990716132444 0.99993736565184 0.49998587208144507 0.5001395447740836 0.49974450377489676 0.49983835235850976 
0.9999454608101422 0.4977227178917194 0.999633993956735 0.5000726861935381 0.5001514975523311 0.5005076552351887 0.49983257134127695 
0.9998879944409356 0.9999952861266808 0.999652881847324 0.5000304752525289 0.5001442514850959 0.499738505615703 0.499836988900992 
0.9998879944409356 0.999821165463981 0.999652881847324 0.4999812080147459 0.5001442514850959 0.49972978873593876 0.499836988900992 
0.9998879944409356 0.9998697438917993 0.999652881847324 0.4999812080147459 0.5001444016982962 0.49972978873593876 0.499836988900992 
0.9998789434325291 0.9998167066751195 0.9999369660674892 0.5000719499293642 0.5001418767842998 0.5002184600434595 0.49983729649253045 
0.9999791688960445 0.9999227381836846 0.9999369660674892 0.5000715426557106 0.49991112206090016 0.5002214381242505 0.49983729438479196 
0.978936163399101 0.9999758614968877 0.9996538961792991 0.49998592927503877 0.4999470053277363 0.49974127025118703 0.49983702832613996 
0.9999454608101422 0.5177419796852122 0.9999462904057168 0.5000726861935381 0.5001514975523311 0.5005076552351887 0.49983257134127695 
0.9999807093488668 0.9997974078290948 0.9999646402381756 0.5001718758365362 0.49990752055976784 0.4997513774045582 0.4998347512122456 
0.9998789434325291 0.9998692392608782 0.9999369660674892 0.5000715297120358 0.5001418767842998 0.5002184600434595 0.49983729649253045 
0.9998789434325291 0.9998167066751195 0.9999369660674892 0.5000719499293642 0.5001418767842998 0.5002184600434595 0.49983729649253045 
0.9999727536310492 0.9999571818724795 0.9999569858283658 0.49998170156634514 0.4999468269557185 0.4997377936394885 0.49983836448438435 
0.9789381952930832 0.999990716132444 0.99993736565184 0.49998587208144507 0.5001395447740836 0.49974450377489676 0.49983835235850976 
0.9999727536310492 0.46633468413203405 0.9999569858283658 0.5001796783649974 0.4999463170151511 0.500512396270942 0.4998388528564682 
0.9998898796576278 0.9997974078290948 0.9999646402381756 0.4999797622087076 0.49990752055976784 0.4997260302100195 0.4998347524279322 
0.9998785329139295 0.9999557159569825 0.9999369660674892 0.5000718589377239 0.4999065506900823 0.5002212788265695 0.49983729649253045 
0.9998789434325291 0.9998692392608782 0.9999369660674892 0.5000715297120358 0.5001418767842998 0.5002184600434595 0.49983729649253045 
0.0890842010582793 0.9998200183093982 0.9999429734646842 0.500075759196855 0.49990754158943024 0.5002262843980533 0.49983833194617266 
0.9998879944409356 0.06156412937316963 0.999652881847324 0.4999821800522683 0.5001444016982962 0.49972978873593876 0.49983697572234087 
0.9998898796576278 0.9998198023244721 0.9999645414577703 0.4999770661789972 0.49990752055976784 0.49972611329375477 0.4998383366308408 
0.9999705643692832 0.9999227381836846 0.9999673209160606 0.5000727211227532 0.49990752055976784 0.49971930948513593 0.49983845641030933 
0.0890842010582793 0.9998200183093982 0.9999429734646842 0.500075759196855 0.49990754158943024 0.5002262843980533 0.49983833194617266 
0.9999454608101422 0.4795867544998324 0.9999645674560895 0.4999775455237837 0.4999422909599483 0.49972337321618254 0.49983257134127695 
0.9999726963174014 0.9998200183093982 0.9999361534190068 0.500075759196855 0.49990754158943024 0.49970995211552943 0.49983833194617266 
0.8773757139218599 0.9999811127522988 0.9999569858283658 0.49998587208144507 0.4999468269557185 0.49974127025118703 0.49983835235850976 
0.9999454608101422 0.4795867544998324 0.9999645674560895 0.4999775455237837 0.4999422909599483 0.49972337321618254 0.49983257134127695 
0.8773757139218599 0.9999811127522988 0.9999569858283658 0.49998587208144507 0.4999468269557185 0.49974127025118703 0.49983835235850976 
0.5522106457636445 0.9305583337595967 0.9999569858283658 0.5001749100014815 0.4999463170151511 0.49974174413903194 0.4998383607504202 
0.9999388335088689 0.9929152533362808 2.0609651431721318E-4 0.5001656236864599 0.5001465759329216 0.5002580735931386 0.4998420166361766 
0.9999388335088689 0.9999216693881678 2.0609651431721318E-4 0.5001669991572352 0.5001329084739885 0.5002580735931386 0.4998420166361766 
0.9999388335088689 0.9999216693881678 2.0609651431721318E-4 0.5001669991572352 0.5001329084739885 0.5002580735931386 0.4998420166361766 
0.9999388335088689 0.9999216693881678 5.068595917654266E-4 0.49998382751573883 0.5001329084739885 0.5002580735931386 0.4998361547628317 
0.9999388335088689 0.9999216693881678 5.068595917654266E-4 0.49998382751573883 0.5001329084739885 0.5002580735931386 0.4998361547628317 
0.9998878892940876 0.999869807801556 5.016271759671898E-4 0.49998240451077247 0.5001682305971923 0.5002568957224169 0.49983703837303955 
0.9998878892940876 0.999869807801556 5.016271759671898E-4 0.49998240451077247 0.5001682305971923 0.5002568957224169 0.49983703837303955 
0.11162493915708838 0.9997825821692974 1.0618134887460662E-4 0.4999878778830435 0.5001377849297318 0.5002734766861032 0.49983743736621944 
0.9998890328495156 1.356589029090148E-4 0.4298539592754201 0.4999822163422659 0.49988196524817763 0.5003574281464892 0.4998383886779183 
0.9997593205245886 0.6540500299248505 0.549910332065302 0.49998094971697304 0.4999112757503824 0.5002599881772569 0.5003196349525922 
0.9294068513863222 0.8274335688596459 0.5169945961687663 0.49999982395293757 0.49990822510291405 0.5002581759198205 0.49983483845058246 
0.9095628405966358 0.8786703220087488 0.49801538520079985 0.49998488078814746 0.500253704651426 0.5002308024737249 0.49983501318362056 
0.801140266500907 0.9999652174833376 0.4860911729394275 0.4999858671314552 0.5001379775823248 0.500256959274624 0.4998374374415129 
0.7377222947246213 0.9893387518551139 0.4860911729394275 0.4999858671314552 0.5001378717537076 0.500256959274624 0.4998374374415129 
1.2188888442860035E-4 0.953761099036301 0.23832320108421495 0.49998583757982173 0.5001484046179938 0.500261446011012 0.4998370400073323 
0.9998597883262167 1.3562394918490987E-4 0.01259545881051385 0.5000726970687351 0.5001404485156951 0.5002274494939417 0.49975564498881353 
0.9061868638917324 0.5141408429924919 0.5613938757052267 0.4999811137473413 0.5001559765216435 0.5003795168033789 0.5003204642787215 
0.9041091276522367 0.666123868057571 0.5612091756099201 0.4999812145417648 0.5001444074621101 0.5003786504794084 0.5003204642787215 
0.7682271096015866 0.7279646609893529 0.5057766737502718 0.4999843285969902 0.5001441298564461 0.5002613952904054 0.4998364879122188 
0.645909106755524 0.9968557130756249 0.6901739629318612 0.49997975662910826 0.4999074650907872 0.49975034566361815 0.4998384035102804 
1.2188888442860035E-4 0.9993149283507394 0.22269093048852304 0.4999854185582649 0.5001418390272448 0.5002631272309329 0.49983703784187006 
0.9998890328495156 1.356589029090148E-4 0.4754236869555133 0.4999822163422659 0.499882084544841 0.5003530614462014 0.4998383886779183 
0.9341743841985233 0.49613413389178374 0.9940569478231233 0.5001740109851727 0.4999418557245108 0.5003397537966 0.49984649494210787 
0.6469719295284694 0.9923976382912387 0.9999569858283658 0.4999836729023169 0.49990332075735117 0.5002541450514567 0.49983834015597617 
0.5854761606031041 0.7952983399759546 0.9182849109954291 0.4999926557246756 0.4999093117801373 0.5002677166672305 0.49983712474272524 
1.2188888442860035E-4 0.9370936968549438 0.16763816039714657 0.4999911795265 0.49994611660123656 0.5002631035537605 0.4998370369757575 
0.9998890328495156 1.356589029090148E-4 0.47318263187449683 0.4999822163422659 0.49988196524817763 0.500353048373562 0.4998383886779183 
0.9341743841985233 0.49728106120197635 0.9940569478231233 0.5001657306234195 0.4998790670952562 0.5002681520620665 0.4998458064267451 
0.5854761606031041 0.7952983399759546 0.9182849109954291 0.4999926557246756 0.4999093117801373 0.5002677166672305 0.49983712474272524 
1.2188888442860035E-4 9.400646318882266E-4 0.16763816039714657 0.4999852026062187 0.49995333220080573 0.500263882299485 0.49983691691741755 
0.9998890328495156 1.356589029090148E-4 0.47318263187449683 0.4999822163422659 0.49988196524817763 0.500353048373562 0.4998383886779183 
0.6107699395336506 0.44063978147024235 0.9178884122046138 0.49998450117022225 0.4999093261458777 0.5003530172795185 0.49983711479261445 
1.2188888442860035E-4 9.400646318882266E-4 0.16763816039714657 0.4999852026062187 0.49995333220080573 0.500263882299485 0.49983691691741755 
0.9998890328495156 1.356589029090148E-4 0.47318263187449683 0.4999822163422659 0.49988196524817763 0.500353048373562 0.4998383886779183 
1.2188888442860035E-4 9.400646318882266E-4 0.16763816039714657 0.4999852026062187 0.49995333220080573 0.500263882299485 0.49983691691741755 
0.5645445139239584 1.1514201692545693E-4 0.49740450314069296 0.5000059685116782 0.49988781381244213 0.5003515953806583 0.4998384035925266 
0.9998785412380284 0.9777318487475757 2.0525810615399515E-4 0.49998584235470106 0.500149577874802 0.500256959274624 0.4998374490082407 
0.9998785804299078 0.9995826265760331 2.0525810615399515E-4 0.4999857435880285 0.5001588352459537 0.5002569230329021 0.49983809749924335 
0.9998606134020188 0.9998045438785388 2.0571815345279515E-4 0.49998586429828556 0.5001384812664815 0.5002683556996094 0.49983745414845454 
0.9998597241985654 0.9997825821692974 1.1199393174135194E-4 0.49998586429828556 0.4995688638481774 0.500256959274624 0.4998374374415129 
0.9998882769574607 0.9998696516140253 1.1581866757030249E-4 0.49998237007378016 0.49955662338919626 0.5002568686284306 0.49983704925850014 
0.9998882769574607 0.9998696516140253 1.1581866757030249E-4 0.49998237007378016 0.49955662338919626 0.5002568686284306 0.49983704925850014 
0.7932459861439368 0.9999682194690215 1.0618134887460662E-4 0.49998787049333776 0.5001377849297318 0.500257109608617 0.49983743736621944 
0.9998597883262167 1.3562394918490987E-4 0.01259545881051385 0.5000726970687351 0.5001404485156951 0.5002274494939417 0.49975564498881353 
0.9065462239449271 0.4966101384619195 1.1190216764372652E-4 0.49998586429828556 0.5001323805987 0.500270436262826 0.49975851131233695 
0.9037763079542048 0.7230879299954559 0.4085718379968153 0.4999919469930982 0.5001431906662741 0.5002614297342762 0.50031701574127 
0.810439354579938 0.8746955390540369 0.4118703728036201 0.5000301387881119 0.4999534102982625 0.5002579782492704 0.4998417868388812 
0.576576752531215 0.8757533079791768 0.41300526292391315 0.5000304531844902 0.4999534102982625 0.5002819543937778 0.4998417868388812 
1.2188888442860035E-4 0.9373233178217424 0.16950932964200713 0.49998541852090966 0.4999388605284956 0.5002631035537605 0.4998370369592804 
0.9998890328495156 1.356589029090148E-4 0.47318263187449683 0.4999822163422659 0.49988196524817763 0.500353048373562 0.4998383886779183 
0.9107861816114291 0.4918665922457706 0.483874112838509 0.49998589829436024 0.5001664943762941 0.5002569269352459 0.49983834223065265 
0.7666822193557036 0.7279646609893529 0.5057023097989525 0.4999919525139282 0.5001441298564461 0.5002614638767638 0.4998364879122188 
0.5604888574931195 0.7967629933268527 0.5136773999612582 0.49999329851116986 0.5001475990675561 0.5002678075721313 0.4998371276223863 
1.2188888442860035E-4 0.9974460844809998 0.9994874193820459 0.4999840366975675 0.49995333220080573 0.5002193164112461 0.49983691691741755 
0.9998890328495156 1.356589029090148E-4 0.47318263187449683 0.4999822163422659 0.49988196524817763 0.500353048373562 0.4998383886779183 
0.813636443015196 0.38765332816821274 0.5262807482962105 0.49999189187082077 0.49994203045806185 0.5003596059867834 0.49983710188318226 
0.4949817312878357 0.5041025065412703 0.49312281471580266 0.4999925088436148 0.4999009818996891 0.49968994378146436 0.4998452378073361 
1.2188888442860035E-4 0.876048758723855 0.16763816039714657 0.4999852026062187 0.49995333220080573 0.5002633466161439 0.49983691691741755 
0.9998890328495156 1.356589029090148E-4 0.47318263187449683 0.4999822163422659 0.49988196524817763 0.500353048373562 0.4998383886779183 
0.645909106755524 0.4203008263467416 0.6901739629318612 0.5000057941664182 0.4999017407661419 0.5003515257490124 0.4998384035102804 
1.2188888442860035E-4 0.9974460844809998 0.9994874193820459 0.4999840366975675 0.49995333220080573 0.5002193164112461 0.49983691691741755 
0.9998890328495156 1.356589029090148E-4 0.47318263187449683 0.4999822163422659 0.49988196524817763 0.500353048373562 0.4998383886779183 
1.2188888442860035E-4 0.7946122968118101 0.16763816039714657 0.4999852026062187 0.49995303910587147 0.5002633466161439 0.49983691691741755 
0.5645445139239584 1.1514201692545693E-4 0.49740450314069296 0.5000059685116782 0.49988781381244213 0.5003515953806583 0.4998384035925266 
0.999959578682096 0.41656242504215824 1.6960751701493186E-5 0.4999977010139797 0.4995688638481774 0.5006073196106472 0.49983777704499577 
0.9998785804299078 0.9995826265760331 2.0525810615399515E-4 0.4999857435880285 0.5001588352459537 0.5002569230329021 0.49983809749924335 
0.9998606134020188 0.9998045438785388 2.0517628948590644E-4 0.49998586429828556 0.500141222587976 0.5002697946468172 0.49983745414845454 
0.9998696476577715 0.9997825821692974 2.0525810615399515E-4 0.49998586429828556 0.500149577874802 0.500256959274624 0.4998374490082407 
0.9998696476577715 0.9997825821692974 2.0710792016138447E-4 0.49998586429828556 0.5001495811401797 0.5002567986412132 0.4998374490082407 
0.7932459861439368 0.9999682194690215 1.0618134887460662E-4 0.49998787049333776 0.5001377849297318 0.500257109608617 0.49983743736621944 
0.9998890328495156 1.356589029090148E-4 0.4298539592754201 0.4999822163422659 0.49988196524817763 0.5003574281464892 0.4998383886779183 
0.9065462239449271 0.4966101384619195 1.1190216764372652E-4 0.49998586429828556 0.5001323805987 0.500270436262826 0.49975851131233695 
0.8115612151445204 0.7815722747066719 0.08340552614979037 0.4999591736179045 0.5001624632469139 0.5003714433735342 0.5003024970288418 
0.5872230247310436 0.7750953216585742 0.08340552614979037 0.4999926749907295 0.5001563714201529 0.5002581970753809 0.4998376294703956 
1.2188888442860035E-4 0.7781146011835383 0.16763816039714657 0.4999852026062187 0.49995333220080573 0.5002631475942999 0.49983692254049766 
0.9998597883262167 1.3562394918490987E-4 0.01259545881051385 0.5000726970687351 0.5001404485156951 0.5002274494939417 0.49975564498881353 
0.813636443015196 0.38765332816821274 0.5262807482962105 0.49999189187082077 0.49994203045806185 0.5003596059867834 0.49983710188318226 
0.4949817312878357 0.5041025065412703 0.49312281471580266 0.4999925088436148 0.4999009818996891 0.49968994378146436 0.4998452378073361 
1.2188888442860035E-4 5.296140502313307E-4 0.16763816039714657 0.4999852026062187 0.49995333220080573 0.500263882299485 0.49983691691741755 
0.9998890328495156 1.356589029090148E-4 0.47318263187449683 0.4999822163422659 0.49988196524817763 0.500353048373562 0.4998383886779183 
0.617727086677319 0.4175784532520994 0.5432612656774137 0.5001744486668233 0.5001475990675561 0.5002678075721313 0.49983757616243174 
1.2188888442860035E-4 0.9974460844809998 0.9995080445429907 0.4999840366975675 0.49995333220080573 0.5002193164112461 0.49983691691741755 
0.9998890328495156 1.356589029090148E-4 0.47318263187449683 0.4999822163422659 0.49988196524817763 0.500353048373562 0.4998383886779183 
1.2188888442860035E-4 0.9974460844809998 0.9995080445429907 0.4999840366975675 0.49995333220080573 0.5002193164112461 0.49983691691741755 
0.47615181022720016 4.93447591960366E-5 0.42217371309186746 0.49998219914582137 0.49988649264762514 0.5003565093051622 0.4998370036398877 
0.999959578682096 0.41656242504215824 1.6960751701493186E-5 0.4999977010139797 0.4995688638481774 0.5006073196106472 0.49983777704499577 
0.9998597241985654 0.999804281122172 6.876624840684332E-5 0.49998586429828556 0.4995688638481774 0.500256959274624 0.49983745414845454 
0.9998606134020188 0.999804281122172 6.876624840684332E-5 0.49998586429828556 0.500141222587976 0.5002697946468172 0.49983745414845454 
0.999860619823239 0.9997825821692974 1.1190216764372652E-4 0.49998586429828556 0.5001346206046592 0.500270436262826 0.49975851131233695 
0.6126769904003487 0.9997825821692974 1.0618134887460662E-4 0.4999857933128015 0.5001563902047929 0.5002651217214189 0.49983743031665057 
0.9998597883262167 7.59281018142655E-5 0.01259545881051385 0.5000726970687351 0.5001404485156951 0.5002274494939417 0.49975564498881353 
0.8078179810655464 0.45697322079721414 0.08991425968789524 0.5000312010704839 0.5001497371853155 0.5002894354843138 0.49984101404360987 
0.5872230247310436 0.7750953216585742 0.08340552614979037 0.4999928834954834 0.5001563714201529 0.5003791223154109 0.4998376250742031 
1.2188888442860035E-4 0.9995818052132505 0.1695033373597775 0.49998583757982173 0.5001495944479203 0.500261446011012 0.49983703784187006 
0.9998597883262167 7.59281018142655E-5 0.01259545881051385 0.5000726970687351 0.5001404485156951 0.5002274494939417 0.49975564498881353 
0.6228024149700598 0.4175784532520994 0.431590691469062 0.4999791663999328 0.5001475990675561 0.500357389778043 0.49983838120352664 
1.2188888442860035E-4 0.7946122968118101 0.16763816039714657 0.4999861524802236 0.5001485190767844 0.5002633466161439 0.49983745771097915 
0.9998890328495156 1.356589029090148E-4 0.47318263187449683 0.4999822163422659 0.49988196524817763 0.500353048373562 0.4998383886779183 
1.2188888442860035E-4 9.400646318882266E-4 0.16763816039714657 0.4999852026062187 0.49995333220080573 0.500263882299485 0.49983691691741755 
0.5001570975693843 5.0264322716438884E-5 0.4350543631037214 0.4999821740826662 0.4998885059499006 0.5003566312890052 0.4998383843074606 
0.9998619228547453 0.41656242504215824 1.6960751701493186E-5 0.4999977010139797 0.4995688638481774 0.5006073196106472 0.49983777704499577 
0.999860619823239 0.9997825821692974 1.1190216764372652E-4 0.49998586429828556 0.5001346206046592 0.500270436262826 0.49975851131233695 
0.9998606134020188 0.999804281122172 6.876624840684332E-5 0.49998586429828556 0.500141222587976 0.5002697946468172 0.49983745414845454 
0.5855607216708268 0.9997881524435555 1.12263365456315E-4 0.4999858632260884 0.49956941220470574 0.500256959274624 0.49975836530651446 
0.9996436884569375 4.93447591960366E-5 0.42217371309186746 0.49998219914582137 0.4998885091173005 0.5003536076714508 0.4998370036398877 
0.6228024149700598 0.4175784532520994 0.0021691994634749356 0.4999860137153287 0.5001475990675561 0.500357389778043 0.4998379227130385 
6.589826542961137E-6 3.8358900999934005E-5 0.017377815590445406 0.4999822184461019 0.5001488329532794 0.5002648869635358 0.49983838958899 
0.9996436884569375 4.93447591960366E-5 0.42217371309186746 0.49998219914582137 0.4998885091173005 0.5003536076714508 0.4998370036398877 
1.2188888442860035E-4 0.7946122968118101 0.16763816039714657 0.4999861524802236 0.5001485190767844 0.5002633466161439 0.49983745771097915 
0.5001570975693843 5.0264322716438884E-5 0.4350543631037214 0.4999821740826662 0.4998885059499006 0.5003566312890052 0.4998383843074606 
0.9998600091565323 0.4418670355548382 1.0027869741364678E-4 0.4999861453629952 0.5001482386065669 0.5002891948601742 0.49983759984599646 
0.9998597241985654 0.9997825821692974 1.1199393174135194E-4 0.49998586429828556 0.4995688638481774 0.500256959274624 0.49975836530651446 
0.5855607216708268 0.9997881524435555 1.12263365456315E-4 0.49998587583644793 0.49956941220470574 0.500256959274624 0.49975836530651446 
0.9996436884569375 4.93447591960366E-5 0.42217371309186746 0.49998219914582137 0.49988649264762514 0.5003536076714508 0.4998370036398877 
1.2065993748437083E-5 0.00910584832718847 0.0014079064915785144 0.49998614227513566 0.5001488329532794 0.5002648869635358 0.499837435143681 
0.5001570975693843 5.010875005585596E-5 0.43032063509837426 0.49998220165944185 0.4998885059499006 0.5003566312890052 0.4998383843074606 
0.9998600091565323 0.4413080774021964 1.0027869741364678E-4 0.4999861453629952 0.5001482386065669 0.5003573920753224 0.49983753369031547 
0.5855607216708268 0.9997881524435555 1.12263365456315E-4 0.49998587583644793 0.49956941220470574 0.500256959274624 0.49975836530651446 
0.5001570975693843 5.010875005585596E-5 0.43032063509837426 0.49998220165944185 0.4998885059499006 0.5003566312890052 0.4998383843074606 
0.9836742806754275 0.4418670355548382 1.0027869741364678E-4 0.4999927664494316 0.5001613137450565 0.5002888892311009 0.49983759984599646 
