0.9999692221072326 0.7848261396329556 0.47496922658257623 0.49991411828422344 0.5002345746943043 0.5002687121617857 0.5001956560060893 
0.9999883835846018 0.9996773422512835 0.49216509540104814 0.49991781336142666 0.5001088518412933 0.4997807682949983 0.5000572582064118 
0.9999818170957016 0.9999534764183536 0.47637084516705375 0.49991773700776837 0.500113372657029 0.4997976483731472 0.5000572579023411 
0.9999969837374596 0.999953484931037 0.47637084516705375 0.49991488352354346 0.5000883777242363 0.4997976483731472 0.5000574280741773 
0.9999969837374596 0.999953484931037 0.47637084516705375 0.49991488352354346 0.5000883777242363 0.4997976483731472 0.5000574280741773 
0.9999818186516268 0.999953484931037 0.47637084516705375 0.49991773700776837 0.500113372657029 0.4997976483731472 0.5000574280741773 
0.9999696864696759 0.9999518114115438 0.4819235927433907 0.49991773700776837 0.5001135119736305 0.4997973854618121 0.500048820641852 
0.9999696864696759 0.9999518114115438 0.4819235927433907 0.49991773700776837 0.5001135119736305 0.4997973854618121 0.500048820641852 
0.5351240349898279 0.9999668162579548 0.7639254920085522 0.4999152026604301 0.5001987531962172 0.49977671198459295 0.5000317152461542 
0.9999649135669764 0.4064907341257483 0.9998210484440596 0.4999100361216951 0.5002063784472491 0.49978531197058695 0.500056677707098 
0.9999695180883216 0.9999518176214398 0.9997899625216029 0.4999162578559349 0.5001128873980343 0.4997969421864832 0.5000489096948898 
0.9999695180883216 0.9999518176214398 0.9997899625216029 0.4999162578559349 0.5001128873980343 0.4997969421864832 0.5000489096948898 
0.9999949363942906 0.9999516645501347 0.9997855399369644 0.499914921583024 0.5001128078534183 0.49998070485539153 0.5000490989476312 
0.9999697872435176 0.9999528287489756 0.9997917839747028 0.4999149342147004 0.500112997559005 0.4997790690820843 0.5000485328391983 
0.9999695180883216 0.9999518176214398 0.9997899712333118 0.4999149342147004 0.500112785059777 0.4997976044922634 0.500048527920808 
0.9999695180883216 0.9999528193331313 0.9997899712333118 0.49991491895226187 0.500112785059777 0.4997976044922634 0.500048527920808 
0.5012679368724853 0.9999526996761479 0.9999907832161712 0.49990613462551753 0.5001123352233198 0.49999166677323775 0.500057430580172 
0.9999649135669764 0.4064907341257483 0.9998210484440596 0.4999100361216951 0.5002063784472491 0.49978531197058695 0.500056677707098 
0.9999985391572052 0.999951662526591 0.9999210144210113 0.49993401561175954 0.5002035232935349 0.49998509296352817 0.5000656814006563 
0.9999695180883216 0.9999518176214398 0.9997899625216029 0.4999149342147004 0.500112785059777 0.4997972287983136 0.5000489096948898 
0.9999695180883216 0.9999518176214398 0.9997917839747028 0.4999149189347853 0.500112785059777 0.4997976044922634 0.5000485502893094 
0.9999695180883216 0.9999518176214398 0.9997899712333118 0.4999149342147004 0.500112785059777 0.4997976044922634 0.500048527920808 
0.9999695180883216 0.9999528193331313 0.9997899712333118 0.49991491895226187 0.500112785059777 0.4997976044922634 0.500048527920808 
0.5012679368724853 0.9999528230567125 0.9999907832161712 0.4999154507256492 0.5001134898429653 0.4997516596813525 0.5000314256072582 
0.9999649135669764 0.49795882981145023 0.9998210484440596 0.499911621947499 0.5000864947149699 0.49978531197058695 0.5000654923937593 
0.9999949363942906 0.9999516645501347 0.9997855399369644 0.499914921583024 0.5001128078534183 0.49998070485539153 0.5000490989476312 
0.9999949363942906 0.9999516645501347 0.9999748992627421 0.499914921583024 0.5001115970031238 0.49998070485539153 0.5000654124594446 
0.9999947408512148 0.9999516645501347 0.9999210606478195 0.499914921583024 0.5001115970031238 0.49998509296352817 0.5000656814006563 
0.9999695180883216 0.9999518176214398 0.9997917839747028 0.4999149189347853 0.500112785059777 0.4997976044922634 0.5000485502893094 
0.5012679368724853 0.9999528230567125 0.9999907832161712 0.4999154524812408 0.5001987401862347 0.4997516596813525 0.5000314256072582 
0.9999649135669764 0.4064907341257483 0.9998210484440596 0.49993423317171404 0.5000864947149699 0.49978531197058695 0.5000654923937593 
0.9999949363942906 0.9999516645501347 0.9999748992627421 0.499914921583024 0.5001115970031238 0.49998070485539153 0.5000654124594446 
0.9999816202777982 0.9999517440342134 0.9999264234824191 0.4999149342147004 0.5001127862767923 0.4997976044922634 0.500048527920808 
0.9999949363942906 0.9999516645501347 0.9999210606478195 0.499914921583024 0.5001115970031238 0.49998070485539153 0.5000654124594446 
0.5012679368724853 0.9999528230567125 0.9999907832161712 0.4999154507256492 0.5001134898429653 0.4997516596813525 0.5000314256072582 
0.9999649135669764 0.49795882981145023 0.9998210484440596 0.499911621947499 0.5000864947149699 0.49978531197058695 0.5000654923937593 
0.9999947408512148 0.9999516645501347 0.9999210606478195 0.499914921583024 0.5000903549071828 0.49998509296352817 0.5000656855059731 
0.999969878758526 0.9998666115475081 0.9999825825110247 0.49991549533346974 0.5002045372794857 0.49977930535569826 0.5000566762010044 
0.5012679368724853 0.9999526996761479 0.9999907832161712 0.49990578410962144 0.5001123352233198 0.4997516596813525 0.500048533158074 
0.9999649135669764 0.4064907341257483 0.9998210484440596 0.4999327917553255 0.5000895879715612 0.4997931097258916 0.5000573965040198 
0.9999947408512148 0.9999516645501347 0.9999210606478195 0.499914921583024 0.5000903549071828 0.49998509296352817 0.5000656855059731 
0.5007540033650507 0.9999526996761479 0.9999907832161712 0.4999056120277962 0.5001120457148157 0.4997793360645443 0.500048413684449 
0.9999649135669764 0.4064907341257483 0.9998210484440596 0.4999327917553255 0.5000895879715612 0.4997931097258916 0.5000573965040198 
0.4961468475240419 0.9999526996761479 0.9999907832161712 0.4999056120277962 0.5001120472823273 0.499765761097694 0.500048413684449 
0.5012679368724853 0.9999526996761479 0.9999907832161712 0.49990613462551753 0.5001123352233198 0.49999166677323775 0.500057430580172 
0.9999883835846018 0.6108575635102995 6.050783621988964E-6 0.49991432774715405 0.5002001411745539 0.4997807682949983 0.5000573193697119 
0.9999645138573687 0.9999477819004174 1.6441532144069607E-5 0.49991488299686787 0.5000881028390146 0.49978527986894955 0.5000545530762314 
0.9999645138573687 0.9999477819004174 1.6441532144069607E-5 0.49991488299686787 0.5000881028390146 0.49978527986894955 0.5000545530762314 
0.9999645138573687 0.9999798055984847 1.6441532144069607E-5 0.49993550669798315 0.5000881028390146 0.4997852071429023 0.5000545531490276 
0.9999645138573687 0.9999477867787043 1.1278342546651291E-5 0.49993554672063023 0.5001136859711468 0.4997852071604632 0.5000545768825553 
0.9999645138573687 0.9999669196753294 1.128295947185486E-5 0.49991488299686787 0.5000881123174864 0.49978527986894955 0.5000545530762314 
0.9999645138573687 0.9999669196753294 1.658395561677564E-5 0.4999339570391533 0.5000897044725089 0.4999834348570647 0.5000545500566562 
0.5045722456310098 0.9999477108811297 1.6441532144069607E-5 0.49991247317539805 0.5001127647419027 0.5003210699589138 0.5000489287617094 
0.9999820462597221 2.2991182962549134E-5 0.9598759249462772 0.49993285877107524 0.5000959902757182 0.49978929950923906 0.5000573412042797 
0.9602696656865028 0.6718279197743243 0.4950619179859481 0.49990471627322586 0.5001234157397489 0.5002436335344389 0.5000552726426911 
0.9216167589255791 0.7866686210416751 0.4611826105852113 0.4999155092704553 0.5000874920962513 0.49978527986894955 0.5000545338798561 
0.8826918669193661 0.9124239220713642 0.4705412398872593 0.49980106047393197 0.500200395769998 0.4996963791905219 0.5000540635726884 
0.8403056909144941 0.9595499873559319 0.47637084516705375 0.49991773700776837 0.5001127900079886 0.49998457633329235 0.5000546150834337 
0.6256422453158216 0.9178888030837254 0.47769212404812983 0.49991774844461684 0.5001127897579689 0.49998457633329235 0.5000546150834337 
2.416064627249715E-6 0.9503101727255512 0.6323770782596077 0.4999329956736146 0.5000897050622304 0.49998866544575177 0.5000573800527394 
0.9999815259399168 1.4062213701266312E-4 0.18813113996889758 0.4999153100946585 0.5000889076681624 0.5002067724304587 0.5000577139611772 
0.8980610330656679 0.6280076762136799 0.6713060500626423 0.4999151921456174 0.4997116542562139 0.49975310623090197 0.5000692617028522 
0.8958743476663201 0.7519637276437796 0.6713060500626423 0.4997791433958501 0.5001255074096773 0.49975163551297047 0.5000693841407948 
0.7555671923101305 0.7924116382717183 0.7780365730153784 0.4999073961658062 0.5000875099005092 0.5001976796065692 0.5000545142832717 
0.6038907852702918 0.8840816707905679 0.7352610396870273 0.4999329060220071 0.5001142720603164 0.49976630654064125 0.5000313700291762 
2.416064627249715E-6 0.9503101727255512 0.6323770782596077 0.4999329956736146 0.5000897050622304 0.49998866544575177 0.5000573800527394 
0.9999812976076635 1.4062213701266312E-4 0.20044109659361437 0.49991182618033997 0.5000889076681624 0.5001984735361336 0.5000566676725606 
0.857488558407076 0.5853665244821131 0.7690061378483852 0.499933143822826 0.5001128756874738 0.4999825395203541 0.5000493143707216 
0.7803023262470893 0.72136978024057 0.7782206608968947 0.4999153771997454 0.500091668173371 0.5002125507719306 0.49972955437972405 
0.5890382928250316 0.8696617915831187 0.7753742997642106 0.49991491887683426 0.5001115970031238 0.49998070485539153 0.5000654124594446 
2.416064627249715E-6 0.12761917664979172 0.06402679360621155 0.499933949415354 0.5000897050622304 0.49998866544575177 0.5000573800527394 
0.9999815259399168 1.4062213701266312E-4 0.18813113996889758 0.4999153043174946 0.5000889076681624 0.5002067724304587 0.5000577139611772 
0.8380745247917263 0.5853665244821131 0.8071878498190503 0.49991508175627825 0.5001131877270647 0.4997511514687111 0.5000493554135136 
0.5855468958122947 0.6592008902294605 0.8435882096467929 0.4999329956736146 0.5000895810318472 0.49998391549930377 0.5000571653899989 
2.416064627249715E-6 0.12761917664979172 0.06402679360621155 0.499933949415354 0.5000897050622304 0.49998866544575177 0.5000573800527394 
0.9999812976076635 1.4199679647502848E-4 0.20044109659361437 0.49991178210784626 0.500090288087746 0.5001984735361336 0.5000655381091947 
0.6234111364470609 0.4052913534945072 0.8070560154811676 0.4999330200158526 0.5001138782778614 0.49999040056213523 0.5000566399436557 
6.676687469849285E-8 0.6439851792028435 0.6263849793249954 0.4999329692449638 0.5000892773644755 0.4999886543695065 0.500057383181396 
0.9999812976076635 1.4199679647502848E-4 0.20044109659361437 0.49991178210784626 0.500090288087746 0.5001984735361336 0.5000655381091947 
2.416064627249715E-6 0.12761917664979172 0.0065002903589822525 0.499933949415354 0.5000897014978598 0.49998866544575177 0.5000573637927815 
0.4951175033289319 1.420401871735829E-4 0.9768552576553328 0.49991533263523436 0.5000903308507749 0.4997457670482241 0.500065206462473 
0.9999883835846018 0.6108575635102995 6.050783621988964E-6 0.49991432774715405 0.5002001411745539 0.4997807682949983 0.5000573193697119 
0.9999645138573687 0.9999477819004174 1.6441532144069607E-5 0.49991488299686787 0.5000881028390146 0.49978527986894955 0.5000545530762314 
0.9999645138573687 0.9999477819004174 1.6441532144069607E-5 0.49991488299686787 0.5000881028390146 0.49978527986894955 0.5000545530762314 
0.9999645138573687 0.9999477867787043 1.6421924424571584E-5 0.49993554672063023 0.5001136859711468 0.4997852071604632 0.5000545737119517 
0.9999645138573687 0.9999669196753294 1.658395561677564E-5 0.49991488299686787 0.50008803800564 0.49978527986894955 0.5000545530762314 
0.9999645138573687 0.9999669196753294 1.128295947185486E-5 0.4999150306190908 0.5000877592394717 0.49978527986894955 0.5000548906817204 
0.50121253065711 0.9999538121617559 1.5188636515760243E-5 0.4998023688699874 0.5001124781781541 0.5002037367636848 0.5000547517266646 
0.9999815271313107 1.4060958548140469E-4 0.058321657850320674 0.49993528349422395 0.5000889076681624 0.5002090868814963 0.5000577319786259 
0.8816912896069735 0.7519637276437796 0.35069762060229115 0.4997936422165067 0.5001197107885432 0.4997548692360442 0.4997198048938826 
0.8630883757458904 0.7546710695910755 0.32868251768232415 0.4999146550002265 0.4997145485802305 0.49976836889424436 0.4997201067461094 
0.7555671923101305 0.7877000761114225 0.35166847587213357 0.4999071056824659 0.5000875099005092 0.5001976796065692 0.5000545899134953 
0.586977022512233 0.9197215388234079 0.3746443222599956 0.49993515196255994 0.5000928647895494 0.5002064195567655 0.5000314512512165 
2.416064627249715E-6 0.057275942305522465 0.6324524086976353 0.4999329956736146 0.5000897050622304 0.49998866544575177 0.5000573800527394 
0.9999820462597221 2.2991182962549134E-5 0.9598759249462772 0.49993285877107524 0.5000959902757182 0.49978929950923906 0.5000573412042797 
0.8272804316132089 0.40925431273470547 0.2730303147320974 0.49991224885179475 0.500090943136422 0.4997799422204152 0.5000563488190782 
0.7382473854929688 0.6976149726481885 0.49269292323077557 0.49991234828747655 0.5001235011800476 0.49980634529210166 0.499731585661253 
0.5772084142419371 0.7090773126146482 0.5855878418126688 0.4999066473058735 0.5001136856857176 0.5002100095771679 0.500142571984952 
2.416064627249715E-6 0.9503101727255512 0.6323770782596077 0.4999329956736146 0.5000897050622304 0.49998866544575177 0.5000573800527394 
0.9999820462597221 1.4051915632043584E-4 0.9515704433912269 0.4999328546556188 0.5000959902757182 0.5002010760891173 0.5000577048789596 
0.7405001319849039 0.3917343353000138 0.7365842565605076 0.49991224885179475 0.5001144836379862 0.4997799422204152 0.5000564981325315 
0.5772084142419371 0.6359298239035206 0.6161905850083571 0.4999066473058735 0.5001136856857176 0.5002100095771679 0.5001381658664042 
2.416064627249715E-6 0.10323579188664334 0.032970250025775805 0.49993394548156955 0.5000897050622304 0.49998866544575177 0.5000573800527394 
0.9999812976076635 1.4062213701266312E-4 0.20044109659361437 0.49991182618033997 0.5000889076681624 0.5001984735361336 0.5000566676725606 
0.6216175108504417 0.4052913534945072 0.7365842565605076 0.4999154771194173 0.50008954605546 0.49975287951674907 0.5000566269605681 
2.416064627249715E-6 0.12761917664979172 0.06402679360621155 0.499933949415354 0.5000897050622304 0.49998866544575177 0.5000573800527394 
0.9992350553874211 1.4062213701266312E-4 0.18813113996889758 0.4999153043174946 0.5000889076681624 0.5001815660701036 0.5000577139611772 
2.416064627249715E-6 0.12761917664979172 0.055531569064410424 0.499933949415354 0.5000897050622304 0.4999896933880843 0.5000573800527394 
0.49743526998469995 1.3687073813889192E-4 0.9594702406013773 0.4999184023461683 0.5000874747100661 0.4997817813176191 0.5000573412042797 
0.9999652317970883 0.5498931008481194 6.227478781985558E-6 0.49990627514696534 0.500113462268046 0.4997697391353744 0.5000608017126402 
0.9999645138573687 0.9999477819004174 1.6441532144069607E-5 0.49991488299686787 0.5000881028390146 0.49978527986894955 0.5000545530762314 
0.9999645138573687 0.9999477867787043 1.6421924424571584E-5 0.49993554672063023 0.5001136859711468 0.4997852071604632 0.5000545737119517 
0.9999645138573687 0.9999669196753294 1.658395561677564E-5 0.4999339570391533 0.5000897044725089 0.4999834348570647 0.5000545500566562 
0.9999643826123474 0.9999477866144829 1.1368702884043836E-5 0.49991537514747264 0.5000883634008536 0.4997810954255336 0.5000545752125899 
0.50121253065711 0.9999538121617559 1.2104311517290023E-4 0.4998023688699874 0.5001124781781541 0.5002037367636848 0.5000547503905519 
0.9999820462597221 1.4051915632043584E-4 0.9515704433912269 0.4999328546556188 0.5000959902757182 0.5002010760891173 0.5000577048789596 
0.8523336511132354 0.5539643302729589 0.0015636599560624048 0.49991519229348125 0.500113641939961 0.500306865670333 0.5000607542930415 
0.8239362434781653 0.7086213432955566 0.19130558061802144 0.49993653651838993 0.5001135447025493 0.5002293327909153 0.49971915034161335 
0.5722668933579881 0.8788624237582703 0.23747526122087756 0.49993286528492803 0.5000940425949693 0.5002065843455574 0.5000579847689756 
2.416064627249715E-6 0.12761917664979172 0.06402679360621155 0.499933949415354 0.5000897050622304 0.49998866544575177 0.5000573800527394 
0.9999815271313107 1.4060958548140469E-4 0.058321657850320674 0.49993528349422395 0.5000889076681624 0.5002090868814963 0.5000577319786259 
0.8272804316132089 0.40925431273470547 0.2730303147320974 0.49991224885179475 0.500090943136422 0.4997799422204152 0.5000563488190782 
0.5277540309266513 0.6660963504196977 0.37732719424609584 0.4999066473058735 0.5001348052024857 0.5002100095771679 0.5000575795954922 
2.416064627249715E-6 0.057275942305522465 0.6324524086976353 0.4999329956736146 0.5000897050622304 0.49998866544575177 0.5000573800527394 
0.9999815259399168 1.4062213701266312E-4 0.18813113996889758 0.4999153043109274 0.5000889076681624 0.5002067724304587 0.5000577139611772 
0.6216175108504417 0.4052913534945072 0.47046129645618456 0.4999154771194173 0.50008954605546 0.4997344848657756 0.5000552591462772 
2.416064627249715E-6 0.12761917664979172 0.055531569064410424 0.499933949415354 0.5000897050622304 0.4999896933880843 0.5000573800527394 
0.9999816249772371 1.4125396850546732E-4 0.18813113996889758 0.4999153035309796 0.5000889076681624 0.5002067724304587 0.5000573034128956 
2.416064627249715E-6 0.10323579188664334 0.032970250025775805 0.49993394548156955 0.5000897050622304 0.49998866544575177 0.5000573800527394 
0.4951175033289319 1.420401871735829E-4 0.9768552576553328 0.4999325930500263 0.5000903308507749 0.4997465624814263 0.5000591488166377 
0.9999652317970883 0.6234421986066634 1.123445165615501E-5 0.49993552217138243 0.5001134657268181 0.5002877773537188 0.500054629844572 
0.9999645138573687 0.9999798055984847 1.6441532144069607E-5 0.49993550669798315 0.5000881028390146 0.4997852071429023 0.5000545531490276 
0.9999645138573687 0.9999477867787043 1.6421924424571584E-5 0.49993554672063023 0.5001136859711468 0.4997852071604632 0.5000545737119517 
0.9999645138573687 0.9999477867787043 1.6421924424571584E-5 0.49993554672063023 0.5001136859711468 0.4997852071604632 0.5000545737119517 
0.50121253065711 0.9999538121617559 1.2104311517290023E-4 0.4998023688699874 0.5001124781781541 0.5002037367636848 0.5000547503905519 
0.9999815255287585 1.4062213701266312E-4 0.18813113996889758 0.49993537739328325 0.5000889076681624 0.5002090567508439 0.5000576751982871 
0.8367440110160744 0.5483275813524704 0.18542270219295937 0.499932851621827 0.5000894947472493 0.49998410978111807 0.5000546064744982 
0.6281839952034601 0.7052320557992452 0.20093821606485734 0.4999152975433296 0.5000946305946445 0.5002099267697993 0.500060047862662 
2.416064627249715E-6 0.057275942305522465 0.6324524086976353 0.4999329956736146 0.5000897050622304 0.49998866544575177 0.5000573800527394 
0.9999816249772371 1.4125396850546732E-4 0.18813113996889758 0.4999153035309796 0.5000889076681624 0.5002067724304587 0.5000573034128956 
0.587036682432432 0.3182158243407792 0.08137396655502667 0.4999150437129028 0.500089360540172 0.4999772787503009 0.5000573547798183 
2.416064627249715E-6 0.057275942305522465 0.06402679360621155 0.499933949415354 0.5000897050622304 0.49998866544575177 0.5000573800527394 
0.9993384968688547 9.087025752220945E-5 0.011523596225711086 0.49993538657406833 0.5000903308507749 0.5002079929213846 0.5000591488166377 
2.416064627249715E-6 0.12761917664979172 0.0065002903589822525 0.499933949415354 0.5000897014978598 0.49998866544575177 0.5000573637927815 
0.5008719711805616 1.420401871735829E-4 0.012246848905620666 0.4999325930500263 0.5000903308507749 0.4997465624814263 0.5000591488166377 
0.9999652317970883 0.5539643302729589 6.227478781985558E-6 0.4999061391172016 0.500113462268046 0.5003045564258826 0.5000607472063837 
0.9999645138573687 0.9999668863656039 1.658395561677564E-5 0.49991488298065484 0.50008803800564 0.4997851541067456 0.5000545530762314 
0.9999857444933162 0.9999477868211514 1.645057156920839E-5 0.49991831008862575 0.5001126636749527 0.5002866712633359 0.5000547870705755 
0.5050594323178144 0.9999538121617559 1.6441532144069607E-5 0.4999124618224497 0.5001124781781541 0.499779228637777 0.5000736806391652 
0.9999815255287585 1.4062213701266312E-4 0.18813113996889758 0.49993537739328325 0.5000889076681624 0.5002090567508439 0.5000576751982871 
0.6129180935640329 0.659162361049424 0.1911852808038343 0.4999145858519634 0.5001336836020064 0.5002091631709907 0.5001445064065017 
6.676687469849285E-8 0.6439851792028435 0.636542100459295 0.4999329692449638 0.5000892773644755 0.4999886545655961 0.5000573800753815 
0.9993384968688547 9.087025752220945E-5 0.011523596225711086 0.49993538657406833 0.5000903308507749 0.5002079929213846 0.5000591488166377 
6.676687469849285E-8 0.6439851792028435 0.636542100459295 0.4999329692449638 0.5000892773644755 0.4999886545655961 0.5000573800753815 
0.5005452488466998 1.4144731800091765E-4 0.01247672746992507 0.4999325930500263 0.5000901759327764 0.49977892887110914 0.5000591488166377 
0.9999652317970883 0.5539643302729589 6.227478781985558E-6 0.4999061391172016 0.500113462268046 0.5003045564258826 0.5000607472063837 
0.9999645138573687 0.9999669196753294 1.128295947185486E-5 0.4999150306190908 0.5000877592394717 0.49978527986894955 0.5000548906817204 
0.5050594323178144 0.9999538218317625 1.6441532144069607E-5 0.49993402883856564 0.5001124781781541 0.499779228637777 0.5000736806391652 
0.9993384968688547 9.087025752220945E-5 0.06316102549352576 0.49993497001454185 0.5000903261375754 0.5002079929213846 0.5000591488166377 
6.676687469849285E-8 0.6591127697585629 0.633244084870148 0.4999341173889962 0.500088140379526 0.49998391549930377 0.5000656563586695 
0.5005452488466998 1.420401871735829E-4 0.01247672746992507 0.4999325930500263 0.5000901759413826 0.49977892887110914 0.5000591488166377 
0.9999652317970883 0.5498931008481194 6.227478781985558E-6 0.49990627514696534 0.500113462268046 0.4997697391353744 0.5000608017126402 
0.5050594323178144 0.9999538218317625 1.6441532144069607E-5 0.49993402883856564 0.5001124781781541 0.499779228637777 0.5000736806391652 
0.5005452488466998 1.420401871735829E-4 0.01247672746992507 0.4999325930500263 0.5000901759413826 0.49977892887110914 0.5000591488166377 
0.5771445484458737 0.6272392751694496 6.050783621988964E-6 0.4999109897676185 0.5002001411745539 0.49980024790525385 0.5000606830435994 
