0.999970132212351 0.5230760992992131 0.3834067308340878 0.5000888417162663 0.499946812141687 0.4999714118612893 0.5001188495394278 
0.999942631965925 0.9998365146437181 0.5266597880356807 0.500082801916529 0.49994328872491667 0.4999738761819487 0.5001187994319399 
0.999942631965925 0.9999082639745208 0.5266597880356807 0.4999562892294166 0.49994659151860477 0.4999738761819487 0.5001099660452712 
0.9999392919686451 0.9998736075582868 0.5285855548242704 0.500065759445756 0.4999407855743946 0.4999717539494798 0.5001102517779027 
0.9999392614747737 0.9999459743220784 0.5285855548242704 0.500065759445756 0.4999009889036162 0.49997155843092844 0.5001087314345634 
0.9999977925282315 0.999927561297386 0.5248513534632951 0.4999605939727288 0.4998998634862418 0.5000452959034826 0.5001185545593698 
0.9999977925282315 0.9999404450163816 0.5248513534632951 0.4999605939727288 0.4998998634862418 0.5000452959034826 0.5001185545593698 
0.9999977925282315 0.9999404450163816 0.5248513534632951 0.4999605939727288 0.4998998634862418 0.5000452959034826 0.5001185545593698 
0.6277485314386211 0.9999759394923989 0.45124036774676207 0.5002777107189261 0.4999541549366178 0.49995012569610564 0.5001188151165702 
0.9999429393987277 0.5013430036309391 0.9999799010617672 0.49995917868703516 0.49994265948218425 0.4999668596454662 0.500110255731555 
0.9999428079636954 0.9999446751537102 0.9998938611502013 0.49995986973386836 0.499962164404893 0.49997169975349176 0.500110255343556 
0.9999428079636954 0.9999446751537102 0.9998938611502013 0.49995986973386836 0.499962164404893 0.49997169975349176 0.500110255343556 
0.9999428079636954 0.9999446751537102 0.9998938611502013 0.49995986973386836 0.499962164404893 0.49997169975349176 0.500110255343556 
0.9999426861857629 0.9999446751537102 0.9998938611502013 0.49995986973386836 0.49994333623117226 0.49997169975349176 0.500110255343556 
0.9999375110101011 0.9998634442319544 0.9997913683945948 0.5000723371888139 0.4999617246813436 0.49995240748518 0.5001106137262238 
0.9999376493480939 0.9998718855850014 0.9997782993957223 0.500076289596854 0.4999487278014548 0.49997168238190787 0.5001187518529456 
0.4710886332542523 0.9998966219657187 0.9999795069308681 0.5000893056044206 0.49990439661712205 0.49994998602921037 0.5001198335782601 
0.9999429393987277 0.5013430036309391 0.9999799010617672 0.49995917868703516 0.49994265948218425 0.4999668596454662 0.500110255731555 
0.9999375110101011 0.9992590810331493 0.999893752292056 0.4999563836394565 0.4999621254599032 0.4999663843870344 0.5001171975970343 
0.9999428079636954 0.9999446751537102 0.9998938611502013 0.49995986973386836 0.499962164404893 0.49997169975349176 0.500110255343556 
0.9999426861857629 0.9999446751537102 0.9998938611502013 0.49995986973386836 0.49994333623117226 0.49997169975349176 0.500110255343556 
0.9999426477623279 0.9998365423494927 0.9998937486328133 0.4999581373467328 0.49994286306779717 0.4999447422541292 0.5001106301622966 
0.9999941920127335 0.9998634442319544 0.9997903940656334 0.5000710388900439 0.4999624941910619 0.4999520105704074 0.5001106137262238 
0.4715842457810499 0.9998636372541123 0.9999795069308681 0.5000893056044206 0.4999043021922843 0.49994998602921037 0.5001198335782601 
0.9999370440805364 0.5013430036309391 0.9999795361252279 0.4999591897128357 0.49994265948218425 0.4999667487882692 0.500110255731555 
0.9999375110101011 0.9992590810331493 0.999893752292056 0.4999570765956448 0.4999621254599032 0.4999663843870344 0.5001171975970343 
0.9999923577381644 0.9997098327858287 0.999893752292056 0.4999570765956448 0.4999621157058674 0.4999716670813893 0.5001171975970343 
0.9999941920127335 0.9998634442319544 0.9997903940656334 0.5000710388900439 0.4999624941910619 0.4999520105704074 0.5001106137262238 
0.9999426861857629 0.9999446751537102 0.9998938611502013 0.49995986973386836 0.49994333623117226 0.49997169975349176 0.500110255343556 
0.5009972190069913 0.9998634442319544 0.999893752292056 0.5002687009235061 0.4999617246813436 0.4999520518087625 0.5001106137262238 
0.9999370440805364 0.5013430036309391 0.9999795361252279 0.5000735100835417 0.49994288877183884 0.4999667944287982 0.500110255731555 
0.9999375110101011 0.9992590810331493 0.999893752292056 0.4999570765956448 0.4999621254599032 0.4999663843870344 0.5001171975970343 
0.9999498660896304 0.9998634442319544 0.999893752292056 0.5000698622953725 0.4999617246813436 0.49995207503502964 0.5001106137262238 
0.9999498660896304 0.9998634442319544 0.999893752292056 0.5000698622953725 0.4999617246813436 0.49995207503502964 0.5001106137262238 
0.5009972190069913 0.9998634442319544 0.999893752292056 0.5002687009235061 0.4999617246813436 0.4999520518087625 0.5001106137262238 
0.9999370440805364 0.5013430036309391 0.9999795361252279 0.4999591897128357 0.49994265948218425 0.4999667487882692 0.500110255731555 
0.9999923577381644 0.9997098327858287 0.999893752292056 0.4999570765956448 0.4999621157058674 0.4999716670813893 0.5001171975970343 
0.9999375110101011 0.9998634442319544 0.999893752292056 0.5000710388900439 0.4999617246813436 0.49995207503502964 0.5001106137262238 
0.5009972190069913 0.9998634442319544 0.999893752292056 0.5002745507808554 0.4999617246813436 0.4999520518087625 0.5001106137262238 
0.9999284450736955 0.5013430036309391 0.9999799010617672 0.49995917868703516 0.49994265948218425 0.4999668596454662 0.5001111798343989 
0.9999375110101011 0.9998634442319544 0.999893752292056 0.5000723371888139 0.4999617246813436 0.49995207503502964 0.5001106137262238 
0.4985868481949265 0.9998634442319544 0.999893752292056 0.5000730277185831 0.49964826327585293 0.49995207503502964 0.500120023032447 
0.9999284450736955 0.5013430036309391 0.9999799010617672 0.49995917868703516 0.49994265948218425 0.4999668596454662 0.5001111798343989 
0.4985868481949265 0.9998634442319544 0.999893752292056 0.5000730277185831 0.49964826327585293 0.49995207503502964 0.500120023032447 
0.667574019958708 0.6199205988564018 0.9999918731306192 0.5003459549657023 0.4998922624942082 0.4999498902246759 0.5001366307338663 
0.9999424827899124 0.346445979284623 1.0149018848063878E-4 0.5000735114252237 0.49988913547036296 0.4999757401362563 0.5001176947072072 
0.9999382973630646 0.9998686597106101 5.992475425177675E-5 0.5000803427273793 0.4999488731410955 0.4999718769648674 0.5001103904740388 
0.9999382973630646 0.9998686597106101 5.992475425177675E-5 0.5000803427273793 0.4999488731410955 0.49997602190457774 0.5001176831067885 
0.9999937088159694 0.9998712351524854 5.534444771963017E-5 0.50008313723774 0.499949233418715 0.5000458342069773 0.5001102528956616 
0.9999413214111674 0.9998712351524854 9.899851913923829E-5 0.50008313723774 0.49995205573701046 0.5000412938584436 0.5001102528956616 
0.9999382973630646 0.9998686597106101 5.534444771963017E-5 0.5000787120785004 0.4999488731410955 0.4999718769648674 0.5001102324101279 
0.9999937088159694 0.9998712351524854 5.534444771963017E-5 0.5000832404330131 0.499949233418715 0.5000444902782186 0.5001102528956616 
0.4567557777337252 0.9999402166504175 5.6125973737481064E-5 0.5000787120785004 0.49994996395113905 0.49997187885895744 0.5001102324101279 
0.9999915353476156 2.4575343620508727E-4 0.9996318632395791 0.49995752306201224 0.4999885813914484 0.49994645663398724 0.500110394498741 
0.9812195413209323 0.7129787732467935 0.5267755549817201 0.5000660452273268 0.4999422146372787 0.49994537163212227 0.5001186907000331 
0.9180301613379893 0.7635012997366658 0.6274635335181655 0.5000721035620906 0.5002887603854907 0.4999341362319111 0.5001192241346964 
0.9182309258794059 0.9975085418223607 0.5296249402799413 0.500065759445756 0.5002891959131655 0.49997155843092844 0.5001087650650758 
0.8005644179673186 0.8897155987889426 0.4198868418206318 0.4999590412898742 0.49995111383333307 0.49994291239184097 0.5001113960162566 
0.6277485314386211 0.8847643873339808 0.3996015480594564 0.5000700843638333 0.4999541549366178 0.5000411362950484 0.5001188151165702 
7.010845235293488E-4 0.8940643040980443 0.6719067866472502 0.5000706127297035 0.499962423009781 0.4999759014394868 0.5001102898866228 
0.9999702584647292 2.4575343620508727E-4 0.01741508319481333 0.4999586142005196 0.4999885813914484 0.49997160238110677 0.50011898965017 
0.9101947726112071 0.5903085999196472 0.7011614668112638 0.5000850174885824 0.5002851839494751 0.4999402243448839 0.50012192549157 
0.851713743680701 0.715756260475353 0.7009674900261407 0.5000721810415153 0.4999386651492571 0.49992485865105823 0.500110531191637 
0.7784713199937565 0.8111796146150025 0.6697972723518901 0.5000782764421488 0.4999522601952507 0.4999464747625272 0.5001187990531842 
0.6339049273812167 0.869533432682143 0.7206306699674467 0.5000722871696857 0.49995223906816405 0.4999518592283569 0.500110345573226 
7.010845235293488E-4 0.9930850996058875 0.6497016959854944 0.5000706127297035 0.49996243963529746 0.49997287931709106 0.5001102898866228 
0.9999702584647292 2.4575343620508727E-4 0.9626332608232296 0.4999586142005196 0.4999885813914484 0.4999708002435579 0.5001188995850594 
0.8580627099103407 0.6603563473016278 0.7513503555209572 0.5000872828616245 0.49993974292351845 0.49997382583218347 0.5001187162798617 
0.7835600048889829 0.7430394826656637 0.7508919628675257 0.5000811183647669 0.49989917843974324 0.4998072522779762 0.5001099741086095 
0.6087182021320483 0.7843707016814383 0.7292710888308074 0.4999508901651816 0.49995591098264663 0.49995198972456656 0.5001177206945849 
7.010845235293488E-4 0.8940643040980443 0.6719067866472502 0.5000706127297035 0.499962423009781 0.4999759014394868 0.5001102898866228 
0.9999915353476156 2.4575343620508727E-4 0.9996318632395791 0.49995752306201224 0.4999885813914484 0.49994645663398724 0.500110394498741 
0.7973746096496406 0.5236995989822449 0.9740597504528986 0.5000807251750282 0.499942303515415 0.4999667241723911 0.5001105386077591 
0.6033148220878983 0.7908049767186381 0.8182245344088245 0.5002747563641637 0.4999885946670885 0.4999733248752367 0.5001103466839989 
7.010845235293488E-4 0.9083526354409827 0.9967111539917297 0.5000710422360849 0.49996243984601946 0.4999725807419743 0.5001102898866228 
0.9999915353476156 2.4575343620508727E-4 0.9996374629555338 0.49995752306201224 0.49998775229194276 0.4999739419207739 0.5001190088554952 
0.6654067013610838 0.48709519697269643 0.9837893157288364 0.5000725284786549 0.49989917843974324 0.4999767255988575 0.5001099750570597 
3.757477229941074E-4 0.886186288734321 0.8857103889026218 0.5000706114534473 0.49996244331291567 0.49997535406197474 0.5001102900204837 
0.9999955535915922 2.456923715909227E-4 0.9996374629555338 0.49995752306201224 0.4999880386811952 0.4999739419207739 0.5001190113018485 
7.010845235293488E-4 0.2263850448346545 0.6612825796409664 0.5000706127297035 0.49996243963529746 0.4999728714343998 0.5001102898866228 
0.4913506697841269 2.4575343620508727E-4 0.9998394934896266 0.4999586142005196 0.4999885813914484 0.4999721019446415 0.5001188873872904 
0.9999375532255561 0.346445979284623 5.603452786861614E-6 0.5000741109812673 0.4999501842246469 0.5000559354453468 0.5001176928343076 
0.9999382973630646 0.9998774247418181 9.852118776061492E-5 0.5000803427273793 0.4999510936584414 0.4999718769648674 0.5001103904740388 
0.9999382973630646 0.9998774247418181 9.852118776061492E-5 0.5000803427273793 0.4999510936584414 0.4999718769648674 0.5001103904740388 
0.9999413214111674 0.9998712351524854 9.899851913923829E-5 0.50008313723774 0.49995205573701046 0.5000412938584436 0.5001102528956616 
0.999991873913372 0.9998712351524854 5.534444771963017E-5 0.50008311307383 0.49996176423222305 0.5000458342069773 0.5001102505084408 
0.999991873913372 0.9998712351524854 5.534444771963017E-5 0.50008311307383 0.49996176423222305 0.5000458342069773 0.5001102505084408 
0.4567557777337252 0.9999402166504175 5.6125973737481064E-5 0.5000787120785004 0.49994996395113905 0.49997187885895744 0.5001102324101279 
0.9999702584647292 2.4575343620508727E-4 0.9626332608232296 0.4999586142005196 0.4999885813914484 0.4999708002435579 0.5001188995850594 
0.910627036665321 0.5101790064097309 0.37676966308206944 0.5000872828616245 0.5002904570717723 0.49997382583218347 0.5001187162798617 
0.8581959522729123 0.7213973524277499 0.24828841945282037 0.5000709343445918 0.499944555781656 0.4999427934467087 0.5001213139562213 
0.7654131398507171 0.8247660403322121 0.2645685948999061 0.500070621257837 0.49996244956104335 0.49997279861363486 0.5001109482199126 
0.6261127186802202 0.8867699642128818 0.3120656303527011 0.5000830871289333 0.499954646406984 0.5000445642349178 0.5001102886305238 
0.0010232059140841687 0.8847161330179746 0.40243390871882223 0.5000700363132414 0.49995681888073784 0.5000447757467044 0.5001102763121862 
0.9999702584647292 2.4575343620508727E-4 0.019613527205993575 0.4999586142005196 0.4999885813914484 0.4999708002435579 0.5001188995850594 
0.8470780583352603 0.3806576047273027 0.7006361892522273 0.5000725463679389 0.4999875410992882 0.4999663680041395 0.5001217523917374 
0.7974256760695693 0.619206299533527 0.41978470740682305 0.5000700950009636 0.4999609805477664 0.4999516437244251 0.5001366626263372 
0.6161953536918319 0.7994546666114726 0.5052095704580104 0.500081350728839 0.4999559681433915 0.4999760800840271 0.5001213275338011 
3.757477229941074E-4 0.8851579388852604 0.9997910870099322 0.5000706114534473 0.49996244331291567 0.49997535406197474 0.5001103450071692 
0.9999915353476156 2.4575343620508727E-4 0.9996318632395791 0.49995752306201224 0.4999885813914484 0.49994645663398724 0.500110394498741 
0.7875223386357311 0.379511872891793 0.6992942445851522 0.5000723331477145 0.49996145296135225 0.4999519484291379 0.5001106095628389 
0.45442094020202056 0.5139982337563928 0.2675046397951774 0.500071033858127 0.49995464610323026 0.49995055565977053 0.5001102882962426 
3.757477229941074E-4 0.886186288734321 0.8857103889026218 0.5000706114534473 0.49996244331291567 0.49997535406197474 0.5001102900204837 
0.9999915353476156 2.4575343620508727E-4 0.9996374629555338 0.49995752306201224 0.49998775229194276 0.4999739419207739 0.5001190088554952 
0.6040049907823216 0.3837708478304884 0.8502103933946819 0.5000710017821277 0.4999428731334602 0.49994237513924716 0.500124616043009 
3.757477229941074E-4 0.886186288734321 0.9562312804385044 0.5000706114534473 0.49996244331291567 0.49997535406197474 0.5001103450071692 
0.9999955535915922 2.4575343620508727E-4 0.9996374629555338 0.49995752306201224 0.49998775229194276 0.4999739419207739 0.5001190088554952 
7.010845235293488E-4 0.2263850448346545 0.6612825796409664 0.5000706127297035 0.49996243963529746 0.4999728714343998 0.5001102898866228 
0.4913506697841269 2.4575343620508727E-4 0.9998394934896266 0.4999586142005196 0.4999885813914484 0.4999721019446415 0.5001188873872904 
0.9999375532255561 0.346445979284623 5.603452786861614E-6 0.5000741109812673 0.4999501842246469 0.5000559354453468 0.5001176928343076 
0.9999423000795139 0.9998712918643277 9.879558362043676E-5 0.5000719025887942 0.49997631598768566 0.5000404294547046 0.5001215687201326 
0.9999423000795139 0.9998712918643277 9.879558362043676E-5 0.5000719025887942 0.49997631598768566 0.5000404294547046 0.5001215687201326 
0.9999415178301331 0.9999345798222655 9.928318483913554E-5 0.5000827912395281 0.49995225985343633 0.49997220516479784 0.5001187990531842 
0.9993907530042091 0.9999345798222655 5.534444771963017E-5 0.5000718213132248 0.4999524062444161 0.4999709465800422 0.5001112061845429 
0.45473189903845546 0.9999403248062649 9.956766695128723E-5 0.499961494274624 0.4999499472402568 0.4999702778549371 0.5001187937751865 
0.9999702584647292 2.4575343620508727E-4 0.01741508319481333 0.4999586142005196 0.4999885813914484 0.49997160238110677 0.50011898965017 
0.8780512741240968 0.6264759950802234 0.22815216673982155 0.5000831373412761 0.49994457160317796 0.4999776392120429 0.5001212524642326 
0.7818926168106486 0.7259862931348429 0.24128372651295965 0.500083112907247 0.49993873763217306 0.49997765925832366 0.5001212527231244 
0.6161953536918319 0.8025105881449718 0.22623655624070374 0.500081350728839 0.49995464532122863 0.4999760800840271 0.5001213275338011 
3.757477229941074E-4 0.8854190451729828 0.6637030296309048 0.5000706114534473 0.4999523681046747 0.4999759148081076 0.500110346856759 
0.9999702584647292 2.4575343620508727E-4 0.019613527205993575 0.4999586142005196 0.4999885813914484 0.4999708002435579 0.5001188995850594 
0.7760515954961625 0.38806722590948184 0.24799485531143953 0.5000709343445918 0.49993236277084324 0.49994241161366704 0.5001213290350743 
0.4657146254423301 0.5136674326908381 0.2642673761713771 0.500071033858127 0.49995464610323026 0.49995057613644645 0.5001111318140607 
3.757477229941074E-4 0.8851579388852604 0.6637030296309048 0.5000706114534473 0.49996244331291567 0.49997535406197474 0.500110346856759 
0.9999955535915922 2.456923715909227E-4 0.9996374629555338 0.49995752306201224 0.4999880386811952 0.4999739419207739 0.5001190113018485 
0.5826504806474805 0.2856558520697828 0.2224320864311478 0.5000710749610208 0.4999534086243785 0.5000795158794207 0.5001224496305623 
3.7483089080259866E-4 0.7602429632429164 0.6639918754116666 0.5000707850814033 0.4999625797740188 0.499973189235795 0.5001102920467334 
0.9999876344264267 2.500572549489098E-4 0.9157376866125926 0.5000621117077559 0.49998171097621946 0.49997373147203567 0.5001189411461435 
7.010845235293488E-4 0.21684350084666737 0.6718706742991813 0.5000706127297035 0.499962423009781 0.4999728714343998 0.5001102898866228 
0.5374595716787969 2.8982023152808055E-7 0.9819012192507666 0.5000749836630147 0.49997633351294196 0.49994448839835964 0.5001217702007125 
0.9999375532255561 0.346445979284623 4.2697473453067876E-5 0.5000741109812673 0.4999501842246469 0.5000559354453468 0.5001176928343076 
0.9999410585863373 0.9998712918643277 9.879558362043676E-5 0.50008313723774 0.4999883339502528 0.5000404560013573 0.5001102549974589 
0.9999410585863373 0.9998712918643277 9.879558362043676E-5 0.50008313723774 0.49995108323492005 0.5000412973106781 0.5001102549974589 
0.9993875812077714 0.9999701048244669 8.024989144214678E-5 0.5000710333288354 0.4999521657740879 0.4999712066868884 0.5001112825449068 
0.45473189903845546 0.9999403248062649 5.548838206762951E-5 0.5000807442984571 0.49995005953914273 0.499942518538351 0.5001183698325623 
0.9999702584647292 2.4575343620508727E-4 0.01741508319481333 0.4999586142005196 0.4999885813914484 0.49997160238110677 0.50011898965017 
0.7959375983825618 0.5136674326908381 0.24776641307805 0.500071033858127 0.4999386734942406 0.49995057613644645 0.5001111831806621 
0.6058109860999074 0.7988805581144469 0.18193939256671504 0.5000707206918226 0.49995241431046905 0.5001195821105411 0.5001200527865273 
3.802251724946783E-4 0.4621627683571232 0.6639918754116666 0.5000707875518912 0.4999625804958271 0.49997150274635155 0.5001102920467334 
0.9999933763050537 2.4575343620508727E-4 0.006137398072174671 0.49995749893812025 0.4999885813914484 0.49994645663398724 0.5001177447643301 
0.6304561665896113 0.3875225937534772 0.22480873998230083 0.5000773824489776 0.4999534086243785 0.5000795158794207 0.500121939942033 
7.127072218144718E-4 0.4614180708661135 0.023868400601681383 0.500070580522322 0.4999529050191923 0.499971660785749 0.5001111356485635 
0.9999933763050537 2.1811853650338664E-4 1.0689416656031563E-4 0.49995749893812025 0.4999887589037479 0.4999469122040002 0.5001177447643301 
7.010845235293488E-4 0.2263850448346545 0.9764018846808141 0.5000706127297035 0.49996243963529746 0.4999728714343998 0.5001103450302196 
0.5374595716787969 2.8982023152808055E-7 0.9819012192507666 0.5000749836630147 0.49997633351294196 0.49994448839835964 0.5001217702007125 
0.9999281419865286 0.346445979284623 4.2697473453067876E-5 0.5000740245013199 0.4999501842246469 0.49997206405972094 0.5001111490477591 
0.9999410585863373 0.9998712918643277 9.879558362043676E-5 0.50008313723774 0.4999883339502528 0.5000404560013573 0.5001102549974589 
0.9993875812077714 0.9999701048244669 8.024989144214678E-5 0.5000710333288354 0.4999521657740879 0.4999712066868884 0.5001112825449068 
0.4524739901737051 0.9999337997903401 9.956766695128723E-5 0.5000713516200944 0.4999521616826076 0.4999414933640037 0.5001220653940617 
0.9999702584647292 2.4575343620508727E-4 0.01741508319481333 0.4999586142005196 0.4999885813914484 0.49997160238110677 0.50011898965017 
0.6649461656407715 0.4971090818986016 0.004043744088620627 0.5000737385171623 0.4999546202666403 0.500081636876767 0.5001102290456139 
7.127072218144718E-4 0.4614180708661135 0.023868400601681383 0.500070580522322 0.4999529050191923 0.499971660785749 0.5001111356485635 
0.9993895769167225 2.456407326350898E-4 0.01779502556357304 0.5000762570702352 0.4999761163465774 0.4999715974013548 0.5001112511009845 
7.010845235293488E-4 0.21684350084666737 0.6718706742991813 0.5000706127297035 0.499962423009781 0.4999728714343998 0.5001102898866228 
0.5379363470687347 2.8982023152808055E-7 0.017974803422184278 0.500073801106741 0.49997633351294196 0.49997517268895225 0.5001217702007125 
0.9999375532255561 0.346445979284623 4.2697473453067876E-5 0.5000741109812673 0.4999501842246469 0.5000559354453468 0.5001176928343076 
0.9993875812077714 0.9999701048244669 8.024989144214678E-5 0.5000710333288354 0.4999521657740879 0.4999712066868884 0.5001112825449068 
0.5734736820994762 0.9999403409722624 9.956766695128723E-5 0.500088840428248 0.49997629110978414 0.4999414933640037 0.5001218607046323 
0.9993895769167225 2.456407326350898E-4 0.01779502556357304 0.5000762570702352 0.4999761163465774 0.4999715974013548 0.5001112511009845 
7.0660279105067E-4 0.33257551096902205 1.2876747586626491E-5 0.5000719390991248 0.499952444950886 0.4999755766392035 0.5001111356485635 
0.5379363470687347 2.8982023152808055E-7 8.293052685923175E-5 0.500073801106741 0.49997633351294196 0.4999754797505093 0.5001217702007125 
0.9999281419865286 0.346445979284623 4.2697473453067876E-5 0.5000740245013199 0.4999501842246469 0.49997206405972094 0.5001111490477591 
0.5734736820994762 0.9999403409722624 9.956766695128723E-5 0.500088840428248 0.49997629110978414 0.4999414933640037 0.5001218607046323 
0.5379363470687347 2.8982023152808055E-7 8.293052685923175E-5 0.500073801106741 0.49997633351294196 0.4999754797505093 0.5001217702007125 
0.6016801031464664 0.3397368436794957 1.2876747586626491E-5 0.5000719406002904 0.49995244494634916 0.4999745895120935 0.5001111356485635 
