0.0 0.0 0.1791936481731583 0.5175205355685599 0.49106081420719255 0.4994167445652834 0.4806560423711054 0.4967001354604237 0.5162611319910341 0.49356243631530006 0.49990450258590535 0.47958580691954167 
0.05884924622240266 0.0 0.0925179504435894 0.5346173837526729 0.5042626844299251 0.5230036345340245 0.49408745750871674 0.48022763803315793 0.5146114994109039 0.5009858743182176 0.5052686192674913 0.5081342173031922 
0.14551198412789113 0.0 0.15362968858052553 0.487371086071139 0.48161564654441935 0.50466775820128 0.48221119704132825 0.48690699248640484 0.5200949517674593 0.4703132532366273 0.503749639049162 0.5297455759999845 
0.25437206782335875 0.0 0.13411190228353287 0.5283243916880664 0.48865781297408384 0.5000302660283218 0.48453629847147806 0.49268352165021934 0.5167212834295859 0.46985033645453095 0.5247280253441632 0.5172082014503672 
0.3910082516225894 0.15601624306665368 0.11071640728871163 0.5516887383368696 0.4925403996079901 0.4974427446564446 0.4696942117982067 0.5178041754030965 0.5250913081066734 0.4863494769947878 0.5081330715563087 0.48522439349736685 
0.5528996005593457 0.4818256275012097 0.26349818025396465 0.533446877939485 0.49045907249933696 0.5028567851072331 0.5277973055864478 0.4984549077760662 0.4980032600409841 0.5212662276252612 0.5132614546039831 0.5006983157685089 
0.7193160861341172 0.6180386523222619 0.35266766788433507 0.5175444900605572 0.4900159455973344 0.5012262100518052 0.5055361885433582 0.5061824261898382 0.5031861951573968 0.5098642476663389 0.5099507462398188 0.4928779845586831 
0.8753483041448775 0.8621134913646056 0.4299935126547547 0.5015276904246231 0.49671171381193807 0.5037532009226289 0.49806129914298025 0.49922459460830715 0.5002751060712168 0.5014061016890615 0.4986782732916889 0.49885310395410665 
1.0 0.9763679819960682 0.4141808291191676 0.4990929219873951 0.5000084986734907 0.5012747772793813 0.4974469948775442 0.5016157301078106 0.5024537611145555 0.5016437503503633 0.49764915379630925 0.499981361534036 
0.004569118577877818 1.0 0.0 1.0 1.0 0.0 1.0 0.0 1.0 0.0 1.0 0.0 
0.07386349902603698 0.0 0.2802705497752449 0.5266942750531806 0.4853543700925568 0.5078903904753513 0.46871654734393803 0.49456408921402767 0.5035443318062345 0.48338943630569964 0.4956858171172174 0.4693463714547317 
0.17288750293795818 0.0 0.17699638791099198 0.5015379005607183 0.4802689131768537 0.5014561667598576 0.4759348596197912 0.497254491459065 0.513691669569484 0.4787745882258416 0.496715447250491 0.5193780546752056 
0.30912310544349286 0.08663512176615495 0.18084530094446577 0.5566580206672251 0.48596434623895257 0.49360708314547697 0.47198362362840396 0.5133785195955396 0.503914719033635 0.4867730064329595 0.5106596417468212 0.4964731588008092 
0.48292087252677046 0.38967435983264037 0.23313163525569874 0.536534760004598 0.4957224131707648 0.5041518898569477 0.498161763518708 0.49913735130620573 0.4952076707857245 0.4954662402969668 0.5092708690246714 0.4967192590777635 
0.6728450970483448 0.5029525350481896 0.03301182708480216 0.5189652557243397 0.5083821334258565 0.4846475791216049 0.4986457892771228 0.5053510062256756 0.490226811602259 0.5053413385014865 0.49288945057909855 0.5010384267126453 
0.8526907846628429 0.8318600817796837 0.45019080275938606 0.5040826011009092 0.4933828262088929 0.5065262826666947 0.49884897727973826 0.49682976664304157 0.4981785920968618 0.5011358773876641 0.4988877778242812 0.497828480290173 
1.0 0.8067165654309684 0.40378593816309727 0.49873697828840674 0.49909347718510017 0.5007568603035384 0.4978678149147363 0.5020319159873983 0.5024935826175858 0.5015499922752642 0.5000894314966624 0.500554518763991 
0.010411979183925594 1.0 0.0 1.0 1.0 0.0 1.0 0.0 1.0 0.0 1.0 0.0 
0.09417810218547888 0.9688840472049192 0.0 0.6150368020163902 0.33741080262633155 0.5501264756209623 0.5843669759768777 0.57684836081658 0.20087472010742363 0.36798627891870606 0.5908782850315684 0.44839776292885536 
0.21610937867244773 0.0 0.17174814839131042 0.5177621581636859 0.4802452883816256 0.5030564275332301 0.4756146560817265 0.4976525628354563 0.5137633233976109 0.47957110988349894 0.4957243370628934 0.5233451892993519 
0.3910082516225894 0.15601624306665368 0.11071640728871163 0.5516887383368696 0.4925403996079901 0.4974427446564446 0.4696942117982067 0.5178041754030965 0.5250913081066734 0.4863494769947878 0.5081330715563087 0.48522439349736685 
0.6080546893362239 0.5127430913175981 0.31966251238333476 0.507901332320146 0.4895264997460395 0.5031057761116217 0.4865879426263051 0.49985185225325524 0.5089267429288538 0.48820351645230947 0.49347370127137685 0.5130939139758142 
0.8248801472915887 0.853732778571142 0.4116413545725242 0.5054786568930556 0.500675097740872 0.49825612988806767 0.49417160544071026 0.502772119492609 0.5029165258702221 0.5007836512338832 0.4942479542212054 0.5016522770894917 
1.0 0.9763679819960682 0.4141808291191676 0.4990929219873951 0.5000084986734907 0.5012747772793813 0.4974469948775442 0.5016157301078106 0.5024537611145555 0.5016437503503633 0.49764915379630925 0.499981361534036 
0.019758009459434747 1.0 0.0 1.0 1.0 0.0 1.0 0.0 1.0 0.0 1.0 0.0 
0.12851322377349012 1.0 0.004891674185247073 0.6113049298054911 0.5739775663401631 0.4284790614608994 0.9331138092451856 0.30334178327908834 0.5 0.4173386238297803 0.8362136810919893 0.30470300065208417 
0.2861077661437802 0.2137913615348864 0.1998157720636638 0.5352605878856257 0.48797203837858116 0.5044042890817751 0.4867281080311849 0.49859399275902666 0.5045213240057311 0.4879169359190615 0.5020020479499836 0.5120157915006309 
0.5178073038464551 0.6052670185246379 0.41787061139072323 0.5236117840671071 0.49513244191551675 0.5165678940341558 0.4946752113785824 0.5000073330619771 0.5028591164274457 0.4953761609896551 0.4939641958436186 0.49295294288079533 
0.7846625283326105 0.8274892853623347 0.4051099063629639 0.5123747791108992 0.5089890890275947 0.5099886926781284 0.5009124609783568 0.49594632207789824 0.4961879716865424 0.5002914901630535 0.4947296466670503 0.49687895111538843 
1.0 0.8627172861286624 0.4067090092091267 0.49881707311444545 0.49907207535743847 0.5009532990374173 0.49798339749561754 0.5020294543435568 0.5025483433302416 0.501528275181867 0.4995430215214708 0.5006236080413216 
0.02253833794779969 1.0 0.0 1.0 1.0 0.0 1.0 0.0 1.0 0.0 1.0 0.0 
0.18567737899508327 1.0 0.0 0.4307243464074076 0.6138014606430522 0.6394094378659486 1.0 0.33261674304958266 0.5274678637271963 0.4465558711903729 1.0 0.41794447551279423 
0.5000895602657782 0.4672195754884225 0.2669281206471995 0.5319473445579549 0.49152225010889855 0.49340364299655814 0.5089831605039872 0.5185812938795413 0.5111526203218264 0.5179754718446966 0.51748068267684 0.49010051815584815 
0.7225223440445183 0.9035164314222149 0.6001436628399761 0.5221774229506911 0.5047774228618027 0.5112799310317749 0.5086457199951885 0.500019147094201 0.497986907802414 0.5038299234549155 0.4973115904495944 0.4847050618090534 
1.0 0.8100150743750041 0.4070372937990612 0.49896829673015114 0.5010519311278514 0.5006140618519508 0.49633267935506453 0.5012143140912715 0.5020853753355907 0.5018678109858451 0.4984873359471056 0.49899366864009786 
0.05936441629358083 1.0 0.0 1.0 1.0 0.0 1.0 0.0 1.0 0.0 1.0 0.0 
0.26589617631207374 1.0 0.0 0.38620481101241444 0.8016463384113341 0.7612099769766008 0.9739934874087566 0.2715848482307549 0.7666010547811152 0.5379214919393879 1.0 0.41314818819932186 
0.7589231478708545 0.6135569704251336 0.17677653850554884 0.5124957438811313 0.5022139302822414 0.5008259413290415 0.5020363415000757 0.5027238827616621 0.4881312872953493 0.4995195599772464 0.5051880348157671 0.5190461175323235 
1.0 0.8627172861286624 0.4067090092091267 0.49881707311444545 0.49907207535743847 0.5009532990374173 0.49798339749561754 0.5020294543435568 0.5025483433302416 0.501528275181867 0.4995430215214708 0.5006236080413216 
0.10438714871213932 1.0 0.0 1.0 1.0 0.0 1.0 0.0 1.0 0.0 1.0 0.0 
0.7957078388876685 0.8518707221808517 0.5943118988515664 0.5139788759529285 0.4835025474734558 0.5149380813190234 0.5083687252446283 0.504199006814023 0.5089083010664236 0.5015139627812513 0.4949424269605179 0.5053818389618119 
1.0 0.9414954319677717 0.4144334879314782 0.49882868603046415 0.4990195251536975 0.501320402089968 0.49806725381269845 0.5020333245834282 0.5027283358245056 0.5009380531409391 0.49934213989761234 0.500878700067523 
0.8227401107814174 0.9407155904350375 0.6162360625825182 0.5142095867537945 0.48418288726423653 0.5147794578634086 0.5076166994914381 0.5035591334373684 0.5087449514885813 0.5011371936826735 0.4939238776638369 0.5048038717863896 
1.0 0.9373849137255877 0.41060643727049934 0.4989238662158304 0.4990435395872228 0.5012152173492559 0.4981375076034592 0.5020261721517683 0.5026213576137826 0.5014993190573376 0.498814474887882 0.5007157270777622 
1.0 0.9414954319677717 0.4144334879314782 0.49882868603046415 0.4990195251536975 0.501320402089968 0.49806725381269845 0.5020333245834282 0.5027283358245056 0.5009380531409391 0.49934213989761234 0.500878700067523 
0.004380436217426627 1.0 1.0 0.0 1.0 1.0 1.0 0.0 0.0 1.0 1.0 0.0 
0.07386349902603698 0.0 0.2802705497752449 0.5266942750531806 0.4853543700925568 0.5078903904753513 0.46871654734393803 0.49456408921402767 0.5035443318062345 0.48338943630569964 0.4956858171172174 0.4693463714547317 
0.17288750293795818 0.0 0.17699638791099198 0.5015379005607183 0.4802689131768537 0.5014561667598576 0.4759348596197912 0.497254491459065 0.513691669569484 0.4787745882258416 0.496715447250491 0.5193780546752056 
0.30912310544349286 0.08663512176615495 0.18084530094446577 0.5566580206672251 0.48596434623895257 0.49360708314547697 0.47198362362840396 0.5133785195955396 0.503914719033635 0.4867730064329595 0.5106596417468212 0.4964731588008092 
0.48292087252677046 0.38967435983264037 0.23313163525569874 0.536534760004598 0.4957224131707648 0.5041518898569477 0.498161763518708 0.49913735130620573 0.4952076707857245 0.4954662402969668 0.5092708690246714 0.4967192590777635 
0.6728450970483448 0.5029525350481896 0.03301182708480216 0.5189652557243397 0.5083821334258565 0.4846475791216049 0.4986457892771228 0.5053510062256756 0.490226811602259 0.5053413385014865 0.49288945057909855 0.5010384267126453 
0.8526907846628429 0.8318600817796837 0.45019080275938606 0.5040826011009092 0.4933828262088929 0.5065262826666947 0.49884897727973826 0.49682976664304157 0.4981785920968618 0.5011358773876641 0.4988877778242812 0.497828480290173 
1.0 1.0 0.40671540769339803 0.4991085126341611 0.4994992668457797 0.5014905457316672 0.4979367294666033 0.5018178740749877 0.5026060102549887 0.5015443883371041 0.49754880187310613 0.5004349059025623 
0.05290526237641999 0.17375025377612252 0.4427895668125624 0.530993166820372 0.4892837234469094 0.518994101224129 0.46871401736658475 0.49300825444126695 0.48071524437001956 0.5028999716552802 0.4846035357556016 0.5023129607071473 
0.08644375146897909 0.0 0.18749286695035508 0.52334592280771 0.48031616276731 0.4982556452131125 0.47657526669592065 0.49645834870628236 0.5135483619132302 0.477181544910527 0.49869766762568607 0.5114437854269128 
0.21610937867244773 0.0 0.17174814839131042 0.5177621581636859 0.4802452883816256 0.5030564275332301 0.4756146560817265 0.4976525628354563 0.5137633233976109 0.47957110988349894 0.4957243370628934 0.5233451892993519 
0.3910082516225894 0.15601624306665368 0.11071640728871163 0.5516887383368696 0.4925403996079901 0.4974427446564446 0.4696942117982067 0.5178041754030965 0.5250913081066734 0.4863494769947878 0.5081330715563087 0.48522439349736685 
0.6080546893362239 0.5127430913175981 0.31966251238333476 0.507901332320146 0.4895264997460395 0.5031057761116217 0.4865879426263051 0.49985185225325524 0.5089267429288538 0.48820351645230947 0.49347370127137685 0.5130939139758142 
0.8248801472915887 0.8987507913472026 0.41245156929290017 0.505429743360549 0.49967803591311166 0.49849122805876056 0.49503549203794717 0.5031788690708046 0.5031662634384327 0.5006066443007618 0.49459366034999075 0.5024902765492136 
1.0 0.9373849137255877 0.41060643727049934 0.4989238662158304 0.4990435395872228 0.5012152173492559 0.4981375076034592 0.5020261721517683 0.5026213576137826 0.5014993190573376 0.498814474887882 0.5007157270777622 
0.02640878275546167 1.0 0.0 0.8200946023728406 0.5854867316483199 0.2863244976660073 0.8412489214454618 0.31625168651330693 0.4675069474793395 0.11434255773926993 0.8532503266008955 0.16229918442358615 
0.09885111732323346 0.9688840472049192 0.0 0.6150368020163902 0.33741080262633155 0.48428594069739017 0.5843669759768777 0.57684836081658 0.20087472010742363 0.36798627891870606 0.5908782850315684 0.44839776292885536 
0.2783936195505565 0.0 0.0 0.5634048288695623 0.49806559290337327 0.4990513086674335 0.5217458357027059 0.4865426407348314 0.4857200897963675 0.4987708009860886 0.5467810746223793 0.5249430103880972 
0.5178073038464551 0.6052670185246379 0.41787061139072323 0.5236117840671071 0.49513244191551675 0.5165678940341558 0.4946752113785824 0.5000073330619771 0.5028591164274457 0.4953761609896551 0.4939641958436186 0.49295294288079533 
0.7846625283326105 0.8205906954180766 0.37669894487270084 0.5121621620306286 0.5091433973262633 0.5081992346166289 0.5002656373967159 0.4960144718271261 0.4957722834044139 0.5006738139793359 0.4972652114797391 0.49633514809400825 
1.0 0.8067165654309684 0.40378593816309727 0.49873697828840674 0.49909347718510017 0.5007568603035384 0.4978678149147363 0.5020319159873983 0.5024935826175858 0.5015499922752642 0.5000894314966624 0.500554518763991 
0.0 1.0 0.0 0.919554712226317 0.3095015124394528 0.07360499896331976 1.0 0.0 0.24793015397341767 0.0403844702925924 1.0 0.34950776924579735 
0.16572327013651217 0.9844420236024596 0.004891674185247073 0.4188233308136862 0.24268296765332886 0.709227028967003 0.7252972972336245 0.5917659636873783 0.03460957119843011 0.6015455452394258 0.6316528236077735 0.5289018821165119 
0.40971074395245155 0.19708474258504138 0.17178939780455438 0.5369785962930969 0.48407295713350273 0.49629968716327527 0.4941199966024259 0.4872417640867932 0.49462778690482745 0.5005042030874451 0.5221441653003922 0.5012886135617269 
0.7225223440445183 0.9035164314222149 0.6001436628399761 0.5221774229506911 0.5047774228618027 0.5112799310317749 0.5086457199951885 0.500019147094201 0.497986907802414 0.5038299234549155 0.4973115904495944 0.4847050618090534 
1.0 0.9763679819960682 0.4141808291191676 0.4990929219873951 0.5000084986734907 0.5012747772793813 0.4974469948775442 0.5016157301078106 0.5024537611145555 0.5016437503503633 0.49764915379630925 0.499981361534036 
0.04159023082569049 1.0 0.0 1.0 1.0 0.01581105492181767 1.0 0.0 1.0 0.009346677938184389 1.0 0.001022407571335593 
0.2658531565337423 1.0 0.0038043240168568193 0.356886353139235 0.6740815850618964 0.6341000056553932 0.9687432064822195 0.2848466128942908 0.5648624179401446 0.43343816226753984 0.9975461947928043 0.44336663889822947 
0.7053815693256857 0.6342939636233453 0.4200484055831459 0.5110948561127983 0.48911383140823017 0.5069069581707235 0.5022526284535169 0.48845511991756796 0.49807359465192386 0.5018738929003618 0.5092254617949346 0.4951019061725025 
1.0 0.9028921044969428 0.403448679161087 0.49890319073830436 0.49856307086803836 0.5009926795028776 0.49853448540173956 0.5022384299723117 0.5025747280368701 0.5014613717981665 0.4990917007830852 0.500905915134406 
0.08904662444037124 1.0 0.0 1.0 1.0 0.0 1.0 0.0 1.0 0.0 1.0 0.0 
0.7589231478708545 0.6117813425689974 0.11607063792736949 0.5124752932104023 0.502523140659924 0.5008831780105784 0.50174007096745 0.5025922473087565 0.48813761381731313 0.5006178652739084 0.5052424394542617 0.5188984627980335 
1.0 0.9373849137255877 0.41060643727049934 0.4989238662158304 0.4990435395872228 0.5012152173492559 0.4981375076034592 0.5020261721517683 0.5026213576137826 0.5014993190573376 0.498814474887882 0.5007157270777622 
0.7957078388876685 0.8518707221808517 0.5943118988515664 0.5139788759529285 0.4835025474734558 0.5149380813190234 0.5083687252446283 0.504199006814023 0.5089083010664236 0.5015139627812513 0.4949424269605179 0.5053818389618119 
1.0 0.9373849137255877 0.41060643727049934 0.4989238662158304 0.4990435395872228 0.5012152173492559 0.4981375076034592 0.5020261721517683 0.5026213576137826 0.5014993190573376 0.498814474887882 0.5007157270777622 
1.0 0.9373849137255877 0.41060643727049934 0.4989238662158304 0.4990435395872228 0.5012152173492559 0.4981375076034592 0.5020261721517683 0.5026213576137826 0.5014993190573376 0.498814474887882 0.5007157270777622 
0.011514376299928457 1.0 1.0 0.0 1.0 1.0 1.0 0.0 0.0 1.0 1.0 0.0 
0.0741936868394538 0.8487287520594075 1.0 0.6642607769171963 0.6139684333741058 0.42255281335223355 0.4544535373337035 0.41340079652460343 0.39411579577402384 0.6683439280908912 0.4100462873449682 0.18324838099018448 
0.21383007602750645 0.034690560650249364 0.1419319410831149 0.49905325939554057 0.4835569398613725 0.5033739975153414 0.4747901537046926 0.49946731936284344 0.5222646478664362 0.4785628235067558 0.49545216215523474 0.5137536720234844 
0.3910082516225894 0.15601624306665368 0.11071640728871163 0.5516887383368696 0.4925403996079901 0.4974427446564446 0.4696942117982067 0.5178041754030965 0.5250913081066734 0.4863494769947878 0.5081330715563087 0.48522439349736685 
0.6085989070874261 0.4937698620914914 0.24112166958664605 0.5287628816117024 0.4919150047039107 0.49320669597514144 0.5100161686914297 0.5171098501619321 0.5099368656229475 0.5191589438635948 0.5186557045980159 0.48746035164456414 
0.8248801472915887 0.8987507913472026 0.41245156929290017 0.505429743360549 0.49967803591311166 0.49849122805876056 0.49503549203794717 0.5031788690708046 0.5031662634384327 0.5006066443007618 0.49459366034999075 0.5024902765492136 
1.0 0.9763679819960682 0.4141808291191676 0.4990929219873951 0.5000084986734907 0.5012747772793813 0.4974469948775442 0.5016157301078106 0.5024537611145555 0.5016437503503633 0.49764915379630925 0.499981361534036 
0.037475994151314036 1.0 1.0 0.7125027183317232 0.7644046133005652 0.3304477721496474 0.4349395249197848 0.3003205437757779 0.2921686624874179 0.8580619273077783 0.21186649405805213 0.0 
0.11005109713065682 0.8487287520594075 1.0 0.6514219113957026 0.5863260201683448 0.42668491972038786 0.4540435094768267 0.4168736775354154 0.3847101140013923 0.6685952537625565 0.4108009058550484 0.1830055169255093 
0.2796096385664286 0.13212777388609032 0.15546942862334884 0.5610567309924348 0.4896285351988426 0.516742922920628 0.5052564855882429 0.48049429063136473 0.5012240969427466 0.4905640445181205 0.49734457156824297 0.5117003217452564 
0.5178073038464551 0.6052670185246379 0.41787061139072323 0.5236117840671071 0.49513244191551675 0.5165678940341558 0.4946752113785824 0.5000073330619771 0.5028591164274457 0.4953761609896551 0.4939641958436186 0.49295294288079533 
0.7846625283326105 0.8177496908482589 0.38190798895142686 0.512129440957462 0.5096381339305556 0.5082908133070878 0.49979160454451477 0.495803855102477 0.4957824058395559 0.5007262393007715 0.4973522589013304 0.4960989005191442 
1.0 0.9373849137255877 0.41060643727049934 0.4989238662158304 0.4990435395872228 0.5012152173492559 0.4981375076034592 0.5020261721517683 0.5026213576137826 0.5014993190573376 0.498814474887882 0.5007157270777622 
0.15525505893326452 0.0 0.17451874289784633 0.5507676686992473 0.47120548401952855 0.5057733174470177 0.4854968681483538 0.4943839098043191 0.5251089585376583 0.4929749605241741 0.5022066688451374 0.49316650300837916 
0.20436507950134758 0.057479507585029815 0.3237880090562611 0.5132190862569327 0.48424669015530153 0.5011607193441763 0.47256305815631194 0.4871949345011919 0.5101038319032035 0.46739279778771337 0.48835042743642815 0.5290494005075259 
0.3910082516225894 0.15601624306665368 0.11071640728871163 0.5516887383368696 0.4925403996079901 0.4974427446564446 0.4696942117982067 0.5178041754030965 0.5250913081066734 0.4863494769947878 0.5081330715563087 0.48522439349736685 
0.7225223440445183 0.919410674738551 0.5564662266505392 0.5208928943351616 0.5053636534352588 0.5082154404239223 0.506578646038468 0.4999528147593658 0.497124924402936 0.5041999900944216 0.49780375525390863 0.48349302446388853 
1.0 0.8846827019719294 0.4109347218604338 0.4990750898315361 0.5010233953576357 0.5008759801637894 0.49648678946290625 0.5012110318994829 0.5021583896191317 0.5018388548613156 0.4977587893135168 0.49908578767653855 
0.1888960039345005 1.0 0.04680915418427885 0.4985829571438196 0.5388117798367169 0.6119166372207849 0.9757628116332463 0.3750122391390029 0.4227256758376946 0.6313836439870631 0.796238617890007 0.4184305328153032 
0.2815517554988589 0.973390785401236 0.0 0.42354130410221047 0.42003296427306114 0.5658556940384695 0.8764035026399564 0.3755262005948208 0.2930127408485942 0.35862728671395905 0.8177928496603367 0.437485979728021 
0.6255394590685741 0.6044684488618242 0.5265841950729888 0.515375708983687 0.5017018928378931 0.4927298059236835 0.5022696561069546 0.4966917668534253 0.5020358457442134 0.4969080872186734 0.5006820295317088 0.5051825206124676 
1.0 0.8688567996425158 0.4047513207663646 0.4990811126293563 0.5005357926958973 0.5007189218953709 0.496922294788147 0.5014224691720792 0.5021300136131046 0.5017936685710123 0.49785387855032276 0.4992990054922924 
0.22719023969902843 1.0 0.0 0.36245943950326964 0.3882765381915592 0.6449922824572677 0.9991199783851025 0.32117236948830474 0.18732837412253261 0.2910708561967711 0.9604895757489083 0.4181569407545581 
0.7053815693256857 0.6342939636233453 0.4200484055831459 0.5110948561127983 0.48911383140823017 0.5069069581707235 0.5022526284535169 0.48845511991756796 0.49807359465192386 0.5018738929003618 0.5092254617949346 0.4951019061725025 
1.0 0.9623349490659252 0.4033621208075655 0.49902410286717963 0.49879283165211064 0.5010257798061808 0.498455141110103 0.5021379019016969 0.5024995587478496 0.5015019455106122 0.4983289140327052 0.5006741284693075 
0.7589231478708545 0.6117813425689974 0.11607063792736949 0.5124752932104023 0.502523140659924 0.5008831780105784 0.50174007096745 0.5025922473087565 0.48813761381731313 0.5006178652739084 0.5052424394542617 0.5188984627980335 
1.0 0.9705559855502932 0.41101622212952327 0.4988337424964471 0.49874480278506006 0.5012361492876051 0.4983146335285814 0.5021522067650168 0.5027135151692956 0.5003794136778152 0.49938424405216586 0.5010000744488289 
1.0 0.9623349490659252 0.4033621208075655 0.49902410286717963 0.49879283165211064 0.5010257798061808 0.498455141110103 0.5021379019016969 0.5024995587478496 0.5015019455106122 0.4983289140327052 0.5006741284693075 
0.021244165152103863 1.0 1.0 0.0 1.0 1.0 1.0 0.0 0.0 1.0 1.0 0.0 
0.12501480265669015 1.0 1.0 0.47562262051095405 0.7425261211871687 0.3781131575171864 0.3817800692771857 0.22819584757122696 0.3563502817078434 0.7712805352121664 0.33548067739862025 0.1680302156835009 
0.2936993446769988 0.38082556914973753 0.8950605814729475 0.4681325940678414 0.4829976859707854 0.5303046518938654 0.4600643819946612 0.459798018312518 0.5192376586443994 0.5290960058733623 0.47820454335253204 0.4362826737129375 
0.5178073038464551 0.6052670185246379 0.41787061139072323 0.5236117840671071 0.49513244191551675 0.5165678940341558 0.4946752113785824 0.5000073330619771 0.5028591164274457 0.4953761609896551 0.4939641958436186 0.49295294288079533 
0.7846625283326105 0.8205906954180766 0.37669894487270084 0.5121621620306286 0.5091433973262633 0.5081992346166289 0.5002656373967159 0.4960144718271261 0.4957722834044139 0.5006738139793359 0.4972652114797391 0.49633514809400825 
1.0 0.8286819812742354 0.4080116508144043 0.4989949950054974 0.5010447971852974 0.5006795414299106 0.49637120688202496 0.5012134935433243 0.502103628906476 0.5018605719547127 0.49830519928870837 0.49901669839920804 
0.044581366057399 1.0 1.0 0.2915763211876617 1.0 0.7776987584359495 0.722582550686472 0.0010542796030106605 9.726029780572545E-4 1.0 0.6505097888587899 0.0 
0.1710632870454562 1.0 1.0 0.47562262051095405 0.7425261211871687 0.3781131575171864 0.3817800692771857 0.22819584757122696 0.3563502817078434 0.7646501363917085 0.33548067739862025 0.1680302156835009 
0.4088553242536759 0.4360089895190019 0.3605313718659646 0.5346712755506988 0.495807156752909 0.5136995988888929 0.4759260902208494 0.4986233934923529 0.5062360997179488 0.48030661393175655 0.48616633279146587 0.4899504545396364 
0.7225223440445183 0.919410674738551 0.5564662266505392 0.5208928943351616 0.5053636534352588 0.5082154404239223 0.506578646038468 0.4999528147593658 0.497124924402936 0.5041999900944216 0.49780375525390863 0.48349302446388853 
1.0 0.9013969384876643 0.41616319563428017 0.49895707675462336 0.5001029332398483 0.5010994565427839 0.4973928929756265 0.5017667393976675 0.5023747600434705 0.5016596352254206 0.4983134804551281 0.49984507827712704 
0.17515157983681479 1.0 1.0 0.3547664096983822 0.7424923897488975 0.5914955235293045 0.5463637915263936 0.21557205495737566 0.30793861569700137 0.7440884584258336 0.516160657103361 0.22729882897307696 
0.2639687222859831 1.0 0.9617646940950166 0.4580851425378722 0.7257556218517849 0.3480397786735258 0.38143322863116186 0.23370220962291632 0.375726740595844 0.7731841319974475 0.35223276699836814 0.15979684901986838 
0.6255394590685741 0.6005403092304524 0.5991435388305325 0.5156198569090136 0.5025414127888717 0.4927759289870818 0.501844400165583 0.49630527346648395 0.5016901799492911 0.4971002202758486 0.49986102577854374 0.5044556762486443 
1.0 0.9013969384876643 0.41616319563428017 0.49895707675462336 0.5001029332398483 0.5010994565427839 0.4973928929756265 0.5017667393976675 0.5023747600434705 0.5016596352254206 0.4983134804551281 0.49984507827712704 
0.4088553242536759 0.4360089895190019 0.3605313718659646 0.5346712755506988 0.495807156752909 0.5136995988888929 0.4759260902208494 0.4986233934923529 0.5062360997179488 0.48030661393175655 0.48616633279146587 0.4899504545396364 
0.6255394590685741 0.6044684488618242 0.5265841950729888 0.515375708983687 0.5017018928378931 0.4927298059236835 0.5022696561069546 0.4966917668534253 0.5020358457442134 0.4969080872186734 0.5006820295317088 0.5051825206124676 
1.0 0.9028921044969428 0.403448679161087 0.49890319073830436 0.49856307086803836 0.5009926795028776 0.49853448540173956 0.5022384299723117 0.5025747280368701 0.5014613717981665 0.4990917007830852 0.500905915134406 
0.7053815693256857 0.6513160309821036 0.3707009832295819 0.5113648398602264 0.48653269289301315 0.5065617612770579 0.5036061459237081 0.4895246265061749 0.494246834925821 0.5016339694329219 0.5087069564562892 0.49633196573008165 
1.0 0.9705559855502932 0.41101622212952327 0.4988337424964471 0.49874480278506006 0.5012361492876051 0.4983146335285814 0.5021522067650168 0.5027135151692956 0.5003794136778152 0.49938424405216586 0.5010000744488289 
1.0 0.9911608004927864 0.4278633539451012 0.49859654202505777 0.4989332139680139 0.5017669154680239 0.49793354749433694 0.5020531407825137 0.5030857775984451 0.4992397773294788 0.5005608616100089 0.5014136785550254 
0.03529452158043934 1.0 1.0 0.0 1.0 1.0 1.0 0.0 0.0 1.0 1.0 0.0 
0.1705257502356395 1.0 1.0 0.6405398504695157 0.613789181780753 0.1227450466667922 0.14202446624416057 0.34203020145608776 0.5082772732371892 0.6569208028182496 0.09059356888323292 0.25204532352525133 
0.5001966912884261 0.5129707576995427 0.6549868470282372 0.5094004046551824 0.5052164743938046 0.5115785783513597 0.46679941986925 0.47972546906084296 0.5147575220671987 0.5031030111314079 0.48295683559410935 0.48027577348694506 
0.7225223440445183 0.919410674738551 0.5564662266505392 0.5208928943351616 0.5053636534352588 0.5082154404239223 0.506578646038468 0.4999528147593658 0.497124924402936 0.5041999900944216 0.49780375525390863 0.48349302446388853 
1.0 0.885896365617844 0.38741554355449287 0.4991912983570831 0.5007598001730673 0.5005295898628255 0.4960867566392103 0.5006201235072099 0.5021823367693079 0.5018911398592043 0.4980156692125964 0.4992624445584116 
0.04350202099824085 1.0 1.0 0.0 1.0 1.0 1.0 7.907097022580023E-4 0.026734450813604503 1.0 1.0 0.0 
0.2721453078687003 1.0 1.0 0.21637272091272847 0.7256881589752427 0.774804510697762 0.7526462149520045 0.20845462439521373 0.27890340857415996 0.7320607760656976 0.7135927264078495 0.22913931609634175 
0.7053815693256857 0.5417081556056893 0.34086320811333 0.5122658904247988 0.4863548258124991 0.5054563475868532 0.5020018619651818 0.48815317670015035 0.49343356330926585 0.5020144935335107 0.5067040286990667 0.4956254141088077 
1.0 0.9325636328659224 0.3898514360928508 0.4992580440454487 0.5007419653166826 0.5006932888077245 0.4961830754566114 0.500618072137342 0.502227970696521 0.5018730422813734 0.49756032756660346 0.49932001895618705 
0.22087321022085252 1.0 1.0 0.8394818074575685 0.8833638236773071 0.35034800197006566 0.3191076686642971 0.3765828960231724 0.38265707135559635 0.7149918772029282 0.21008046068601482 0.023625425165107655 
0.7053815693256857 0.5371660494242712 0.35998987889124534 0.5120296578918963 0.4863224471792004 0.5060230799875033 0.5029264409841184 0.4892176126720105 0.49350095970889307 0.5018631645242118 0.5067301136655354 0.49572111037011335 
1.0 0.9070026227391268 0.4072757298220659 0.4988080105529381 0.4985390564345131 0.5010978642435897 0.49846423161097875 0.5022455824039717 0.5026817062475931 0.500900105881768 0.4996193657928155 0.5022326601536592 
0.7053815693256857 0.5371660494242712 0.35998987889124534 0.5120296578918963 0.4863224471792004 0.5060230799875033 0.5029264409841184 0.4892176126720105 0.49350095970889307 0.5018631645242118 0.5067301136655354 0.49572111037011335 
1.0 0.9070026227391268 0.4072757298220659 0.4988080105529381 0.4985390564345131 0.5010978642435897 0.49846423161097875 0.5022455824039717 0.5026817062475931 0.500900105881768 0.4996193657928155 0.5022326601536592 
1.0 0.8852880221719149 0.35833631545047573 0.4990290285305652 0.500340618568549 0.5007971983188144 0.4965897170808694 0.5010544621329314 0.5023623289925657 0.5012344026538842 0.4986459505322671 0.4997209680290266 
0.05844498000492444 1.0 1.0 0.0 1.0 1.0 1.0 0.0 0.0 1.0 1.0 0.0 
0.27957447768885546 1.0 1.0 0.7290776997809283 0.8706607733940813 0.3892136280803576 0.14730221139967728 0.3253210579267898 0.3939302393616175 0.6706302001735216 0.12800900334628104 0.06144793544777774 
0.7589231478708545 0.5830024933643357 0.2472506849437631 0.5125178014740187 0.5052474663180391 0.5079551363657657 0.4996400897353688 0.5028380727988024 0.4876211799740958 0.5018838906889362 0.5036737936924267 0.517024600734848 
1.0 0.9039564406941181 0.4001494897228065 0.49915989236965586 0.5008844638227976 0.500768264591267 0.4963253005780187 0.5009147571553992 0.5021886167651051 0.5018577583291276 0.49770509260465945 0.49919714587658526 
0.08764889527105114 1.0 1.0 0.0 1.0 1.0 1.0 0.0015814194045159907 4.8630148902862724E-4 1.0 1.0 0.0 
0.7589231478708545 0.5830024933643357 0.2472506849437631 0.5125178014740187 0.5052474663180391 0.5079551363657657 0.4996400897353688 0.5028380727988024 0.4876211799740958 0.5018838906889362 0.5036737936924267 0.517024600734848 
1.0 0.876866328079707 0.381048570470336 0.4992070013507967 0.5006974683482022 0.5004102524986047 0.4959674846698061 0.5004728066831152 0.5021791967714093 0.5019078306242426 0.4981709575165648 0.4992950938993248 
0.7589231478708545 0.5471000434639322 0.30748389561342604 0.5125200192009635 0.5050887220582057 0.5098412985591432 0.5009899658956323 0.5000758810810045 0.4882815786630999 0.5018025116897352 0.5046547223225325 0.5174927614738052 
1.0 0.9376432170629498 0.4702619161334122 0.4984480010887298 0.4994570647041846 0.5023160478721058 0.4988142302222719 0.5032413789546641 0.5029211456497307 0.49916404644769397 0.49960506466746857 0.5009006423953924 
1.0 0.9234794205030862 0.4281047776486815 0.49878557897964376 0.5006772080500852 0.5018267536090246 0.49803223349448467 0.5027469440810624 0.5023627634957755 0.5015703842627757 0.4976124974995409 0.49951141147879835 
0.10161899786804394 1.0 1.0 0.0 1.0 1.0 1.0 0.0 0.0 1.0 1.0 0.0 
0.7957078388876685 0.8876817094775498 0.6162360625825182 0.5142095867537945 0.48418288726423653 0.5147794578634086 0.5076166994914381 0.5035591334373684 0.5087449514885813 0.5011371936826735 0.4939238776638369 0.5048038717863896 
1.0 0.9325636328659224 0.3898514360928508 0.4992580440454487 0.5007419653166826 0.5006932888077245 0.4961830754566114 0.500618072137342 0.502227970696521 0.5018730422813734 0.49756032756660346 0.49932001895618705 
0.7957078388876685 0.8876817094775498 0.6162360625825182 0.5142095867537945 0.48418288726423653 0.5147794578634086 0.5076166994914381 0.5035591334373684 0.5087449514885813 0.5011371936826735 0.4939238776638369 0.5048038717863896 
1.0 0.9126221202194802 0.4036350704628864 0.4988960879684573 0.5015779891171032 0.501676420646637 0.49709497622943 0.5021513839455423 0.5022030748682618 0.5017375326488338 0.4971257898692667 0.4982555654164821 
1.0 0.8852880221719149 0.35833631545047573 0.4990290285305652 0.500340618568549 0.5007971983188144 0.4965897170808694 0.5010544621329314 0.5023623289925657 0.5012344026538842 0.4986459505322671 0.4997209680290266 
0.8227401107814174 0.9407155904350375 0.6162360625825182 0.5142095867537945 0.48418288726423653 0.5147794578634086 0.5076166994914381 0.5035591334373684 0.5087449514885813 0.5011371936826735 0.4939238776638369 0.5048038717863896 
1.0 0.9758887902188202 0.49541006369163043 0.4986927195973269 0.4997960796274531 0.5020928009967951 0.4982883166286097 0.50265767213498 0.5027836473557874 0.4998193768402215 0.49867473000577334 0.500532342663466 
1.0 0.9758887902188202 0.49541006369163043 0.4986927195973269 0.4997960796274531 0.5020928009967951 0.4982883166286097 0.50265767213498 0.5027836473557874 0.4998193768402215 0.49867473000577334 0.500532342663466 
1.0 0.956204703129842 0.4460565217731845 0.4991011408105713 0.5024864227511091 0.5044565053010449 0.49959885826781036 0.4964005368177348 0.5034651155582373 0.502360073593795 0.4987656894726913 0.49951842267466295 
