0.8309850508538649 0.831314832458598 0.8456596914098299 3.2835285094418456 
0.8177532910186724 0.8260124065999557 0.7900588635039218 3.384123775870451 
0.8731982577108148 0.8348214700350465 0.7734980687760946 3.484454321891116 
0.858992802310079 0.8422115954328255 0.7554848061691657 3.7042676116508764 
0.871362717143521 0.8884136789004038 0.7185105857288208 3.974325773354963 
0.8638132015008333 0.8744747256053261 0.6713743380410131 4.402852699813088 
0.8739335634574898 0.8612438071395752 0.5900297681058585 5.069670237424507 
0.865714008420948 0.8800344949213446 0.26878816807601935 5.218406330460497 
0.948214930448644 0.9146345743415842 0.0 6.932799774589198 
0.8296541651674159 0.7827001972807235 0.8512076595647649 3.384835593265795 
0.8342038507266166 0.8010661135149797 0.8014242044785778 3.395325123598419 
0.8234903752818667 0.8432695836466849 0.7697210649430193 3.5872401027225265 
0.8419109666054199 0.8688660429624854 0.7392545757915772 3.799799970876676 
0.8485590341189335 0.8623764595948077 0.6932240184764473 4.1539481498868405 
0.8565243221035935 0.8615284078079936 0.6244209550971868 4.809828641262558 
0.8584921214175669 0.8815146163246927 0.26266470852948715 5.248195936433144 
0.9533373744212436 1.4281588800347316E-4 0.0 15.566702733446059 
0.8514600712340231 0.7743454594210117 0.8417123035301627 3.482902652234185 
0.8509387854623824 0.7544202617778626 0.8817386336481314 3.575189268803079 
0.8621530459297901 0.7933769974767328 0.792451746892331 3.649977507559726 
0.8697917167019193 0.7864249466977757 0.7138934846091355 3.9931790131753178 
0.8651754134037963 0.8523063913332197 0.6496879400155271 4.578541475143975 
0.8729358954243291 0.8785543735179964 0.2749116276225516 5.190747780695906 
0.9533370329082707 1.55005143079312E-4 0.0 15.594468982918578 
0.8693254298334632 0.734915121118265 0.8594076334071012 3.7014701264387404 
0.8859324519225711 0.723172284372058 0.8600589720489153 3.8045164385941805 
0.8790312524609246 0.7160137719476016 0.8998517516436827 3.9960341050717356 
0.883350286466577 0.759550093107598 0.7684927659539511 4.218300359067834 
0.8777072702735702 0.77761711808225 0.31151767388878504 5.484662384142274 
0.9533373744212436 1.4281588800347316E-4 0.0 15.566702733446059 
0.8846893619266435 0.7077013918538186 0.889816115975846 3.9610074558544848 
0.880458437050645 0.6921253424738323 0.8940749480646333 4.196504573655202 
0.8833128062300857 0.6443484835262936 0.8825213409065344 4.575566612301292 
0.9492482909017173 0.58373360039055 0.7636903031621942 5.62252444897292 
0.9630852111519557 0.0 0.0011871895757939004 15.724321170082346 
0.8836677688738129 0.6721407707898792 0.874169553064441 4.381076827800702 
0.912302537435453 0.6176616854581474 0.8946308568353672 4.8245650248613225 
0.8739097919014946 0.31234572860985943 0.8555064105807135 5.013394147095859 
0.9478058772248339 0.0 0.0 15.640963714931749 
0.874286133325513 0.5729870809708879 0.8700821232152545 4.956108814483691 
0.8487110348048098 0.29546897520937315 0.8738467765518254 5.046887147322293 
0.9478058772248339 0.0 0.0 15.640963714931749 
0.9048633481589707 0.2682093807243757 0.856844475384812 5.20971209209911 
0.958263691241253 0.0 0.0023691787367118855 15.749970901824534 
1.0 0.0 0.8871789124035424 6.187057705912443 
0.8034520212754712 0.8511573291192781 0.8613824506061789 3.3911078481812154 
0.8177532910186724 0.8260124065999557 0.7900588635039218 3.384123775870451 
0.8234903752818667 0.8432695836466849 0.7697210649430193 3.5872401027225265 
0.8419109666054199 0.8688660429624854 0.7392545757915772 3.799799970876676 
0.8485590341189335 0.8623764595948077 0.6932240184764473 4.1539481498868405 
0.8565243221035935 0.8615284078079936 0.6244209550971868 4.809828641262558 
0.865714008420948 0.8800344949213446 0.26878816807601935 5.218406330460497 
0.004633886797623665 0.49897805448643845 0.0 19.12977311909063 
0.8137262825948242 0.7821167397724742 0.8531857772434047 3.4005791844980298 
0.8202109212760218 0.8088477203067552 0.8209216685106421 3.4394993516710195 
0.8331292057442452 0.8009667987978064 0.7600797404401213 3.6146252757025144 
0.8697917167019193 0.7864249466977757 0.7138934846091355 3.9931790131753178 
0.8554898244432682 0.8335196605484739 0.6522253509940051 4.531165905687281 
0.8589574633756424 0.8617383504911553 0.29952787491691213 5.216380647340398 
0.0031389520806493487 0.012612350406398954 0.0 21.670841605461685 
0.8509387854623824 0.7544202617778626 0.8817386336481314 3.575189268803079 
0.8474896401439284 0.7477057389198124 0.8605194061233572 3.629605225081674 
0.8621530459297901 0.7933769974767328 0.792451746892331 3.649977507559726 
0.851684283353328 0.8775386403984244 0.6869803143739084 4.219678643819105 
0.8729358954243291 0.8785543735179964 0.2749116276225516 5.190747780695906 
2.7321037832789274E-6 3.644464143887175E-5 1.1267565564482968E-5 21.710633432114737 
0.8859324519225711 0.723172284372058 0.8600589720489153 3.8045164385941805 
0.8846893619266435 0.7077013918538186 0.889816115975846 3.9610074558544848 
0.8840010840783645 0.6760249376900561 0.8861687284411902 4.263869303522359 
0.8675121752625764 0.7038541684610364 0.7077356427154099 5.181733168376493 
6.830259458197319E-6 2.4132262574388046E-5 1.08341976581567E-5 21.700089861735215 
0.880458437050645 0.6921253424738323 0.8940749480646333 4.183843445718757 
0.8833128062300857 0.6443484835262936 0.8825213409065344 4.575566612301292 
0.8641616136578096 0.31250073375293874 0.850612879886481 4.981891530580942 
0.0020079503261454697 7.879922473269562E-6 0.004569194511043468 21.419879643217193 
0.912302537435453 0.6176616854581474 0.8946308568353672 4.8245650248613225 
0.8529941638686565 0.2932418268890171 0.8468388675637751 4.981457246832715 
0.002507764521356641 5.377960023356831E-6 0.00652540355655944 21.45633020361341 
0.8487110348048098 0.29546897520937315 0.8738467765518254 5.046887147322293 
0.0 3.545965112971303E-5 3.1202489255491295E-5 21.63799277089498 
0.0 0.0 0.998815410631644 10.697150863766192 
0.759804183828897 0.8300505029978678 0.8524522521020929 3.5058939329158036 
0.759804183828897 0.8300505029978678 0.8524522521020929 3.5058939329158036 
0.7911986537805842 0.861206423081903 0.7790105241767545 3.5962318098524686 
0.8423540277357064 0.8751514284745412 0.7161791219911724 3.9408167588421774 
0.8651754134037963 0.8523063913332197 0.6496879400155271 4.578541475143975 
0.8589574633756424 0.8617383504911553 0.29952787491691213 5.216380647340398 
0.004633886797623665 0.49897805448643845 0.0 19.12977311909063 
0.7614812323016089 0.8307826475690521 0.8579405831244775 3.5704457675441543 
0.7512427500197287 0.8340593238498 0.8638888015002737 3.6448562622775706 
0.7935973507495205 0.8582725956487398 0.7750217401519612 3.671488265360254 
0.851684283353328 0.8775386403984244 0.6869803143739084 4.219678643819105 
0.8667369517168811 0.888924452494819 0.25496079105481617 5.1843365195348134 
3.4151297290986593E-6 1.2066131287194023E-5 5.41709882907835E-6 21.534774462666565 
0.7924398062761777 0.7839820302137736 0.8603285015559848 3.6058188528963107 
0.7689315847254234 0.7885663545355239 0.899469942508938 3.785851863818319 
0.7797802842608629 0.7760623037312226 0.8149341473725394 4.0163382773085345 
0.9172083474588177 0.8622285987492408 0.605877444356901 4.97288633646521 
6.830259458197319E-6 2.4132262574388046E-5 1.08341976581567E-5 21.700089861735215 
0.8790312524609246 0.7160137719476016 0.8998517516436827 3.9960341050717356 
0.8840010840783645 0.6760249376900561 0.8861687284411902 4.263869303522359 
0.857350958270849 0.3283427828171152 0.8544877204403499 4.939355288062276 
3.4151297290986593E-6 1.2066131287194023E-5 5.41709882907835E-6 21.534774462666565 
0.9031893950338172 0.6579573810033558 0.891451157784467 4.487380675007829 
0.8529941638686565 0.2932418268890171 0.8468388675637751 4.981457246832715 
0.0015037893582839062 9.317921259991612E-6 0.007099438340811865 21.380725889668188 
0.824918007191576 0.3068716241315158 0.8553400181472819 5.04850379243646 
0.0 0.0014231671912260059 0.006366980392300542 21.502946280206586 
0.0 0.0 0.998815410631644 10.697150863766192 
0.7493723421474443 0.826932435935386 0.8559117640835715 3.700335944272132 
0.7336954606842317 0.8405719369619227 0.8578148552839545 3.769221083981161 
0.7283580231458011 0.8245044372478327 0.8704549615752724 3.9172635722268883 
0.7597473333907905 0.8546303107732838 0.7589953293582651 4.207363675978265 
0.7694155109275878 0.9313192827835208 0.5749257323644025 5.605715700933745 
0.00412241514965711 0.49453307569970123 0.0 19.350911113218118 
0.7336954606842317 0.8405719369619227 0.8578148552839545 3.769221083981161 
0.717162882142816 0.8422510145516696 0.8787593474397639 3.9584861005361134 
0.6944808937814151 0.8875425943792918 0.8794453599422072 4.2356248290025675 
0.6993993608285705 0.8843471665224767 0.701390011542524 5.189777291912055 
3.4151297290986593E-6 1.1024944631484886E-5 0.0016411498707897048 21.726548170907044 
0.717162882142816 0.8422510145516696 0.8787593474397639 3.9584861005361134 
0.6944808937814151 0.8875425943792918 0.8794453599422072 4.2356248290025675 
0.587331271225662 0.8373610056864166 0.8866767975810566 5.0491516206055875 
0.0 0.0 0.0 21.369459060080587 
0.746355027863643 0.7607988058721902 0.9043002287113437 4.336819478308272 
0.7194144721629446 0.696062534595987 0.9099683045828125 5.428132969449237 
0.002507764521356641 5.377960023356831E-6 0.00652540355655944 21.45633020361341 
0.7967732574643237 0.40903548116412347 0.8816500105729586 5.438199420298398 
9.996283904223423E-4 1.0755920046713662E-5 0.009629682170580262 21.40435077611254 
4.998141952111711E-4 0.0 1.0 10.706178454397815 
0.7205273031740882 0.8438893526920436 0.881733456627662 3.943349943530426 
0.6970042602193761 0.8517834393009059 0.8742611439760384 4.170585071898517 
0.6631937354744647 0.8445792447811693 0.8510577173483419 4.572259872560661 
0.59249452778225 0.8849858587412806 0.815638411806927 5.287753509833419 
0.0 0.5126340921758812 0.0 19.3855150513948 
0.6995276266573371 0.81602428422252 0.8690769280098697 4.206148275248945 
0.6611070932169357 0.8472385581296284 0.8483848758283918 4.576739053852354 
0.31947221704317985 0.894724551556051 0.908912589849867 5.187463823027711 
0.0 0.0 0.002284597255521734 21.327111096838777 
0.6611070932169357 0.8472385581296284 0.8483848758283918 4.576739053852354 
0.31947221704317985 0.894724551556051 0.908912589849867 5.187463823027711 
0.0020079503261454697 7.879922473269562E-6 0.004569194511043468 21.419879643217193 
0.5890867770643432 0.7910447704129259 0.8978033509286761 5.481038547571206 
0.0010018017767475388 1.1287901878309002E-5 0.007386455732938078 21.34291429046148 
0.0 7.047100468090539E-4 1.0 10.624342382447132 
0.6780123555893914 0.8508406553894967 0.85998658914224 4.395367998966489 
0.6375375910884065 0.8397936030417825 0.8644148864191648 4.741963018650274 
0.3252621649974292 0.8882965918214385 0.9252996559847251 5.217453895454852 
0.0 0.5274925200504776 0.0 19.436684133374005 
0.6375375910884065 0.8397936030417825 0.8644148864191648 4.741963018650274 
0.32075855120501545 0.9042687296579485 0.8658085785685088 5.110536095571694 
0.0 0.0 0.002284597255521734 21.327111096838777 
0.32256778308705053 0.9179845781068862 0.8788838250430466 5.152677305152858 
0.0010018017767475388 1.1287901878309002E-5 0.007386455732938078 21.34291429046148 
2.4990709760558557E-4 0.0 1.0 10.740172609461963 
0.5960198994452397 0.8609287956658677 0.8355309753750557 5.105105292086956 
0.32075855120501545 0.9042687296579485 0.8658085785685088 5.110536095571694 
0.0 0.9028279884023129 0.006030842899256627 20.006569873750312 
0.32204488536685105 0.9109459765837431 0.8227045672871505 5.168475173626475 
0.002047597217146511 0.012340101282249983 0.0 21.473215102674306 
0.0 7.047100468090539E-4 1.0 10.624342382447132 
0.2921890588851885 0.8932622575426721 0.9271785990178901 5.290907278224382 
0.0 0.9028279884023129 0.006030842899256627 20.006569873750312 
0.0 0.0028810663589739494 1.0 10.70262537558737 
0.0 0.927892849633473 1.0 7.719282490227107 
