0.8128375494173203 0.8804546982619312 0.8557423294742321 3.2612579400521398 
0.8227037398453152 0.8247074141010922 0.8571399921922817 3.348498281625876 
0.8187835199544291 0.8612384723843252 0.7894859003545328 3.453963451055983 
0.8926085220997655 0.8474184378072234 0.7579291110197234 3.5987557894459954 
0.8640687310487731 0.8729534790580908 0.7111549639260994 3.9042153268304696 
0.8319290555947667 0.8936405803491774 0.6744767226964663 4.261391456162507 
0.8398382443412429 0.8519150004176743 0.2765793585659803 4.679493248664966 
0.848125324252149 0.9247259423548293 0.24662532827797207 4.929517501578157 
0.9959682498305513 0.8501015266650513 0.0 6.2865802491991305 
0.8535728184527835 0.8119173037168537 0.8332491762098684 3.343048238682202 
0.8648126857497153 0.8350390457188672 0.8043051096239964 3.3559758276837433 
0.8782954125454157 0.8494661982778045 0.7643879949837358 3.5307780729984497 
0.8854951813514442 0.8591620781973666 0.7313125954909052 3.7736257737876824 
0.8426422807461021 0.8867448799188152 0.686702803106344 4.129772337282458 
0.8508397794866818 0.859838161178933 0.26261282964644267 4.705812144290081 
0.8508397794866818 0.859838161178933 0.26261282964644267 4.705812144290081 
0.9427924391553634 0.0 4.402384575469265E-5 9.405506920238553 
0.8260676239890956 0.7872588477272331 0.8509279033168039 3.43696808409287 
0.8260676239890956 0.7872588477272331 0.8509279033168039 3.43696808409287 
0.8597077322950908 0.7991880885077159 0.7942328264564154 3.5600863627246544 
0.8640687310487731 0.8729534790580908 0.7111549639260994 3.9078387096153446 
0.861993990274221 0.8680711255902867 0.6481837761212346 4.525725554727977 
0.8495140991053023 0.84257812325341 0.2573198450734256 4.786914580797972 
0.9427924391553634 0.0 4.402384575469265E-5 9.405506920238553 
0.8418199694647224 0.7554321374613807 0.8510750982796885 3.6135490239277193 
0.8407619579920003 0.7428698574869739 0.8712538676886548 3.767362710198316 
0.845076194980247 0.7375077215883332 0.8867446705401218 3.772638384042349 
0.8848461442111248 0.7363656276220161 0.7522643889102865 4.190309545399728 
0.859056532328369 0.7525814995197166 0.5603375874625276 5.461448264742369 
0.9427924391553634 0.0 4.402384575469265E-5 9.45625974277944 
0.8805170718540452 0.7181868703226303 0.8475310600736741 3.9151946763079515 
0.8620547259313414 0.6835411671364731 0.8812100700768479 4.152107254064416 
0.8624020529262975 0.6470751213783248 0.889106474979104 4.4643945117842545 
0.9157282061754202 0.2158980695576952 0.7832372272963722 5.409155463187176 
0.9319035621442123 0.0 0.0 9.596207761056538 
0.8482626417985186 0.6644702809909988 0.8707003513422864 4.262179316152697 
0.8588158038166975 0.5905033829443123 0.862892083240073 4.725735299870191 
0.9021954362956691 0.3419710348229762 0.853845404039677 4.931584575157601 
1.0 0.0 0.0 9.730773366211933 
0.8662691004380508 0.5406688356550069 0.8620589861942773 4.859082542708041 
0.8949562702989999 0.2226591547495735 0.8544494179457675 4.967500008527144 
1.0 0.0 0.0 9.73625228469846 
0.8949562702989999 0.2068311235876645 0.8544494179457675 4.986252823893001 
1.0 0.0 0.0 9.73625228469846 
0.9075154264200627 0.0 0.8464609026002143 5.638624889457125 
0.8128375494173203 0.8804546982619312 0.8557423294742321 3.2612579400521398 
0.8571339102946407 0.8093635344089756 0.8129659945204986 3.366430152855652 
0.8359986051790917 0.8535665325382669 0.7673989015186413 3.525013742188311 
0.8543928762847137 0.8822903562223552 0.7304144774186542 3.748592201486699 
0.8426422807461021 0.8867448799188152 0.686702803106344 4.129772337282458 
0.8439026212963855 0.8685695131229731 0.2616023434219762 4.69764658675923 
0.9021721486466014 0.8941315270703027 0.2496694911278851 4.67942436005345 
0.001647651671477346 0.944596161729337 0.0 17.225937207817147 
0.8211345287750982 0.8026744588520441 0.8502290719577792 3.3236739930748143 
0.8222000906138225 0.823666570648139 0.8170791230938144 3.3519931359938338 
0.8683906284906456 0.8674641754648907 0.7537719042432783 3.6000428934823847 
0.8640687310487731 0.8729534790580908 0.7111549639260994 3.9078387096153446 
0.861993990274221 0.8680711255902867 0.6481837761212346 4.525725554727977 
0.9021721486466014 0.8941315270703027 0.2496694911278851 4.67942436005345 
0.005437993549320619 0.006654451315977218 0.0 20.642015837706943 
0.8045639811122126 0.7909381437179575 0.8666687292680454 3.49241103050414 
0.8674201858584212 0.7678677815512963 0.8599943623819072 3.5851085814732295 
0.8597077322950908 0.7991880885077159 0.7942328264564154 3.5600863627246544 
0.8927657658186933 0.8564287873858124 0.6754099766055022 4.245175097268706 
0.8495140991053023 0.84257812325341 0.2573198450734256 4.786914580797972 
0.0029395705841780626 0.004341012105933139 0.0 20.587124749290137 
0.845076194980247 0.7375077215883332 0.8867446705401218 3.772638384042349 
0.8805170718540452 0.7181868703226303 0.8475310600736741 3.9151946763079515 
0.8758980719738664 0.6782385613528755 0.8650035507464451 4.239737038824712 
0.8630683901888228 0.6943047051433211 0.7098693989154636 5.156603159316234 
0.0 0.0 0.0 20.208575820310436 
0.8620547259313414 0.6835411671364731 0.8812100700768479 4.152107254064416 
0.8624020529262975 0.6470751213783248 0.889106474979104 4.4643945117842545 
0.8985758532973345 0.27440107920532036 0.8541474109927223 4.893169418634644 
0.0 0.0 0.0016700722744582854 20.34177762504861 
0.8588158038166975 0.5905033829443123 0.862892083240073 4.725735299870191 
0.8985758532973345 0.27440107920532036 0.8541474109927223 4.893169418634644 
0.0016476090288008866 4.839375946792119E-4 0.003898762444427972 20.594298778221845 
0.8949562702989999 0.2068311235876645 0.8544494179457675 4.986252823893001 
9.902843722896515E-4 0.0 0.005299018910252369 20.60713353489988 
6.606280331570777E-4 0.0 0.8678744302334419 13.477828431236375 
0.7893432689572806 0.8587128046558802 0.8565845475149816 3.4582795333207494 
0.7827753782674636 0.8415510257574683 0.86033741178257 3.5047442399617488 
0.7854432184656059 0.8853519207909535 0.7994624745912772 3.555059611084081 
0.8640687310487731 0.8729534790580908 0.7111549639260994 3.9042153268304696 
0.9186729642442388 0.8482631880815128 0.6596049292599258 4.5521519086945075 
0.8300283049157929 0.8860322170110535 0.25958137097304324 4.722153828650923 
0.001647651671477346 0.944596161729337 0.0 17.225937207817147 
0.7827753782674636 0.8415510257574683 0.86033741178257 3.5047442399617488 
0.7693880526575696 0.8826567445493764 0.8429370411104067 3.5505248246152057 
0.7828963339059338 0.8937559370016328 0.788169272414647 3.732476818504152 
0.8927657658186933 0.8564287873858124 0.6754099766055022 4.245175097268706 
0.8292140339791927 0.8824787165767041 0.34718220824809276 4.708415189500124 
4.4114761903550626E-4 0.002027572895889061 0.0 20.43878021523944 
0.7961945643215264 0.804081155991755 0.8601361767329411 3.5149029692788285 
0.7844488566241806 0.7918650797243821 0.8610543816717262 3.6985235852051894 
0.7837408997963768 0.787002732960995 0.8177521572721944 4.037033332662336 
0.8311444327944586 0.8368548086073384 0.5681143597715401 4.93197123128691 
4.4114761903550626E-4 0.002027572895889061 0.0 20.43878021523944 
0.8613600719414293 0.7296587334637152 0.8654172602723357 3.8880120118061368 
0.8660093561737128 0.6873841051748664 0.8892664306185307 4.2615015614746 
0.855309738820063 0.5815413459732874 0.8733447966976075 4.8093468836815925 
0.0 0.0 0.0 20.208575820310436 
0.8642472012583261 0.6443423981508759 0.8898849639536871 4.491974851020401 
0.8763370002609453 0.3931352859198529 0.8678608311817491 4.99922659683515 
0.0 0.0 0.0016700722744582854 20.34177762504861 
0.8949562702989999 0.2226591547495735 0.8544494179457675 4.967500008527144 
0.0012480930077402017 4.839375946792119E-4 0.0034090438540940226 20.429668087889915 
6.606280331570777E-4 0.0 0.8678744302334419 13.477828431236375 
0.7693880526575696 0.8826567445493764 0.8429370411104067 3.5505248246152057 
0.7463324425819455 0.857658729001723 0.8919270880487984 3.655856719215526 
0.7140427308238029 0.8755540908665194 0.8552730229623566 3.951581553320231 
0.7609772899902137 0.8598356308384199 0.7851182485169927 3.9181415892599563 
0.7764753470430817 0.8909206543599504 0.3290761887508331 5.411445310818175 
0.0 0.9267688448692646 0.0 17.384750721616385 
0.7463324425819455 0.857658729001723 0.8919270880487984 3.655856719215526 
0.7147480668869516 0.8645484695452839 0.8750000560454906 3.8814562348358734 
0.6831636911919576 0.8714382100888447 0.8580730240421828 4.20871736699208 
0.7176177849948587 0.8668116404171702 0.7302884811434354 5.017445375290459 
0.004136592499561838 0.01268500920969945 0.0 20.5221925141332 
0.7147480668869516 0.8645484695452839 0.8750000560454906 3.8814562348358734 
0.6831636911919576 0.8714382100888447 0.8580730240421828 4.20871736699208 
0.5984170386172619 0.8748848124955017 0.8676003199442156 4.854066410034293 
0.0 0.0 0.003340144548916571 20.265210220494954 
0.7222378038618158 0.7556514658534561 0.8562735772154815 4.310707304844236 
0.6664452488239643 0.7194919240326327 0.8408895608827065 5.295657249918996 
0.0 0.0 0.003340144548916571 20.265210220494954 
0.7819165479083883 0.5739798233913732 0.893435542197201 5.602425477098518 
0.0012480930077402017 4.839375946792119E-4 0.0034090438540940226 20.429668087889915 
6.606280331570777E-4 4.794251973128695E-4 0.8678744302334419 13.418921784866848 
0.7158731077462935 0.8847164170730903 0.8595278524741804 3.918441636488246 
0.6825207089137797 0.867320321491381 0.875155733915659 4.150742542961636 
0.6515793154969636 0.8783279506324054 0.8411459920388749 4.536796823415574 
0.5776111884475661 0.8763608698287755 0.7783632054654743 5.587138187375057 
0.0 0.9313351100884792 0.0 17.39670493431647 
0.6825207089137797 0.867320321491381 0.875155733915659 4.150742542961636 
0.6515793154969636 0.8783279506324054 0.8411459920388749 4.520415316990909 
0.2733532577414475 0.8891545296976976 0.8784882737597153 5.269337454007142 
0.002904777539386394 0.00913253043842932 0.0 20.60052875467472 
0.6515793154969636 0.8783279506324054 0.8411459920388749 4.536796823415574 
0.2733532577414475 0.8891545296976976 0.8784882737597153 5.278655544745206 
6.077797119530878E-4 0.0 0.003340144548916571 20.446260046178892 
0.5765953859416961 0.77995646461629 0.9147994627886417 5.601616473612729 
6.077797119530878E-4 0.0 0.003340144548916571 20.446260046178892 
0.0014235441336983776 0.0018538734392777086 0.8690141414079452 13.744412629182793 
0.6700855414527211 0.8851650024585724 0.8571821938948465 4.358771373465542 
0.6077181770643996 0.8686678145927118 0.9081816787730381 4.793031251533643 
0.2733532577414475 0.8891545296976976 0.8784882737597153 5.304557079569722 
0.0 0.9267688448692646 0.0 17.384750721616385 
0.6077181770643996 0.8686678145927118 0.9081816787730381 4.793031251533643 
0.2733532577414475 0.8891545296976976 0.8784882737597153 5.255558051641367 
0.0 0.0 0.0 20.539235762101367 
0.2733532577414475 0.8891545296976976 0.8784882737597153 5.255558051641367 
0.0 0.0 0.0 20.509596035629333 
6.606280331570777E-4 4.794251973128695E-4 0.8678744302334419 13.418921784866848 
0.597723997185361 0.874905986872786 0.9213291845717836 4.970226812729004 
0.26689351302444764 0.8844116782310978 0.863814991725932 5.306196569298881 
0.0 0.970036688424627 0.0047677264824019195 17.31886733565384 
0.2733532577414475 0.8891545296976976 0.8784882737597153 5.269337454007142 
0.0 0.0 0.0 20.509596035629333 
0.0011521147534990644 0.0023034151574343135 0.8680906207783944 13.681690212415944 
0.2733532577414475 0.8891545296976976 0.8784882737597153 5.278655544745206 
0.0 0.9319921576614889 0.0035689548337133714 17.425382284207046 
0.0011521147534990644 0.0023034151574343135 0.8680906207783944 13.663054030939819 
0.0 0.8832648299630537 0.9404519986856956 9.000604611425267 
