1.0 0.0 0.0 0.0 0.0 0.0 0.0 0.0 0.0 0.0 0.0 0.0 
0.0 0.0 0.0 0.0 0.0 0.0 0.0 0.0 0.0 0.0 0.0 0.0 
1.0 1.0 0.0 0.0 0.0 0.0 0.0 0.0 0.0 0.0 0.0 0.0 
0.39322418054383523 0.0 0.0 0.0 0.0 0.0 0.0 0.0 0.0 0.0 0.0 0.0 
0.218203648927061 0.0 0.0 0.0 0.0 0.0 0.0 0.0 0.0 0.0 0.0 0.0 
1.0 1.0 0.0 0.0 0.0 0.0 0.0 0.0 0.0 0.0 0.0 0.0 
0.9981857655138906 0.3848044066642759 0.0 0.0 0.0 0.0 0.0 0.0 0.0 0.0 0.0 0.0 
0.21948951056307436 0.0 0.0 0.0 0.0 0.0 0.0 0.0 0.0 0.0 0.0 0.0 
0.6110147771391665 0.8986807802472859 0.0 0.0 0.0 0.0 0.0 0.0 0.0 0.0 0.0 0.0 
0.6081756406443651 0.06286322921335985 0.0 0.0 0.0 0.0 0.0 0.0 0.0 0.0 0.0 0.0 
0.06624415791247264 0.12340011904426525 0.0 0.0 0.0 0.0 0.0 0.0 0.0 0.0 0.0 0.0 
0.8774943522506963 0.6472485962007496 0.0 0.0 0.0 0.0 0.0 0.0 0.0 0.0 0.0 0.0 
0.7872300097318219 0.14596409895823131 0.0 0.0 0.0 0.0 0.0 0.0 0.0 0.0 0.0 0.0 
0.39536477213750854 0.5327430541912662 0.0 0.0 0.0 0.0 0.0 0.0 0.0 0.0 0.0 0.0 
0.6740506285828292 0.876116489803015 0.0 0.0 0.0 0.0 0.0 0.0 0.0 0.0 0.0 0.0 
0.8727617576953536 0.6639429429413044 0.0 0.0 0.0 0.0 0.0 0.0 0.0 0.0 0.0 0.0 
0.3917357250252166 0.0 0.0 0.0 0.0 0.0 0.0 0.0 0.0 0.0 0.0 0.0 
0.1781834359155383 0.25120958290444356 0.0 0.0 0.0 0.0 0.0 0.0 0.0 0.0 0.0 0.0 
0.67280904181271 0.7505422008863132 0.0 0.0 0.0 0.0 0.0 0.0 0.0 0.0 0.0 0.0 
0.05906102169033343 0.0 0.0 0.0 0.0 0.0 0.0 0.0 0.0 0.0 0.0 0.0 
0.723569563847896 0.8046476853778519 0.0 0.0 0.0 0.0 0.0 0.0 0.0 0.0 0.0 0.0 
0.3343018306664076 0.29793518616241116 0.0 0.0 0.0 0.0 0.0 0.0 0.0 0.0 0.0 0.0 
0.45820674198146905 0.15024639387670083 0.0 0.0 0.0 0.0 0.0 0.0 0.0 0.0 0.0 0.0 
0.8907162332263641 0.8595574854488315 0.0 0.0 0.0 0.0 0.0 0.0 0.0 0.0 0.0 0.0 
0.6079563933681335 0.3207382390039897 0.0 0.0 0.0 0.0 0.0 0.0 0.0 0.0 0.0 0.0 
0.48244590394340114 0.0 0.0 0.0 0.0 0.0 0.0 0.0 0.0 0.0 0.0 0.0 
0.2580944320379611 0.0 0.0 0.0 0.0 0.0 0.0 0.0 0.0 0.0 0.0 0.0 
0.053817434924579396 0.09326166935388568 0.0 0.0 0.0 0.0 0.0 0.0 0.0 0.0 0.0 0.0 
0.7536562772316362 0.18954125342987088 0.0 0.0 0.0 0.0 0.0 0.0 0.0 0.0 0.0 0.0 
0.8515024443412579 0.8913122387761038 0.0 0.0 0.0 0.0 0.0 0.0 0.0 0.0 0.0 0.0 
0.12702702040895536 0.22227763035546244 0.0 0.0 0.0 0.0 0.0 0.0 0.0 0.0 0.0 0.0 
0.25501935728854896 0.1162357777931345 0.0 0.0 0.0 0.0 0.0 0.0 0.0 0.0 0.0 0.0 
0.4817740627565653 0.4138774640340575 0.0 0.0 0.0 0.0 0.0 0.0 0.0 0.0 0.0 0.0 
0.3132401235814644 0.5841534340928392 0.0 0.0 0.0 0.0 0.0 0.0 0.0 0.0 0.0 0.0 
0.6115130039712613 0.15453771641315542 0.0 0.0 0.0 0.0 0.0 0.0 0.0 0.0 0.0 0.0 
0.8242320475403486 0.6225735214827652 0.0 0.0 0.0 0.0 0.0 0.0 0.0 0.0 0.0 0.0 
0.9978453140524686 0.009485909990814223 0.0 0.0 0.0 0.0 0.0 0.0 0.0 0.0 0.0 0.0 
0.7605425769778813 0.6780142878816384 0.0 0.0 0.0 0.0 0.0 0.0 0.0 0.0 0.0 0.0 
0.9994755836250352 0.4305139799416482 0.0 0.0 0.0 0.0 0.0 0.0 0.0 0.0 0.0 0.0 
0.9989176537236419 1.0 0.0 0.0 0.0 0.0 0.0 0.0 0.0 0.0 0.0 0.0 
0.8540388072027776 1.0 0.0 0.0 0.0 0.0 0.0 0.0 0.0 0.0 0.0 0.0 
0.3110104187766365 1.0 0.0 0.0 0.0 0.0 0.0 0.0 0.0 0.0 0.0 0.0 
0.7191127049468831 0.1753766136414599 0.0 0.0 0.0 0.0 0.0 0.0 0.0 0.0 0.0 0.0 
0.5539624138246343 0.7478321501991988 0.0 0.0 0.0 0.0 0.0 0.0 0.0 0.0 0.0 0.0 
0.14975203178103494 0.2349687378845316 0.0 0.0 0.0 0.0 0.0 0.0 0.0 0.0 0.0 0.0 
0.8224479281035987 1.0 0.0 0.0 0.0 0.0 0.0 0.0 0.0 0.0 0.0 0.0 
0.32877108213114553 0.20477498780716452 0.0 0.0 0.0 0.0 0.0 0.0 0.0 0.0 0.0 0.0 
0.14869595935179436 0.0 0.0 0.0 0.0 0.0 0.0 0.0 0.0 0.0 0.0 0.0 
0.46591249470965757 0.4153098941083952 0.0 0.0 0.0 0.0 0.0 0.0 0.0 0.0 0.0 0.0 
0.5492448232079985 0.0 0.0 0.0 0.0 0.0 0.0 0.0 0.0 0.0 0.0 0.0 
0.999298765324554 0.6323173184167583 0.0 0.0 0.0 0.0 0.0 0.0 0.0 0.0 0.0 0.0 
0.1284103245848787 0.0 0.0 0.0 0.0 0.0 0.0 0.0 0.0 0.0 0.0 0.0 
0.8907162332263641 0.8595574854488315 0.0 0.0 0.0 0.0 0.0 0.0 0.0 0.0 0.0 0.0 
0.9992590055334563 0.8610279598832964 0.0 0.0 0.0 0.0 0.0 0.0 0.0 0.0 0.0 0.0 
0.9982821607830165 1.0 0.0 0.0 0.0 0.0 0.0 0.0 0.0 0.0 0.0 0.0 
0.2699577785332698 7.336346878020344E-4 0.0 0.0 0.0 0.0 0.0 0.0 0.0 0.0 0.0 0.0 
0.1641286664097607 0.0 0.0 0.0 0.0 0.0 0.0 0.0 0.0 0.0 0.0 0.0 
0.49345518606013594 0.39930371063950926 0.0 0.0 0.0 0.0 0.0 0.0 0.0 0.0 0.0 0.0 
0.019357488435926412 0.008092101847888947 0.0 0.0 0.0 0.0 0.0 0.0 0.0 0.0 0.0 0.0 
0.644833175699866 0.7151932327855559 0.0 0.0 0.0 0.0 0.0 0.0 0.0 0.0 0.0 0.0 
0.2663279918506192 0.2131356287819262 0.0 0.0 0.0 0.0 0.0 0.0 0.0 0.0 0.0 0.0 
0.83946282044553 0.7376392163469144 0.0 0.0 0.0 0.0 0.0 0.0 0.0 0.0 0.0 0.0 
0.6387852443363156 0.2520326046017615 0.0 0.0 0.0 0.0 0.0 0.0 0.0 0.0 0.0 0.0 
0.5043247023155618 0.07105851312005027 0.0 0.0 0.0 0.0 0.0 0.0 0.0 0.0 0.0 0.0 
0.6951631150392452 0.6304763970886869 0.0 0.0 0.0 0.0 0.0 0.0 0.0 0.0 0.0 0.0 
0.9420433012175441 0.16349458069623612 0.0 0.0 0.0 0.0 0.0 0.0 0.0 0.0 0.0 0.0 
0.08138048727064713 0.03473844888077505 0.0 0.0 0.0 0.0 0.0 0.0 0.0 0.0 0.0 0.0 
0.9612852106910292 0.4881818993487914 0.0 0.0 0.0 0.0 0.0 0.0 0.0 0.0 0.0 0.0 
0.6305246481559792 0.9457470387207783 0.0 0.0 0.0 0.0 0.0 0.0 0.0 0.0 0.0 0.0 
0.24546240990928225 0.3839700952076083 0.0 0.0 0.0 0.0 0.0 0.0 0.0 0.0 0.0 0.0 
0.8214645279620236 1.0 0.0 0.0 0.0 0.0 0.0 0.0 0.0 0.0 0.0 0.0 
0.3266670006018335 0.3013076145153087 0.0 0.0 0.0 0.0 0.0 0.0 0.0 0.0 0.0 0.0 
0.8710298126893838 1.0 0.0 0.0 0.0 0.0 0.0 0.0 0.0 0.0 0.0 0.0 
0.3199755035445892 0.1693802117832096 0.0 0.0 0.0 0.0 0.0 0.0 0.0 0.0 0.0 0.0 
0.49148092732531384 0.14899562321112217 0.0 0.0 0.0 0.0 0.0 0.0 0.0 0.0 0.0 0.0 
0.3183255721380154 0.29736198327977664 0.0 0.0 0.0 0.0 0.0 0.0 0.0 0.0 0.0 0.0 
0.6957669224393357 0.6205210041191588 0.0 0.0 0.0 0.0 0.0 0.0 0.0 0.0 0.0 0.0 
0.5692286190242974 0.2724862483001485 0.0 0.0 0.0 0.0 0.0 0.0 0.0 0.0 0.0 0.0 
0.24697753408968043 0.20290196455670081 0.0 0.0 0.0 0.0 0.0 0.0 0.0 0.0 0.0 0.0 
0.19038534013726027 0.0 0.0 0.0 0.0 0.0 0.0 0.0 0.0 0.0 0.0 0.0 
0.9324091938916014 0.0 0.0 0.0 0.0 0.0 0.0 0.0 0.0 0.0 0.0 0.0 
0.7403387859534898 0.10796179340622455 0.0 0.0 0.0 0.0 0.0 0.0 0.0 0.0 0.0 0.0 
0.7043956851475666 0.253613320175482 0.0 0.0 0.0 0.0 0.0 0.0 0.0 0.0 0.0 0.0 
0.39322418054383523 0.0 0.0 0.0 0.0 0.0 0.0 0.0 0.0 0.0 0.0 0.0 
0.3919981556195077 0.0 0.0 0.0 0.0 0.0 0.0 0.0 0.0 0.0 0.0 0.0 
0.46591249470965757 0.4153098941083952 0.0 0.0 0.0 0.0 0.0 0.0 0.0 0.0 0.0 0.0 
0.9443407348142095 1.0 0.0 0.0 0.0 0.0 0.0 0.0 0.0 0.0 0.0 0.0 
0.20822807961096962 0.0 0.0 0.0 0.0 0.0 0.0 0.0 0.0 0.0 0.0 0.0 
0.5440164468931165 0.6058114754092037 0.0 0.0 0.0 0.0 0.0 0.0 0.0 0.0 0.0 0.0 
0.11390314704316878 0.0 0.0 0.0 0.0 0.0 0.0 0.0 0.0 0.0 0.0 0.0 
0.3947000843553953 0.7099402047318766 0.0 0.0 0.0 0.0 0.0 0.0 0.0 0.0 0.0 0.0 
0.7522559727075965 0.7891106838693946 0.0 0.0 0.0 0.0 0.0 0.0 0.0 0.0 0.0 0.0 
0.7836343291272007 0.5613245835520917 0.0 0.0 0.0 0.0 0.0 0.0 0.0 0.0 0.0 0.0 
0.8736070470771569 0.6280690676252446 0.0 0.0 0.0 0.0 0.0 0.0 0.0 0.0 0.0 0.0 
0.5858664486635269 0.11522135284671708 0.0 0.0 0.0 0.0 0.0 0.0 0.0 0.0 0.0 0.0 
0.5864737958292292 0.5252620934722433 0.0 0.0 0.0 0.0 0.0 0.0 0.0 0.0 0.0 0.0 
0.9504086606454064 0.8356344149800696 0.0 0.0 0.0 0.0 0.0 0.0 0.0 0.0 0.0 0.0 
0.39427184264095616 0.24285233409882645 0.0 0.0 0.0 0.0 0.0 0.0 0.0 0.0 0.0 0.0 
0.7840759935434592 0.8312901280434692 0.0 0.0 0.0 0.0 0.0 0.0 0.0 0.0 0.0 0.0 
0.9226687502831485 0.8607038912141005 0.0 0.0 0.0 0.0 0.0 0.0 0.0 0.0 0.0 0.0 
0.89353958553105 0.5225628262366453 0.0 0.0 0.0 0.0 0.0 0.0 0.0 0.0 0.0 0.0 
0.7027576789796568 0.7367161649563286 0.0 0.0 0.0 0.0 0.0 0.0 0.0 0.0 0.0 0.0 
0.7393951224959006 0.7869417725054461 0.0 0.0 0.0 0.0 0.0 0.0 0.0 0.0 0.0 0.0 
0.6530272939800044 0.76053392998031 0.0 0.0 0.0 0.0 0.0 0.0 0.0 0.0 0.0 0.0 
0.4694467296830798 0.5761454646314522 0.0 0.0 0.0 0.0 0.0 0.0 0.0 0.0 0.0 0.0 
0.23633193017117654 0.2331398943541263 0.0 0.0 0.0 0.0 0.0 0.0 0.0 0.0 0.0 0.0 
0.32305881948583837 0.18237667110092926 0.0 0.0 0.0 0.0 0.0 0.0 0.0 0.0 0.0 0.0 
0.7851655439802798 1.0 0.0 0.0 0.0 0.0 0.0 0.0 0.0 0.0 0.0 0.0 
0.13168584039323888 0.031672143244766596 0.0 0.0 0.0 0.0 0.0 0.0 0.0 0.0 0.0 0.0 
0.20451069347981177 0.0 0.0 0.0 0.0 0.0 0.0 0.0 0.0 0.0 0.0 0.0 
0.965278669525713 0.3174054690983526 0.0 0.0 0.0 0.0 0.0 0.0 0.0 0.0 0.0 0.0 
0.47464533626017313 0.2839841540878216 0.0 0.0 0.0 0.0 0.0 0.0 0.0 0.0 0.0 0.0 
0.08415335082610421 0.09494388370535098 0.0 0.0 0.0 0.0 0.0 0.0 0.0 0.0 0.0 0.0 
0.9517242172891461 0.8359469071183199 0.0 0.0 0.0 0.0 0.0 0.0 0.0 0.0 0.0 0.0 
0.39063340508245525 0.0 0.0 0.0 0.0 0.0 0.0 0.0 0.0 0.0 0.0 0.0 
0.5649768934987661 0.8257025407882949 0.0 0.0 0.0 0.0 0.0 0.0 0.0 0.0 0.0 0.0 
0.9096442069645273 0.4720853295341691 0.0 0.0 0.0 0.0 0.0 0.0 0.0 0.0 0.0 0.0 
0.47339290731787353 0.0 0.0 0.0 0.0 0.0 0.0 0.0 0.0 0.0 0.0 0.0 
0.7846385903450968 0.6380319487072965 0.0 0.0 0.0 0.0 0.0 0.0 0.0 0.0 0.0 0.0 
0.19246578702035666 0.08859674016605143 0.0 0.0 0.0 0.0 0.0 0.0 0.0 0.0 0.0 0.0 
0.7518290407354404 0.6626148875333888 0.0 0.0 0.0 0.0 0.0 0.0 0.0 0.0 0.0 0.0 
0.398472070111926 0.36415481689201173 0.0 0.0 0.0 0.0 0.0 0.0 0.0 0.0 0.0 0.0 
0.5411850920732395 0.0 0.0 0.0 0.0 0.0 0.0 0.0 0.0 0.0 0.0 0.0 
0.30548752985037314 0.9215706327684687 0.0 0.0 0.0 0.0 0.0 0.0 0.0 0.0 0.0 0.0 
0.043065583282870114 0.12340011904426525 0.0 0.0 0.0 0.0 0.0 0.0 0.0 0.0 0.0 0.0 
0.8940010812437164 0.7680219255004871 0.0 0.0 0.0 0.0 0.0 0.0 0.0 0.0 0.0 0.0 
0.16248263806834473 0.0 0.0 0.0 0.0 0.0 0.0 0.0 0.0 0.0 0.0 0.0 
0.9140516159131864 1.0 0.0 0.0 0.0 0.0 0.0 0.0 0.0 0.0 0.0 0.0 
0.8447044328067291 0.5235314263039216 0.0 0.0 0.0 0.0 0.0 0.0 0.0 0.0 0.0 0.0 
0.9629305767530671 0.9660782491880899 0.0 0.0 0.0 0.0 0.0 0.0 0.0 0.0 0.0 0.0 
0.6255565931389682 0.11210604432959498 0.0 0.0 0.0 0.0 0.0 0.0 0.0 0.0 0.0 0.0 
0.0983143917884928 0.0 0.0 0.0 0.0 0.0 0.0 0.0 0.0 0.0 0.0 0.0 
0.8188631702812246 0.8211480394559494 0.0 0.0 0.0 0.0 0.0 0.0 0.0 0.0 0.0 0.0 
0.11210552811403982 0.0 0.0 0.0 0.0 0.0 0.0 0.0 0.0 0.0 0.0 0.0 
0.9222394090864752 0.8579212325347111 0.0 0.0 0.0 0.0 0.0 0.0 0.0 0.0 0.0 0.0 
0.9594925627750658 0.5907503845841839 0.0 0.0 0.0 0.0 0.0 0.0 0.0 0.0 0.0 0.0 
0.019357488435926412 0.008092101847888947 0.0 0.0 0.0 0.0 0.0 0.0 0.0 0.0 0.0 0.0 
0.5103526793147031 0.0 0.0 0.0 0.0 0.0 0.0 0.0 0.0 0.0 0.0 0.0 
0.08205317532567365 0.0 0.0 0.0 0.0 0.0 0.0 0.0 0.0 0.0 0.0 0.0 
0.7919619906638268 0.9016643874106157 0.0 0.0 0.0 0.0 0.0 0.0 0.0 0.0 0.0 0.0 
0.7057548636795854 0.4483277884022835 0.0 0.0 0.0 0.0 0.0 0.0 0.0 0.0 0.0 0.0 
0.6903917911874484 0.00976107270481489 0.0 0.0 0.0 0.0 0.0 0.0 0.0 0.0 0.0 0.0 
0.8095682646049553 0.453320922629629 0.0 0.0 0.0 0.0 0.0 0.0 0.0 0.0 0.0 0.0 
0.18307587634407751 1.0 0.0 0.0 0.0 0.0 0.0 0.0 0.0 0.0 0.0 0.0 
0.2545609421731143 0.042780827419946266 0.0 0.0 0.0 0.0 0.0 0.0 0.0 0.0 0.0 0.0 
0.18466962789517072 0.14188717600958525 0.0 0.0 0.0 0.0 0.0 0.0 0.0 0.0 0.0 0.0 
0.6110147771391665 0.8986807802472859 0.0 0.0 0.0 0.0 0.0 0.0 0.0 0.0 0.0 0.0 
0.710515170718842 0.17804263284676908 0.0 0.0 0.0 0.0 0.0 0.0 0.0 0.0 0.0 0.0 
0.1866515283139702 0.0 0.0 0.0 0.0 0.0 0.0 0.0 0.0 0.0 0.0 0.0 
0.24026933065953318 0.15912462405100664 0.0 0.0 0.0 0.0 0.0 0.0 0.0 0.0 0.0 0.0 
0.5839928027309451 0.9121282484600577 0.0 0.0 0.0 0.0 0.0 0.0 0.0 0.0 0.0 0.0 
0.6626487394815364 0.3254830297915743 0.0 0.0 0.0 0.0 0.0 0.0 0.0 0.0 0.0 0.0 
0.6636307916089714 0.7570147388223312 0.0 0.0 0.0 0.0 0.0 0.0 0.0 0.0 0.0 0.0 
0.34596696978731895 0.10054543010289126 0.0 0.0 0.0 0.0 0.0 0.0 0.0 0.0 0.0 0.0 
0.21877200455900572 0.0 0.0 0.0 0.0 0.0 0.0 0.0 0.0 0.0 0.0 0.0 
0.5636772106950518 0.7100598312345745 0.0 0.0 0.0 0.0 0.0 0.0 0.0 0.0 0.0 0.0 
0.6274209865416684 1.0 0.0 0.0 0.0 0.0 0.0 0.0 0.0 0.0 0.0 0.0 
0.9338874859290194 0.0 0.0 0.0 0.0 0.0 0.0 0.0 0.0 0.0 0.0 0.0 
0.7783606524502901 0.45202842189784603 0.0 0.0 0.0 0.0 0.0 0.0 0.0 0.0 0.0 0.0 
0.156162265798377 0.22996633342345002 0.0 0.0 0.0 0.0 0.0 0.0 0.0 0.0 0.0 0.0 
0.36440791876136336 0.5725142874474988 0.0 0.0 0.0 0.0 0.0 0.0 0.0 0.0 0.0 0.0 
0.29104869301427316 0.021885078544122097 0.0 0.0 0.0 0.0 0.0 0.0 0.0 0.0 0.0 0.0 
0.37203679105842424 0.481363777336829 0.0 0.0 0.0 0.0 0.0 0.0 0.0 0.0 0.0 0.0 
0.08771257809825769 0.12911514082513567 0.0 0.0 0.0 0.0 0.0 0.0 0.0 0.0 0.0 0.0 
0.2828294858641944 0.047013426464410285 0.0 0.0 0.0 0.0 0.0 0.0 0.0 0.0 0.0 0.0 
0.46288398854955287 0.5244586001236571 0.0 0.0 0.0 0.0 0.0 0.0 0.0 0.0 0.0 0.0 
0.9987314744584794 1.0 0.0 0.0 0.0 0.0 0.0 0.0 0.0 0.0 0.0 0.0 
0.682911825981448 0.9683524184659764 0.0 0.0 0.0 0.0 0.0 0.0 0.0 0.0 0.0 0.0 
0.368405696591091 0.07623429407278982 0.0 0.0 0.0 0.0 0.0 0.0 0.0 0.0 0.0 0.0 
0.45670503518216743 0.5427481136797362 0.0 0.0 0.0 0.0 0.0 0.0 0.0 0.0 0.0 0.0 
0.8080543857297189 0.7379717768161382 0.0 0.0 0.0 0.0 0.0 0.0 0.0 0.0 0.0 0.0 
0.8011744635682913 0.4234350919059865 0.0 0.0 0.0 0.0 0.0 0.0 0.0 0.0 0.0 0.0 
0.13445768793273227 0.22227763035546244 0.0 0.0 0.0 0.0 0.0 0.0 0.0 0.0 0.0 0.0 
0.9025150737449582 0.8356344149800696 0.0 0.0 0.0 0.0 0.0 0.0 0.0 0.0 0.0 0.0 
0.15604958698245905 0.29108887645624804 0.0 0.0 0.0 0.0 0.0 0.0 0.0 0.0 0.0 0.0 
0.9993672945792458 0.6457709699124723 0.0 0.0 0.0 0.0 0.0 0.0 0.0 0.0 0.0 0.0 
0.36696369939236895 0.3757204084326671 0.0 0.0 0.0 0.0 0.0 0.0 0.0 0.0 0.0 0.0 
0.42200003481460846 0.42947799465829706 0.0 0.0 0.0 0.0 0.0 0.0 0.0 0.0 0.0 0.0 
0.9146327639480292 1.0 0.0 0.0 0.0 0.0 0.0 0.0 0.0 0.0 0.0 0.0 
0.653282397011939 0.6890141935926276 0.0 0.0 0.0 0.0 0.0 0.0 0.0 0.0 0.0 0.0 
0.9456215410721127 0.0 0.0 0.0 0.0 0.0 0.0 0.0 0.0 0.0 0.0 0.0 
0.439338759418181 0.0 0.0 0.0 0.0 0.0 0.0 0.0 0.0 0.0 0.0 0.0 
0.7219555813630111 0.13420941824489063 0.0 0.0 0.0 0.0 0.0 0.0 0.0 0.0 0.0 0.0 
0.53522313361504 0.5120150815607154 0.0 0.0 0.0 0.0 0.0 0.0 0.0 0.0 0.0 0.0 
0.36164412413522684 0.0 0.0 0.0 0.0 0.0 0.0 0.0 0.0 0.0 0.0 0.0 
0.8445977346789184 0.0 0.0 0.0 0.0 0.0 0.0 0.0 0.0 0.0 0.0 0.0 
0.9000346708481334 1.0 0.0 0.0 0.0 0.0 0.0 0.0 0.0 0.0 0.0 0.0 
0.3065311585196663 0.0 0.0 0.0 0.0 0.0 0.0 0.0 0.0 0.0 0.0 0.0 
0.9482384706194031 0.47981099403836414 0.0 0.0 0.0 0.0 0.0 0.0 0.0 0.0 0.0 0.0 
0.4252518629475031 0.22011784327719727 0.0 0.0 0.0 0.0 0.0 0.0 0.0 0.0 0.0 0.0 
0.28412507579487867 0.05588009561292187 0.0 0.0 0.0 0.0 0.0 0.0 0.0 0.0 0.0 0.0 
0.5929001532873439 0.0 0.0 0.0 0.0 0.0 0.0 0.0 0.0 0.0 0.0 0.0 
0.6682072438980025 0.4425175476029607 0.0 0.0 0.0 0.0 0.0 0.0 0.0 0.0 0.0 0.0 
0.03687345463603908 0.016184203695777895 0.0 0.0 0.0 0.0 0.0 0.0 0.0 0.0 0.0 0.0 
0.9384681000518129 0.8118713444396071 0.0 0.0 0.0 0.0 0.0 0.0 0.0 0.0 0.0 0.0 
0.5088249911483955 0.0 0.0 0.0 0.0 0.0 0.0 0.0 0.0 0.0 0.0 0.0 
0.7726248167128605 0.7314949789234537 0.0 0.0 0.0 0.0 0.0 0.0 0.0 0.0 0.0 0.0 
0.4252518629475031 0.22011784327719727 0.0 0.0 0.0 0.0 0.0 0.0 0.0 0.0 0.0 0.0 
0.2919865884268923 0.0 0.0 0.0 0.0 0.0 0.0 0.0 0.0 0.0 0.0 0.0 
0.8828259926170758 0.842281220328428 0.0 0.0 0.0 0.0 0.0 0.0 0.0 0.0 0.0 0.0 
0.9997114240036745 1.0 0.0 0.0 0.0 0.0 0.0 0.0 0.0 0.0 0.0 0.0 
0.7987168466058501 0.2145001109267235 0.0 0.0 0.0 0.0 0.0 0.0 0.0 0.0 0.0 0.0 
0.42023356376776133 0.3868048068119184 0.0 0.0 0.0 0.0 0.0 0.0 0.0 0.0 0.0 0.0 
0.4893093897871924 0.6129348293824244 0.0 0.0 0.0 0.0 0.0 0.0 0.0 0.0 0.0 0.0 
0.33261965349362366 0.69705996659269 0.0 0.0 0.0 0.0 0.0 0.0 0.0 0.0 0.0 0.0 
0.5204127027527599 0.550012516591789 0.0 0.0 0.0 0.0 0.0 0.0 0.0 0.0 0.0 0.0 
0.6657942831297883 0.04412217416057351 0.0 0.0 0.0 0.0 0.0 0.0 0.0 0.0 0.0 0.0 
0.6065304564085976 0.8148037072873953 0.0 0.0 0.0 0.0 0.0 0.0 0.0 0.0 0.0 0.0 
0.46178544813555655 0.0 0.0 0.0 0.0 0.0 0.0 0.0 0.0 0.0 0.0 0.0 
0.5196529648574237 0.11635136993864985 0.0 0.0 0.0 0.0 0.0 0.0 0.0 0.0 0.0 0.0 
0.2963938860137141 0.3155231226855085 0.0 0.0 0.0 0.0 0.0 0.0 0.0 0.0 0.0 0.0 
0.5349930893779943 0.4382519745647566 0.0 0.0 0.0 0.0 0.0 0.0 0.0 0.0 0.0 0.0 
0.8657689148114325 0.15615484161745613 0.0 0.0 0.0 0.0 0.0 0.0 0.0 0.0 0.0 0.0 
0.7207339186477708 0.6953618928026157 0.0 0.0 0.0 0.0 0.0 0.0 0.0 0.0 0.0 0.0 
0.5589820314444043 0.25803781739077036 0.0 0.0 0.0 0.0 0.0 0.0 0.0 0.0 0.0 0.0 
0.5463624071881508 0.5630714940521733 0.0 0.0 0.0 0.0 0.0 0.0 0.0 0.0 0.0 0.0 
0.2746323518807825 0.5192507790507702 0.0 0.0 0.0 0.0 0.0 0.0 0.0 0.0 0.0 0.0 
0.5450726362114835 0.22060491840577579 0.0 0.0 0.0 0.0 0.0 0.0 0.0 0.0 0.0 0.0 
0.2308217855968394 0.3487883074789753 0.0 0.0 0.0 0.0 0.0 0.0 0.0 0.0 0.0 0.0 
0.5605575953264137 0.07075804974528943 0.0 0.0 0.0 0.0 0.0 0.0 0.0 0.0 0.0 0.0 
0.6347323739692351 0.17657385003326243 0.0 0.0 0.0 0.0 0.0 0.0 0.0 0.0 0.0 0.0 
0.7380770608851706 1.0 0.0 0.0 0.0 0.0 0.0 0.0 0.0 0.0 0.0 0.0 
0.8676652153588542 0.5 0.0 0.0 0.0 0.0 0.0 0.0 0.0 0.0 0.0 0.0 
0.11044909699583055 0.01952214540962978 0.0 0.0 0.0 0.0 0.0 0.0 0.0 0.0 0.0 0.0 
0.9625175607814315 1.0 0.0 0.0 0.0 0.0 0.0 0.0 0.0 0.0 0.0 0.0 
0.22800814755395485 0.0013630627082524133 0.0 0.0 0.0 0.0 0.0 0.0 0.0 0.0 0.0 0.0 
0.23100207028538505 0.6604499707412799 0.0 0.0 0.0 0.0 0.0 0.0 0.0 0.0 0.0 0.0 
0.5741144330845287 0.9291642872164907 0.0 0.0 0.0 0.0 0.0 0.0 0.0 0.0 0.0 0.0 
0.5211397933285533 0.20146420912626942 0.0 0.0 0.0 0.0 0.0 0.0 0.0 0.0 0.0 0.0 
0.5201972587622011 0.6553112514198669 0.0 0.0 0.0 0.0 0.0 0.0 0.0 0.0 0.0 0.0 
0.7444138931468427 0.6554671724356751 0.0 0.0 0.0 0.0 0.0 0.0 0.0 0.0 0.0 0.0 
0.7196089086625026 0.8835922500425205 0.0 0.0 0.0 0.0 0.0 0.0 0.0 0.0 0.0 0.0 
0.8458383316833251 0.6915289569194837 0.0 0.0 0.0 0.0 0.0 0.0 0.0 0.0 0.0 0.0 
0.18644101723391643 0.1938133354377795 0.0 0.0 0.0 0.0 0.0 0.0 0.0 0.0 0.0 0.0 
0.4152477650282069 0.3031886369594954 0.0 0.0 0.0 0.0 0.0 0.0 0.0 0.0 0.0 0.0 
0.581895532450303 0.5926429398656801 0.0 0.0 0.0 0.0 0.0 0.0 0.0 0.0 0.0 0.0 
0.3675142364685668 0.029908082955349607 0.0 0.0 0.0 0.0 0.0 0.0 0.0 0.0 0.0 0.0 
0.2718715198025574 0.0 0.0 0.0 0.0 0.0 0.0 0.0 0.0 0.0 0.0 0.0 
0.2913564370026172 0.03178594074881054 0.0 0.0 0.0 0.0 0.0 0.0 0.0 0.0 0.0 0.0 
0.4419908920930412 0.0 0.0 0.0 0.0 0.0 0.0 0.0 0.0 0.0 0.0 0.0 
0.6634456643358537 0.30807588299365307 0.0 0.0 0.0 0.0 0.0 0.0 0.0 0.0 0.0 0.0 
0.9495489135934153 0.7530401048730869 0.0 0.0 0.0 0.0 0.0 0.0 0.0 0.0 0.0 0.0 
0.49576292413539513 0.0 0.0 0.0 0.0 0.0 0.0 0.0 0.0 0.0 0.0 0.0 
0.8707165631047376 0.006567610768673404 0.0 0.0 0.0 0.0 0.0 0.0 0.0 0.0 0.0 0.0 
0.9987314744584794 1.0 0.0 0.0 0.0 0.0 0.0 0.0 0.0 0.0 0.0 0.0 
0.8427269329640372 1.0 0.0 0.0 0.0 0.0 0.0 0.0 0.0 0.0 0.0 0.0 
0.3545162124801532 0.15141297603005816 0.0 0.0 0.0 0.0 0.0 0.0 0.0 0.0 0.0 0.0 
0.644833175699866 0.7151932327855559 0.0 0.0 0.0 0.0 0.0 0.0 0.0 0.0 0.0 0.0 
0.4988716471955169 0.2696541661829997 0.0 0.0 0.0 0.0 0.0 0.0 0.0 0.0 0.0 0.0 
0.9554830727919508 0.7896099918325711 0.0 0.0 0.0 0.0 0.0 0.0 0.0 0.0 0.0 0.0 
0.30177678073336345 0.0 0.0 0.0 0.0 0.0 0.0 0.0 0.0 0.0 0.0 0.0 
0.9982821607830165 1.0 0.0 0.0 0.0 0.0 0.0 0.0 0.0 0.0 0.0 0.0 
0.8141595492470551 0.016912905282180896 0.0 0.0 0.0 0.0 0.0 0.0 0.0 0.0 0.0 0.0 
0.8132618231386871 1.0 0.0 0.0 0.0 0.0 0.0 0.0 0.0 0.0 0.0 0.0 
0.6814377053305554 0.7306314455205657 0.0 0.0 0.0 0.0 0.0 0.0 0.0 0.0 0.0 0.0 
0.06249600596122965 0.05691247067782853 0.0 0.0 0.0 0.0 0.0 0.0 0.0 0.0 0.0 0.0 
0.1640380315535773 0.0 0.0 0.0 0.0 0.0 0.0 0.0 0.0 0.0 0.0 0.0 
0.4490336777122438 0.29098768114095086 0.0 0.0 0.0 0.0 0.0 0.0 0.0 0.0 0.0 0.0 
0.5839928027309451 0.9121282484600577 0.0 0.0 0.0 0.0 0.0 0.0 0.0 0.0 0.0 0.0 
0.3386605966947064 0.8194447890353642 0.0 0.0 0.0 0.0 0.0 0.0 0.0 0.0 0.0 0.0 
0.4136667484242821 0.4899590105552408 0.0 0.0 0.0 0.0 0.0 0.0 0.0 0.0 0.0 0.0 
0.7658694745834905 0.5943592257917465 0.0 0.0 0.0 0.0 0.0 0.0 0.0 0.0 0.0 0.0 
0.04216677381830563 0.12340011904426525 0.0 0.0 0.0 0.0 0.0 0.0 0.0 0.0 0.0 0.0 
0.9625175607814315 1.0 0.0 0.0 0.0 0.0 0.0 0.0 0.0 0.0 0.0 0.0 
0.4492278743247109 0.0 0.0 0.0 0.0 0.0 0.0 0.0 0.0 0.0 0.0 0.0 
0.5947196156043936 0.6664014130333253 0.0 0.0 0.0 0.0 0.0 0.0 0.0 0.0 0.0 0.0 
0.07856511823188041 0.003105374492838788 0.0 0.0 0.0 0.0 0.0 0.0 0.0 0.0 0.0 0.0 
0.4551582684367244 0.5605135869832794 0.0 0.0 0.0 0.0 0.0 0.0 0.0 0.0 0.0 0.0 
0.9373878910573225 1.0 0.0 0.0 0.0 0.0 0.0 0.0 0.0 0.0 0.0 0.0 
0.24546240990928225 0.3839700952076083 0.0 0.0 0.0 0.0 0.0 0.0 0.0 0.0 0.0 0.0 
0.6530272939800044 0.76053392998031 0.0 0.0 0.0 0.0 0.0 0.0 0.0 0.0 0.0 0.0 
0.1241289130077309 0.0871580397230723 0.0 0.0 0.0 0.0 0.0 0.0 0.0 0.0 0.0 0.0 
0.17578493868733125 0.11998557117280657 0.0 0.0 0.0 0.0 0.0 0.0 0.0 0.0 0.0 0.0 
0.7573543879844079 0.6415530935881283 0.0 0.0 0.0 0.0 0.0 0.0 0.0 0.0 0.0 0.0 
0.42396226531483316 0.0 0.0 0.0 0.0 0.0 0.0 0.0 0.0 0.0 0.0 0.0 
0.633739357638019 0.76053392998031 0.0 0.0 0.0 0.0 0.0 0.0 0.0 0.0 0.0 0.0 
0.7999125902061568 0.7260142109489229 0.0 0.0 0.0 0.0 0.0 0.0 0.0 0.0 0.0 0.0 
0.3343018306664076 0.29793518616241116 0.0 0.0 0.0 0.0 0.0 0.0 0.0 0.0 0.0 0.0 
0.3624205244149379 0.29776438814949213 0.0 0.0 0.0 0.0 0.0 0.0 0.0 0.0 0.0 0.0 
0.3427461017857541 0.09028758533425017 0.0 0.0 0.0 0.0 0.0 0.0 0.0 0.0 0.0 0.0 
0.7755502415173438 0.7339788874079665 0.0 0.0 0.0 0.0 0.0 0.0 0.0 0.0 0.0 0.0 
0.16930865399126332 0.04134474729219986 0.0 0.0 0.0 0.0 0.0 0.0 0.0 0.0 0.0 0.0 
0.4452552140194898 0.3187306293801037 0.0 0.0 0.0 0.0 0.0 0.0 0.0 0.0 0.0 0.0 
0.7376431476216833 0.23158410046792677 0.0 0.0 0.0 0.0 0.0 0.0 0.0 0.0 0.0 0.0 
0.08667044559017975 0.07826571585030129 0.0 0.0 0.0 0.0 0.0 0.0 0.0 0.0 0.0 0.0 
0.3091004143094695 0.16684625854440352 0.0 0.0 0.0 0.0 0.0 0.0 0.0 0.0 0.0 0.0 
0.832923081967178 0.8927475066879917 0.0 0.0 0.0 0.0 0.0 0.0 0.0 0.0 0.0 0.0 
0.5058816785346338 0.9347610108696549 0.0 0.0 0.0 0.0 0.0 0.0 0.0 0.0 0.0 0.0 
0.20573578972898657 0.1691821966895924 0.0 0.0 0.0 0.0 0.0 0.0 0.0 0.0 0.0 0.0 
0.4452552140194898 0.3187306293801037 0.0 0.0 0.0 0.0 0.0 0.0 0.0 0.0 0.0 0.0 
0.2632904578951287 0.17537565948173847 0.0 0.0 0.0 0.0 0.0 0.0 0.0 0.0 0.0 0.0 
0.9561205098980003 1.0 0.0 0.0 0.0 0.0 0.0 0.0 0.0 0.0 0.0 0.0 
0.2623527889045463 0.8152861781234941 0.0 0.0 0.0 0.0 0.0 0.0 0.0 0.0 0.0 0.0 
0.6929656901130399 1.0 0.0 0.0 0.0 0.0 0.0 0.0 0.0 0.0 0.0 0.0 
0.9969122590768655 0.0 0.0 0.0 0.0 0.0 0.0 0.0 0.0 0.0 0.0 0.0 
0.7556831495907392 0.27606389741459286 0.0 0.0 0.0 0.0 0.0 0.0 0.0 0.0 0.0 0.0 
0.9241494116977875 1.0 0.0 0.0 0.0 0.0 0.0 0.0 0.0 0.0 0.0 0.0 
0.7196754114074402 0.44328920578438485 0.0 0.0 0.0 0.0 0.0 0.0 0.0 0.0 0.0 0.0 
0.15841849307141487 0.04266702991590232 0.0 0.0 0.0 0.0 0.0 0.0 0.0 0.0 0.0 0.0 
0.8660599667573115 0.0 0.0 0.0 0.0 0.0 0.0 0.0 0.0 0.0 0.0 0.0 
