0.4998002238512824 1.0 0.501099757082752 0.47178414705982924 0.5029013288152822 0.4870059821928054 0.49671774990169604 0.5085913341491817 0.5098325446465036 0.5039980718968295 0.4369066381240749 0.5044869478177418 
0.0 0.5 0.4990497383580492 0.5081685835388207 0.4830353523721769 0.5159294994672914 0.5065558327803269 0.5091040113424334 0.5184115586462944 0.5241123905279582 0.5053834884020106 0.487592922030445 
0.4989566240006342 0.0 0.5100433257177275 0.47835818675069425 0.49785971023454234 0.5072185587996941 0.49364280066258676 0.4993532532573452 0.5130630500940667 0.49231552937954726 0.5219412211003925 0.5177192421455792 
0.39547820511852355 0.5063921471530132 0.4861142422210408 0.5305761996617824 0.47751329273117693 0.527118130627455 0.5421741682961961 0.4660152024052489 0.49362374385223434 0.48909175973681374 0.5002044432111742 0.48076095784357376 
0.0 0.0 0.49279721737591264 0.4933283004008731 0.5008748143804758 0.48512344344841135 0.5088723670004907 0.49971413110553087 0.4983419102415706 0.5025841523136654 0.5104623363261775 0.514783609987629 
1.0 0.26014898306960826 0.5027868191233869 0.49810966295566567 0.49848251824922524 0.4997076555151865 0.49630712773621183 0.5008253144536579 0.48221247446800586 0.482023746370012 0.49016078996303064 0.4921176426448639 
1.0 0.18323171634551494 0.4948062160672345 0.5083423158850857 0.49537781261692915 0.5039763612695002 0.4903980523049289 0.5008912832258239 0.5058746486692116 0.49402258304511526 0.49015446830774834 0.4928616036649558 
0.0 1.0 0.49571270988515603 0.5003960353934521 0.5013222656300224 0.5049255464024982 0.508675006550056 0.48846012170396225 0.5034791214677055 0.5223846723138361 0.4958090333336137 0.5026817066535986 
0.003816443660551977 1.0 0.5159247847863264 0.4955092018212865 0.4836380952615758 0.5007804479001481 0.4988644060827472 0.5128481528592805 0.5052983135228224 0.49921789801637684 0.49059887718516315 0.5012185065263901 
0.006394686727012988 0.0 0.5030769147693988 0.49448819069295546 0.48512234626880113 0.495515290513968 0.5048621550955359 0.5046320632934631 0.4973371656835648 0.4904070899993633 0.5045988229196192 0.5139640797881269 
0.05167672837797126 0.49965136299361057 0.4823581143735065 0.5009768537244836 0.48166048111324644 0.4835321901078448 0.49114844075617675 0.5125338257623794 0.5073594866146501 0.47059336561172216 0.5250057912559107 0.4906518006220277 
0.5110797139330345 0.9300856691575424 0.4973026888649066 0.521805063990559 0.500644295468566 0.5057336055996896 0.5459018914898179 0.48614861729588893 0.5167424377849963 0.4844983720157957 0.5101572468596625 0.5055926232087975 
0.7898847704777572 0.5059169351353094 0.5251889887015693 0.4915752757969889 0.5188104477156282 0.4670202793895305 0.49907230064113944 0.5131679569672907 0.48724739624123464 0.49694339013236355 0.5208119054614486 0.4825531709433336 
0.15380672035919152 0.8553153482553677 0.5162886972134137 0.4890017921066585 0.4918394138357507 0.5038654063281678 0.5032499045209999 0.5103361576589438 0.5121363194715162 0.4872698609993125 0.47876985137318473 0.46919175720887574 
0.48265359780158545 0.7548697040834226 0.5642196953062986 0.5193164813083704 0.5042829305096598 0.48543358643736023 0.4752145704393638 0.5365168402456202 0.4747152561243941 0.47689697054416635 0.4856583405612398 0.5062973406814553 
0.4997265055998844 0.0 0.4892378203140519 0.5155932472238733 0.5045607733543227 0.5143943930787815 0.5058909749818683 0.5085763893967661 0.5084017467273296 0.5060906097724639 0.5020669271210536 0.5029599305819051 
0.149227231698921 0.15547209604512024 0.5196637635153377 0.4874304789813458 0.5043790673847223 0.5111153275783686 0.5163548298058606 0.4873813754968162 0.5200348218276531 0.5074756426825549 0.5194878917658925 0.5003867103492705 
0.16316717130906994 0.50421937484554 0.536461222650084 0.4826387172149303 0.4614115761382813 0.4952392047644142 0.5379533059502684 0.505370456296461 0.5328545124195667 0.48760238299131253 0.47603610291667586 0.4828503010003622 
0.47598111648583097 0.24285140483239095 0.45320109115775487 0.529173830376984 0.49549616737064 0.4823689308370974 0.46689548678565396 0.5062903463197148 0.5051979242330754 0.49124786427284445 0.5161087541898614 0.4822812746436345 
0.0 0.0015690337040579205 0.49885949425714393 0.4910712758862378 0.5055943070126847 0.5295828696324785 0.5053742503103738 0.5010645045294705 0.509859352942253 0.4937747566722257 0.5059583748046663 0.5259195928333471 
0.3025623246400939 0.9419274333657154 0.5204660651532462 0.4927093925107044 0.4980275287319121 0.5101439449982811 0.4865730911240448 0.5099764203160986 0.5034849438594476 0.49382548050133945 0.4922106571342599 0.49367521191659286 
0.0 1.0 0.49571270988515603 0.5003960353934521 0.5013222656300224 0.5049255464024982 0.508675006550056 0.48846012170396225 0.5034791214677055 0.5223846723138361 0.4958090333336137 0.5026817066535986 
0.0 0.0 0.5067889378105332 0.4838422344023188 0.5036046341454611 0.5030594993969811 0.5052557779712501 0.505441645950639 0.505958773710149 0.49375296564479937 0.5167480299925865 0.5082009674096243 
0.0 0.0 0.5206910953762911 0.4865968220482018 0.5005720408981558 0.49940377502103145 0.5030602532717608 0.5065655219903595 0.5121535634281189 0.4904316273794882 0.5061213703195669 0.5134389891513584 
0.5622631282224793 0.5888424433816002 0.4773849096343097 0.5110972839839615 0.5183777515261621 0.49098830670464677 0.40578556790509424 0.48260264654462426 0.5055392475768639 0.490651622488243 0.49706813516231246 0.5012934030752705 
0.3378964937692426 0.2929235216331456 0.4644500506551291 0.49394956846716126 0.5379518833082484 0.5787301801000537 0.44415847967767796 0.4755727822649011 0.5081592448052152 0.49394528165589136 0.5050287261214217 0.5397238814991114 
0.11363490806130482 0.7956934735476077 0.5075219003520699 0.49509187729672427 0.47210266507722043 0.4844056066531272 0.48563033265165795 0.5107649853159246 0.4860160175592171 0.5170432640351336 0.5038476448407168 0.46764174459330066 
0.0 1.0 0.5043809600266939 0.4945855585858754 0.5205540981468557 0.5295796503668919 0.5154588283036925 0.4976063299604171 0.5122414102355393 0.5191474082128795 0.5020584701899555 0.49682581746819554 
0.0 0.0 0.5061989879152566 0.4867327846119589 0.4918700686556519 0.4938607640409167 0.49396597847735474 0.5140112433028041 0.49053516345073267 0.4940180079828514 0.5037237653264175 0.5162126134100282 
0.6895178781533248 0.20471683199111199 0.47398534446768376 0.5180046596812733 0.5075216103953166 0.48096917783872184 0.44997237800704426 0.48936713937446263 0.5025366699114904 0.47206983193931257 0.5164058089509608 0.5085563221112717 
0.0 1.0 0.4914147454470097 0.5064415142891833 0.5044841516052468 0.5034028235996695 0.4951330931048208 0.4843632152963099 0.5118528016703557 0.5241310644913525 0.48964975777732694 0.5053187951288274 
0.11108845924938474 0.2074183752384734 0.4809864593847247 0.49217690351087506 0.45522333992198477 0.44224214347986346 0.5083103318539393 0.4868317633702971 0.5168536528056391 0.49194407913134697 0.5284199915975403 0.48342113361258426 
0.3389770379724256 0.7019814280203824 0.4804092194274717 0.49425276148217884 0.49829912478074334 0.5085318233014438 0.4975025122953552 0.5478554871396654 0.5034727572474753 0.5566855205555257 0.5207110883635264 0.5089807623816729 
0.25478422222921415 0.3747409564379504 0.5139311007018241 0.4919699689621294 0.475953519501064 0.47143116833701626 0.46007470841445597 0.4963249246357422 0.5258819243484117 0.5143338056954359 0.5290987282847055 0.5131722124282321 
0.568087813534742 0.39667941927736333 0.5224613491934144 0.526298175313144 0.4694483508827807 0.4862027264006219 0.5061355795312437 0.5028061928326074 0.49422975756033166 0.47121316183849205 0.4662264846133219 0.5001831043554972 
0.7742594699037306 0.31445962226813606 0.471033160428976 0.49566592600858367 0.5151270222181394 0.4840136481459718 0.5042652921662198 0.5012787855770828 0.5242914909449776 0.48170358388012335 0.5164140017995829 0.4765602638305283 
1.0 0.20826170265170746 0.5036046969135584 0.5022807732647278 0.4941194581897879 0.490541667446729 0.5017741019887612 0.5048347065825706 0.5011905274261075 0.49918137555051856 0.494603641533437 0.48304408046509834 
0.003816443660551977 1.0 0.5159247847863264 0.4955092018212865 0.4836380952615758 0.5007804479001481 0.4988644060827472 0.5128481528592805 0.5052983135228224 0.49921789801637684 0.49059887718516315 0.5012185065263901 
1.0 0.16628928078273084 0.5030979934314532 0.5163976816532558 0.4901014341251196 0.49875777908537433 0.4967805935439673 0.5028800712186464 0.5014784999418433 0.49857444216679747 0.4981440858192569 0.48881742079921114 
1.0 0.2541043807955955 0.5124892913954741 0.5111816793482873 0.49696077880937106 0.49062041915945726 0.4984347345354275 0.5060529984557296 0.5047450995518836 0.5022235316128091 0.4893485513965053 0.4922175375378629 
0.6990882413267328 0.8012664514733289 0.5258999742953716 0.486120830226062 0.5100980843750927 0.4888974354651922 0.5026281288754801 0.5212335564024906 0.49521381931273045 0.4964293346062502 0.5125882488657938 0.5798189359099902 
0.2545346246626101 0.6220547922260561 0.5094398257976674 0.5108623104008048 0.46272075085008363 0.4738853532176831 0.48004311846215153 0.4958797384642596 0.5094990672291564 0.48005820527416343 0.5277056304688275 0.4710933686242872 
0.3015389093605184 0.049034088393583586 0.49627041104049757 0.49418348947491986 0.498600231436611 0.5025086429226697 0.5139562459388612 0.5015756026874449 0.5079501474556016 0.5003351529042019 0.4959200464073815 0.5100707717498331 
0.21045856346102837 0.8889667683120297 0.5251716672653277 0.4957433476187158 0.49553218138900385 0.4870773717344068 0.5157513486452803 0.5145328860125775 0.4816876274514336 0.5049031761375902 0.5447845026005343 0.5263830405203692 
0.04639109322195162 0.7050448120030305 0.47536412645009957 0.4928226870369702 0.5009131108150918 0.5076539933039281 0.5043470677527216 0.49484060338423463 0.511884958214144 0.4982451848947226 0.5100361852205888 0.5020058488776269 
0.7617656147967701 0.6571611741903676 0.5173967139381191 0.49101606416232607 0.46803014136182863 0.4793645471175266 0.47777723751072054 0.4463208183949229 0.4924252388016871 0.5053906823436974 0.4816202928107537 0.4850791350231757 
0.0 0.0 0.5067889378105332 0.4838422344023188 0.5036046341454611 0.5030594993969811 0.5052557779712501 0.505441645950639 0.505958773710149 0.49375296564479937 0.5167480299925865 0.5082009674096243 
0.09618379734267589 0.2886623221111958 0.5279529745782411 0.4912502792389203 0.5030578499337779 0.4638144482864058 0.5142030238001329 0.48475563968428104 0.5468284716994596 0.5225681641872132 0.5158256423122776 0.504607091969462 
0.0 1.0 0.49571270988515603 0.5003960353934521 0.5013222656300224 0.5049255464024982 0.508675006550056 0.48846012170396225 0.5034791214677055 0.5223846723138361 0.4958090333336137 0.5026817066535986 
0.19320362085899973 0.12134424687880507 0.510019088826438 0.5531080960885486 0.5084267545355703 0.5107257252888415 0.49879092035209965 0.4850792496081577 0.5028226942458771 0.5011969359023569 0.5026085068565127 0.49346579959984643 
1.0 0.26014898306960826 0.5027868191233869 0.49810966295566567 0.49848251824922524 0.5030707567620238 0.49630712773621183 0.5008253144536579 0.48221247446800586 0.482023746370012 0.49016078996303064 0.4921176426448639 
0.0 0.0 0.49871931998302965 0.49590961908223025 0.4974742794182223 0.5148515184304294 0.5111341500566096 0.4951292138199495 0.5143215962413434 0.49905092337464363 0.506054260512394 0.524215731851507 
0.003816443660551977 1.0 0.5159247847863264 0.4955092018212865 0.4836380952615758 0.5007804479001481 0.4988644060827472 0.5128481528592805 0.5052983135228224 0.49921789801637684 0.49059887718516315 0.5012185065263901 
1.0 0.21787343330310469 0.5102667669676693 0.5111292503321361 0.48627093268326577 0.5014361008502451 0.4955645607524574 0.5035374776958895 0.5033961585068181 0.4928972920349062 0.5031209677239978 0.48885612523394517 
1.0 0.7233090774945973 0.5079580684258969 0.49507168025075676 0.4981383594074511 0.501716987167807 0.49075091405160304 0.5077928562437577 0.5019777786332001 0.49894513811304586 0.47284114849753217 0.4863951328678287 
0.039365254723889354 0.9378601573188614 0.49516654791342607 0.49411388820449914 0.4866780604725382 0.4986761028893948 0.4743960521654705 0.47602228949845127 0.5105516344618031 0.5187298864002944 0.4963986255021714 0.5053793220940495 
0.025714411212250973 0.9141468513140482 0.4997987475145803 0.49770850982916803 0.49088609675431455 0.5133408243385152 0.5164556986790925 0.49307644333352885 0.517067886338807 0.5193775373218072 0.5044899017377487 0.495728100213132 
0.43913203014098934 0.4033391112063708 0.5534787315641615 0.48539371698007805 0.5217408258529292 0.5385437530763129 0.49669782250014244 0.5071311857007209 0.5228519975200874 0.48491599924056733 0.5206589713961192 0.5048159464273794 
0.01667498232239419 0.4294544094025573 0.4767949476702363 0.5287801252167368 0.4609401575096202 0.48980121815566147 0.4903612624132252 0.5094331302905206 0.4784748099550241 0.5020402265269589 0.49460228762368497 0.4797999448032886 
0.32327314184259404 0.1495534149743421 0.4856966668798958 0.4696456876354197 0.5002991130273754 0.506758699418285 0.5246463531705748 0.47661042418206157 0.5122373852615483 0.4990915484697567 0.5240428283941458 0.49837629040163944 
0.04265256421998738 0.05272951941221879 0.4978374706335358 0.4748299542007707 0.4807998531241432 0.49695071467055074 0.5082320562604024 0.5014122280551475 0.5124355726162625 0.5037683153484579 0.5126720109661651 0.5056663872474737 
0.15148165661448199 0.014317006252025949 0.5052354069932146 0.4896366558736048 0.4880577455652627 0.5022748701457602 0.5115208948327952 0.49648697970159394 0.5153632607212442 0.5003601060743946 0.5162067959260845 0.5153124590743723 
0.6435550925048823 0.5011446630483304 0.48189825091161653 0.47753870166224444 0.5297254463962536 0.4503352791083236 0.5160974020786762 0.4845701817251449 0.452293636122004 0.5162671824373 0.5189300300568647 0.4967631142346931 
0.5059627470717915 0.5041355075086515 0.4798866234968103 0.5098044758612864 0.5103453051453317 0.5321276004708981 0.5312849481510734 0.45167987700237877 0.4927822578436408 0.49968888947789036 0.5092775513240596 0.4946345220048234 
0.09847982819936416 0.00653063095126981 0.5046459099673151 0.4919410822624424 0.48462523889761855 0.49704842664666754 0.5050242686227102 0.4934968751968004 0.517600767606263 0.5014541872406804 0.5160670259626422 0.5186640929458481 
0.9390185066085825 0.6957299419774334 0.4896106983068584 0.5049332019259162 0.5155637134785003 0.5017057136108114 0.4857980046568794 0.49909456133746666 0.4906604420479874 0.5009159802159489 0.4773076769970287 0.49115770405944875 
3.442275457159953E-4 0.8422384966618792 0.5377870916376035 0.5537069787440736 0.5050518567860056 0.5043693730165922 0.4866933669570646 0.5144820341725861 0.5184292234741356 0.47005102985292624 0.505746223918829 0.49969691324608057 
0.8591123439450832 0.06527440904552444 0.4855761935738132 0.5038499198871165 0.5179631402235642 0.5118902765735612 0.5159346585647997 0.5142283143125532 0.49579683403301644 0.49523392618489137 0.4899976275931993 0.4767052494920536 
0.15808927448417448 0.9212039584306557 0.5114313531590277 0.48660403116344797 0.4981613274732 0.4993883047684727 0.5124290968414963 0.5299354909297562 0.5250886868787632 0.4775764931343785 0.502947964042302 0.505537561530791 
0.1890645597765373 0.3563562867634863 0.47622955372209297 0.48657291985551443 0.5143585957642474 0.482411925768985 0.45419920482270626 0.5134611877001904 0.5002923127717275 0.5420418846111035 0.5346439743610996 0.4849687803343784 
0.5197448312373276 0.8684990361164853 0.5060356401970932 0.5028208677036807 0.4988745313713809 0.5118222609055586 0.4681316341639492 0.515039248593828 0.5155669531230045 0.49290167869555473 0.5030682690455536 0.502983686771421 
0.08399280195286357 0.8877498037641598 0.5101656431771349 0.4952628415816845 0.4947483960046795 0.5001086709204863 0.5081646710336896 0.4920807560908902 0.5117597956769404 0.5064184280946572 0.4946122964880195 0.49305703973928805 
0.8650989312403914 0.571105529059256 0.4932730376525493 0.49793360412944165 0.5039066672198944 0.4908968252423351 0.49649281738926077 0.48686955819457767 0.49784664846198257 0.4882905494832269 0.49836174457388116 0.4908316507092379 
0.16528663240198824 0.7542890596237719 0.513210958385163 0.5028696541951476 0.4882162894833007 0.4850500358111607 0.46085143158005437 0.4769138918800556 0.5304001857121822 0.49189631328223066 0.4701062383962721 0.48875436421757285 
0.4320901837770105 0.6022606157940141 0.5217443154623191 0.5087360841699654 0.5161149665757292 0.5059462138632063 0.506333760652482 0.45892831513650645 0.5194153700116969 0.5156076569309529 0.5342355982031721 0.468891181770918 
0.17176158960070476 0.23551453248754758 0.48417917461647675 0.4803314593176944 0.48013261262730794 0.4853442113932638 0.5151186928586745 0.494584841538988 0.4982351325165828 0.5370408747512969 0.5281701723540904 0.4970444785211123 
0.09774874578059718 0.9683994225085921 0.47545906810089245 0.4990590125566666 0.5080948466658894 0.4913485569568446 0.5194283104269682 0.5023287776783211 0.5217413961008319 0.5169766551181554 0.4850158984823685 0.459869037095863 
0.3452960618788982 0.798876043488072 0.5356952932369302 0.48394624651402884 0.5109313737821424 0.47839208867178706 0.5154750243138917 0.4646988816583597 0.5122269858192521 0.4932075772846334 0.5271181851614077 0.5289884242925942 
0.17776760348438791 0.6476941983057085 0.5173753826526765 0.4854702286812209 0.4518684216487487 0.47857049706255367 0.5048307395876239 0.5213737860449565 0.5311496254906879 0.5148900818648299 0.48424575069721326 0.44776896762426077 
0.1375567587866795 0.3387338088955776 0.4942690175335355 0.5024894463460075 0.47594967117014075 0.4442890853285365 0.5033234715194693 0.48689121685888126 0.5117485189557172 0.4879730980085295 0.5395359722657405 0.5131866808942255 
0.9355957709159582 0.5123359195182372 0.5124885046248705 0.5098567328196424 0.4984467572131265 0.4860239309133429 0.499492270528873 0.49853542101241877 0.4977301863016497 0.4992455113993521 0.49520888582518946 0.5004619736501896 
0.7175318807283925 0.4152682959493181 0.4734672014166167 0.48565394085463887 0.5341368174755129 0.4538933004390079 0.5190045876789906 0.4822471231276023 0.4640707878721122 0.4893031287167739 0.5162245415736614 0.4952063520206781 
0.6087044718757018 0.3355000897487945 0.46749059285156797 0.48644349601669895 0.5039659580555592 0.48871941432952254 0.5009271560910532 0.5147371547945316 0.500306716543248 0.5039597212150114 0.4804372727046612 0.41449510367868014 
0.3360625171446456 0.39607915730851395 0.4518151164440882 0.5354370217545769 0.5177184611396495 0.5439451277913372 0.46172986457726006 0.5016619210084329 0.5155081281488185 0.4876792682248378 0.5123217334214918 0.5105588134497095 
0.3350266464009794 0.6087593721650272 0.5068993119089902 0.49445123450226186 0.48766294002347904 0.4591638136028881 0.48720867429032966 0.5033463706029098 0.48928710896722255 0.4943102952459558 0.5253792340650094 0.49019465716029553 
0.11300015413232872 0.08437264540487047 0.5132823209400881 0.5337724028166578 0.48087279526579807 0.4954156951720289 0.49106086597805876 0.5037242380742595 0.5012490576774419 0.5035473513862434 0.5059490680275635 0.5129039224935282 
0.9355957709159582 0.26456566098474144 0.4980310515050459 0.5025258196678037 0.4949837606063834 0.4841809254563456 0.5044728180457727 0.5028326410051998 0.49505423709915825 0.4933178073597713 0.4959706962078586 0.49827429769091525 
0.0564947832831413 0.8526007364231303 0.509388690944052 0.5013077122780727 0.5003682381629877 0.5104920076994529 0.4974961842862403 0.4806761139054929 0.5209334465669938 0.5207710143244522 0.49735461137976766 0.5066735990408875 
0.06583622949184956 0.9770081386198202 0.49665752062748775 0.5122301522767331 0.49848694055850834 0.4962748339335379 0.512912204048861 0.5007861161995714 0.5054022671336567 0.506401542652002 0.5041152385046984 0.5053273185137229 
0.054891637639805015 0.7556340442176217 0.5037624767897187 0.48202293041303684 0.48035428852208917 0.5017215484950523 0.5014798790559409 0.48421610231375606 0.4938042740565025 0.5152371020452616 0.5087171766147449 0.500105145143592 
0.2501897654047188 0.25635299550436424 0.47302482349295016 0.4881599816932217 0.45837623303809855 0.4949726435083429 0.5058278720681486 0.5023849643914577 0.5549395322328631 0.5438885333769075 0.5219224013909372 0.5175094505959412 
0.5067721741924371 0.8084002852930878 0.4773444236959127 0.4658892701647505 0.5105869132798865 0.49743972510477075 0.4824342112485786 0.48849891054276584 0.4658045833192824 0.5257077475785171 0.48613109059289183 0.49870443199619485 
0.252909939050802 0.06640708263598215 0.5023533453407792 0.4863628310290951 0.50486895552101 0.5039896212325313 0.4873025854768174 0.5012450878044341 0.4860407847123154 0.4916813013349701 0.5036880573302849 0.4689979995168841 
0.859948608798462 0.40716268545972045 0.4822725648367601 0.5027462213449196 0.49084472754125763 0.4735265919189254 0.5020748763174527 0.4888936061324327 0.508661019862171 0.4742009372566288 0.5083939900311067 0.4922394836853581 
0.45248709050943736 0.686782708765036 0.4964457362122509 0.4919844623363013 0.4989734251356053 0.4740278854299606 0.5033186054864259 0.4668818791581383 0.43670553233177484 0.5191892885877825 0.48726802224229165 0.5090655092343442 
0.4596160812023731 0.31340571533640077 0.45410588600989465 0.51626598001866 0.5493075383470352 0.5520077798701107 0.44117171828774926 0.4902402553378502 0.5166216451403092 0.48823683186591565 0.5052364100707634 0.5156772508133296 
0.9059338793271385 0.20203856676589055 0.48417697821762684 0.4999140106767963 0.49807916478789693 0.47835685221282476 0.4909869117231951 0.4983870144033233 0.4889430247012021 0.49317720877509363 0.4998497196324587 0.49333324949102764 
0.2480735478551926 0.7265270861588673 0.5332364296082569 0.5021434073074335 0.47194226589783883 0.48276993935104234 0.5200134605957345 0.542792746563649 0.492774773723267 0.5120822008157175 0.47422696422393645 0.48667196769268817 
0.6519862738222393 0.2312852694390644 0.46860316218568226 0.5013254542407481 0.5292639551981051 0.4908481706511969 0.48670589246552487 0.49655577771173726 0.5096055147213775 0.4925292988433869 0.5260699225112478 0.48829426125934183 
0.5 0.045908224065507604 0.49137222314266826 0.4976571419680672 0.5123373269960394 0.5113083486871446 0.5185138722101746 0.5112739227526351 0.4986165247039134 0.49552573285243134 0.5010609061035525 0.5040605981115753 
0.8319420721273634 0.24281354358056934 0.4849009474514763 0.45231661395203737 0.5074972082645812 0.4823469165488964 0.5018755909217156 0.5018660263601378 0.49807927384994577 0.4897117208050845 0.5064402192873454 0.4911289902272879 
0.6021739010403729 0.665584915054793 0.5470816608908936 0.4956233995161271 0.47825689529777793 0.4664347184711428 0.544193519397395 0.4567163532909554 0.48655010328060244 0.4961420168981629 0.5078389906767138 0.5158367542230041 
0.7115483764325223 0.5695329112681038 0.49328115818057405 0.492566816182404 0.483712494044544 0.4799330421828856 0.4880914446857701 0.45848421139606027 0.48912377790013684 0.507887922913513 0.4912225310786793 0.4743665944371479 
0.3372723087828693 0.8406157427512344 0.5249306560881007 0.46887314671015146 0.5233995379668454 0.5015926949863165 0.5124383725728299 0.5308605717808736 0.510498271042781 0.5359660131691253 0.4926176509827849 0.5284323306254045 
0.10109708462023866 0.9112106201189445 0.48544584327807117 0.48658230101560407 0.4897988375147493 0.47068413825280864 0.4847043083663002 0.51430661592525 0.5127814315210568 0.510699934792666 0.5055908867490689 0.48132822727181057 
0.23459447895541302 0.4990239913685157 0.5056243114960094 0.5256238211363505 0.4734717116353254 0.42311590022761286 0.44944966122949526 0.4889353786611632 0.5652395548658984 0.4406034019257244 0.5753354030904859 0.5354497113343177 
0.08972485515150644 0.10791312175779205 0.5075885550522897 0.4798222073322901 0.4879945178418046 0.4944212805984375 0.5098794576634158 0.49605100840169647 0.5049967756754488 0.5080687257605716 0.5221063610264844 0.5023145681454559 
0.24296148173688817 0.9928912089517099 0.5308047164632672 0.47672745739652433 0.504953479179348 0.5131587406869887 0.4890911013795476 0.48134990850633835 0.5052008907931964 0.5018010949220332 0.4616440956861123 0.5178488855346152 
0.12709465272238402 0.502230645429341 0.5006001959689224 0.4993484615886497 0.48758544811471627 0.45896341429113074 0.48561686541565363 0.5067192264836091 0.5162714647775999 0.486547333423595 0.5621684261591076 0.5643990305942103 
0.010056486133278551 0.1508342486658702 0.49234123479775505 0.4950181436079871 0.5238220619998193 0.5176967595201396 0.5088271776902026 0.5049065349418116 0.5094406237862765 0.4966093517114448 0.4979250188003782 0.5084224651617828 
0.5511224987736136 1.0 0.4813002966354692 0.5109114934365769 0.5407033398742169 0.5051193557600839 0.5084351243782432 0.49556880760687566 0.5090088328824258 0.4858028478540781 0.4689195198863727 0.4866750920708062 
0.2250457247373659 0.8113248426708025 0.5194367720907604 0.49380287577159543 0.47948979800466274 0.480649028157932 0.5095714478630808 0.5250486555622301 0.5080120563920381 0.5025344847935507 0.48998562166346454 0.4942817693608712 
0.0042502794959857135 0.16543676475988986 0.511870291487908 0.48111118546041126 0.4977804413871145 0.5089221153679921 0.4975932653348206 0.4929477480245858 0.5182135434472099 0.49958987950880707 0.5287370156444745 0.5113612736623496 
0.9231840989295518 0.9554045170089791 0.5027928817355753 0.5082875160151878 0.499722896390265 0.5047010877850184 0.49016415977077143 0.5007098996001462 0.4873781313340997 0.4768763792536862 0.48255655694051536 0.4934522368245761 
0.04782902693352491 0.04858839368438691 0.5054232167666528 0.48420757723784 0.4996711209467006 0.5109407026235917 0.5128825387027081 0.5013817849126702 0.5101661765794658 0.4950132001207226 0.5357517907285768 0.5048434126639662 
0.33473709860565365 0.20643171490241496 0.4461870788773777 0.4960838856692783 0.46805531333391026 0.46288831130116115 0.49110753458617085 0.5092653095841271 0.5258949807065202 0.49520099618265834 0.5403866667974575 0.49030797681012694 
0.75 0.10609875242411923 0.49723510828706075 0.5070274118106615 0.5012193805605795 0.5050330638862595 0.5076472328770709 0.5070769969856408 0.5000475123228784 0.49705008750961444 0.4996024959614047 0.4964390094553932 
0.22792547922909617 0.18458574625000534 0.5108724582684983 0.5009542653658936 0.5238098184394229 0.4678611841351902 0.4950552368567899 0.5173157074788992 0.5321012982604478 0.5135945142514495 0.5106902224137899 0.5023057970759626 
0.6581573867432755 0.740303306839587 0.4919097174088092 0.4833202040331514 0.4951983655855583 0.49021688843994327 0.46585792567872236 0.5151922542385206 0.4525548135585324 0.506175375480752 0.45246923096495434 0.5031323085908999 
0.1359729977897826 0.663049267723686 0.5157818057804231 0.49728169910390657 0.44704929353773404 0.5190078821406428 0.4931418645166976 0.4927648267815036 0.5131629291443592 0.4903940514271298 0.5551934031146152 0.5021576059858397 
0.4913827429498888 0.18157032330775083 0.4892775535742516 0.5173750793393396 0.48695873407772916 0.4993038699572502 0.46049971024435743 0.49119655853641103 0.4803144139622638 0.48610675004367676 0.5163965908001129 0.5182617952496281 
0.04887753274523637 0.9550822932442424 0.5074394422161068 0.49884086909090564 0.499415375258638 0.5025616969666877 0.5094206876822193 0.501429887106946 0.5049118233502801 0.5173833215196518 0.5012860287999361 0.49132182883185227 
0.06578710683491684 0.03873700703244532 0.5036323661841605 0.49199508428886163 0.48129406351629006 0.4863827222711336 0.50784346183053 0.49714415610322027 0.5019307736585676 0.49171467323216567 0.49807016116503744 0.5155739170394116 
0.3078152299767224 0.5000216185772884 0.49378096174656727 0.4929256749807993 0.5048968526435358 0.5095485029622177 0.44817743515518327 0.521512067550718 0.500296448181583 0.5039333723556274 0.45511691215383876 0.46308871917690175 
0.03598413685032973 0.48032717285473536 0.4760057159473191 0.5197643220339604 0.4748539984298276 0.4908960786913791 0.5035557002248161 0.5194022263547258 0.5174258803418128 0.466050814000259 0.5059817134493307 0.48265339414298675 
0.8332505464460802 0.7067454207818437 0.48772481240253895 0.4701409866426108 0.46288941701753894 0.4764514904941107 0.5431483669167204 0.5147239137373136 0.5025576603578343 0.5070805745057658 0.48085144832132665 0.49020303380198255 
0.01075014064460604 0.0886439557344646 0.5030796501285659 0.48958813070066776 0.49472935900687093 0.4995485415555828 0.5064058568745848 0.49425500334550554 0.5154373793914844 0.5040700999051613 0.5193164035200031 0.49611394793948005 
0.7665334222167097 0.9299223585762673 0.506264863221688 0.49856532217198524 0.508435620989951 0.4919817821014707 0.48546675661464 0.4860927502487836 0.4750968979509783 0.4576618884037347 0.5133465026754825 0.49612984465036125 
0.17385026032912654 1.0 0.5062578270466142 0.49339446422478905 0.4808591252321554 0.4949215593692181 0.4780374812628435 0.5205117097660275 0.5071397982038901 0.5108941137969216 0.4867623302603797 0.45940215092749404 
0.47175260835842936 0.0 0.5028023772428349 0.49938859599963015 0.49760372078509696 0.506288002891535 0.5326523631959205 0.5210771473759753 0.4753787692913076 0.477439724118165 0.5006380287966793 0.5121591113700125 
0.1470605736212679 0.07209121877959548 0.501055275488108 0.46626968594651574 0.4879775027685175 0.49499645976465856 0.547352421203628 0.48054538006269476 0.5195290745880479 0.5056271083145217 0.5194245250689513 0.5013522950014089 
0.07522778564236654 0.5111801963941076 0.45765235088367207 0.4952773946491259 0.5033296467259625 0.5051575789770218 0.49904562495478316 0.5129277461688525 0.5163678117233356 0.48025412152099034 0.5068582856134622 0.48033511266333906 
0.5101837043829672 0.06700741601185514 0.49061786540306557 0.5300038208334219 0.511115603239787 0.5041867901599006 0.5210904167642807 0.497982814473138 0.4732891656642166 0.504617798556066 0.5052090529120772 0.49934605842169755 
0.053553811149046865 0.25960880727341495 0.47851869001506286 0.4925943118224984 0.4929744995487476 0.482077868308756 0.49708809307636775 0.5004494982326712 0.5064316917924654 0.4988649991555421 0.5208547240991914 0.4882068945334188 
0.503816443660552 1.0 0.5239842510408288 0.4878477506232499 0.4962922271267388 0.5068944831828078 0.492937733919231 0.5134553073292439 0.5116317655936459 0.5097128798680794 0.4671524969237589 0.4833764103414116 
0.8593208964674186 1.0 0.4807666408552684 0.5228505379696811 0.4897694394154215 0.49992486240629097 0.47361679873612794 0.49560933938887586 0.5202654072097332 0.4931651120392161 0.45567452453107804 0.5096632688883495 
0.0 1.0 0.5179260267341821 0.5057060815503599 0.48270881164455537 0.4872895367190169 0.5016106766361106 0.5186845446890063 0.5134111280843827 0.5113620499835643 0.5038705513296948 0.5132531259664803 
0.0 0.0 0.5098077399262952 0.4855852797765132 0.5077007715311905 0.507233011141964 0.5068746210068613 0.5032742377244189 0.5097182852482001 0.4936046948752952 0.5160934126774386 0.5077190029605779 
0.0 0.0 0.5206910953762911 0.4865968220482018 0.5005720408981558 0.49940377502103145 0.5030602532717608 0.5065655219903595 0.5121535634281189 0.4904316273794882 0.5061213703195669 0.5134389891513584 
0.12388219649383644 0.022587919456028595 0.5153706123395142 0.4966528697371928 0.5012467593416536 0.5029866914261218 0.49377559647912966 0.5050523927296133 0.5119539328511514 0.48724881336820214 0.5099416403926478 0.5063934075398815 
0.0 1.0 0.49736305270155673 0.4969743860268478 0.47770186163167827 0.48975277896054636 0.5143361383374284 0.5121421101675773 0.5194257505228246 0.511845448529383 0.4973865028961396 0.524102739584113 
0.4310291942662948 0.1902724008809368 0.47154418722868663 0.4909263529396525 0.5051585663942474 0.513813847660883 0.4692445093466236 0.48702871897182076 0.49001972827858 0.4902870432902637 0.5136527063336231 0.5077273174160142 
0.003816443660551977 1.0 0.5159247847863264 0.4955092018212865 0.4836380952615758 0.5007804479001481 0.4988644060827472 0.5128481528592805 0.5052983135228224 0.49921789801637684 0.49059887718516315 0.5012185065263901 
0.09479042020603032 0.2564707398652991 0.4782383414668343 0.5022709982144833 0.4767344443598228 0.4526151659046579 0.5086078925688393 0.48857891681362914 0.5153561783906461 0.48836459731284043 0.5210464955146468 0.4847991725697388 
0.0 1.0 0.49847461920645453 0.5088082616452585 0.5035134475935605 0.5039926508365892 0.5071354126996312 0.4924636567012173 0.5163686787002348 0.5285026091718398 0.4888521555417387 0.4985260433414941 
0.0677488432459305 0.7472029949499288 0.5058054956044309 0.4806791676308948 0.4751362040842353 0.5059291874630609 0.5053702251204591 0.48652426312853936 0.5005986564920533 0.5137335345492472 0.5130576108168123 0.49662834192335864 
0.23418069905972802 0.8839399909319536 0.4828983826587311 0.48158597950988624 0.531886165796087 0.49948323520677124 0.5285110087151751 0.5385097811889918 0.5268551847467909 0.5267580472161137 0.48114237368882073 0.5255394937707197 
0.37822014273148546 0.851112169359115 0.5211905132000625 0.4463105238724604 0.5446701545454802 0.5159054126656695 0.4873059493714601 0.48972503031184633 0.5060002113282744 0.5326457486357914 0.48492155968534223 0.5302526558130634 
0.0 1.0 0.49847461920645453 0.5088082616452585 0.5035134475935605 0.5039926508365892 0.5071354126996312 0.4924636567012173 0.5163686787002348 0.5285026091718398 0.4888521555417387 0.4985260433414941 
0.07311192608718267 0.14039315683940923 0.48409792506513366 0.486339349521424 0.47071638431885743 0.4599156784699584 0.527703235840022 0.48481951374607923 0.49707868128909505 0.4931351929701806 0.5339291816653106 0.5174507589640267 
0.5680085421395072 0.4675287966149756 0.5104721194479201 0.5168912330161339 0.4841714628144013 0.4851532470804778 0.4741581185193376 0.48246364557868004 0.49978714000034574 0.47896618412848546 0.4903950942726113 0.4888475080108294 
0.2562155407081578 0.10518667387416693 0.512599596290636 0.4903814089161477 0.4916685934109061 0.48617550864872705 0.5053333469599146 0.48600112544302865 0.4506443234366957 0.5016873705414526 0.4929726057207786 0.500623330637153 
0.0 0.0 0.5138953822092716 0.49555213576557566 0.5062274632230618 0.5040933838874854 0.4886340509406995 0.5136263565123018 0.4993664738691298 0.485059495993878 0.5054009299130005 0.5161930726172179 
0.14456939013233772 0.8309869137106404 0.5104002680442435 0.4960739419732365 0.4739392913892848 0.47973248281904346 0.4658708014047124 0.5083156644346997 0.4895723739627438 0.5105970443941369 0.49694687406897375 0.4670050843362755 
0.20143921322733704 0.5431160738901215 0.5385212288878285 0.48596152328153264 0.4355371500901133 0.5661971888152761 0.5088779810268123 0.5029643721238749 0.5147298474818838 0.4895883480333617 0.5258821955354567 0.48714821856574037 
0.4869094295231122 0.3698478675092988 0.49745992580527937 0.5373305949781833 0.5400490559532424 0.5479723645884215 0.5247526417270711 0.4565321680219326 0.5268226788604617 0.4816927106433613 0.5150329742430406 0.4985524523699685 
0.38526372734142994 0.19588732955977678 0.49702314981069223 0.4797280188414851 0.4846488975245909 0.4984430364696436 0.45042211005142335 0.49221151931811424 0.48593644033847205 0.47506696956455496 0.5104571699733027 0.5216723699705315 
0.9355957709159582 0.5123359195182372 0.5124885046248705 0.5098567328196424 0.4984467572131265 0.4860239309133429 0.499492270528873 0.49853542101241877 0.4977301863016497 0.4992455113993521 0.49520888582518946 0.5004619736501896 
0.35727091515215736 0.9619645022932295 0.48502506820943203 0.5256205550051432 0.5339065860795766 0.5065762753087792 0.49287070953676576 0.4918464872664703 0.519389502007755 0.4669855643122515 0.47461041458375974 0.4814674354294517 
0.0 1.0 0.50791763412094 0.4996527683048254 0.4951868851985184 0.5019480898739497 0.502401306741298 0.48122220341889643 0.5015347314138143 0.5306419466216376 0.4900958914260638 0.5031087879522584 
0.28027309471329154 0.6561004809534967 0.4852258140184188 0.4956915497225626 0.4730936118803807 0.48719483054215673 0.518938904210341 0.48555036469423596 0.4348309401485545 0.5149957570462627 0.5164501438935142 0.4684234998357917 
0.20014940578018695 0.32514026989962813 0.4885471133545757 0.48070204159124885 0.492588884080184 0.49679685989831734 0.46003464036981223 0.471733006932949 0.5268816797661449 0.5210988378645385 0.5216986784567368 0.5108732121436266 
0.0940640001910314 0.8996517004110467 0.5139504691631068 0.4937015000186453 0.49449837242397154 0.5024132491271662 0.5106580721433731 0.502617484783149 0.5070364404402317 0.5046812945240515 0.4954546306086074 0.48413820558603093 
0.023506454584521958 0.7169856639398713 0.49105767993734395 0.5195978670319904 0.4667413231552515 0.5164493256621209 0.5262943979932196 0.4979529034984488 0.5139370615108279 0.5061519988223353 0.47066902100158486 0.4841083321855101 
0.0 0.0 0.48605612460399267 0.49570894898332596 0.5032686433911208 0.4986053535733037 0.5081141988711195 0.4991918470130744 0.5045583836820727 0.4986324948959585 0.5030130994329023 0.5215208218613407 
0.4452369188553924 0.47031614140126415 0.45313110939517914 0.5375788665494424 0.48222555782379456 0.5486209466677349 0.5671827437273016 0.44986625595184565 0.4832847855152226 0.4946081553565065 0.49020029978270524 0.4810114435883984 
0.9803173726380553 0.0 0.5090821016989125 0.5107364564303231 0.4933693096372346 0.49465977112975346 0.5128027181699675 0.5153833984994294 0.49729129639670183 0.4848244249915917 0.5101528231360009 0.4935582691807349 
0.6204307045356434 0.6129451968599448 0.49380612538411656 0.5225475852701302 0.5169678609999472 0.5035464034369374 0.4875027248159397 0.5253901763805842 0.5299561480310667 0.4701053888653295 0.47346758548021184 0.5198718793331913 
0.09269145450927813 0.10254495456328294 0.5058230253875311 0.4821975637028256 0.4918660627948723 0.5066215932243199 0.5151943785487909 0.4966864661381989 0.5096851775621157 0.5021710801786087 0.5384309562455258 0.5019002130318819 
0.3682892967961063 0.36071952354180414 0.46788945172374824 0.5191395403192518 0.5249856067073928 0.5373560037376127 0.45378226469276994 0.5061086949034319 0.5192160146507682 0.4910138072026182 0.519851352633349 0.5056779695097122 
0.5719734022278984 0.8473177075221123 0.4586066176943976 0.5208931398144422 0.5153539054545675 0.5062632352116414 0.4722643829635132 0.49077078981269595 0.5070523594182648 0.4556115341981636 0.5114608532579157 0.5140139448866141 
0.7867823909420502 0.4539056399792734 0.5097051705709963 0.5002402454188333 0.5038048012130987 0.4570915319668766 0.5076978705484082 0.49802347998929175 0.49636884844503004 0.48304984402836904 0.5187891153934012 0.4942405084681589 
0.021464139003324275 0.8888522352067525 0.4855995723447707 0.5031083881411347 0.5011655079008159 0.5163070467429531 0.5178892930274828 0.49838869386876816 0.5261082284176277 0.5108815787465377 0.5051494060406706 0.4966784520801495 
0.7794153840904322 0.1892481551109176 0.47784895232861263 0.5239336748497075 0.49139379274404416 0.48197932096177765 0.4937407726881906 0.49322560926422465 0.48105315774866914 0.4915406548726408 0.4942963254785423 0.5051157530722892 
0.11861582315854274 0.3727300340646056 0.502187246542998 0.4699001510898757 0.4742463966594792 0.456404453334449 0.454130029563366 0.49409949087395166 0.5554708503511667 0.5284733959147047 0.5202386005535966 0.5003286771362292 
1.0 0.18323171634551494 0.4948062160672345 0.5083423158850857 0.49537781261692915 0.5039763612695002 0.4903980523049289 0.5008912832258239 0.5058746486692116 0.49402258304511526 0.49015446830774834 0.4928616036649558 
0.28208499786081204 0.3376289818267981 0.4612483285524152 0.5098376532806288 0.5367033249108559 0.5401230249912735 0.46462652736087967 0.5085463679739229 0.5208808270151792 0.5016693521759785 0.5114848688932603 0.5064814399155795 
0.3046697708529846 0.6875568394005593 0.477663086959144 0.5367999711902413 0.4682705231495164 0.5181664778598702 0.5292136565458998 0.48906679296576006 0.5338253353403694 0.4898837046718922 0.510269548645474 0.4941501502312239 
0.7026934452634537 0.0773705570267802 0.4856401978515312 0.516721681578238 0.4974316922502514 0.4979186448416217 0.5139236558546538 0.5021329352221102 0.503564996725974 0.504916347733795 0.5014613338855067 0.4975962562716313 
0.5188921600257057 0.7184951956580441 0.5124718216715795 0.4891218724437024 0.47715209266680736 0.48811595281671666 0.5042896852157053 0.43660101788399064 0.4531184606873424 0.5127353626303404 0.5064266467472341 0.5041014839636213 
0.918882737414957 0.2888025145397514 0.4926629331045788 0.4894595042253594 0.492369443426222 0.49160174766266845 0.48578987649402816 0.49941512215748785 0.4953483651527114 0.48264254883087343 0.5037658889879127 0.49929653956697995 
0.05296368496521181 0.042823606471801307 0.49533018038321813 0.48868126529276684 0.5001511875598036 0.49136127642583244 0.5167902324868585 0.5038154873560484 0.5150677973472741 0.49055757693192803 0.5098388146115437 0.5041906732601821 
0.7173672241885413 0.4723017390262013 0.4918424320229502 0.4875043580957612 0.5106070988188075 0.46293979890215886 0.5121744177999631 0.48524351193522686 0.47066642987702245 0.5010160969046018 0.5189698614621678 0.4936593295201098 
0.5078299422342678 0.4435313251140476 0.49880955310911784 0.51996196902478 0.5009029682382863 0.5858249909694401 0.5157226999268116 0.4849175443921074 0.5044421685646207 0.48817992284462414 0.4978864178037061 0.5065541171922971 
0.34637999211534076 0.46710262008657644 0.5487887211889138 0.5053100440791305 0.5251659582638464 0.5116503465459756 0.48109699301893116 0.5663402668294089 0.5062939015104433 0.4981357928189565 0.5186498295396745 0.5643494396947714 
0.7296455208713563 0.7662056981178043 0.49331197186234194 0.4699774573405416 0.5005426727032978 0.5646042555348036 0.45697314705503694 0.5006329058276817 0.451846105805176 0.5116298658502907 0.4967779600535478 0.5300142379679023 
0.8118677586542772 0.19865158032110541 0.4725343334038088 0.5197195222455628 0.49274446882952805 0.46916956643343993 0.4815887542518735 0.4919734748529744 0.4725873457646644 0.49111796773763 0.4991439511408975 0.5053515759853251 
0.0387872203236252 0.048589844552347376 0.5122015055268696 0.4911483219173246 0.49268662139693237 0.4878876981806447 0.5126504863153517 0.4961737820048624 0.5018886493603392 0.5069542382100574 0.5209527342989446 0.5107413081040835 
0.9231840989295518 0.9554045170089791 0.5027928817355753 0.5082875160151878 0.499722896390265 0.5047010877850184 0.49016415977077143 0.5007098996001462 0.4873781313340997 0.4768763792536862 0.48255655694051536 0.4934522368245761 
0.38344429491690396 0.5713733731187394 0.5230746208913291 0.485015534966868 0.5177764651678864 0.45850502938807186 0.46906666102706956 0.5029216834439834 0.5154343481241043 0.5310712256580148 0.5475021118144636 0.5331785342798172 
0.08076832169330972 0.8754731615723295 0.5148917973967521 0.48404744144449874 0.4895766333335658 0.5027157498973656 0.4858901669710728 0.49184963969020506 0.5060663744330051 0.5146030978272778 0.49885644418425007 0.486335680279645 
0.29632447483425317 0.8301193161433538 0.528670798976139 0.49143576954784246 0.5021289213882105 0.4872799773069636 0.5375707957741996 0.571996113249901 0.5149963307572876 0.5392862777024592 0.5003137422802276 0.5266120054377457 
0.2533415479688945 0.8856556258238959 0.4939648779625131 0.47794445587447987 0.5301865655282701 0.5141482344507531 0.5535502572625635 0.49696556583265894 0.5231307743409432 0.5245850980627031 0.4912945099444819 0.5171993239665753 
0.009640965915899882 0.6771469502526603 0.46823503287603985 0.5136712667682374 0.48473220386213245 0.4993074657554621 0.5113558559394922 0.5111639935136699 0.5138634083503252 0.48427539762452443 0.49787486252258006 0.4826848063090322 
0.9390185066085825 0.6957299419774334 0.4896106983068584 0.5049332019259162 0.5155637134785003 0.5017057136108114 0.4857980046568794 0.49909456133746666 0.4906604420479874 0.5009159802159489 0.4773076769970287 0.49115770405944875 
0.30422893841926385 0.7659158383995945 0.5300040320946693 0.5159743101499759 0.4509365778007535 0.4624833993271743 0.4988837427517704 0.5507358819488365 0.49137711482560353 0.542893139856442 0.4627222337847414 0.5227086427135035 
0.676933222105865 0.2994893303939151 0.46610529380083077 0.49302368906690613 0.5076790222642962 0.5011404170136222 0.49536903608152183 0.4856235025744058 0.5027875246344815 0.48709408201652016 0.5168783637476109 0.49386351795365335 
0.39135463075886645 0.4368303549034427 0.512016303246912 0.5323735080223899 0.503432595752616 0.48939164186867135 0.46864300327321373 0.5577302033795093 0.518881316179713 0.4881392878377734 0.5262849685491977 0.5110794404847904 
0.20447718347208435 0.6746402628503586 0.5019928485973474 0.4936244737687251 0.46028845817470915 0.49349065052433827 0.5172782766385157 0.5051418842099883 0.46747345413151087 0.5101435645460828 0.5076841699407093 0.4509602413821928 
0.8568080865428191 0.34194015542217066 0.5159719961862335 0.5030382926889163 0.5060713437509344 0.47231641664216395 0.5018594585421463 0.5040223185359873 0.4949756628485503 0.49296066692261226 0.509669354531722 0.4945515684579578 
1.0 0.06326621082719674 0.4980318382756495 0.5038507661964486 0.49349778220262797 0.48877741370246 0.5034152820523272 0.5103502184485106 0.5020691503493921 0.4962958275732283 0.49011036177917444 0.4900298615785885 
0.7864135585406238 0.5562478043626472 0.5118812450362514 0.4864759716389653 0.49938009214149454 0.4624759832578188 0.4999069434137843 0.49371239978377857 0.4787340235960613 0.4933071725585649 0.5275804283164189 0.480450440678631 
0.2164549549720772 0.7998698747417603 0.5127829649428942 0.4886537753481627 0.47864153896784045 0.4919517621445859 0.4993865205316329 0.518551044708448 0.4932188219442582 0.5016510608566364 0.5183137120958605 0.49152000232425264 
0.05650007706616436 0.04218632270243523 0.5115450304331917 0.5096788412965856 0.4942867833984943 0.5013243531569964 0.49896774349246004 0.5034992378993393 0.505483671462821 0.4985760231307693 0.511021240352501 0.5103114627270531 
0.3001842085030642 0.4301523983389409 0.503562771559384 0.513982369814821 0.49007917306800874 0.5032350761577725 0.5349589977128868 0.517193097543804 0.5003987018590128 0.4927771733626224 0.5035753855790928 0.5318499277686781 
0.1244788164381119 0.920048752598176 0.541242027667358 0.507800775652911 0.49346574355106715 0.484632918580603 0.45544001906982756 0.4972809087828511 0.49577111380209105 0.5222961060843829 0.5088685382039095 0.44729519829248743 
0.6443614041852577 0.4354548832066091 0.49874821986298684 0.5302806003495952 0.5172350651902695 0.501923824714944 0.5215125493369575 0.4582049408950678 0.520904237765945 0.48624137400310435 0.5165746037559179 0.5051014736831018 
0.2270234443298907 0.10853027810511423 0.495457081618208 0.4720613723107368 0.4842406801325476 0.4926619767800907 0.5443246019628536 0.4764399185274545 0.5226343964167082 0.508805070995 0.5194551266939137 0.4986257777261317 
0.44191470991740567 0.544982896493428 0.4770295357802189 0.49860463826794393 0.5290069302499476 0.5102304334584836 0.5104248223227847 0.47644448887189944 0.47840007936168827 0.5128645442482025 0.5099894495486517 0.5067593018223447 
0.4167885408236559 0.6754781747227815 0.5398788067033264 0.5382963746691005 0.456756004181902 0.5200556084332766 0.4904284275601304 0.5245622781419833 0.45169919770982525 0.49898323144068113 0.5279085996564542 0.4673287601322058 
0.1295291888184644 0.16928728675966376 0.5045723239907256 0.4765124087592434 0.48470537404598746 0.4737129561487808 0.4949895185418809 0.49674431327911317 0.5103365584653985 0.5107367512287282 0.5247222730361636 0.5062052690658984 
0.5040955519093151 0.5647396899032556 0.46096369388450276 0.4996469826977928 0.519787642052377 0.47843020997235614 0.5391030104163668 0.43981511670866436 0.481122347122661 0.5111978561111565 0.5206686848444131 0.48271492681734957 
0.6752386926808399 0.8992106973463763 0.5061502517093905 0.500693094937833 0.503655076180666 0.5019020215035146 0.4767991953892946 0.5005659994213059 0.4953319255369914 0.4752817835496447 0.5082073858605181 0.49955676571089114 
0.5838625269965423 0.2568167151315973 0.47580402232904395 0.5183313585618241 0.5022851313090555 0.4816617903965361 0.42326040520189606 0.48389895103161307 0.4909113785296353 0.46266503309425344 0.5238734374082639 0.5188890916002701 
0.0 0.0 0.5098077399262952 0.4855852797765132 0.5077007715311905 0.507233011141964 0.5068746210068613 0.5032742377244189 0.5097182852482001 0.4936046948752952 0.5160934126774386 0.5077190029605779 
0.3755436633486646 0.27096608590299187 0.4683650831676721 0.5090570282614684 0.5076317864430968 0.549881289916249 0.43694144349731234 0.4880483146525482 0.5093551911578766 0.4840057317631365 0.5042748545348661 0.5259012652536079 
0.15072392753210276 0.7359376347388338 0.5331234733288898 0.495386487736247 0.4801074534581211 0.4966800110054056 0.4848518665022808 0.4898632703883174 0.5165833095367129 0.5062131326386954 0.5026834765070187 0.49396032680526814 
0.3865737547564724 0.7341125584900232 0.5226018679131097 0.48472849947209257 0.4353701778114891 0.4840727658440831 0.48656912739434477 0.5239166187914208 0.4967376675753782 0.5249420441851126 0.48901181787149695 0.5216188885809333 
0.14557003878505306 0.7051532377813997 0.5225334186496574 0.4870408654042018 0.4470875535763384 0.5746865488419061 0.4941118686070862 0.4882320376277076 0.49652275819449376 0.5033672833607721 0.5416825829817791 0.49864503871639837 
0.4797756001078508 0.6223048946110836 0.4933207527873774 0.5126666241355529 0.48850628517349753 0.46952484035664754 0.5053612385184665 0.4825851364564881 0.48057505184147387 0.5187322783212022 0.4242454543499228 0.4996361202381009 
0.5534998297441445 0.36176831673911003 0.48421364389300037 0.5348553151933104 0.5115628605859586 0.5166782984084729 0.5221655721665511 0.46858669120329033 0.5367376888935149 0.49312853508243765 0.4844308600291732 0.4716188661681746 
0.5409422862466983 0.22519448488089666 0.46663321954668635 0.5088950487506005 0.5165505852342498 0.4973105075093246 0.4613606868381408 0.4811341756725459 0.5017078168015745 0.4936449851761302 0.5309538129928222 0.5100535133821726 
0.8711915418319165 0.4658651111422862 0.49803026473444234 0.5012008731391588 0.4964697390101388 0.47958443721023125 0.5055303540392182 0.4953150635618889 0.48803932384892434 0.4903397871463143 0.5018310306365428 0.506518733803242 
0.004814043772134061 0.13788722479499535 0.5234201217125778 0.5064192114906645 0.4987607419994619 0.4912775165454383 0.5097849345086811 0.4966243110762679 0.4975106395092466 0.4921782906752956 0.5083326138244538 0.5111261595876788 
0.7004670507259316 0.0012516829831637644 0.5013761320924336 0.4876551939108063 0.49980214399141787 0.5068234339171788 0.5016655638412728 0.502523105108907 0.5216815896658868 0.4963518770216491 0.49441444641396415 0.5224224647807032 
0.15266878936270933 0.2940373376616248 0.5079846316310563 0.49080052475450553 0.5225203797956851 0.49333593863888286 0.4973551653708517 0.508130760248524 0.5228995799290141 0.5434432039817102 0.5262631056979413 0.4914377862545667 
0.027135720411042546 0.06703752191581937 0.48337451747306165 0.46456527211242377 0.49254668277067787 0.5021298960343048 0.48878610041686427 0.5161195413111372 0.4964642558981843 0.5068354973058365 0.52685808615294 0.4995749025262426 
0.14816223741712659 0.9150596580716769 0.49273562782557734 0.48373341361771627 0.5047593039198907 0.49409098412620417 0.5402916955796152 0.5366973815270528 0.5320476526513419 0.534757562793678 0.485647926491126 0.49788068913380057 
0.0 1.0 0.4880377977189321 0.5098142830845358 0.4965031436010031 0.5023289976642924 0.5003413545825093 0.479755805039499 0.5136613009058116 0.4755466503679616 0.5054323493857356 0.4947900965602456 
0.41333929279028797 0.33439687577632826 0.46219019827783087 0.544469645615596 0.49825290231638314 0.5444867510692157 0.46533295818833065 0.5016101323427485 0.5229578265951956 0.4856193708026657 0.5275495266524121 0.521457246302926 
0.1111810123466003 0.014559275203649202 0.5100082611534147 0.4942969759998176 0.4929359991196361 0.5000175590363947 0.49939993255091997 0.49927463396320687 0.5147773502287072 0.49435150030444125 0.491783390307009 0.5125287502428648 
0.580271020457209 0.732447231679594 0.5437497689098314 0.5030566254156082 0.48842595017238155 0.4825773191280609 0.5267516891435416 0.47718405911008244 0.4777171845844246 0.5043942271461558 0.4668991305734963 0.5282290533114898 
0.0 0.0 0.508952332930517 0.5062385732186911 0.4909537148768582 0.5143767060096551 0.5032895933500795 0.5110328590066073 0.504622830687121 0.4905565972532048 0.5162280631678975 0.5292127844412984 
0.0 0.0 0.48605612460399267 0.49570894898332596 0.5032686433911208 0.4986053535733037 0.5081141988711195 0.4991918470130744 0.5045583836820727 0.4986324948959585 0.5030130994329023 0.5215208218613407 
0.09844360728955706 0.09136168115142594 0.5189911122359842 0.5006007140446097 0.48872223050311864 0.50723853026337 0.5137121661770819 0.4960570498638971 0.5089894426539538 0.4916160612466257 0.5327700115170577 0.5044656624938137 
0.5679292707442725 0.5383781739525879 0.49848288970242594 0.5074842907191237 0.49889457474602195 0.4841037677603337 0.4421806575074315 0.4621210983247527 0.5053445224403598 0.4867192064184789 0.5145637039319007 0.4775119116661616 
0.19456094960505887 0.21704804893474827 0.49695879354772693 0.46591510150131343 0.44943034669011384 0.47606655236634854 0.5100037482087141 0.4892754806747932 0.5010853671256519 0.5303219933617 0.5303998967465196 0.4917731240632732 
0.16407346889839655 0.2552028214595111 0.4638312323626897 0.4875760246407313 0.49251863833296594 0.4829389453495057 0.5181166103095861 0.5005255707958418 0.48906841300684667 0.5513752063672753 0.5425022049321214 0.4916550115726971 
0.0 1.0 0.49571270988515603 0.5003960353934521 0.5013222656300224 0.5049255464024982 0.508675006550056 0.48846012170396225 0.5034791214677055 0.5223846723138361 0.4958090333336137 0.5026817066535986 
0.1576125596060703 0.144029589396578 0.5201161805135421 0.5049034322387338 0.5020010025801993 0.4773244331179872 0.5062047342151195 0.4911299404058944 0.5191293035223666 0.5077640910887663 0.5152014438983468 0.5043276966332673 
0.6371081352590271 0.561662972435773 0.5078833211124518 0.5002792014478255 0.5336264371577266 0.4547849944174721 0.5254577862004396 0.46540717305687174 0.46783789108081686 0.5156733772767098 0.48544154707311954 0.47424995711616286 
0.9141311011893245 0.24992530200485677 0.4899258457097573 0.49206687196714044 0.5020280065564829 0.49863702179754765 0.4831629091191463 0.4974871176408222 0.5095268994808284 0.48327958416262606 0.5037323305806982 0.48917820698347675 
0.1659978875132196 0.13258708274803577 0.5205685975117464 0.5223763854961219 0.49962293777567635 0.4980008475571905 0.49605463862437826 0.49487850531497257 0.5182237852170801 0.5080525394949778 0.510914996030801 0.508268682917264 
0.5974917619590838 0.8838548667314308 0.506092945953242 0.5017569813207569 0.5012648037760234 0.5068621412045367 0.4724654147766219 0.5078026240075669 0.505449439329998 0.48409173112259973 0.5056378274530358 0.5012702262411561 
1.0 0.06326621082719674 0.4980318382756495 0.4853264658240152 0.49349778220262797 0.48877741370246 0.5034152820523272 0.5103502184485106 0.5020691503493921 0.4962958275732283 0.49011036177917444 0.4900298615785885 
0.7282883733387684 0.2466588973837458 0.47177084339790676 0.5007070453313289 0.5200106559227791 0.48051290764144716 0.49927836379765844 0.5008994117150758 0.5011043106007332 0.48610563425039766 0.5169097423668323 0.48398368276366055 
0.041898235153209035 0.9500136742163784 0.4976180922985812 0.5023690436134012 0.4946059879986663 0.4978131443302842 0.46893360375318255 0.47840745279913455 0.5227981908229067 0.5215352667394538 0.49125749228739485 0.5057941509636541 
0.0786040578236426 0.03534800849144354 0.502261404445111 0.4841743495618446 0.4805153458765316 0.4902893683536302 0.5146566454127299 0.49489863073308715 0.5046031069315791 0.5033581629797939 0.504416099683234 0.513679326615553 
0.185220647129543 0.86810147152991 0.5064201527082661 0.4864028548213436 0.5129717424522644 0.5036160655665101 0.508487944165914 0.5284247538110551 0.5163169004084709 0.5120448894938329 0.49277570325050596 0.5195440782628493 
0.8697063445046485 0.053049376212059615 0.4936433478555044 0.5020222117117032 0.4993093720203122 0.5034387259185935 0.5063624675420452 0.5023957628214304 0.5097238793794503 0.49977649273931474 0.4940802389053783 0.5062110739210768 
0.12961780738799628 0.8177898752759942 0.5115622309887782 0.4826432969839193 0.47880945670836406 0.49658293979489343 0.46585116262656806 0.48162562136608944 0.5077113692991067 0.5008410952672538 0.49925606927332633 0.4953550214093084 
1.0 0.26014898306960826 0.5027868191233869 0.49810966295566567 0.49848251824922524 0.5030707567620238 0.49630712773621183 0.5008253144536579 0.48221247446800586 0.482023746370012 0.49016078996303064 0.4921176426448639 
0.7849120907721399 0.4015374997881729 0.49562876012218704 0.5118287704524249 0.48517272673739276 0.47798911654099896 0.5171969565256257 0.45849912895920647 0.5018836406102212 0.4576276190340774 0.5142282464501164 0.5035843866866835 
0.7833465804343558 0.6050823601850208 0.47512301796494144 0.5032658833704515 0.49079206896049 0.5006150385081996 0.5016567120211564 0.4600064523775127 0.5049955455351556 0.4962896357456005 0.47524743654508506 0.49663630597458963 
0.16999580806971576 0.9359157125660755 0.506798280917551 0.4809925534906103 0.5116966533686782 0.5100974051090881 0.5070416020634253 0.50499466615486 0.5261485830621522 0.5180294958760168 0.4955822981356303 0.5167620744878809 
0.04520916079081411 0.6144043524966183 0.5174926010620977 0.5212615748607434 0.4677514300081473 0.537651120201182 0.50106824841751 0.4912075663767291 0.5067331277545373 0.49403555917187836 0.5500817357662242 0.4904033604203196 
0.1250322763137287 0.4480707784201453 0.515497847207329 0.483754595237364 0.46786524414711306 0.4782428936050699 0.5078973035702254 0.5085196834519241 0.5217098032627382 0.47666407909691405 0.5180087003666416 0.49108503719386587 
0.2791031895849629 0.744424401228153 0.5092772326723747 0.48830575858966685 0.4654436640999302 0.48003811796100404 0.4955231365422659 0.5267659317579523 0.47430132441700024 0.5160322607139601 0.5578575728185364 0.4690032826912904 
0.28394664503138695 0.15352918245121522 0.45147938948171523 0.48484211120846266 0.501959796802931 0.46928918810778497 0.5086143213627838 0.5042367440140969 0.5410247504556305 0.4901352487471158 0.5423074280804967 0.4913365761917734 
0.21711696626611354 0.29528359997676723 0.509229108786044 0.48252843147839347 0.471850053211357 0.4795903228870191 0.48609774191110944 0.4924845184589382 0.5166418881873653 0.5185201744153771 0.5279306450188413 0.5078030789488798 
0.0 0.0 0.49279721737591264 0.4933283004008731 0.5008748143804758 0.48512344344841135 0.5088723670004907 0.49971413110553087 0.4983419102415706 0.5025841523136654 0.5104623363261775 0.514783609987629 
0.4345749594599413 0.9269256815813631 0.45226661665346907 0.5261200676106206 0.524470430483827 0.5056966711970174 0.4925356702930136 0.47939163893950193 0.5148376057701793 0.4527524860192072 0.4787985485335187 0.5088638476323275 
0.009628087544268122 0.2757744495899907 0.5182169688249367 0.5160408818835592 0.49100096244149616 0.4931593191189705 0.5169602176732808 0.4978755999447336 0.4964415190251511 0.4938188205036777 0.4938156151637314 0.504312924218469 
0.8052217421493153 0.0386852785133901 0.5470729530526909 0.5022585657925183 0.5006383521667416 0.49361535736691076 0.514967421950006 0.49326456676497143 0.5188713294554488 0.5096827732093101 0.48117461720815646 0.500174874301927 
0.26252707161417776 0.2442139870196161 0.513481334912828 0.5081964782598359 0.4625208270284118 0.48842192975715704 0.48181846590431576 0.4937219734295878 0.5038477815496198 0.5118986567571311 0.5124354399662234 0.4986945448272531 
0.0748218462748955 0.9675150034178425 0.5036751779159019 0.5022406027001239 0.49411709614842514 0.5024916432333717 0.5144708586304757 0.5081928768665233 0.5041185685807082 0.52088441263174 0.4793316507051382 0.5046749549826994 
0.0 1.0 0.485788191836478 0.5023593129937794 0.5029532311249152 0.5081298448635195 0.4946127548074894 0.48286238014517596 0.5068037165046031 0.5245584755099837 0.48767922191320395 0.5059225036050703 
0.3708812103700291 0.6366210122334162 0.5544992563528828 0.4987830212828085 0.4816510021338636 0.46341761687546834 0.4590684636457424 0.5269805780790253 0.5020839072981728 0.5241305692542542 0.556461686868365 0.5134632634347477 
0.9355957709159582 0.26456566098474144 0.4980310515050459 0.5025258196678037 0.4949837606063834 0.4841809254563456 0.5044728180457727 0.5028326410051998 0.49505423709915825 0.4933178073597713 0.4959706962078586 0.49827429769091525 
0.07153878063283645 0.8686731088395502 0.5080511245829813 0.49801266112435255 0.49607648459079184 0.5034452824265749 0.4713133820191829 0.479993819007827 0.5240021107951773 0.5124996778786682 0.4951467745770678 0.5038059455120845 
0.5136389978260025 0.2969739832310181 0.4751415772809089 0.548675588699071 0.5430338054424204 0.508154522108623 0.49781330239123356 0.4997984389835777 0.5261007034669395 0.5096942269708883 0.5284627520368521 0.42816815817890447 
0.1074427892558611 0.4283288139730385 0.4736254902748566 0.5014387442549968 0.4688301590266825 0.46099047015185785 0.5012799877588605 0.5160798594746134 0.503472960696232 0.47756934566931986 0.5205136820916718 0.4860071970724703 
0.051428822424501947 0.8282937026280963 0.5044856021737417 0.48479740146026856 0.4845123831107315 0.5122179248176741 0.5084210811108162 0.4759057873041264 0.49644033384478664 0.5151602536461333 0.5076368778093208 0.5058439413016782 
0.6968082813239208 0.3685187947684837 0.4815596764868775 0.49913613323456196 0.494569342396476 0.4833542654352607 0.5090620563083395 0.486618141876869 0.5010951785767346 0.48079367012454444 0.4973327595773888 0.4590397451826818 
0.31631728770308154 0.3034993031499882 0.4923128756166115 0.5438878540703052 0.47777398472577837 0.516790566573254 0.45842455729459963 0.500204983459895 0.5116257688340582 0.49335507059080486 0.5128289224159408 0.5121010082327466 
0.39104751647894054 0.7975443148520667 0.5466234503142716 0.4982772771255251 0.45998759905459996 0.4710342356214461 0.49181841430446005 0.5176538262161634 0.5306632662398856 0.5041739201390106 0.5232506101196432 0.5217266632249888 
0.12739211111460708 1.0 0.5255319170935793 0.5037362564903095 0.4719484316859762 0.46557936167231034 0.4760809558150338 0.5192824000969026 0.5191912921379169 0.5190034911439604 0.5153927852158506 0.5077313662548428 
0.2959607776447858 0.5785441586565112 0.5529114568761853 0.5165708658864623 0.4680887625459417 0.4841124985468954 0.4921570174339851 0.4983130953120554 0.5143016605262578 0.47805896849742824 0.5202127300681121 0.4802599863539245 
0.33738693062696146 0.5350335250869662 0.5104573353724164 0.5222794213721198 0.47345677424179977 0.4943396438761078 0.5042709164058187 0.5007464521598513 0.5191042538233592 0.4760597317206931 0.5127198296673967 0.48942660408356176 
0.13750829893219763 0.17253526997302382 0.5152615709091724 0.48914802862448686 0.47842834080299124 0.5210069717863325 0.5158776201541793 0.49109790870410486 0.5059623226074659 0.5131841234790638 0.5226988209994832 0.5000216771079949 
0.3530778187210369 0.07511406475441336 0.49558313155955636 0.48612570813358646 0.4939473682590011 0.49964189707358797 0.5045702127992641 0.49491670351515915 0.518936436811406 0.5025421197391751 0.4906850313331427 0.5064471328518594 
0.046539322966864756 0.17932199685868738 0.5050587582191817 0.4957081031579738 0.5176602022085223 0.5104920299872155 0.4965803823980054 0.49262575149966825 0.49751250982841516 0.4853683811353752 0.486203641314375 0.5194868667568174 
0.05722073281765108 0.9587275954682531 0.5062737845351499 0.49783998734453183 0.5039029423116286 0.5075201981218846 0.5231019327278208 0.5056170557842086 0.5042714639725621 0.5066546596133452 0.48699464626912037 0.4845879242110117 
0.5450438643865018 0.7680968339325293 0.5224459991039616 0.5159026006239328 0.4983537434488885 0.4976410909207901 0.5032865431031248 0.5193081909842181 0.4765835899851072 0.47266963974342746 0.48296204436813983 0.5049037322000318 
0.04298896314348629 0.2999120760642861 0.480366000506119 0.49243276267489683 0.4990295028664167 0.5023530602663023 0.502725740914684 0.503591374757179 0.5159025955574099 0.4921621107130758 0.5130873445667327 0.48822453030140955 
0.04132832185757757 0.9401164489734233 0.49977397492166753 0.49133615285971677 0.48864234995208394 0.5016990802468311 0.49179966813520565 0.480364766814103 0.5079961781063618 0.5147597335103254 0.498609901405489 0.5028600114749465 
0.3025623246400939 0.9419274333657154 0.5204660651532462 0.4927093925107044 0.4980275287319121 0.5101439449982811 0.4865730911240448 0.5099764203160986 0.5034849438594476 0.49382548050133945 0.4922106571342599 0.49367521191659286 
0.2985953966769254 0.22894094119618896 0.45644849095490253 0.46975668849400243 0.522853088817012 0.5379309602160265 0.45704576787659806 0.47940037088559034 0.5096278218608775 0.49873609434588767 0.5114472961939445 0.5241492467527119 
0.1525158558677045 0.6051892973252202 0.5194582657504667 0.48279327568533137 0.455520190296359 0.48046439007756486 0.51267162209286 0.5067852850590466 0.48947985249159065 0.5013016452534218 0.4904808255607384 0.4544090920532049 
0.15380672035919152 0.8553153482553677 0.5162886972134137 0.4890017921066585 0.4918394138357507 0.5038654063281678 0.5032499045209999 0.5103361576589438 0.5121363194715162 0.4872698609993125 0.47876985137318473 0.46919175720887574 
0.22943189205929437 0.4181331741235345 0.5293237595890704 0.4710806844242238 0.5114265017842128 0.4866954382759805 0.5100642419730579 0.5145153460908314 0.5298496515560805 0.5040398996229745 0.5110461006109336 0.4812718570153016 
0.8977288470026427 1.0 0.48076360954917413 0.5177616114399199 0.48914925034490164 0.4991096968947937 0.47668828271884817 0.4956670468156317 0.5176825787766863 0.495738795597379 0.45947664104233565 0.5089959717984933 
0.22540921492283916 0.5853519424561798 0.5492648556851211 0.49589597748300346 0.44650307879972445 0.49714530360617293 0.5280439883066044 0.5217784954807831 0.48186531487821793 0.5086918439870929 0.49350547876697504 0.48150529379967777 
0.4327411322880995 0.8073957003337235 0.5366084801454801 0.4644408074761627 0.5231610084069737 0.5040362292902778 0.479032744283548 0.5155092316500416 0.5133701987756122 0.524192809949726 0.4997935851965991 0.5192441889664579 
1.0 0.06326621082719674 0.4980318382756495 0.5038507661964486 0.49349778220262797 0.48877741370246 0.5034152820523272 0.5103502184485106 0.5020691503493921 0.4962958275732283 0.49011036177917444 0.4900298615785885 
0.6984348468547943 0.64524422707781 0.5061678218179604 0.4857627613422555 0.456221274532333 0.4918455591331408 0.48206670346245045 0.4578904983419255 0.48550352673005615 0.5152786792347155 0.47627265997740337 0.4976879203244996 
0.6493156280364503 0.9824805896440668 0.5046718836328135 0.4703910344474136 0.5021667620509367 0.5040008686222832 0.4885451679625653 0.49337509605565844 0.49439726981918286 0.49703965657664084 0.4469817540230747 0.504031233547858 
0.7105516506982944 0.5331544207783109 0.5164709423476559 0.4509594839099791 0.5051931019297604 0.46028214291641756 0.5100385164293237 0.5039668603653855 0.4866207603210405 0.5069977814172065 0.4988607579075559 0.47885183085164984 
0.12538380582874192 0.6226749401553311 0.5334083004135085 0.4758751305574155 0.4401901153330286 0.4933705280799073 0.5147893830226614 0.4829961782534477 0.5039432337157844 0.49903424720259526 0.5475828094644131 0.4638266409342337 
0.8710268852920653 0.5228985542191694 0.5164054953407758 0.5030512903802812 0.4979586108840749 0.4886309356733822 0.4987001841601908 0.4896530072769292 0.49463496585383465 0.5020527553341422 0.5045763505250491 0.485396573443572 
