0.6168673906417969 0.6130273728859239 0.5741101334026834 0.0 
0.7078677771528574 0.7078677771528573 0.0 0.0 
0.7074259471029718 0.7074259471029717 0.0 0.0 
0.7074259471029718 0.7074259471029717 0.0 0.0 
0.7074768806624727 0.7074768806624726 0.0 0.0 
0.7074768806624727 0.7074768806624726 0.0 0.0 
0.7074768806624727 0.7074768806624726 0.0 0.0 
0.7077949256883233 0.7077949256883231 0.0 0.0 
0.634594600305676 0.5461894746624656 0.0 0.5676051248607309 
0.7081105406296926 0.0 0.7081105406296925 0.0 
1.0016580999925824 0.0 0.0 0.0 
1.0027002160983929 0.0 0.0 0.0 
1.0016580999925824 0.0 0.0 0.0 
1.001741400383999 0.0 0.0 0.0 
1.0026548872370347 0.0 0.0 0.0 
1.0035479509239724 0.0 0.0 0.0 
0.7227803313323293 0.0 0.0 0.7227803313323292 
0.7086399204412162 0.0 0.708639920441216 0.0 
1.0030297743427263 0.0 0.0 0.0 
1.001834141214418 0.0 0.0 0.0 
1.0026767648834798 0.0 0.0 0.0 
1.001741400383999 0.0 0.0 0.0 
1.0027491555869135 0.0 0.0 0.0 
0.7227803313323293 0.0 0.0 0.7227803313323292 
0.7082947060541208 0.0 0.7082947060541207 0.0 
1.001834141214418 0.0 0.0 0.0 
1.0030297743427263 0.0 0.0 0.0 
1.002923288350824 0.0 0.0 0.0 
1.0032062837762707 0.0 0.0 0.0 
0.7221332057453569 0.0 0.0 0.7221332057453568 
0.7085740758103736 0.0 0.7085740758103735 0.0 
1.0027271388527736 0.0 0.0 0.0 
1.0027271388527736 0.0 0.0 0.0 
1.0026161469127475 0.0 0.0 0.0 
0.72271737846243 0.0 0.0 0.7227173784624299 
0.7081105406296926 0.0 0.7081105406296925 0.0 
1.0030177471980406 0.0 0.0 0.0 
1.0026161469127475 0.0 0.0 0.0 
0.7221332057453569 0.0 0.0 0.7221332057453568 
0.7086754573450182 0.0 0.7086754573450181 0.0 
1.004522433537809 0.0 0.0 0.0 
0.7229515044153628 0.0 0.0 0.7229515044153627 
0.7087394671393658 0.0 0.7087394671393656 0.0 
0.7259570814789809 0.0 0.0 0.7259570814789807 
0.5883600531476519 0.0 0.5624767356436577 0.6162791395931689 
4.3457852979214005E-17 0.7097205987795184 0.7097205987795183 0.0 
6.127326823764989E-17 1.0006684095416039 0.0 0.0 
6.127122392533771E-17 1.0006350233879209 0.0 0.0 
6.127326823764989E-17 1.0006684095416039 0.0 0.0 
6.127326823764989E-17 1.0006684095416039 0.0 0.0 
6.129652020802495E-17 1.0010481430352323 0.0 0.0 
6.126968438676286E-17 1.0006098808149615 0.0 0.0 
4.350371809804544E-17 0.7104696330131174 0.0 0.7104696330131173 
5.395902813764819E-17 2.903652972829036E-17 1.0007061730653082 0.0 
0.5862502083306734 0.6041271403794827 0.5507923796647434 0.015473326508137897 
0.6794529805502405 0.677334881937236 0.31675996052394656 0.0 
0.69361224375976 0.6808799750358383 0.14349480944834417 0.20228460385432587 
0.6699924446562099 0.6881917044235343 0.04992063122977732 0.31269492628361095 
0.5928998708774653 0.5865628050457962 0.03402546424260952 0.5658659887598796 
6.944400697637297E-18 8.096826376536995E-19 6.087632285954055E-17 1.0007208577010331 
5.3960007351788503E-17 2.9037056664773036E-17 1.0007243332447773 0.0 
0.6828508640351328 0.3434592943866526 0.6838697397781366 0.0 
0.8485278931769362 0.35479737171708814 0.39639852571898226 0.0 
0.8265377410014646 0.4148260261296714 0.23465761236342206 0.41374072066916784 
0.7063075183830079 0.08109354291743857 0.12146279522048176 0.702044321382105 
6.941158677788976E-18 8.093046342382279E-19 6.084790251693697E-17 1.0002536673667544 
5.395601872279651E-17 2.90349102965322E-17 1.0006503614592928 0.0 
0.7002350155970851 0.07526817517340108 0.6963943938808725 0.16188077204593398 
0.8274767229482124 0.21431656322583562 0.3896071011922288 0.40011932716031806 
0.7063075183830079 0.08109354291743857 0.12146279522048176 0.702044321382105 
3.5663912083509094E-19 6.650802954797684E-20 6.127685036632153E-17 1.0007444486877628 
5.787529759111189E-17 2.0183705008263254E-17 1.001003998521528 0.0 
0.6751442235227088 0.146838925817604 0.6755630803796687 0.32454766285746506 
0.6765399014472699 0.15742686333559336 0.24448075077105214 0.6976768922516917 
6.6189921280665E-18 1.2445245944716628E-18 6.089729760881925E-17 1.0005920925832086 
5.214505668799846E-17 3.218197369248646E-17 1.0007181120120079 0.0 
0.6130724949398807 0.0 0.5861020200502258 0.5683081437206267 
4.0313055617435035E-18 1.0936563803864903E-18 6.113679147880806E-17 1.0007672052064271 
5.787529759111189E-17 2.0183705008263254E-17 1.001003998521528 0.0 
4.0313055617435035E-18 1.0936563803864903E-18 6.113679147880806E-17 1.0007672052064271 
4.2942086932533716E-17 5.846263988652573E-18 0.7077669042504333 0.7077669042504332 
4.3454702387528643E-17 0.7096691457126005 0.7096691457126004 0.0 
6.127317647227062E-17 1.0006669108992305 0.0 0.0 
6.127326823764989E-17 1.0006684095416039 0.0 0.0 
6.127326823764989E-17 1.0006684095416039 0.0 0.0 
6.128244674846127E-17 1.0008183059985702 0.0 0.0 
6.129365535416746E-17 1.0010013564211737 0.0 0.0 
4.3508799902320985E-17 0.7105526251750873 0.0 0.7105526251750872 
5.395902813764819E-17 2.903652972829036E-17 1.0007061730653082 0.0 
0.3163050705007007 0.6550654039395775 0.6871280759721698 0.0 
0.3422096835374817 0.8440277836398188 0.4169715602793012 0.0 
0.3754799962238747 0.8338276463301938 0.19938278241919274 0.3677721969393679 
0.3243773739657822 0.6928730405542994 0.004185583008947941 0.6709838670426281 
6.941158677788976E-18 8.093046342382279E-19 6.084790251693697E-17 1.0002536673667544 
5.3960007351788503E-17 2.9037056664773036E-17 1.0007243332447773 0.0 
0.3625173197465894 0.4019167593485099 0.8430825228412522 0.0 
0.5064209488216687 0.5178170327803583 0.5372811503002815 0.5052614646956717 
0.3173713065876336 0.4128132646352909 0.2622237421892216 0.8277876322697018 
7.11898497399511E-19 2.0451719626580084E-19 6.126603604505983E-17 1.0006234179132465 
4.7264594724991725E-17 3.90264729908779E-17 1.001014055253519 0.0 
0.36742226937553507 0.203279156936411 0.8227626355425002 0.4095864273697571 
0.3285342059906827 0.20274565351409068 0.3955221451667705 0.8392995643118001 
4.0313055617435035E-18 1.0936563803864903E-18 6.113679147880806E-17 1.0007672052064271 
5.768980285416612E-17 2.073921977287923E-17 1.0011767140257568 0.0 
0.2127688433078783 0.1420537828286646 0.6906094270879282 0.6956795176872695 
6.6189921280665E-18 1.2445245944716628E-18 6.089729760881925E-17 1.0005920925832086 
6.132592544574738E-17 0.0 1.001528367010715 0.0 
6.568224021252249E-18 1.992612483543492E-18 6.088805136038735E-17 1.0006755351279801 
4.101584742459658E-17 1.397200070388045E-17 0.7076378106480808 0.7076378106480807 
4.3336678835039957E-17 0.7077416748275934 0.7077416748275933 0.0 
6.127122392533771E-17 1.0006350233879209 0.0 0.0 
6.127317647227062E-17 1.0006669108992305 0.0 0.0 
6.127594419991779E-17 1.000712111321901 0.0 0.0 
6.126968438676286E-17 1.0006098808149615 0.0 0.0 
4.350371809804544E-17 0.7104696330131174 0.0 0.7104696330131173 
5.395601872279651E-17 2.90349102965322E-17 1.0006503614592928 0.0 
0.0534328565642058 0.7043120774371224 0.7063360196000243 0.06989210248715955 
0.28453123565083954 0.8459689426195921 0.2982580324140948 0.4276508961867679 
0.15658200816823148 0.6766220532059691 0.2236210556852194 0.7028586454133917 
4.337361371040501E-18 5.4822831624001286E-18 6.086875356402824E-17 1.0005964291622933 
6.114121432195319E-17 4.505415332515719E-18 1.001219105500325 0.0 
0.2796720777509445 0.3285546405741964 0.8382498715614455 0.39051079965573954 
0.27033587776393464 0.36778167156187075 0.36213742291589646 0.827285461590306 
2.670344162376725E-18 5.83340886372935E-19 6.122586502914198E-17 1.0008901619504984 
5.3992551142820624E-17 2.905456918841162E-17 1.0013278795595426 0.0 
0.2127688433078783 0.1420537828286646 0.6906094270879282 0.6956795176872695 
7.120093670591497E-19 2.045490473682025E-19 6.127557749596686E-17 1.0007792530192003 
5.768980285416612E-17 2.073921977287923E-17 1.0011767140257568 0.0 
7.11898497399511E-19 2.0451719626580084E-19 6.126603604505983E-17 1.0006234179132465 
4.106766571700099E-17 1.3801947144149484E-17 0.7075493028824985 0.7075493028824984 
4.334663543068181E-17 0.7079042783741635 0.7079042783741634 0.0 
6.127594419991779E-17 1.000712111321901 0.0 0.0 
6.127841888924699E-17 1.000752526065661 0.0 0.0 
6.128428344901791E-17 1.000848301594981 0.0 0.0 
4.3516772233602515E-17 0.710682823225449 0.0 0.7106828232254488 
5.016303810026013E-17 3.521804219839729E-17 1.000965212974696 0.0 
4.1886512264004046E-17 0.6840586574540033 0.6840586574540032 0.2934591078073947 
4.226520390361563E-17 0.6902431612615542 0.2859080787298151 0.680325008702635 
1.8722025668646564E-18 1.4429780055600063E-20 6.125129957945301E-17 1.000776835276291 
5.151165887444863E-17 3.3217040067773404E-17 1.0009894415960032 0.0 
0.16735809807618915 0.04842517704436278 0.6986556230380607 0.6998334642106085 
6.9651269593576E-18 1.945010303207651E-18 6.084428695747253E-17 1.0006564040342154 
5.214505668799846E-17 3.218197369248646E-17 1.0007181120120079 0.0 
4.0313055617435035E-18 1.0936563803864903E-18 6.113679147880806E-17 1.0007672052064271 
4.1645825137277294E-17 1.1964187906512659E-17 0.7076378106480808 0.7076378106480807 
4.3336678835039957E-17 0.7077416748275934 0.7077416748275933 0.0 
6.128320310365496E-17 1.0008306582162745 0.0 0.0 
6.128320310365496E-17 1.0008306582162745 0.0 0.0 
4.3537292813934545E-17 0.7110179497345178 0.0 0.7110179497345177 
5.151165887444863E-17 3.3217040067773404E-17 1.0009894415960032 0.0 
3.663259956038781E-17 0.5982557515504527 0.5982557515504526 0.5998726615024232 
3.622645625432876E-18 0.0 6.117399732957933E-17 1.0007974170098604 
5.399391351502824E-17 2.905530231060586E-17 1.001353145660976 0.0 
6.9651269593576E-18 1.945010303207651E-18 6.084428695747253E-17 1.0006564040342154 
4.1645825137277294E-17 1.1964187906512659E-17 0.7076378106480808 0.7076378106480807 
4.3357208496408984E-17 0.708076949641251 0.7080769496412509 0.0 
6.127841888924699E-17 1.000752526065661 0.0 0.0 
4.355147683226059E-17 0.7112495923327905 0.0 0.7112495923327904 
3.1461956275528867E-17 5.265839219024824E-17 1.0017802346103664 0.0 
3.622645625432876E-18 0.0 6.117399732957933E-17 1.0007974170098604 
4.106766571700099E-17 1.3801947144149484E-17 0.7075493028824985 0.7075493028824984 
4.346580858311865E-17 0.7098505236510844 0.7098505236510843 0.0 
4.3857668780704395E-17 0.7162500863308476 0.0 0.7162500863308475 
4.3350421882993135E-17 0.0 0.7079661158331592 0.707966115833159 
3.663259956038781E-17 0.5982557515504527 0.5982557515504526 0.5998726615024232 
