2.346513524541338E-4 0.0 0.054917496420025885 1.3662035516082467 
2.9539915337403285E-6 5.828652334130972E-5 0.001227011784252811 1.3427632221040788 
1.1402805494388135 2.5686629988988297E-301 0.0 0.24225797482450212 
1.270084331900148 4.342379346589334E-222 0.0 0.0 
0.023478570441510634 2.9882689157149673E-181 1.4315385015625668 1.5739558518548472E-143 
1.3500665865910157 0.0 1.395920673882281E-161 0.11668912893144733 
0.058214297199476565 1.3313971114582854 6.674704844377691E-6 0.009553361260957943 
0.10328272293571854 1.193458220966615 1.1731623975705784E-248 6.802578487230057E-185 
0.017711146540444884 1.8427855625819485E-124 0.008927673186358783 1.1311687130360029 
0.4551827739191269 0.5060349527841553 0.6784255615956944 0.4775105479639408 
0.042585820400421116 1.3080620801527454 1.7546951781039545E-136 0.10954482392884711 
0.6407832688561561 0.7226623323438996 0.016694851659116043 0.4551624024895601 
0.00564177749277899 3.3782556400571805E-120 1.3110543955852902 0.2581182925531499 
4.143794465018991E-6 8.17630551909872E-5 0.001125879452615604 1.233948466125586 
0.6136462062414606 0.9867911987447614 3.966437757515586E-271 0.027096980342328103 
0.8031189122520648 0.788870273558081 1.2281848425022203E-182 0.4700657229255153 
0.6687411907635308 0.5697244043277012 0.7171743549433253 0.35672930149709486 
0.0737189490697004 0.8902626289261875 0.5319552797791575 0.49797200453837803 
0.02590517341037676 0.29124732772523404 9.525657994876721E-8 1.0843921298606913 
5.397059627265424E-4 0.015949074251300023 1.398147069676869 3.9193053840423905E-152 
0.7092134488324605 1.5919113130621028E-184 0.19361972072361355 0.7687626332477961 
0.8869221577220158 0.7716121073967911 0.47746126168815134 1.2667990113946077E-188 
0.2652993535664198 0.4605609931763026 0.8968541047174181 0.28755436341616386 
0.005485882380834541 6.587437237793002E-121 1.274826988172178 0.4098654342801517 
1.3500665865910157 0.0 1.395920673882281E-161 0.11668912893144733 
0.6889791481259226 0.045926175676652796 0.5277714482780673 0.6732142617504081 
0.18188841057190233 0.1523608266922779 0.5514347194317286 0.9024040677832441 
1.2267020944407623 3.826023332229048E-191 0.0 0.0 
0.3125302404437952 0.14901689337185775 0.9879386864802644 0.07869606520645864 
0.904790300062543 0.6713014536413234 9.29359125860018E-187 0.3050151368256771 
1.1828635837966308 5.266640164479908E-9 0.18837610345556952 6.80172982004906E-185 
0.04771147546070176 0.708249708172525 0.355844810429526 0.8133931333213014 
0.9266869673559525 0.46493123741972137 0.35858983367125924 0.5135196969964492 
0.19472976236294232 1.0283439673081272 0.21352538205311694 0.002167051445156528 
0.15831664585089333 0.5438464297547831 6.576656732032955E-164 1.003489173221195 
0.8314119023014159 0.42063215390152353 0.6190652547047868 0.18684615151092107 
1.0475653803150973 1.2579145370340002E-118 0.017934847575472274 0.3283477804605767 
0.724056904943853 0.8049472051668697 0.0017970912108296658 0.1815319784750551 
0.14634602185187479 0.3628457354411979 0.23941169475155386 0.9675751522772125 
0.06546177284621983 0.8208754022617311 0.823204759070271 1.6575070112E-312 
0.8366933526084792 0.6619365609579425 0.2983686971303942 0.07579258425376688 
0.02147718191838108 0.1374350310015393 1.1120671472101489 0.02325109258786445 
0.03531944678205831 0.9174213113060038 1.3407366270927266E-139 0.49875327129822994 
0.11934736716974785 1.0904034361588113 3.715793336775139E-206 0.01284015996378472 
1.0815619339865186 0.32334772370674514 5.209395939798496E-94 3.88984566994224E-5 
0.10338251558866357 0.8429777881369372 1.2056100962318511E-150 0.8500471988674482 
0.7776521155861401 0.09566435092002673 0.011388449335154833 0.7932530757411758 
0.7549508450655318 0.5224770427617552 0.3177294430803002 0.3846431595632832 
1.1395051897109771 2.5669163779951322E-301 0.13757273886357593 0.24494577020406355 
0.3406989811450534 0.13698886043643962 0.004183456843766964 1.006420484370028 
0.7773312206194264 0.051815574236493404 0.7755573682010641 0.21455467768049716 
0.8304202848985129 0.5026474712671223 0.6558500294014304 0.1933111130510778 
4.25813246517892E-4 1.3058254966126763E-6 0.05160532703302254 1.2838374317003574 
0.5000715161567947 0.555938582403527 0.7453298293027251 0.09384313616783603 
0.016036529074913933 0.0 1.4181978142944462 0.12258569234717111 
0.03879107315977791 0.39492666279280375 1.0250808434586145 0.0433599786685547 
0.1394883285554272 0.6531590875052582 0.25833716825566305 0.7488323178162136 
0.048352749135739746 2.0163339045726446E-122 1.0467535169877804 0.34047045401970627 
0.42122406352076464 0.11047518207465945 0.392457381092422 0.9435317615478535 
0.482004695520206 0.33540479499057413 0.328642997225202 0.8777263286176287 
0.5926268390564066 5.298685934250377E-9 0.8680792939346337 0.042421361174823674 
0.26537853091907215 0.18493841503005345 0.7516267607468148 0.6882983983488785 
0.40447460502675986 0.058016359807343924 0.3645747447957627 0.9712700044477466 
0.09933078177484862 1.1477925323291065 8.611604607749192E-230 0.22891233437866731 
0.3916785160131978 0.6552959636704234 0.42726183889820285 0.7279542156287231 
0.784794986829265 0.20139954624817194 0.4521890767060922 0.6937327604183278 
0.0031025046531696593 4.979035482254801E-196 0.9508277023589209 0.885040809161418 
0.05872281454521163 0.2139868307665518 0.5636332416285581 0.9130944297257454 
0.8645237881237313 0.38616613116919896 0.001573049039660084 0.610293289304042 
0.6443275210346515 0.637429746477605 0.001100642262953678 0.5866420734279875 
0.5535675488243136 0.024597752827397422 1.1967067198578973 8.912863127839217E-256 
0.0024640537152673236 0.04528946959991836 7.40855305467767E-4 1.049628327706381 
0.41767639801489564 0.027487475458821627 0.23426286148305178 1.011852341194691 
0.05279307753867758 0.7416223383124662 0.7971048045463381 0.39425435703094425 
0.10307124417723383 3.8604500256170214E-122 1.1696864573407764 0.09651834262343173 
0.2771239568435934 0.19283775613801193 1.070500990824955 0.013097027041354726 
0.38638297886666645 1.0448717399628789 1.477231919693684E-147 0.3016026772948454 
0.08369716887205414 0.0038177185272619723 1.2024892873954096 6.713659220829368E-8 
0.9640868794385996 0.5822941274508872 0.05241958370892556 0.15014180677220293 
0.24872145337389592 0.035675696697425006 0.9489369117894187 0.5480404841105426 
0.9478102918468572 0.28336084207853346 0.5890933222263515 4.784886280040989E-5 
0.6170429320116626 0.4293716638764126 0.4207154836408402 0.721825685485108 
0.7513692786888887 0.519998356604697 0.3162221011153976 0.3849208330179344 
0.6720329521514882 0.04479657113711074 0.5147903320620557 0.7160758635050654 
1.141773575278974 0.16877052126946573 0.001545288941304567 4.483001732886746E-161 
0.9640868794385996 0.5822941274508872 0.05241958370892556 0.15014180677220293 
0.4235022753891354 0.05813187036295354 0.40943476236681897 0.9249277463478118 
0.9899908595207302 1.6272425154499935E-9 0.5895278275328982 3.532406732519515E-254 
0.851471694504818 0.05283202184902391 2.7875654938240027E-167 0.8636218919088925 
0.03897243365991654 0.9983664041297865 0.6222401482235667 0.1964037441778895 
1.036068742559461 0.08151895198519282 3.461679057674577E-8 0.22028458769130987 
0.10699627942616961 0.2570787418394982 0.7157015178670287 0.8068585002762835 
0.5416602605284765 0.32715473626496633 0.0258300610978715 0.9636057633654918 
0.48697840415962756 0.6308970353734019 0.3107145528454968 0.6226746827242341 
1.047404117533812 0.12844105493989205 0.03806306402008962 0.039768724640528275 
0.020533488413992183 1.053567759793874 0.045973965818693695 1.139505274337147E-296 
0.1363143460707998 0.7098635886483965 0.011719469473666826 0.7559633473008308 
1.1163065059121695 2.8394151742970536E-182 0.0018545748046232006 1.3700210996032575E-6 
0.7296479166718235 0.21908342558766114 0.8492692634951031 0.031899772154379814 
0.21243168193846534 0.06263588280115663 0.5613587577450564 0.9096699675949895 
0.2635466791508161 0.18675098616862149 0.4731387052043054 0.9220583867017225 
0.2388262897306746 0.15927881772377578 0.0661432548972193 1.0151123977726262 
0.005732705006448301 0.5839891853101274 0.8369975700611313 0.5026968444172285 
0.005368568171751612 0.005064347339423328 1.688016281223503E-5 1.0916066121766375 
0.9917789680048721 0.597199648074279 0.0499279747949665 1.2518681764129023E-296 
0.05279307753867758 0.7416223383124662 0.7971048045463381 0.39425435703094425 
0.5000715161567947 0.555938582403527 0.7453298293027251 0.09384313616783603 
2.4407043243056975E-4 3.9169493009447715E-197 0.0526031241018298 1.3086301672066445 
0.5274648072947057 0.07565762513989323 0.07219383035878403 0.9537431631142144 
0.5486671770676782 0.3817921355389103 4.409332825814126E-174 0.8718625320283842 
4.237698723652356E-4 0.008161533370719303 4.819002081082148E-174 1.2420977020569814 
0.005360523670630125 3.7849708375698975E-105 1.2456957279888832 0.49881828560158514 
0.00564177749277899 3.3782556400571805E-120 1.3110543955852902 0.2581182925531499 
0.5352767787879371 0.6934692174374881 0.04532462498556409 0.6366056412266571 
0.07238699593854228 1.101813225673216 1.001404731347862E-162 0.5436608143203986 
0.005114372980206497 2.7966029738045248E-101 1.2697409340243417 0.5575386091711757 
0.09173146086085905 0.06392631280776843 0.25985261904854057 1.0263895933420832 
0.3270041097852727 0.22427527356098587 0.24264066585857202 0.9806249417363867 
0.8726621309899916 2.443724940615682E-4 0.27460583805433464 0.5893053052645756 
0.6076416374413505 0.45990405270888235 0.013019689361812982 0.7336074330759428 
0.660437083535283 0.6230120732111589 0.0011025475696706923 0.5876576014706649 
0.784794986829265 0.20139954624817194 0.4521890767060922 0.6937327604183278 
0.07483114096104146 0.28333205004008116 0.7168796562357401 0.8098532070504564 
1.1840124235811864 9.541894124266973E-190 5.2424860657542416E-179 0.0 
1.0880947536963053 0.1470138169605903 7.372098526404036E-206 0.010803278220278425 
0.3326385559237936 0.22781041542329553 7.441682336251144E-175 0.9892795335871986 
0.025514299453591825 0.4597510455909699 1.0011498168851258 0.10090751099656323 
0.21927432887122728 0.8324041910849844 0.0998849208879222 0.5683675075738965 
0.011616715576300283 0.11639806551915502 1.1005616754256038 0.045275997415881154 
0.5384215570475114 0.0 0.9085208087871313 0.008925341392690644 
0.11411797969354698 1.1285203261172656 4.669862091851675E-295 0.013277486374897441 
0.4651679449081759 0.38965304284156527 0.05348037762994735 0.9204765781009893 
0.482004695520206 0.33540479499057413 0.328642997225202 0.8777263286176287 
0.7179456150997525 0.18554873639194158 0.4118631828245552 0.7058026332317198 
0.5841109658170327 0.8578249533083524 0.08587603972337564 0.0015902690822462145 
0.5841109658170327 0.8578249533083524 0.08587603972337564 0.0015902690822462145 
0.9133947251791764 0.13663775097917083 0.014188429871664777 0.6220474308612922 
0.011616715576300283 0.11639806551915502 1.1005616754256038 0.045275997415881154 
0.938765609336245 0.46419347233355823 0.1486246766283743 8.879230423615143E-133 
0.05125886619586026 0.7609087053779108 0.3823021893196771 0.720605433430093 
0.2771239568435934 0.19283775613801193 1.070500990824955 0.013097027041354726 
0.10699627942616961 0.2570787418394982 0.7157015178670287 0.8068585002762835 
0.03531944678205831 0.9174213113060038 1.3407366270927266E-139 0.49875327129822994 
1.0131348322055393 0.06915051906856762 2.094759731104928E-143 0.4066050504167423 
0.21927432887122728 0.8324041910849844 0.0998849208879222 0.5683675075738965 
0.22338021979504968 1.0171430596790119 0.08617171596001 0.001426529879210744 
0.8272787473610258 0.06509114088115012 2.764076742170962E-8 0.6578188004582813 
0.5908631039179941 0.5885479978492076 4.544954264093243E-159 0.6610971942046939 
0.043861334108977634 0.01807672376457317 7.470441406490176E-248 1.3638246501451008 
0.30053638878588873 0.14164617370541607 0.9980161318825933 0.0134176229149931 
0.9390161627139164 0.4547543189481884 0.29274345798643886 0.07832403393447915 
0.3208692924564963 1.1304146544382627 3.9826779122841974E-249 9.839155461702975E-4 
0.24872145337389592 0.035675696697425006 0.9489369117894187 0.5480404841105426 
0.8761462689340566 0.43322995090984406 0.4153264984664839 0.05730520558720254 
0.01570781354653675 0.7206996728090749 0.6496677430855744 0.6456837627022094 
0.8840540783588613 0.4371401426328318 0.5447976188789844 2.951123130580818E-13 
0.6720329521514882 0.04479657113711074 0.5147903320620557 0.7160758635050654 
0.049481256135068145 0.4381393083551108 0.39363915383984155 0.9774367210107389 
0.09933078177484862 1.1477925323291065 8.611604607749192E-230 0.22891233437866731 
0.5274648072947057 0.07565762513989323 0.07219383035878403 0.9537431631142144 
0.0033179679564357615 4.0558092991940944E-5 1.1849939435831636 0.7282035135686021 
0.665324357722084 0.4779577615626539 3.5988245123386256E-218 0.6890840143646003 
1.0131348322055393 0.06915051906856762 2.094759731104928E-143 0.4066050504167423 
0.07238699593854228 1.101813225673216 1.001404731347862E-162 0.5436608143203986 
0.7208750550996957 0.6104168098589237 0.6382178738902399 0.18753475487196933 
