5003.388519731594 1.2520347327986747E-5 3.32732267382016E-5 0.32889809517915947 0.792036504850077 1.369738844075487E-5 
5001.83885645408 2.4692824735192398E-5 2.7929126719568124E-5 0.36489195644828537 0.7884171040163165 5.453048939018641E-6 
5001.83885645408 2.4692824735192398E-5 2.7837122680813524E-5 0.388520293364893 0.7884171040163165 5.453048939018641E-6 
5001.855220428017 1.7069481012072745E-5 2.4663903819336404E-5 0.40618556945799833 0.7788935020351361 6.777892243784281E-7 
5115.783752640235 6.957962574254395E-6 2.38287524339574E-5 0.4621162095748287 0.7825340574067146 0.0023677748347445153 
5000.094204964263 1.1061070740747998E-5 2.3945836044500498E-5 0.4942550533903358 0.7791951612918784 3.518141727122276E-5 
5000.508930114003 1.1099011600325308E-5 6.075610033883365E-5 0.5019267007579492 0.7792796253713852 2.5874477467884813E-5 
5000.085285235063 1.1099011600325308E-5 2.4460768826317856E-5 0.48877161957116866 0.7792796253713852 2.5874477467884813E-5 
5000.085285235063 1.1099011600325308E-5 2.4460768826317856E-5 0.48877161957116866 0.7792796253713852 2.5874477467884813E-5 
5000.084428611942 1.1034929501164713E-5 3.4709006550401656E-5 0.6043448119509565 0.6044709543532613 9.403726752713186E-7 
5000.084428611942 1.1034929501164713E-5 3.4709006550401656E-5 0.6043448119509565 0.6044709543532613 9.403726752713186E-7 
5000.084428611942 1.1034929501164713E-5 3.4709006550401656E-5 0.6043448119509565 0.6044709543532613 9.403726752713186E-7 
5000.084428611942 1.1034929501164713E-5 3.4709006550401656E-5 0.6043448119509565 0.6044709543532613 9.403726752713186E-7 
5000.084428611942 1.1034929501164713E-5 3.4709006550401656E-5 0.6043448119509565 0.6044709543532613 7.818100977588631E-7 
5000.084428611942 6.8627241422771476E-6 2.5983188408249314E-5 0.6043445393264978 0.6044709868434724 7.215429226963324E-7 
5000.084138739298 2.560592162450134E-5 3.335466828566778E-5 0.6039851071122373 0.6043445393264978 1.1113121268555952E-6 
5000.084138739298 2.560592162450134E-5 3.3356151637778205E-5 0.6039851071122373 0.6043445393264978 1.1113121268555952E-6 
5000.084428611942 4.442131382666444E-6 3.4709006550401656E-5 0.6043448119509565 0.6044709543532613 7.219804643214417E-7 
5000.084428611942 1.1034929501164713E-5 3.4709006550401656E-5 0.6043448119509565 0.6044709543532613 9.403726752713186E-7 
5000.262429578877 2.527638582466464E-5 3.3150661237525475E-5 0.6037874363844693 0.6038457684222147 7.672324297458452E-7 
5000.082532429048 9.35932920336852E-6 2.555729436914133E-5 0.6037874363844693 0.6038457684222147 4.915917009341853E-6 
5000.084428611942 2.534493960251064E-5 3.4709006550401656E-5 0.6038093510529302 0.6038688799679991 9.403726752713186E-7 
5000.2560088875925 2.5275066496339696E-5 5.6632054298221195E-5 0.6037874363844693 0.6038457684222147 7.672324297458452E-7 
5000.2560088875925 1.5518418580538967E-5 2.5275066496339696E-5 0.6037874363844693 0.6038457684222147 7.672324297458452E-7 
5000.252434699243 2.5275066496339696E-5 5.5182909283258715E-5 0.6037874242840092 0.6038457684222147 7.147235766909232E-7 
5000.2560088875925 2.5284078991219284E-5 5.6632054298221195E-5 0.6037874363844693 0.6038457684222147 7.672324297458452E-7 
5000.252434699243 2.5275066496339696E-5 5.5182909283258715E-5 0.6037874242840092 0.6038457684222147 7.147235766909232E-7 
5000.089271369229 2.5275066496339696E-5 3.307303698442154E-5 0.6037874242840092 0.6038457684222147 7.672421840047486E-7 
5000.2560088875925 2.5275066496339696E-5 5.6632054298221195E-5 0.6037874363844693 0.6038457684222147 7.672324297458452E-7 
5000.2560088875925 2.5275066496339696E-5 5.6632054298221195E-5 0.6037874363844693 0.6038457684222147 7.672324297458452E-7 
5000.251556214326 2.5275066496339696E-5 5.6632054298221195E-5 0.6037874363844693 0.6038457684222147 2.5959046717776264E-5 
5000.2560088875925 2.5284707311115504E-5 5.6632054298221195E-5 0.6037874363844693 0.6038457684222147 7.672324297458452E-7 
5000.2560088875925 2.5275066496339696E-5 5.6632054298221195E-5 0.6037874363844693 0.6038457684222147 7.672324297458452E-7 
5000.2560088875925 2.5284707311115504E-5 5.6632054298221195E-5 0.6037874363844693 0.6038457684222147 7.672324297458452E-7 
5000.2560088875925 2.5275066496339696E-5 5.6632054298221195E-5 0.6037874363844693 0.6038457684222147 7.672324297458452E-7 
5000.262429578877 2.5276420129527772E-5 3.3150661237525475E-5 0.6037874363844693 0.6038457684222147 7.672324297458452E-7 
5000.089271369229 2.5275066496339696E-5 3.307303698442154E-5 0.6037874242840092 0.6038457684222147 7.672421840047486E-7 
5000.084436511479 2.534565555955984E-5 5.6632054298221195E-5 0.6037768153885783 0.603867304990585 1.3637882165219406E-6 
5000.262429578877 2.5276420129527772E-5 3.3150661237525475E-5 0.6037874363844693 0.6038457684222147 7.672324297458452E-7 
5000.2560088875925 2.5284078991219284E-5 5.6632054298221195E-5 0.6037874363844693 0.6038457684222147 7.672324297458452E-7 
5000.2560088875925 2.5275066496339696E-5 5.6632054298221195E-5 0.6037874363844693 0.6038457684222147 7.672324297458452E-7 
5000.084436511479 2.534565555955984E-5 5.6632054298221195E-5 0.6037768153885783 0.603867304990585 1.3637882165219406E-6 
5000.2560088875925 2.5284078991219284E-5 5.6632054298221195E-5 0.6037874363844693 0.6038457684222147 7.672324297458452E-7 
5000.251556214326 2.5275066496339696E-5 5.6632054298221195E-5 0.6037874363844693 0.6038457684222147 2.5959046717776264E-5 
5000.2560088875925 2.5284078991219284E-5 5.6632054298221195E-5 0.6037874363844693 0.6038457684222147 7.672324297458452E-7 
41242.868353767495 2.478159875098292E-5 4.703918057005602E-5 0.18311028603620044 0.7638099882760505 2.7272902728918948E-6 
41234.78218417696 2.478159875098292E-5 4.703918057005602E-5 0.1811371454498052 0.7638099882760505 2.7272902728918948E-6 
41242.868353767495 2.478159875098292E-5 4.703918057005602E-5 0.18311028603620044 0.7638099882760505 2.7272902728918948E-6 
41234.78218417696 2.478159875098292E-5 4.703918057005602E-5 0.1811371454498052 0.7638099882760505 2.7272902728918948E-6 
41370.98908634177 8.387788571738425E-6 2.2518854930628072E-4 0.1777946437708564 0.7524974808114936 7.29353441775349E-7 
41257.946441910746 4.773501256618723E-6 8.6996930245518E-5 0.15959652882424918 0.6783316273988538 0.1349664998119145 
40761.62608811687 3.53318706820087E-5 1.1417982179750421E-4 0.013858463720760716 0.6003654326023682 0.1566264293854838 
39478.00679851092 3.53162448164992E-5 0.004366445650015562 0.013858463720760716 0.6003654326023682 0.1566264293854838 
5001.729558674583 4.8721258464370074E-6 2.3756124226667928E-5 0.7579362481617957 0.7637929050064731 3.521756765112279E-5 
5001.729558674583 4.8721258464370074E-6 2.3756124226667928E-5 0.7579362481617957 0.7637929050064731 3.521756765112279E-5 
5001.729558674583 4.8721258464370074E-6 2.3756124226667928E-5 0.7579362481617957 0.7637929050064731 3.521756765112279E-5 
5001.729558674583 4.8721258464370074E-6 2.3756124226667928E-5 0.7579362481617957 0.7637929050064731 3.521756765112279E-5 
5001.729558674583 4.8721258464370074E-6 2.3459136580670964E-5 0.7579362481617957 0.763789186557393 3.521756765112279E-5 
5001.729558674583 4.8721258464370074E-6 2.3756124226667928E-5 0.7579362481617957 0.7637929050064731 3.521756765112279E-5 
5001.729558674583 1.2519104821556193E-5 1.5905232914509637E-5 0.7579362481617957 0.763789186557393 2.9824374956663555E-6 
5000.548737514649 4.591180529216641E-6 2.2247563212666106E-5 0.6911853837823022 0.6923222057602028 3.2478657334287037E-6 
5000.364650558977 4.629439276502742E-6 2.2247563212666106E-5 0.6911853837823022 0.6923222057602028 3.2478657334287037E-6 
5000.548737514649 4.591180529216641E-6 2.2247563212666106E-5 0.6911853837823022 0.6923222057602028 3.2478657334287037E-6 
5000.553221769843 4.59106766303634E-6 2.2247563212666106E-5 0.6911853837823022 0.6923222057602028 3.2478657334287037E-6 
5000.270165760443 4.591180529216641E-6 2.230018948195359E-5 0.6911853837823022 0.6923222057602028 3.2478657334287037E-6 
5000.270165760443 4.643112915344369E-6 2.230018948195359E-5 0.6911853837823022 0.6923222057602028 3.2478657334287037E-6 
5000.032080207869 2.2109124432640754E-5 2.533425396766091E-5 0.6430536168789422 0.6462603870010705 2.519703052906633E-5 
5000.032080207869 1.988673791919433E-5 2.533425396766091E-5 0.6430536168789422 0.6462603870010705 2.548711712724861E-5 
5000.013943806354 1.1950039262457674E-5 1.4515732596349936E-5 0.6427646557864172 0.6462603870010705 2.548711712724861E-5 
5000.014105421118 1.4515732596349936E-5 2.533425396766091E-5 0.6427646679273622 0.6462603870010705 2.548711712724861E-5 
5000.014105421118 1.4515732596349936E-5 2.533425396766091E-5 0.6427646679273622 0.6462603870010705 2.548711712724861E-5 
5000.014105421118 1.4515732596349936E-5 5.78844884158495E-5 0.6462189739005694 0.646326735250336 2.548711712724861E-5 
5000.014105421118 1.4515732596349936E-5 5.78844884158495E-5 0.6462189739005694 0.646326735250336 2.548711712724861E-5 
5000.014105421118 1.4515732596349936E-5 5.78844884158495E-5 0.6462189739005694 0.646326735250336 2.548711712724861E-5 
5000.065115014008 2.5558866835187602E-5 3.327568494611186E-5 0.643510709362097 0.6445938358553993 2.5651979276322016E-5 
5000.084410575349 2.5558848405691595E-5 3.327568494611186E-5 0.6118291838253849 0.6141756655367834 2.562005322872533E-5 
5000.084410575349 2.5558848405691595E-5 3.327568494611186E-5 0.6118291838253849 0.6141756655367834 2.562005322872533E-5 
5000.084410575349 2.5558848405691595E-5 3.327568494611186E-5 0.6118291838253849 0.6141756655367834 2.562005322872533E-5 
5000.084916874803 2.5558848405691595E-5 3.327568494611186E-5 0.6118291838253849 0.6141756655367834 2.562005322872533E-5 
5000.084410575349 2.5558848405691595E-5 3.327568494611186E-5 0.6118291838253849 0.6141756655367834 2.562005322872533E-5 
5000.092939410481 1.1419235015728538E-5 3.503680094468126E-5 0.6147837698917797 0.6152945412317194 1.072000113463703E-6 
41891.56789989123 6.260931806777455E-6 4.895498805672191E-5 0.005753281602375926 0.8099861000409566 2.1001781217660274E-7 
41891.56789989123 6.260931806777455E-6 4.895498805672191E-5 0.005753281602375926 0.8099861000409566 2.1001781217660274E-7 
41892.369449215454 6.793552698434275E-6 4.883653764270136E-5 0.006263039269466419 0.8099298758746176 2.1001781217660274E-7 
41887.90477057168 6.900039121340829E-6 2.59836566500507E-5 0.006263039269466419 0.8099298758746176 3.4998090229690425E-5 
41887.90477057168 6.900039121340829E-6 2.59836566500507E-5 0.006263039269466419 0.8099298758746176 3.4998090229690425E-5 
41760.4670770057 2.951906975871859E-5 1.3779380366658184E-4 0.09977863888510406 0.8051281055207394 0.13545754875374577 
41685.09091095792 1.0515014027228655E-5 7.062783036643205E-4 0.10164987454463409 0.7734062305102651 0.2756832110180738 
5000.553579215773 2.6018754239445402E-5 4.6533866937186844E-5 0.7335129358165438 0.7653697697471538 7.928922611901736E-8 
5000.308800528984 2.6046838995086622E-5 5.9405931605501026E-5 0.7335129358165438 0.7653697697471538 7.928922611901736E-8 
5000.308800528984 2.6046838995086622E-5 5.9405931605501026E-5 0.7335129358165438 0.7653697697471538 7.928922611901736E-8 
5000.308800528984 2.6051516675037368E-5 5.9405931605501026E-5 0.7335119915249364 0.7653697697471538 7.928922611901736E-8 
5000.308800528984 4.748691419193569E-6 8.197906032544521E-5 0.7358555761215363 0.7656397729792017 9.724650198901781E-8 
5000.308800528984 4.748691419193569E-6 8.197906032544521E-5 0.7358555761215363 0.7656397729792017 9.724650198901781E-8 
5001.729558674583 4.8721258464370074E-6 2.3756124226667928E-5 0.7579362481617957 0.7637929050064731 3.521756765112279E-5 
5001.729558674583 4.8721258464370074E-6 2.3756124226667928E-5 0.7579362481617957 0.7637929050064731 3.521756765112279E-5 
5000.124539596162 2.4612470418959057E-5 3.631671600912929E-5 0.7579362481617957 0.7638743372136547 1.99384536364007E-5 
5000.124528895734 2.4612470418959057E-5 3.631671600912929E-5 0.7579362481617957 0.7638743372136547 3.050814811566415E-6 
5000.124528895734 2.4612470418959057E-5 3.631671600912929E-5 0.7579362481617957 0.7638743372136547 3.050814811566415E-6 
5001.740050285309 2.5923776236054037E-5 4.6533866937186844E-5 0.7283817004857568 0.7288482567097793 7.928922611901736E-8 
5001.740050285309 2.5923776236054037E-5 4.6533866937186844E-5 0.7283817004857568 0.7288482567097793 7.928922611901736E-8 
5000.124107983538 2.4612470418959057E-5 3.3333901337559535E-5 0.6913368692535116 0.6948012663232488 3.050814811566415E-6 
5000.124107983538 2.4612470418959057E-5 3.3333901337559535E-5 0.6913368692535116 0.6948012663232488 3.050814811566415E-6 
5000.548737514649 4.591180529216641E-6 2.2247563212666106E-5 0.6911853837823022 0.6923222057602028 3.2478657334287037E-6 
5000.0175814027425 1.8610305357246263E-5 2.6270833406214406E-5 0.6912508610767718 0.6932005930795678 2.5726208030867557E-5 
5000.0175814027425 1.8610305357246263E-5 2.6270833406214406E-5 0.6912508610767718 0.6932005930795678 2.5726208030867557E-5 
5000.092939410481 1.2453418442538978E-5 2.5559137279204955E-5 0.6501816268732482 0.6541809927951181 2.560473680587952E-5 
5000.092939410481 1.2453418442538978E-5 2.5559137279204955E-5 0.6501816268732482 0.6541809927951181 2.560473680587952E-5 
5000.032080207869 2.2109124432640754E-5 2.533425396766091E-5 0.6430536168789422 0.6462603870010705 2.519703052906633E-5 
41987.84468950573 1.848186124512839E-5 8.655453722695441E-5 0.05523477469540936 0.8099849746678129 0.2638983565154346 
41987.84468950573 1.848186124512839E-5 8.655453722695441E-5 0.05523477469540936 0.8099849746678129 0.2638983565154346 
41987.84468950573 1.848186124512839E-5 8.655453722695441E-5 0.05523477469540936 0.8099849746678129 0.2638983565154346 
41987.84468950573 1.7290631745752945E-5 8.655453722695441E-5 0.05523477469540936 0.8099849746678129 0.2638983565154346 
41887.26728585526 1.7290631745752945E-5 8.655453722695441E-5 0.040042931102294045 0.8099289246284715 0.2638983565154346 
41887.26728585526 1.7290631745752945E-5 8.655453722695441E-5 0.040042931102294045 0.8099289246284715 0.2638983565154346 
5052.497895269525 1.458326880199949E-5 4.689648676254197E-5 0.7141445086694324 0.7670345807645262 1.3891518428232506E-6 
5052.497895269525 1.458326880199949E-5 4.689648676254197E-5 0.7141445086694324 0.7670345807645262 1.3891518428232506E-6 
5052.497895269525 1.458326880199949E-5 4.689648676254197E-5 0.7141445086694324 0.7670345807645262 1.3891518428232506E-6 
5052.497895269525 1.458326880199949E-5 4.689648676254197E-5 0.7141445086694324 0.7670345807645262 1.3891518428232506E-6 
5052.497895269525 1.1419686683728766E-5 4.689648676254197E-5 0.7141445086694324 0.7670345807645262 1.3891518428232506E-6 
5001.718819466817 4.704284119452697E-6 2.9817180190697327E-5 0.7451999247313756 0.7637929189276698 5.330525886961063E-6 
5001.718819466817 4.704284119452697E-6 3.4646242829331736E-5 0.7451999247313756 0.7637929189276698 2.5928356376357223E-5 
5001.718819466817 4.704284119452697E-6 3.814932341873765E-5 0.7451999247313756 0.7637929189276698 5.330525886961063E-6 
5001.718819466817 4.704284119452697E-6 3.814932341873765E-5 0.7451999247313756 0.7637929189276698 5.330525886961063E-6 
5001.729558674583 4.8721258464370074E-6 2.4608192095723313E-5 0.7579362481617957 0.7637929050064731 1.1593524177875724E-5 
5001.729558674583 4.8721258464370074E-6 2.4608192095723313E-5 0.7579362481617957 0.7637929050064731 1.1593524177875724E-5 
5001.729558674583 4.8721258464370074E-6 2.4608192095723313E-5 0.7579362481617957 0.7637929050064731 3.564013232601954E-5 
5000.263245857444 1.438874982036644E-5 2.2336427092504562E-5 0.7452538084034347 0.7462918907770506 2.6259620765705062E-5 
5000.263245857444 1.438874982036644E-5 2.2336427092504562E-5 0.7452538084034347 0.7462918907770506 2.6259620765705062E-5 
5000.000733069588 2.2170410391527693E-5 7.872199989901483E-5 0.6912287475540498 0.6939217749456804 2.5206885641731524E-5 
41999.674428358594 5.557734410694022E-5 2.5856505836269195E-4 0.0027846067707986144 0.808084394455222 0.32343675127793137 
41999.30724891489 5.009827225638013E-5 2.5856505836269195E-4 0.004159794951777032 0.808084394455222 0.32343675127793137 
41999.14036386516 5.00473461462381E-5 0.0027846067707986144 0.004147221170850701 0.8081575071777723 0.32343675127793137 
41987.79717600504 4.9106808254188066E-5 7.356214274580812E-5 0.004147221170850701 0.8081575071777723 0.32343675127793137 
41999.13747201446 1.7475674432017264E-5 2.5856505836269195E-4 0.0027846067707986144 0.8080928864430436 0.2639540874061079 
5493.042504923431 2.229108796688791E-5 3.501071354909868E-5 0.7284151945106956 0.7663959897214754 9.543582469934715E-7 
5493.042504923431 2.229108796688791E-5 3.501071354909868E-5 0.7284151945106956 0.7663959897214754 9.543582469934715E-7 
5493.042504923431 2.229108796688791E-5 3.501071354909868E-5 0.7284151945106956 0.7663959897214754 8.726978202395226E-7 
5493.042504923431 2.229108796688791E-5 3.501071354909868E-5 0.7284151945106956 0.7663959897214754 9.543582469934715E-7 
5000.311584337578 2.225118320609167E-5 3.0211969628866035E-5 0.7333366022409793 0.7653696541578348 7.485654566674474E-6 
5000.308800528984 4.748691419193569E-6 2.21815313456556E-5 0.733480646458024 0.7653697697471538 9.724650198901781E-8 
5000.308800528984 4.748691419193569E-6 2.21815313456556E-5 0.733480646458024 0.7653697697471538 9.724650198901781E-8 
5051.584372648501 4.399704977477461E-6 2.416768486125383E-5 0.7579362481617957 0.7637929050064731 1.1582399371983369E-5 
5051.584372648501 4.399704977477461E-6 2.416768486125383E-5 0.7579362481617957 0.7637929050064731 1.1582399371983369E-5 
5001.729558674583 4.8721258464370074E-6 2.4608192095723313E-5 0.7579362481617957 0.7637929050064731 3.564013232601954E-5 
41999.788703534454 2.6772598498441606E-5 2.5829114086763777E-4 0.005575960794508228 0.809977734437682 0.331645075813051 
41999.30622265507 5.557734410694022E-5 2.5856505836269195E-4 0.0027846067707986144 0.808084394455222 0.32343675127793137 
41999.14036386516 5.557734410694022E-5 2.5856505836269195E-4 0.0027846067707986144 0.8080928864430436 0.32343675127793137 
41999.39163892111 5.645515318886062E-5 0.1341044218318096 0.13463409830994325 0.948997757058354 0.3878162176422574 
5375.857252378299 1.645942531865776E-6 3.476339949119787E-5 0.6937680180425325 0.7670363089911109 2.3515919543130572E-5 
5375.857252378299 1.645942531865776E-6 3.476339949119787E-5 0.6937680180425325 0.7670363089911109 2.3515919543130572E-5 
5375.857252378299 1.645942531865776E-6 3.476339949119787E-5 0.6937680180425325 0.7670363089911109 2.3515919543130572E-5 
5061.718521575286 4.734241781820189E-6 2.8112789305174976E-5 0.7291486037195668 0.7664814810149905 8.052740301060363E-6 
5061.718521575286 4.734241781820189E-6 2.8112789305174976E-5 0.7291486037195668 0.7664814810149905 8.052740301060363E-6 
5028.023357721601 6.401156083952382E-6 4.6842754369704354E-5 0.7451152654347187 0.765074827949362 1.3859951427754827E-6 
41999.30622265507 5.557734410694022E-5 2.5856505836269195E-4 0.0027846067707986144 0.808084394455222 0.32343675127793137 
41999.30622265507 5.557734410694022E-5 2.5856505836269195E-4 0.004138011735326859 0.808084394455222 0.32343675127793137 
41999.14036386516 5.557734410694022E-5 2.5856505836269195E-4 0.0027846067707986144 0.8080928864430436 0.32343675127793137 
5686.1571184919985 6.408472404482261E-6 4.689648676254197E-5 0.6946268270826198 0.7670331724433135 1.3939508214632363E-6 
5686.1571184919985 6.408472404482261E-6 4.689648676254197E-5 0.6946268270826198 0.7670331724433135 1.3939508214632363E-6 
5052.497895269525 1.458326880199949E-5 4.689648676254197E-5 0.7141445086694324 0.7670345807645262 1.3891518428232506E-6 
41998.75030638078 4.5757879791307084E-5 0.13409226830756646 0.13463808707520347 0.948997757058354 0.37328335051895667 
41999.674428358594 5.557734410694022E-5 2.5856505836269195E-4 0.0027846067707986144 0.808084394455222 0.32343675127793137 
5935.513736508533 1.4701084959010217E-5 4.689648676254197E-5 0.6946268270826198 0.7670331724433135 1.3891518428232506E-6 
41999.788703534454 2.6772598498441606E-5 2.5829114086763777E-4 0.005575960794508228 0.809977734437682 0.331645075813051 
